100 50
234292299 75
95041231 35
370939283 55
15031038 43
912119100 83
611318221 30
131801471 36
403172241 4
401420515 14
279655550 31
653597415 67
268271085 26
188470004 30
168200174 43
515659650 79
169931535 60
982841225 7
464223339 3
380037163 1
678576117 33
926794911 76
197999879 6
564925025 17
834663206 10
326970264 49
946061592 4
462028744 12
984018473 59
226087609 55
898253754 12
429925799 31
171465995 0
172398763 24
675753802 25
409747050 48
31371739 31
874973180 32
400393962 27
623995679 65
165702703 36
537373341 21
4292098 17
271405307 31
169911455 16
26232676 20
792419771 44
710697173 41
211593287 35
786804106 57
942482052 21
440210088 60
952347720 68
59487275 3
840805263 37
74817299 9
407479621 36
576669131 7
807687251 9
893893338 32
321234152 85
423392717 1
482756618 48
6619748 2
702112093 10
256417788 4
126160690 57
711713085 11
418445011 8
91069445 3
508858126 18
235446676 8
477138688 77
900446456 57
543142180 2
632474044 25
35158684 74
361373388 45
155013310 68
620622252 0
217605346 27
467908571 29
208477803 46
182053505 57
28578069 15
116075616 2
614810494 35
266180601 62
40655351 13
596682750 48
564754316 11
687498744 0
171436370 9
904311098 40
801086448 27
921363973 21
481445745 41
557255421 1
992416073 83
71944908 3
406805669 49
