100 50
707343019 19
415638005 36
100711266 11
592302516 31
409727702 2
688766138 43
5232193 9
318287315 22
128767076 31
860080411 80
421116641 46
930214518 35
754304734 5
410733389 57
617792727 25
966525322 4
696499139 24
961699286 36
462997355 39
314622738 64
604548614 11
342019860 11
819222810 9
809266340 97
662523279 24
959532726 14
916037397 16
785941225 79
495264440 27
15653696 62
935212737 42
123433760 5
765137871 10
972600714 26
348243255 63
29894809 22
950124697 19
472873023 37
13496003 17
547614268 51
394739147 14
143662432 77
518082663 47
707314178 22
816010384 30
241140672 18
246813528 6
230409336 42
846210056 31
263885447 6
283335806 89
193896513 0
846271174 73
961581233 47
647055350 32
130486163 5
242931279 59
75696783 15
105357457 70
970332599 57
396453535 35
8468803 56
994833749 39
865869451 3
538717605 3
911478342 77
373827321 25
378388482 11
234625732 13
565136099 58
875032426 34
669147040 74
940181587 4
925897147 16
877018443 38
174993921 42
64120092 34
50323010 18
663804783 17
560469585 14
389304799 44
646160958 69
831217247 7
134395347 13
76877006 20
464776525 42
148023768 18
505631581 1
757242640 28
539068510 60
817270347 39
238611160 32
841750080 7
554245429 53
118380126 5
192377538 15
176754157 7
22052329 72
572361320 11
420317613 5
