100 50
590459147 72
146300187 0
830483249 60
579639403 34
347527793 29
766214055 1
878662916 30
938435093 31
151080933 7
585729464 5
483603164 16
592157950 2
320139463 25
798490795 58
984767020 64
498277894 15
115189757 42
903885634 52
545957547 67
245636655 35
137078126 7
781007138 73
923777491 7
488902178 42
852852102 0
267971157 16
220302946 22
292896681 3
324249783 5
543119047 11
735466971 41
220625717 18
357876980 27
124223434 73
581706756 66
323385175 21
880052021 35
250384788 60
813061735 62
369717321 16
842039544 65
578000061 67
469792724 54
244716900 28
751012285 3
984828868 21
932672987 74
394449577 53
315681415 1
175223434 15
126461524 8
435445306 28
483311968 75
82357203 55
924326105 37
148460000 50
204160723 4
48739018 90
611788873 21
764655237 7
74547057 12
239213692 41
278015045 68
734659514 4
380825935 19
991763290 82
330908852 31
43364656 82
83214724 35
326446777 6
809585473 72
711412289 75
125140910 16
158909011 35
416530138 37
460053350 2
61834092 18
90856901 51
1954609 33
753590720 59
870509539 45
378811409 21
35670588 62
389955729 72
332645692 7
874551069 48
324834231 57
820864706 31
212769826 17
513382704 0
652074654 74
451010142 16
484221766 78
157661305 3
170172086 85
313374739 4
646509788 13
756721289 55
72777731 67
583572662 11
