100 50
768542571 16
317153856 4
705479425 26
861943585 22
285327883 40
988886164 55
47060934 2
558582871 31
173394790 16
166154325 13
396346582 62
959134086 2
885974193 51
186248202 62
791932801 38
294871681 30
533880375 18
256137390 59
333950443 20
586715980 72
519864533 16
219994416 38
178075276 6
608729504 73
188405117 75
576409587 76
379344303 40
650109034 31
298459318 63
660518989 14
240753909 52
172593482 27
805391896 78
126103050 39
815170257 4
616875541 8
955203538 2
27896553 32
202562059 12
486787669 16
699405350 59
717370395 46
276278592 67
927343814 34
540789993 18
728517065 12
763756638 43
118298329 56
785152774 29
791594125 41
264554539 34
676994099 7
270095866 63
498100469 53
791531453 37
726242349 2
870422871 52
876557062 31
968477185 8
413753684 11
47607875 1
469958581 7
266229046 5
308482280 2
517901560 23
72048237 18
433214576 5
708340831 21
521738308 58
527948942 10
744138520 21
753677537 72
720165641 3
246696683 26
661074537 3
599888587 55
764580796 7
426358089 5
45137139 22
801487662 10
646681576 2
816494564 25
684834330 17
645516112 44
588414378 50
874260204 5
206677397 56
990873640 57
373329716 9
47505410 16
632103153 1
518184932 41
126693452 48
910820286 23
662155534 64
24306532 30
266008524 15
641133354 2
278226847 86
892051902 15
