100 50
651658699 56
47816038 50
140284112 36
439215063 21
928160677 34
771366785 11
215458952 23
33506456 15
900741351 24
746579186 4
163865808 49
621077519 6
451808923 4
133814121 1
304131286 53
386432765 28
247538289 74
48580634 5
976719147 37
222762601 41
52394044 21
658981694 31
432373060 4
583332638 43
523958132 54
884848017 36
833352956 27
452031786 55
272668853 31
482951636 6
746040847 12
124561247 25
398131004 24
982758474 13
48633758 18
615398611 2
885130863 62
805408317 4
592062383 20
13923426 41
701995347 53
151708025 34
817923244 61
169779240 35
475791893 69
177237966 7
154648801 8
137114378 67
254624132 12
967773328 54
812712961 64
773318701 82
202103956 4
323909143 14
363769504 38
744216187 51
831652315 1
554632001 8
179941304 5
767884835 28
725701397 33
700703470 72
404186150 42
32048151 58
360009890 8
152333185 34
685263404 70
668284302 51
665294596 65
584226916 29
678691567 32
650718593 77
905124964 51
774675842 64
905618936 29
884948016 3
467327500 74
321667789 12
88319669 54
289576093 49
127886316 54
254177720 52
39030775 7
46300686 11
844183064 75
429258939 57
383487860 18
601074061 75
269048390 27
726852308 84
171940164 40
730583914 66
64132434 10
809203458 11
713947494 44
735238325 28
590539964 21
670769610 25
73610555 23
760339654 16
