100 100
928653223 38
63353746 71
77417741 36
594636218 7
993997633 11
186074179 50
21123261 65
424193597 13
330094970 46
658653740 14
192096561 18
852993130 13
26588882 9
74339006 23
15081797 30
188444478 17
582773088 5
351895138 50
442941737 41
769601130 55
601359950 13
90898418 12
751257057 2
214082515 23
944076632 20
824517693 1
9648325 74
285813010 81
504296530 5
246646149 14
742752000 0
40190196 82
954605729 20
96305922 36
614547219 35
824270073 47
889467070 52
95883359 22
868387409 20
434534615 47
953518009 5
506174266 57
323617378 14
489753590 53
876706994 38
888097958 24
727043779 11
726233843 50
428832864 18
56870571 7
198837826 44
89282848 19
192479372 12
565178306 69
68958853 62
43154432 24
658712469 16
713401948 38
370669954 65
435069645 41
403187691 6
775246938 68
530004741 4
129368052 16
213598614 67
450814100 59
916228144 61
643799701 28
619828655 65
89631316 17
655466228 32
669548038 13
620962275 66
498916570 11
365607323 46
822041935 43
514245621 2
422706904 46
378204736 47
123120814 37
334403899 1
108916725 36
632609875 65
361624850 32
624750110 7
544387660 16
437554199 30
149046690 64
484830620 0
365839852 77
312844838 72
920850741 59
371649736 26
686773848 74
73777386 87
849103321 15
400567366 1
845915654 22
140922916 68
637467727 23
