1000 300
254722987 545
124166399 784
340649079 690
729170024 290
588663496 364
795743184 567
268913276 251
31217174 70
243944534 649
848595378 710
794054645 109
455596863 293
132170229 270
789742153 38
487466083 248
313383512 461
478001511 8
68336189 378
494620205 129
408927132 503
20423700 743
820577466 42
286724123 511
202063497 489
508753032 296
839393010 195
154146011 444
546049379 100
185564146 378
936871832 360
767943294 619
900512430 166
671181734 13
101653605 439
305118201 163
916454581 325
745854618 44
318471061 601
892237478 325
468830472 130
508983530 92
457587049 678
206928835 514
119258104 377
369584981 213
841341348 105
621908464 396
720254491 473
65155775 174
996121872 472
773812403 413
551286732 757
721797552 661
669353209 313
994640886 819
609153706 2
431739858 139
254107310 414
277304709 283
439903510 268
620446069 453
847109893 393
500550291 154
998475704 144
831131916 687
643445206 332
513570100 363
37814009 575
728319151 90
597730685 426
774108642 142
769787016 302
344719769 30
179604570 30
474332410 330
10297047 803
8437674 27
51825746 506
278221373 308
45544092 437
225003236 443
836243022 307
760751698 322
85973075 55
669222127 192
901845945 513
816861761 217
656063929 161
835272344 184
601231876 180
726798072 22
858454353 405
88349004 670
4517924 678
761406664 48
870608352 292
250910367 425
294855184 511
231458023 616
30529523 50
562447305 834
687995462 49
589351661 748
639530326 50
751671589 416
752417605 667
269241433 156
865597084 31
109993906 12
74760466 203
226785291 557
344033436 403
937739925 498
320296630 551
578245065 28
645088240 171
314376851 522
39211964 139
50878397 342
118766710 122
969165721 80
372496309 169
143652851 134
253319377 288
193744951 252
740693941 252
832885726 179
18303975 153
879013662 479
202284501 685
297294802 376
361914979 263
660990631 709
633817266 66
711392905 339
169283122 261
953350221 696
342771435 742
666514080 558
707649032 32
695783472 286
165567653 669
17151513 651
958364378 318
137441426 312
147354376 456
461730776 139
222662499 882
49579356 171
328021441 114
242318121 156
453247906 522
827671960 57
465740415 643
115211575 10
835111000 107
13194486 342
854932601 197
455063700 178
46038668 95
160693065 252
259141605 200
474236085 494
915839753 368
936201737 802
701949312 697
537073013 260
676486109 108
503098321 409
988848139 272
431895183 120
997488601 49
252796897 221
953055689 182
979953959 747
461705750 263
438141851 511
728102404 80
800078144 350
268913004 558
816096776 133
342529672 355
610544965 818
515307003 539
879257426 105
40319268 68
744794498 159
523157157 520
346112073 128
906533166 646
887130538 459
691268751 515
274887137 423
372886270 7
471163985 598
906365093 208
614994096 336
158214512 107
418582641 69
260545301 89
340333170 188
877921637 405
342653159 647
860555473 198
543306119 355
252505920 121
915159029 13
717024016 240
308254833 582
270643819 246
690119360 306
665504460 337
605509465 78
999407313 576
589358801 255
199285315 788
897921929 538
592428643 27
402737046 129
410728568 695
571416305 346
469449878 165
118543840 156
565386417 264
465164196 187
785681378 746
769725797 197
980287480 280
636504923 35
493603139 715
125967933 653
524272796 192
283349743 795
577317305 430
30367847 730
251681200 437
993456608 29
18577353 394
562788675 562
930947721 321
725856211 557
201051388 321
997031192 209
588105282 237
269598734 489
974117213 521
417402510 71
843317049 190
263329020 382
572782333 425
417175090 567
584598161 772
306854317 675
204947824 153
509830135 728
177592240 245
847007572 555
987723600 600
879513777 255
401641409 282
772766410 471
848315319 286
508199834 687
253151026 139
874949640 61
992998855 134
342237647 464
127608628 175
150262190 404
241859108 310
386686418 73
848605504 11
548037249 92
717981303 380
769667848 121
142379150 57
106063591 42
615609579 739
903032122 20
609241502 471
286543467 21
130818993 56
50140694 44
874691505 277
616971581 969
96671357 733
398741166 252
536651854 468
66864049 826
741421576 273
961133813 211
567320768 31
605659069 662
560558478 126
214495559 564
193125781 305
795410045 182
936528 725
288421344 423
232659487 161
277798833 232
502253842 34
431204961 374
775858165 48
847119163 184
484092316 90
559758673 373
936711792 462
772962468 473
343116859 234
230744471 237
600418352 57
571032726 833
931830590 134
271813123 101
944512663 803
227106914 12
833330300 16
16440517 766
194350411 129
900940153 226
740429515 357
665294578 326
171999670 172
38066420 692
71451528 592
241796100 297
334868103 280
599039759 584
189673491 447
149048152 330
573752624 502
115191975 519
51424594 293
723526576 336
134494056 63
13658818 295
109863212 172
613070001 485
357845161 434
594525702 308
955851277 94
600405093 2
763790769 31
631865406 424
816816231 86
703475896 210
581021187 539
810309082 904
143803437 175
852919548 12
272377701 24
143827822 77
729341527 582
501579111 20
20227426 193
136148272 161
509973603 113
790767761 849
420700871 645
429646972 592
587210193 933
261272313 862
963824936 403
508961618 55
424036772 357
620250240 55
316023386 198
393655765 44
681093093 134
548960234 418
158667256 855
896206796 64
964409634 457
333781090 464
562371296 833
353116194 262
395439593 536
441475829 140
728705718 646
907870823 147
24056400 363
813924372 81
41490270 222
806892111 94
956629870 146
922793236 536
399838340 510
664596272 29
835596001 673
943440815 308
504246037 244
860142983 633
98946632 578
145865091 485
170249925 330
994153073 41
867892936 103
81676176 33
995245962 572
936303412 813
56824458 165
720866748 107
714264349 148
765749430 229
120122937 654
619210320 672
835747454 862
501623042 542
294311046 437
174024058 90
580009838 73
381051593 363
763102117 162
896402124 162
831792117 525
517884636 13
500434639 70
867581113 46
809693660 499
50030516 581
565442497 131
222737437 485
442288178 107
231083245 143
983901242 761
274687412 275
323578569 205
402581189 568
248635775 529
671592352 100
178977720 471
965876127 35
56687064 164
470732517 824
338844376 303
91765124 486
483126290 914
902557422 220
39288649 211
194936223 155
965078269 100
360993544 844
730529005 250
154755006 348
739384045 158
219785700 254
203337706 635
743432150 82
190313275 805
696536855 374
352673322 168
205197181 509
915414979 220
767541403 388
990129373 308
30497647 394
893131878 309
36994638 605
896632819 225
638893324 743
409086600 460
551654768 819
191512484 361
134991831 6
89939601 39
944747559 61
77496810 511
415797495 476
65300333 673
766563068 338
534299139 119
768788663 139
139691022 141
780367454 352
323663346 515
461649928 48
47215335 174
501988892 73
110709757 578
928946683 414
54153585 492
113253101 368
508607023 24
97362762 246
572542888 545
830467562 129
967740374 433
913363406 279
254957452 758
577705488 370
616702723 116
303876616 769
16089763 510
131979712 804
761006095 614
66337947 143
896596851 582
298067521 240
38179090 53
191439310 345
243016459 612
703245627 333
867007851 267
900369676 783
761121401 228
663734844 381
319406398 20
74860134 749
552865363 271
730333749 414
383652591 434
865719309 230
969056817 317
475234043 44
293169834 653
808733147 751
512521774 482
757999304 838
874253789 660
289924297 281
250114157 618
957751738 65
561244346 608
245462648 338
293765264 887
995615057 87
305930679 497
560231083 49
366884672 500
525618163 294
792993040 123
604764361 134
670944683 100
316837482 353
143074370 445
32591197 462
824593151 654
987554658 60
336499087 776
836508568 305
90464241 83
32548077 344
277614463 298
562089164 704
443888187 275
796903425 628
568914523 34
833981424 168
894692375 216
909754871 15
695883186 616
901959457 836
41208776 84
747087884 236
264121815 309
231742749 626
454262544 427
512981218 443
112456030 79
532816583 74
668331704 913
545690622 510
100654756 194
980175016 371
354642445 640
106730825 125
17636678 258
9855595 640
943425631 577
376948881 839
830221223 100
551137886 231
139656322 144
733657351 46
282486893 85
814507254 81
570265167 452
204235456 24
435869699 89
865281610 138
641851427 527
991450678 458
220311062 109
785016724 792
956363869 912
366416327 246
61970714 305
807484085 227
872710881 617
41727795 242
363594180 195
807537584 244
33591961 671
442317600 233
446969999 590
709906988 41
344710385 463
915673240 107
614562617 548
703898357 10
765134681 80
94467719 446
197880390 215
849004921 277
939545285 17
880181568 120
260068986 250
542997837 179
188947246 93
551798263 225
356677729 463
655670183 193
739270928 114
90772038 349
197433800 240
458716900 162
596041452 232
904368042 116
894928707 342
71698946 549
357685957 656
842167045 397
723633575 325
192533541 190
813108645 662
393100316 421
213520784 15
705066004 606
473743640 876
916683544 162
65762011 257
259072443 102
457442477 248
818240519 498
34043946 963
825204136 264
777989498 798
263888474 439
596594789 706
563798672 333
727232407 586
369409638 286
212442677 535
823661769 164
103451040 466
205268710 419
500993928 702
651259344 264
30863925 366
658678901 52
197744403 195
839672259 328
320135036 291
561553686 787
562215881 154
260058854 201
388578971 186
935685551 931
212115559 184
459812640 216
219812673 634
442692999 341
351491306 46
412679549 123
913764124 231
334267342 69
465605141 546
371773355 57
454741346 488
324423443 844
710480110 707
389114751 496
819714122 371
863019726 398
343515199 38
526197360 318
763028626 242
652139733 474
339033111 134
688290072 461
257631993 472
185072873 130
851757384 366
850178232 784
815153604 283
23876136 413
507137769 70
440450739 397
180428860 734
482514586 132
573571540 678
628041232 178
180079660 284
817692839 350
93962792 89
331695355 775
800532325 260
580917405 326
700476102 587
442015811 290
560198459 766
979017774 457
920426709 183
194690779 102
965189640 273
375986157 179
78670655 261
34570074 635
66799270 0
816668374 387
234148916 9
377694589 724
502586871 529
841450948 141
929276580 140
211931042 75
644633183 119
544811259 279
464457672 179
328217677 575
730602822 263
670765982 704
817872536 227
957403557 841
448898713 386
941116216 89
232843091 693
521529078 180
145635912 495
390928693 103
273782013 95
338304046 533
235016647 568
475410536 169
32115930 69
394506594 318
383638416 797
101014661 125
367334902 161
225997897 11
538913437 124
507780006 78
825388703 564
298430910 391
88112624 668
757827528 83
681711591 372
141990208 285
964871692 34
856195661 180
866673444 161
406612083 50
490386555 111
622807418 396
527818098 29
564995230 448
265276233 839
544114168 58
274116910 427
723619885 90
302278790 75
225876053 579
227158906 405
226180142 188
703158214 365
189924483 653
802272702 215
618893782 23
962072481 25
971081557 475
228928291 423
584677884 833
62797622 222
405484551 559
542994968 549
379810971 589
80673698 236
10236853 430
349341135 658
56372818 809
24344972 660
316426464 134
472289727 403
942147045 223
83685018 181
196103406 109
677997346 93
313077179 687
546739451 193
604612521 214
660074102 836
964282720 147
337967325 344
428271294 233
943376126 75
487549699 432
200829942 272
392403261 23
694684224 224
963518711 353
571288318 126
685923614 205
473963398 213
284799795 121
16254769 510
606847672 264
429881184 366
747129556 38
806197711 531
696110665 117
93092126 40
434101144 396
730646941 116
379678067 779
4479064 644
25843555 705
383787108 544
613062331 376
364790376 638
523447229 310
517214831 358
918137098 737
213105645 801
581578575 479
211377167 576
215734574 205
566374472 145
508042091 611
49757977 29
598070616 301
769392416 485
977155971 17
533868132 417
468280478 523
958456800 142
749902511 472
234846030 26
618178681 282
382210869 241
453701418 646
75009846 216
968098374 56
194791571 590
952116691 631
808870657 353
235950278 166
214871472 466
296296878 197
907692183 764
422002080 171
249821189 598
68738402 509
820287077 16
177233115 195
297201746 40
939410107 147
807627483 185
143708775 324
987138072 760
671972392 642
912725486 582
757596052 261
969901343 116
87527996 360
542916757 139
720102039 37
866341616 55
366492463 153
992110157 506
176387082 410
255296601 660
337034332 782
371503255 427
493283947 328
229685998 565
929605570 187
392649335 375
436053402 116
707222661 105
491024261 498
192979957 200
890775645 357
420120248 543
891858284 124
281757598 367
758310877 696
269279333 518
20225635 185
685500418 718
208703784 885
596357422 351
689928185 482
314570549 334
179306671 384
45508347 327
387502049 149
276793424 249
289778632 779
48232310 622
668598643 324
468526831 549
405976620 314
89116044 78
12694826 524
478594739 52
663862648 111
231429360 944
118237221 38
889076415 160
935696557 488
152453017 87
350906792 117
485598013 30
498925490 138
461294913 163
711322778 523
319377113 293
610651855 162
112504038 10
983346439 359
56363074 48
856643634 386
946714187 558
691641246 369
218917294 501
558965611 437
994279798 905
100712754 200
298266709 297
712257778 343
318012978 201
771486779 237
126738419 343
249918366 480
549848460 753
28461140 67
802075209 700
925309485 67
908904280 300
750600124 595
418497178 282
611399873 239
581127083 566
690675415 402
473457456 241
800120415 699
837717600 97
722070957 333
263706326 26
28191345 505
577587350 229
597383528 441
587739229 397
121374787 30
865901614 181
195342296 778
214423578 64
947172999 132
85417295 677
993844976 578
552641893 629
811024595 721
602076132 266
315473992 748
119642137 732
798095136 428
229818651 108
317962394 292
701604377 138
661343563 128
121240294 31
786582344 551
549267655 416
704104086 522
758779771 267
502803923 556
788326028 240
855564069 120
796371158 99
225483619 2
513551445 533
318872451 258
109569588 155
659365956 397
256589074 24
251567645 206
708224919 635
35826533 211
230711096 786
319370948 289
52455239 600
831712217 87
798104638 800
294944301 304
656520525 212
205154392 651
440553506 349
76406642 99
403582712 463
