1000 300
432806411 329
854828581 43
215645254 106
306441502 434
86272099 605
873191101 317
142343998 53
801108056 482
266258391 441
574244431 546
561573871 188
117540295 402
403037662 230
882532263 35
444374968 245
550168788 119
191659425 657
10522537 533
987645805 363
44973753 359
552953212 324
259564744 53
391278804 379
176666631 38
844306047 435
147831440 853
608154664 500
53004835 509
454740977 346
759304479 110
273230232 255
557512899 153
823729354 147
398500517 9
538581702 277
209944947 185
821006134 428
390950122 544
986770506 967
290933524 578
366349335 142
596957383 72
748573487 108
656660826 922
159362689 145
585029545 326
12800627 42
444103244 288
534627134 356
612492563 2
616938122 839
647611334 645
358838346 268
85096475 411
566878937 363
627127543 662
392969302 525
522116842 50
488768829 229
89001957 126
593506887 30
372822078 601
193796995 310
722041574 586
673240246 126
723730154 49
765618928 638
557565992 158
17099631 141
799232850 66
708661688 478
961795368 11
529679092 591
707583730 148
718876809 252
389180 183
416217082 27
92359638 89
616371200 773
93441035 412
1175272 53
423669281 738
260172336 73
191790353 484
630023517 144
751811976 202
993672224 575
971297055 174
995832234 167
135354582 724
266635083 57
70853335 116
730820690 378
757676904 76
663455520 428
581540145 619
720665999 572
179267249 94
731874434 25
339008763 206
515454669 571
566155189 147
106488648 259
25994323 740
706737198 178
748929680 575
277856188 129
468993581 458
256762887 583
543948782 361
577491997 401
643424210 499
596584544 61
607527570 536
344622111 247
710063196 670
478023286 98
747535057 78
40350312 246
380011581 850
141350970 34
504145942 107
34724883 618
701176504 139
348024786 395
193584734 943
734660143 6
784379748 241
921271061 384
832472507 230
181847358 694
998011822 106
126477072 330
844571604 236
796217528 298
99470421 223
778912134 648
893843297 19
313110152 194
485891310 208
218483306 637
922516913 301
57844876 40
888127840 878
650906981 263
926084646 314
170671640 197
92038503 459
924356436 420
276247477 392
965387121 197
938573843 28
752306633 465
531511913 120
265685844 65
248601928 593
476641415 469
15939807 530
826892398 158
603980093 272
573613832 391
167488969 261
219094243 253
904327680 321
459930105 311
96914798 58
39008202 372
25579246 625
613612219 225
316339494 133
817571502 69
531175997 669
913108194 170
677478112 162
786737932 259
40695413 754
797332407 299
485520029 308
887408089 660
779778544 1
533207991 389
387757045 401
257097468 287
223629408 573
247085588 82
759668111 19
321702606 421
377030215 84
58729009 190
255650475 2
919437215 243
490764926 362
197124905 20
852703386 849
618831154 265
116769713 69
228737351 503
337083459 243
223618621 288
943240159 224
600248205 282
816029598 739
950004716 76
411819484 263
232574255 375
890692922 325
398971742 316
406551761 139
7794454 261
787306936 59
575780644 216
168229305 213
785275232 669
663542607 619
706729159 662
640809188 167
387064541 388
755973449 153
905611841 182
853146998 67
823983249 22
550728579 568
127730049 251
89297126 140
550390583 234
612761583 625
437896681 437
652727937 352
139707578 904
576919059 393
554904530 23
599724775 196
621888444 266
384692361 319
123504132 830
921738123 874
377509649 75
808871551 275
533471552 66
327482421 479
185372483 838
235217206 227
516147641 552
396134017 187
340147214 437
456382341 326
947972756 42
66996063 338
578631138 587
500385110 339
555700078 38
936994963 242
775735654 280
416729893 395
311336404 21
112314933 291
638892274 720
245808006 263
236356810 461
52652081 488
21368338 123
198254750 911
290077255 557
686040006 706
225477896 482
875892647 737
210596533 209
7440648 699
958640201 37
186182767 66
767113332 211
505652320 22
445156861 945
574810839 526
590503766 202
971521544 8
600564097 203
410505302 131
740667938 228
66844050 854
51687654 138
456857974 599
16984596 80
493528929 131
857440369 100
172519251 27
940128345 642
898093612 124
457904666 71
801012513 131
8661396 97
634504320 591
194665232 446
722979237 756
258765662 85
912607804 560
168364850 125
56045753 719
231330752 555
802008597 241
706205846 208
455412426 313
382237369 318
278803730 409
456872708 102
85891676 460
509356989 111
222463503 406
439089017 129
507174787 40
675119410 411
720939324 149
279782310 65
579353961 136
520878067 335
803797405 78
773422960 591
730736588 400
802299086 261
762330762 488
15298160 68
200807551 387
630307336 434
572861742 395
491722611 591
460471015 266
622931158 6
975253002 129
249250809 672
199608190 253
863891684 522
430386801 303
855790008 73
825313105 158
280892368 279
806582283 479
715201048 84
818026883 573
210943149 464
322083925 190
938336694 415
899389130 153
210544002 761
827256349 320
309862372 29
794813167 695
346882763 119
281495304 589
871387685 277
534106193 698
560509173 273
902308623 57
469439411 157
633548129 601
932712932 11
933716987 254
945611003 65
253561380 499
407473775 297
871623406 294
634177821 629
689406390 548
587944417 767
685131740 308
146678127 420
43203523 479
541734775 254
863366924 198
537727226 99
616071182 26
125760486 820
545271450 66
642189817 499
847504877 519
69356244 823
398200310 507
761795935 283
374039497 426
406879325 53
752956771 188
927014991 99
530909857 234
359865998 431
234159995 602
162537891 827
520424325 493
650943722 650
712910504 691
169465192 480
709878045 158
950116842 456
886759594 85
852284511 761
887212833 618
749031543 929
450256406 369
679510908 410
725527009 269
685592432 88
668757460 4
855287656 54
108033469 677
371814185 37
73149598 473
845292033 81
223706283 139
221388520 237
603247237 55
553127383 415
803029942 579
767038055 437
635606637 270
477204398 637
815709819 159
484105047 171
440748430 92
902264321 788
862932141 220
723645146 402
757339380 308
676856443 401
953833360 434
451595014 1
933615870 227
251954558 549
744618880 481
263232102 271
246817504 408
698622366 337
596793705 81
401688954 540
319159843 434
899887908 72
208450126 312
384914485 629
149753889 484
110611854 626
167724229 372
217305468 373
161432460 131
789526284 394
81557622 281
601502891 240
981731815 587
999674371 270
520468898 217
4239634 106
798390025 41
31248523 411
370073240 475
200098162 327
66724511 464
934310899 46
997166911 265
166722947 258
449758120 184
562406458 192
672104594 363
171458415 397
563369465 608
909466517 378
395010589 74
871953238 372
825256377 161
90565614 175
77631875 67
192868042 59
286023396 316
23228001 141
216504313 346
862793810 407
222232266 387
363900607 85
927125962 397
460005609 231
561416591 539
270306061 553
179888083 236
518207870 347
926753707 643
364022531 57
586173702 73
230121588 661
985685865 134
713314192 461
920581098 206
858179873 254
583003754 674
118139475 461
292123159 589
273318737 732
534106401 61
156401442 109
304668604 272
249590978 383
691827799 18
305217924 345
84810523 501
351287464 302
268241062 636
77288504 348
590530569 301
83165481 173
84652032 736
630825135 111
464035185 173
381837023 212
578208039 574
984440972 341
52174032 566
305991259 232
194973492 696
844946729 134
27740600 358
777082783 569
140633363 62
982542610 242
685981519 24
682954145 4
286683395 18
507001737 684
901117903 480
516607948 285
491980825 258
690407939 402
292707334 235
601948544 361
306543036 116
106620840 568
911103702 616
827299215 256
134841640 613
910657749 342
471730356 514
216101825 166
777115373 94
217156252 528
723810091 3
802216527 541
980741230 89
82592320 685
785369176 416
438656874 453
910233957 431
820790459 42
130792557 137
767199923 122
851494236 487
848295994 15
136737072 183
327059649 338
92202804 23
664475037 236
318122875 351
31578785 470
875535520 463
16198650 92
162181820 483
994082127 7
124778920 128
575571481 191
180036724 119
415327552 508
685914664 631
907452408 270
410921403 316
296866266 221
346904912 5
536173126 733
512629432 118
732540664 30
733075237 453
822478314 265
52668459 255
807833705 273
139973117 431
49977723 48
363615461 182
737162608 106
788699652 282
409071303 814
829502284 574
380992579 542
937957051 705
810685006 241
498029274 582
260729230 36
610571894 836
550420166 18
172650397 98
557263856 241
971931611 41
880695448 957
773515190 13
982047098 431
205715304 410
811121503 435
346900700 7
41018165 242
300852460 457
437905262 496
831919577 736
100918939 101
486675722 51
944446280 108
553499657 15
821676826 345
620563644 132
738946344 285
278647008 289
579393943 251
579844300 485
429647993 404
510820195 206
524155879 181
601736026 375
136126813 464
588674988 473
932202581 237
499968859 254
223502888 156
818456169 821
536399649 332
909168150 330
41680099 48
527736923 103
25884670 311
970661031 590
807844044 860
401362393 395
435136913 230
602825086 25
298145235 82
107028556 36
767616246 514
386458591 82
343984668 562
28160435 357
112262973 283
304130402 139
840335746 18
115131935 128
118874855 611
6899570 347
655435024 558
318339894 629
406784875 172
890883280 270
997491336 216
340140977 57
849418422 46
48555279 25
7701982 22
344560864 1
800233124 261
182024728 25
919691452 302
30026275 425
466717322 601
687419301 300
120027134 286
224586353 296
123575982 398
851080392 28
718484277 381
311346131 508
256072139 260
527639395 634
927116838 420
785568488 380
567192208 148
102425519 464
756721225 656
510850145 749
467922720 318
567684024 311
312712269 512
802164867 51
297776785 526
183774429 70
178262417 345
10591402 350
310689391 71
488052563 554
464720298 712
659506371 254
212350520 196
628778401 36
149932514 370
599169231 638
467202784 183
451639843 35
58071221 453
330582629 19
929278029 396
405913737 857
966644564 507
585461294 39
792444121 604
255308119 35
836696356 287
2321768 57
422948053 165
128134500 167
547804478 537
700731750 185
309554690 647
748391773 209
831536623 56
201385740 375
267608856 230
45104450 631
521721911 621
256431702 69
213401410 692
936697318 268
327976267 161
621671376 739
972059550 511
130108017 561
197450261 259
921960477 194
700326591 110
705180640 139
850976946 107
326175603 142
442105388 505
830348417 7
555391473 199
807499035 76
692838881 505
567938937 110
224335064 489
864484084 709
470343115 243
539673664 113
482898464 314
252686062 349
536689486 506
989103138 346
972069302 152
40300177 225
61226177 781
452816830 193
758886970 537
248762997 881
697801454 177
494980232 71
415103106 144
497865673 87
384915604 128
138589257 294
489145110 601
638536143 110
881790439 171
64679068 70
451963827 327
503458141 78
687891981 463
164513392 257
877798091 155
954968156 693
306452129 99
521518987 809
401383169 498
222483786 305
247914290 154
531830787 513
774787759 32
340644538 700
709354691 673
487501765 76
92227426 730
444728528 342
34813258 342
467617809 301
2316123 933
942860488 254
586815283 202
800271098 68
426237198 221
333052526 299
539238108 388
636330728 50
65537700 328
744824741 841
842627097 270
340536343 160
89172858 113
366855650 489
356416431 708
275336215 7
441482146 878
496735152 108
233474779 659
712004940 350
250499935 327
923312684 308
288038603 167
50401390 128
622112940 16
127563912 279
775847969 430
363836424 507
784111796 30
134123403 27
359800437 627
590066683 394
434847576 411
418798861 505
895155153 64
411499770 665
965590190 429
688847229 158
946475573 586
195657742 675
897785471 137
262232925 99
991679763 501
577609233 420
296343495 374
266250434 417
257446099 490
376180021 116
394797622 721
885033175 652
74187854 5
211527804 671
71122355 169
344301401 654
30424148 477
968723776 492
907079637 63
571164187 409
153017640 496
445056170 94
700847979 562
257023617 515
714376193 467
700956477 386
792861171 562
831862534 201
78724233 19
515030602 144
589515557 266
40352952 814
676608096 759
741816187 686
222774887 210
104388793 260
197803672 173
511373387 129
863037528 29
130141118 457
752680247 484
66506122 499
28925512 457
10700690 535
615236282 530
314184412 204
641841596 612
115801746 733
732588431 249
791771193 739
658452460 150
77798192 661
13257625 563
688588140 818
253885255 496
962554226 627
257916334 207
407860118 648
625369324 547
589252210 208
118595866 171
158093994 105
334549552 567
218185694 16
565233435 249
578392304 126
651649053 366
918278008 117
801609829 860
98514564 599
951794415 203
21326485 552
581189277 188
41924311 68
860861335 179
247467424 870
264174560 147
247183915 529
56214842 495
75571605 552
992865852 65
707044633 150
935158449 133
938794376 306
716107571 788
562432525 369
949938184 452
113250847 857
526466365 476
974966982 437
775772673 125
742811922 408
285924676 337
695844824 266
853462417 348
380181679 477
13332008 774
634509868 391
109897568 154
150438234 440
144840763 603
56557693 119
196591947 819
832407303 304
592350405 473
828344026 329
185213923 29
515822273 811
981443455 183
982916649 63
504350189 682
575366692 241
397551129 4
644503456 377
672232930 692
913530084 952
117223350 146
474965580 641
792699247 240
918937158 71
982042221 342
629846157 163
373097204 80
522461348 415
389844680 355
274572182 133
940286727 182
848424684 445
268780870 508
235952879 269
345405424 439
207163423 542
80164315 656
246221300 660
70667052 620
865571028 269
35579245 44
186513237 754
121041644 275
176937141 621
554628439 710
564136086 482
598618006 1
181028351 296
272596712 98
227423119 117
296569153 779
826061571 904
127744738 114
312309228 266
574591291 58
925821865 788
580006654 347
49191595 198
602691972 173
999789290 388
604138852 536
422475683 161
955310674 105
561815124 143
921494582 153
217682681 372
323797389 102
346854280 354
541219588 193
415016619 582
15721554 746
807997885 215
833492055 35
612960775 251
10895475 278
803073852 44
224924968 319
391483187 695
50681843 215
779624164 167
640786536 658
27258021 233
7030413 397
347648422 49
222717048 117
95317674 222
484575532 20
425317896 633
791700144 61
780064481 47
