1000 300
315922539 530
880458058 401
650449941 262
588745685 463
24072189 334
950639018 311
15774720 437
421255834 89
993604952 649
154669292 258
769284585 754
484516432 407
819129288 467
125065478 136
956573453 138
641729871 84
610350043 827
362774292 522
70605997 247
975987670 494
935739619 169
698552022 104
645576589 759
151269765 147
34634871 435
456269871 108
62163317 41
854927587 56
283726320 722
581737125 103
368451762 566
509480664 359
416468462 91
255155942 193
477077907 27
503435313 610
750933459 3
168461887 212
376270830 120
818069281 45
223715140 52
31295012 30
555059355 34
339287740 293
799397294 714
328717742 548
698660086 229
608143484 635
299065789 27
228863254 20
460063840 369
184127423 117
145622244 276
910905149 681
139116989 752
204909893 513
59231450 673
495159077 348
700232948 529
883324596 280
271600409 119
603566967 105
476978292 298
590831637 523
810315871 633
509047805 384
867924651 16
222542166 5
160655919 284
855510824 144
938182031 767
4060616 504
274446927 567
795371401 409
963421208 164
435191713 51
264187977 27
132893529 259
659553730 25
286562170 22
922571501 357
861352436 278
614368781 527
447350736 507
180759499 68
161586520 713
875515391 149
846338692 116
451359420 253
814701480 164
396406686 92
988285021 41
668259672 404
656060077 109
10214777 660
997504643 217
45197438 8
913936209 223
937323550 249
207296515 362
733303249 630
444314917 145
63817123 274
412458320 534
956770104 532
890665946 187
431695135 968
367357374 102
698499163 450
572945609 499
633231408 412
532749575 474
695620651 112
304823918 273
551190645 541
775038153 329
86380121 330
750825447 529
324789523 12
196546052 360
168312027 610
635795575 301
780572722 207
294257822 154
207337325 370
941442823 471
901275775 194
845422816 249
963528460 241
22469025 98
66399915 307
488884473 393
446739322 35
55325942 585
586074856 153
174881912 707
14539455 316
885106647 81
694865008 34
409357780 145
36150436 407
974433470 207
538729728 326
817891301 242
164372536 213
409847620 327
319803991 3
961414506 141
799133517 550
224473514 374
688456122 625
278675588 238
822165497 885
452059219 847
975968625 121
512349751 415
235055640 590
31722822 78
198721097 731
307145710 257
281501895 313
516027822 533
668985105 158
333007094 671
278625769 10
936590683 471
686167584 461
669639680 83
724126116 422
643830849 196
352990924 283
919639201 536
718643682 107
957190134 279
888489202 21
174974676 310
156522962 716
392680759 14
974738035 74
585611380 148
250319207 98
138017122 355
198617266 756
931951812 173
614913750 464
333792762 502
603643417 124
525870569 568
331154458 740
459543592 246
541678484 530
145036909 528
559554161 82
477744695 24
616755219 399
622141628 734
137447902 89
810919701 187
323621898 162
185743528 168
300354727 474
608913367 869
117164785 209
258050791 115
67066583 85
383655731 308
882784454 175
391046802 695
412366779 19
154226950 497
166474633 3
670954150 377
670073703 192
917612493 959
973842621 213
232076165 33
876207152 45
774294062 792
998421228 43
590532723 11
781582898 24
72198767 459
136916258 215
318240539 58
635616969 926
439841788 339
960843374 790
620135690 720
232844826 580
70300387 6
543649638 190
525433649 392
960427145 32
782002009 76
71416225 190
741538149 16
616338498 25
744389940 209
504154429 256
283825633 580
54954163 311
124158833 632
185007194 17
644354240 2
265471502 89
793423278 80
773510299 13
850483589 678
598965961 420
838053294 795
399257769 87
439134870 248
244616992 41
773736154 478
112842673 31
47037626 290
576001168 696
208925117 630
153008356 759
998630048 493
269970267 417
398451077 516
71954676 698
823961690 114
135814665 200
613562247 56
78955420 696
182239964 7
767018211 183
130506425 67
442507542 267
602890624 298
47309176 198
431640376 376
561082788 164
240855427 151
539775002 69
650111426 228
283336458 475
524446598 237
816831840 443
637672763 155
688861201 590
377207568 81
802941860 13
393591338 320
891580932 227
259535369 172
143912580 124
155570746 506
56188980 687
846912063 162
78638691 125
30624188 405
713101173 607
927057123 238
396095463 68
256379169 418
174240160 3
816068106 560
134612859 232
113603715 148
333269778 355
931492399 595
211850444 183
687691036 28
309212201 313
213247917 437
105215566 497
820975819 30
824527052 191
986684488 148
133756086 162
667068819 109
210134498 458
517857955 67
169995903 93
923110173 815
998223064 291
890119624 211
274880359 888
956152884 390
745063198 50
563658406 530
800154609 544
994714694 243
149290408 522
470413708 170
749718756 288
504510184 540
723959407 10
137277873 120
156196552 227
39393105 75
133225455 211
623894702 291
121775982 403
675933659 240
958559401 690
431546880 614
577114983 142
547959687 359
115650208 391
450530441 121
987859337 520
627585912 55
135513822 324
836745230 759
637498992 547
774665845 637
827907311 55
237272248 375
235242488 60
272913514 154
363846754 298
552239253 435
755073734 431
702181861 589
878955597 223
57704726 646
428643262 40
496635291 329
769392328 968
846630032 609
929618828 299
72435683 219
463219311 79
850901950 28
681798686 779
551049271 517
557336546 335
782132539 312
242948646 147
140665528 877
509964103 459
528996619 546
580541083 304
647606697 317
812474308 105
627464721 730
241126455 155
892539121 490
760583432 294
277086616 431
77992184 737
938994588 686
524318401 60
320949964 716
674334112 412
289192793 56
251760165 307
419016256 860
989650231 762
380511738 250
57230699 265
170454376 600
69901447 674
878128377 331
434732881 270
897558558 418
774271901 156
14018288 593
877537430 671
872226335 630
775091532 721
477032734 646
823566719 98
75779725 472
459407531 308
867038439 36
214827861 24
691203437 79
718581396 289
718574418 849
71807971 280
199447848 443
286644005 518
785238154 122
284741882 461
704985100 864
158458177 220
342224224 248
385485294 661
424943562 611
418050063 862
360112326 402
546744089 31
170056439 122
699696247 170
90175828 439
426752853 583
459341966 205
979123882 109
65245892 662
4129156 319
255630699 906
274682776 117
707097975 21
532053514 502
988608975 523
234373241 425
198036976 415
842012239 413
382677728 82
699369544 192
746264150 439
348502080 445
393442344 450
169321793 635
699576309 441
558435277 576
485808404 226
513681513 87
933694652 606
975969898 127
764162676 374
389282564 604
6366910 103
305922192 75
84881919 687
739848222 525
790999986 77
337475900 792
48934862 609
751172101 86
65324149 483
881180012 341
934741471 78
485434315 100
662675589 19
959024551 111
910165394 149
813788358 255
124626310 370
289386868 189
239361324 780
783994898 161
872369343 46
679651040 802
742797657 872
504131083 190
118193820 446
641957370 266
317540516 678
179522518 277
268619308 295
885892184 29
903299839 462
322915544 4
479031970 122
823707794 390
156542783 133
303893563 641
742990549 187
632043460 154
917616799 506
544097902 319
978056898 716
844698895 8
648046139 322
817913507 952
497853191 3
313342230 371
302296212 606
361280593 57
166948968 309
954715011 235
247075089 935
748797618 33
406258509 373
291714178 485
6294393 625
973917252 22
941200191 202
933707330 76
693129596 472
451319370 693
709698160 374
48100473 361
139304490 122
724079178 303
701864754 101
370431455 366
272974200 396
430320526 762
586616701 352
58538927 633
12188096 224
97720997 738
455322731 326
128980268 101
476690239 614
216551138 688
832324542 88
410333464 476
116189079 381
961529818 717
768251223 840
26943804 79
624983373 103
883965672 66
625498302 45
699541478 34
247886155 52
79491755 44
257888415 449
592272228 199
693882461 452
302802052 79
233557576 151
594621324 319
488522421 74
281766426 492
154845486 913
21102389 241
931659625 226
800654552 226
310292584 27
325439933 93
842134513 308
473102187 308
986709041 326
284964483 73
271174572 811
834729799 343
172233064 161
781969004 41
526430042 240
767523361 161
786865937 357
88132448 554
490705058 708
653627253 2
815937492 174
437299660 307
557267852 415
135705087 149
156965754 98
415313952 483
141529605 475
247828292 291
312120437 46
180599889 22
360635744 198
981577480 403
449760087 53
595233622 33
159173073 12
998388951 595
617814104 471
218024108 62
435044851 184
953853311 166
513438419 58
671519700 348
669493313 3
352527506 341
203866823 255
311587282 159
546950814 88
436753383 467
43928664 393
402337454 429
70438351 356
890144536 332
22229837 275
468204789 563
276025597 653
789670659 56
513570962 587
196924215 79
952753975 803
203625802 362
282369462 444
957539720 329
711070956 463
518569429 173
726532716 633
665069825 376
105009011 211
230082637 260
719417868 282
375856446 265
799735428 527
155667873 105
947397905 576
953636320 84
582577086 951
760878980 53
474205338 377
218431498 490
844920866 192
927152619 517
51581931 822
571767782 492
179064724 389
157732497 712
838139884 748
665670176 380
11666015 275
967129716 703
357807271 427
18083175 486
801356464 455
632432471 403
88518347 87
168109553 27
280772632 444
343723328 280
354450734 542
40157942 231
44590348 152
30507514 364
518729796 214
333879858 331
951576678 347
724548242 403
376506283 103
997749093 79
307947236 231
340050140 644
229360034 86
954202069 761
55702182 640
24289005 19
563703947 386
737685448 423
294706354 618
627684512 566
116395630 81
514993677 542
759212145 378
829360404 326
52243063 537
927601522 429
791852849 27
659035690 654
841301109 73
648446541 519
28515748 1
813458953 715
618326619 339
436305909 283
684156254 428
79262364 447
63667649 483
695792200 527
45386328 277
709671185 150
458101090 30
451890981 100
624675441 288
78035802 235
630828701 512
745895922 383
717864682 95
601593773 235
220647158 15
444162325 101
955364328 103
526344198 904
594188181 132
161845628 41
630809588 243
900918178 485
291049668 277
948155927 10
418112891 502
628503171 477
481196403 338
863773531 730
411349584 154
665749233 518
570085045 800
585351871 252
944118055 17
3830005 288
743933762 63
399307841 584
795758363 272
361650142 751
408285429 403
729887200 819
152297255 948
744550334 779
203452493 294
793351457 783
837919150 763
444029676 707
469362158 267
289716364 196
862095862 65
665655682 187
53760032 317
25084206 614
196974502 382
426066142 117
826766413 239
122107415 133
465647181 735
13108002 333
101495429 30
614672347 49
785277661 383
924375734 9
849604859 282
637775379 167
603216170 280
538472900 70
735892359 140
58859739 374
410505069 673
866645433 256
491718436 108
700581972 355
451796933 512
484156617 423
596415857 317
96511010 23
349877171 87
591784809 151
312690226 58
681995501 316
225944476 207
576586196 531
151874767 204
160679906 81
556356169 425
635714440 319
569473490 160
2917424 386
895818344 547
745001160 413
531692139 165
518917773 329
392240650 477
774564378 149
510079981 515
163393713 374
251201060 582
206166985 749
201568592 913
202241240 87
950114832 158
188928355 329
551188655 724
634374979 299
562883852 441
570301241 644
481939145 273
668028854 634
35822520 455
918681572 372
65568387 167
888935160 99
625857946 138
718482876 222
791019618 111
183673944 249
111151260 840
985739873 260
388872211 254
865772324 576
398933642 281
873358388 598
251992037 152
407720498 230
485410967 525
417532893 300
31400012 121
389166938 521
580164311 789
497079237 333
352080222 663
73081592 5
651677636 599
769727386 549
140678743 444
370297196 34
495460795 393
364207056 452
160510230 142
596755099 609
394030205 691
767825181 44
413464991 237
227608430 199
446615729 328
194011131 529
638844826 21
872843088 178
313279327 795
691779112 108
608460241 91
688011698 443
786431349 34
946760742 207
279201204 10
955797897 243
164926276 112
572212413 221
733939414 38
334574285 791
835269634 465
786722934 20
417059439 108
267009017 695
268760903 444
854285600 520
6118106 294
123348367 959
477958290 440
657336654 450
29929751 59
328127379 60
686067395 123
118440917 331
803708488 4
381731086 544
346263456 554
906678096 403
169134902 490
117646219 44
908608339 355
229376925 132
52871115 264
716478619 193
70643176 21
846310751 351
78222487 593
484669778 3
705647826 532
768480124 73
956744269 200
38875082 57
86501989 348
594269342 125
188946245 147
694413469 316
304337755 422
372082357 586
53641466 396
7411309 600
631684689 134
716763249 598
760895372 57
109100382 116
814569289 137
556272842 419
514467133 214
614612632 512
603043111 529
567725691 700
836572662 236
951649224 437
368580919 192
632557952 117
746019521 665
437403806 46
76632739 493
936310429 73
168040270 214
646956110 154
715593728 28
538850521 663
7029105 445
762762513 372
750194880 239
733911805 272
576319648 603
90967459 759
706501311 180
868888343 514
375086967 65
350564549 389
211628984 288
536636923 351
640404789 679
574048954 295
249216719 645
536824511 548
535089983 174
106243276 341
459310599 672
462283324 290
931816090 230
531103943 771
999759819 295
243753106 598
674017652 481
962380410 382
926885479 165
108879010 50
151327386 800
714166075 241
974685070 591
717733268 251
537814784 121
999604066 343
789983188 262
980230225 75
983384894 470
221129163 159
741035571 421
145359624 455
940869391 460
655175511 328
509500808 22
274038955 426
22725331 170
897742953 391
645696021 11
939667057 155
766135052 845
692914795 390
112627455 483
296861012 485
557698531 345
892987720 255
219685839 771
744517522 683
394448546 370
179623666 484
22542323 234
388998190 292
26968889 170
656885467 22
868564540 287
182388845 96
738165692 113
841901438 302
723711072 429
124039004 86
429138401 52
138885078 106
676585591 293
849823559 669
465191044 77
372099299 870
738694784 89
510992193 299
247668517 348
493335850 220
526417371 156
657392290 758
909367142 249
348025396 411
74741455 407
625345666 89
33569936 355
402393612 361
147284995 177
327572800 469
602224909 682
560555203 385
384371719 824
469029375 537
969890797 301
212026350 24
11322059 478
