1000 300
788973259 332
611120240 306
675189221 358
576082571 311
961872279 280
733119640 330
184172738 189
41403612 302
15918809 312
440126857 129
536803811 537
441427160 516
679931314 87
217855589 132
468771938 20
438323659 192
178783765 53
155217536 351
8341997 134
612034291 261
468269130 698
137539300 135
899874374 769
976129795 229
665155182 522
469741005 268
661396162 596
66915747 348
257935855 882
404169772 313
873738699 69
756415725 268
9207570 439
257035558 166
710541408 18
796925679 615
826084975 91
505782164 277
175836562 762
789915438 1
376048242 49
170665346 207
801736712 146
876690462 618
589175002 736
777438642 65
234776442 294
626959533 438
768537147 40
845233945 446
303189558 386
130708920 246
77630334 499
326648415 285
711355040 244
222883730 68
725493598 14
28009825 331
56921260 818
532423042 35
244661227 399
834311856 132
319968100 161
459621700 381
652424200 1
589332753 294
825006183 586
182485637 517
304212207 386
911788797 154
872735078 253
196068969 135
164438954 142
28383265 250
502932903 504
720251142 24
261901977 27
28203229 84
702736260 77
629426408 440
403776241 113
594002887 190
968565227 298
407943822 238
141560889 534
866328359 315
757358557 211
456539114 609
52110798 44
789015674 362
376435185 32
55459811 150
605698654 897
259475953 216
207230929 188
413469140 463
664696174 742
798348274 119
437739961 577
220808459 222
391343318 297
762666132 640
580954109 984
653698125 521
911835713 179
297243429 501
145342594 500
970753871 234
435202736 21
601942437 572
688970818 162
832140349 361
649432566 406
297087562 281
612534987 207
840013109 75
544993852 786
309405436 72
609228734 590
603015115 395
635464572 342
767445209 113
376677458 770
742114948 293
506841352 422
539557808 511
657826000 279
906465885 257
300753154 281
652657032 558
391143959 920
274724419 712
617258468 398
971112984 248
670899480 113
250293403 26
840101367 45
436178510 39
341461080 368
332824250 810
558850270 554
26350026 790
19614579 716
897397867 39
677838090 26
38834786 787
323712150 617
240855918 606
528686405 799
172699551 652
411525122 792
764001525 10
186991658 713
812798012 179
391284110 472
925840679 373
433661353 415
457571244 468
865517091 11
715344032 242
399455366 234
569599379 382
559067456 277
911429613 382
362162649 414
331556169 152
38359669 3
18732818 474
834640013 928
971322204 624
298475754 164
603069701 125
378954979 231
386645261 157
990240472 387
899188530 512
220746222 218
4874192 385
652002572 384
391444216 295
262397718 580
33501391 273
550202473 135
80465705 232
132485016 283
53141605 507
445392741 606
674710923 293
43771394 5
663436709 35
868952457 85
239500379 20
332048825 214
957561811 429
764422387 43
127513543 64
456223861 377
694821351 135
273882070 140
163405682 304
560269762 199
547021328 88
284324855 639
104282098 792
461367423 30
876618541 604
366597167 331
80574547 210
671714913 96
670890067 620
52135918 5
173678995 285
704615278 148
171682380 2
91212980 834
673600037 603
660317060 148
937838868 15
501296023 200
182694257 468
884406738 69
448444764 532
851135170 372
842151249 188
720843356 206
412146184 746
629014259 198
292576147 496
325982073 191
713424819 401
972586234 276
600885627 291
3998550 711
884344361 242
164552511 649
411595072 8
855167347 345
384941034 616
474837306 314
385393037 409
219503139 482
453291947 447
704123642 369
597607167 86
336019982 332
980721110 24
599047841 176
74162603 18
324333488 509
765656071 389
97591269 136
86498968 75
713498329 826
985518223 154
619381647 48
686793023 791
513110061 61
26818035 236
364627197 419
944608016 9
518572196 824
893614700 730
853832097 328
256850670 33
191375626 367
351231847 239
947314306 828
916847791 18
720620413 520
369797380 66
822934456 57
259937439 34
89652980 149
993502617 226
86951411 318
775030525 102
184018612 455
594750254 45
826004978 427
687081851 906
436751835 236
668744448 302
800929294 640
701077696 518
43410648 552
614663424 226
138000815 610
915944422 376
829920494 370
510128979 238
398683859 574
209062910 703
812869046 749
193044946 40
757371276 129
236473738 243
328858780 715
606455690 412
262373760 743
680384512 174
413276768 585
771795003 30
429526378 117
729405260 382
116571284 496
289490395 393
699002006 811
644223820 579
771342114 657
280001042 341
119158887 389
402172755 147
692762565 260
459816382 448
459199442 689
377142697 55
861536141 616
820516462 79
489114338 243
458099975 671
94271070 161
416530921 305
710075956 360
259487774 40
253810800 492
383734182 199
825392762 927
405765903 328
545153998 257
219477587 162
878994426 10
288879346 229
896794585 485
958505808 443
690591246 350
590950225 722
823318212 253
679064627 123
556432548 248
395785644 38
920925975 639
346273348 91
725789118 13
73804533 114
370889007 249
605582849 807
73887985 232
391995155 574
138769082 888
164968602 257
240529640 733
867203169 454
560854078 124
177120115 848
794980576 97
615471918 108
269569169 256
445769638 975
495661611 467
508627261 248
928141407 44
598831489 234
801097135 170
567936837 641
567335337 524
546378242 633
234960742 21
543469680 122
680645955 11
486027360 249
693945310 251
168736733 853
398997076 16
874017668 235
390763449 516
364825632 485
694253528 29
186015113 696
482910508 417
91907263 190
555237918 374
399392578 43
866333569 348
174789045 284
138670668 411
62597555 273
692660375 365
928989424 15
884235737 48
458442132 208
993594975 491
801529813 495
686824464 73
873810644 283
70462559 520
450460857 387
50226577 617
586019345 497
38649137 313
421326952 75
137966545 320
360194595 389
973195267 799
81368480 298
559666839 500
435391888 346
575488023 663
843279508 108
215944576 498
226014231 173
807841858 314
746800236 36
109701498 533
771182120 857
659510894 231
663179969 498
820766794 26
147735656 467
435773210 817
357663524 679
490316808 539
730615088 359
614342871 329
771047062 698
143954079 169
680638476 318
535288779 264
798328079 29
140961616 490
583557950 337
451816752 340
39715577 94
208102959 147
217008954 8
623343828 121
626348724 140
293529506 371
686663210 337
992025752 164
110752786 230
974187495 65
874324842 668
377488883 73
928847834 65
399064717 818
822316299 221
987731822 593
988494663 38
162170871 667
29079378 407
356963880 528
199859592 468
947827934 173
720479288 791
930441042 804
223791424 247
921191374 5
635596522 97
145418674 442
606394374 166
715454119 307
481956680 272
657774369 665
537454564 353
266554395 26
493207911 412
834333199 167
288492249 484
92864820 908
108846865 692
905512188 622
303131225 468
818965709 110
471869762 581
674057727 286
477114569 180
297683735 183
564850604 503
695870018 66
558841606 155
349272339 109
500470834 444
53793153 22
384553950 453
795473948 454
471433326 528
913604496 101
223595923 441
672915804 60
516197676 826
374096852 678
778979166 199
861451092 678
886345199 40
749654726 220
143405799 696
488010583 3
166270570 932
897918838 339
173075407 201
703762702 155
845367302 371
838486276 57
519940393 57
946511859 162
15086944 150
232625703 838
651100922 368
658378456 428
905567177 28
427180200 21
377423807 29
807920479 621
559692487 689
235556070 288
685817317 98
920096129 685
883157905 331
118279505 527
696958288 97
500965130 278
207644309 460
224254961 824
908743383 238
25008921 190
585558771 517
74937823 500
717833156 36
793853859 656
704574465 116
430661320 668
408473431 810
522444526 138
928077511 283
604565103 172
750230082 200
146094872 149
812692355 353
396895274 141
974258220 417
980306320 342
320403236 185
105650274 261
175472944 168
192968858 46
944792785 278
857536021 776
681494877 97
317116621 631
330378081 10
862182998 495
884842038 317
44282007 149
431759586 355
305593289 44
397849137 537
730334645 321
18211861 72
246732330 176
854457402 263
105791677 129
793381358 155
154601413 451
151401776 185
762007190 415
933544726 59
972104445 551
560730980 179
588808189 402
356069739 445
298500040 32
803624479 407
924967680 35
579206524 296
216508719 45
414754075 106
371175556 886
950316048 432
93465296 421
639583751 83
791617985 473
794738590 24
980207198 221
783314437 35
152469954 17
696458197 524
224705309 119
707774253 193
741325032 772
62977811 251
733560169 692
43382282 734
732043879 79
253361648 396
506216494 142
428238618 597
158774725 6
355800242 503
141964911 267
233240656 618
170760288 396
255937752 213
703755969 17
654200980 69
280553191 491
490960018 48
264475855 604
781744447 637
280586461 123
603270724 170
664711382 0
175920545 122
417795100 430
643853321 309
95956265 75
115373182 22
195979342 249
424198956 142
397937068 367
710049162 362
676853875 259
475155375 195
70089050 798
690302707 533
709847136 571
367058887 562
736163778 181
44750037 653
303848508 635
696791387 167
441917571 853
381983941 552
261192707 66
701168010 552
816110806 650
826446665 516
676513029 158
383278116 257
659268867 478
424234332 449
243666790 460
895449902 212
62515688 263
595813357 76
904397214 22
303407201 250
369625719 43
230470495 351
689955320 608
813470890 185
525864758 224
895401225 174
903569941 220
397931433 265
572559296 696
426161333 769
794246248 800
163177779 677
528780865 453
223442466 128
855040441 89
234133714 595
489860859 495
850258564 60
479836837 451
961285954 0
659490246 315
61773312 410
772962586 116
447222772 492
52729737 639
151157555 682
47223774 501
888603277 119
827471812 348
456213163 39
150583303 226
880437350 713
849373193 0
873257066 61
8464002 690
371286028 620
561922428 342
320451432 85
839028622 374
908020415 503
884266584 505
167026960 19
124185663 195
876841461 853
436579179 313
797711040 666
653289982 106
636107478 104
2705303 473
884591435 333
676734470 156
855833023 185
655689041 492
655420536 223
921024743 442
741344193 15
310808611 373
838517379 418
959064581 247
321559074 664
586757164 373
237577113 30
425469719 465
910750169 635
314714013 349
927337822 171
660033451 64
28962580 43
812078141 70
951538793 603
824907934 547
720971955 388
531588836 377
166441412 499
230882726 139
599643084 273
614223617 386
39605359 660
638123722 390
80729383 743
294340629 200
435424476 298
477892071 366
131225281 491
591626551 178
156252786 75
961752107 58
538003276 351
20016785 16
999499532 162
369233819 817
105879467 352
147716832 438
382382713 426
609436303 619
162690680 535
873151222 121
557929980 292
384831795 281
305222528 92
282782009 930
271260619 687
661842694 373
268886340 363
292612387 743
977388178 488
654211164 739
785092216 299
224406209 346
133882095 716
516349406 96
834597765 391
240288823 262
240273654 516
10804231 449
110603785 423
57538873 845
520304557 188
751789222 315
376233043 103
73445521 888
285914254 666
496641121 170
798302442 431
741190558 69
859424522 75
547517998 112
618655749 147
148246481 693
21896194 652
546812634 813
77299474 410
739972144 146
702131022 431
135839877 132
365051954 578
425052885 82
558866233 39
312319009 102
357552569 663
280898669 418
225422849 830
196653816 70
597022641 569
124865468 248
61150041 756
541105190 303
634401621 183
399171350 26
539710953 414
36722713 117
513502360 106
79309285 214
317125322 381
644334102 335
504956318 333
810472488 131
728998156 250
962604980 161
224636480 277
160673263 330
645596466 783
105250913 85
938968458 33
588211426 702
898571955 132
733600987 225
310280510 136
199687610 171
842856313 331
201477814 153
19124560 209
603690437 427
558536548 663
137103322 799
54770026 429
231031396 24
706847686 50
581044228 264
382088295 417
791094414 11
386736358 232
611867202 289
228355546 10
450420812 479
512610687 98
621702778 257
350788999 299
372748861 58
273030720 104
897706210 77
301378791 312
51995409 620
628896075 451
56596359 584
195824806 74
150232848 207
450475961 548
129154504 402
648541734 225
707666835 288
90672915 668
780763610 534
907847420 74
753925767 677
594286296 486
451635779 625
634751088 40
608607215 697
600595963 708
62732129 243
6781695 266
853258593 658
818533988 389
466481891 359
372211162 193
797671302 840
25445485 164
655077197 219
587752550 615
714666909 174
597922404 319
293512055 172
488858044 288
861166326 603
3435534 9
206558220 9
734301736 722
809411193 421
164653088 79
853989133 371
14482604 404
823593503 219
175507397 19
532707149 4
483972221 380
773021301 19
310079005 9
776699380 439
205496963 98
372170270 277
882181563 42
956717054 324
76434139 366
819826512 252
253869604 194
934012348 131
452349526 366
205399892 750
884893012 324
34990160 461
997955066 780
158700040 232
736057146 525
512617267 230
812764286 458
472478559 344
896411961 30
596895664 431
271246287 23
384824541 303
214610344 78
909328488 645
217168016 216
168602910 307
483525457 167
627879119 367
39927188 606
701512526 878
661667572 805
876681899 350
448402276 128
410523312 118
524865219 161
888435098 663
994549181 243
231043098 796
790480357 144
715183755 29
288265488 18
219946357 249
355016181 144
815273282 689
994313731 159
807537471 48
83838082 114
425058774 500
943526125 528
741257226 327
54682766 350
62369332 588
848135516 37
904330749 251
155651090 73
315141019 673
558536592 476
173477456 8
100894071 752
800089632 298
529351167 336
935219410 105
67747612 192
327667754 590
624590033 71
759906661 739
254621908 627
168357878 455
60365668 286
976425343 120
810861927 237
554912530 845
524303303 473
513378729 646
361691663 31
752274403 179
962835521 53
936535297 875
877999610 660
793339681 909
833148617 144
878988473 289
243227085 671
467118423 47
331317901 0
784696728 173
729979165 755
587734630 486
591428974 283
61308278 88
135488501 365
816041217 129
23719296 199
57754818 236
357340245 115
301230128 43
542114957 256
7955454 76
585098159 451
713954512 51
160884624 262
471125823 150
52967018 363
50266384 252
287515708 711
869033392 166
122087778 326
648115187 55
2025589 846
43617550 132
528201572 234
748450514 439
514463699 369
72544043 691
92836532 253
