1000 300
672089388 322
636749717 379
550185396 85
153354049 54
604705073 9
955791749 460
57603460 194
516327197 915
183456858 533
460743206 291
304323037 461
808403296 11
950798748 162
900580291 233
275937719 323
529884742 635
597474383 167
802436588 901
796334893 21
953113616 116
146022834 33
281559282 149
4429055 302
950732929 596
705740901 102
73146731 10
820437519 127
14062691 172
232145390 258
931635122 62
379025637 381
558640386 447
456722487 573
113690982 732
89229101 9
90416045 574
756012300 667
283293929 149
565336886 212
612018490 580
378638239 143
605002976 383
48414068 195
119125889 505
524176902 479
226159543 286
920635901 63
790999774 300
532975802 14
316380444 272
146315277 805
372257713 478
864414232 887
742391681 575
283593091 336
945890271 315
391755746 162
1052060 770
268385380 60
181521489 313
922754749 272
360024041 710
603149397 168
328411762 413
934724018 440
669617701 310
487120419 861
142429107 100
447768495 8
968066771 90
807288125 227
238334217 409
349398277 525
411138232 91
747477302 130
565119083 700
964648681 27
68737121 717
745918790 130
822547543 155
179948278 509
31686042 144
322761673 412
103695692 563
397329575 304
716294390 680
639201724 569
771772239 374
507637984 27
618105676 28
211239492 168
267858793 187
248170340 545
12634934 538
259022889 376
979176741 757
134451805 48
827984530 148
233123669 801
384063508 82
49383386 558
640825859 739
393058392 199
40162122 19
571934026 33
438979695 7
299181541 31
574150368 174
876939012 592
776163457 729
744710228 164
866689907 248
308277185 206
289351206 290
524136225 91
345179554 603
153350686 438
312695826 511
453476457 495
274325394 134
512682525 303
753870650 321
267749490 793
484939371 212
366153891 435
287415897 39
559600417 171
817765850 266
343010553 583
987877742 426
275696515 154
60564366 389
787777613 657
476834618 103
315532615 537
325704894 56
665663280 447
282217668 560
577991745 190
256290720 449
81550104 347
933042391 785
500499431 362
122128625 540
486270941 218
817565057 398
32653013 423
110231922 25
698430782 184
975701396 367
134594122 287
104103270 954
256850523 486
733345318 38
541758379 707
339331607 118
192075579 426
618578450 226
942378493 476
273285457 218
812376133 156
772914039 638
303925614 706
340109027 293
180858313 114
581297463 1
980486347 115
367825955 58
650186614 298
298813559 16
684152072 637
991532905 448
184490467 370
256291875 359
386959037 0
33467793 21
434712585 720
912034921 653
739332517 234
47533948 739
979508934 62
783761468 409
491722272 383
493820813 415
205345881 524
772490448 129
22300849 193
823551278 17
316196842 81
867329826 358
196226430 166
598805066 320
254286594 618
582603119 271
207056852 495
337918163 65
510158605 262
168657594 122
78918050 14
405909051 164
115152093 26
339905097 10
186643708 11
655546109 387
590827047 754
369581350 87
850409880 783
65069588 501
76287238 230
187553184 144
497605714 547
676403840 414
884381046 227
425752266 341
208583338 68
410091206 775
149459672 37
251126777 40
594105410 62
920079983 93
842006386 41
529723464 449
860321379 497
71094662 65
806069742 473
239226389 553
151960951 532
259983900 377
419119321 22
501773443 692
256298638 89
526594502 487
342537251 286
986686713 692
817497308 515
231395099 891
388963491 473
880267935 216
590744375 494
341736248 134
89084818 65
637200870 648
78015899 115
700603198 35
966376974 176
462986238 151
569809576 160
152617425 358
639635607 200
398291552 386
236116257 185
438895770 391
182379667 461
637491780 342
420887916 578
766739908 837
450218955 31
284902442 253
871213334 98
450394496 14
767174125 196
243554131 87
635709519 661
689739650 433
101712394 157
88901447 821
255864680 651
796679811 30
823965720 79
314121038 606
498328666 358
916984255 648
986772591 215
850332153 366
57530433 872
44364407 245
828262222 96
684613273 674
663640794 166
144684399 107
906928726 439
849559237 153
767773195 722
879723631 468
988912139 49
395544022 202
239196506 97
982418884 152
515928408 297
864687212 739
151244146 164
276246462 759
401875210 581
355465705 313
361449891 354
105698865 23
701813585 658
661564915 406
205283169 317
399476726 430
841683780 233
429986292 36
380558786 756
232350825 98
871549021 163
626448539 170
353633026 308
224942826 309
437468663 457
298834778 265
268566529 634
817661023 188
401512149 116
402307048 430
853488578 1
796235951 878
553076380 737
12890047 237
834781419 899
731113030 314
913661781 4
876908957 4
970056010 439
955317142 300
707466990 402
212945157 492
206527820 642
341118098 235
900397753 154
229412285 502
444094853 203
145513522 634
197201129 232
172585808 893
688148526 3
263038452 3
379636250 807
536971403 495
9081504 22
800215896 462
704928456 509
289811202 14
335928028 165
697078625 97
48885972 198
583579786 312
12262148 287
947245081 371
904880389 485
260304062 100
653151969 411
202166795 800
326657155 203
376294012 920
226114398 88
528961480 652
373999195 700
484324712 199
967143433 302
104773989 320
427639552 455
551284582 31
832801942 168
289243641 723
910084551 218
870577698 154
156445278 156
385780514 131
529750120 242
421005449 411
270745562 377
555340927 803
999755905 339
167178319 262
126338603 37
495621941 666
807965972 511
164615018 302
448314004 651
116158317 118
14573574 162
761021843 692
972083707 402
367458770 15
494316449 380
481167818 347
566035054 82
682253077 81
684071953 171
37756880 394
295238298 114
184043370 10
119157480 576
662076845 523
673629012 155
435500043 167
440617116 819
443653418 238
492822290 315
799871154 136
56950790 656
411403606 837
624142704 197
735221025 455
639209443 404
538975235 341
472633518 332
610779292 519
122224724 40
584990024 285
255631663 93
657172843 567
351078496 603
823789822 94
247213818 366
126912091 657
500113775 694
365008965 187
851645754 769
10341948 164
412110030 221
678814463 13
697976256 822
262374754 82
310049584 765
441356114 352
818800765 260
721567014 337
142035498 771
487005480 277
181913355 773
474864996 643
287338932 79
219028913 185
242558499 218
732225533 99
312376236 54
521004253 44
11806502 642
937929301 610
978842964 9
695836900 730
617998231 95
34826452 574
98759889 298
753144256 107
921928860 683
583546982 160
595211437 44
63615151 76
155492483 240
618943485 67
822165844 89
657007028 185
739687993 377
538195980 370
453100185 787
264826134 60
134658259 157
273131020 245
840803119 604
172913373 171
418264327 276
761133049 230
927160882 10
480900186 340
227677874 474
937210323 643
555071134 11
110307741 210
296710226 133
286031648 560
414077653 107
964337407 303
208471690 192
155059302 532
106339867 570
107588760 370
562345891 544
79918260 116
784348188 42
32490951 592
465628936 259
861632792 413
556649570 119
819471536 85
941316807 856
838859304 62
877691873 578
408139191 675
219453205 602
841607036 255
713975918 26
29699848 225
427074504 141
929003312 58
21857857 358
354484241 851
951138781 253
552880484 80
589611896 758
192881412 473
218406130 551
32551869 187
971934614 40
718000727 391
805503691 449
614935268 43
272991998 652
699843142 179
707870414 261
483712004 395
641923706 525
323408974 190
537404809 407
238313550 74
243648697 367
201841842 167
748267049 693
404355191 303
423075274 46
153615351 464
783111171 770
134447158 184
469954212 185
24692329 194
531528206 70
983286729 868
340243616 456
543760790 163
882085476 513
750322031 196
533370619 3
728863185 181
354086342 164
89303789 721
185435735 0
6876591 427
211557143 164
618500363 138
636455480 19
720340874 135
511759070 666
513125142 490
156702857 344
776921347 31
682608326 370
818850398 550
771622679 695
427198585 85
279487776 380
281161655 369
661573395 753
708673685 142
30275678 184
159005946 249
514790547 84
166322625 115
578090135 458
571812996 281
148546575 542
305086378 443
879014152 340
441694388 557
689284582 261
989823684 99
457207183 253
740256110 222
820158424 785
630306244 124
949059120 182
706478493 507
901340811 45
197251365 317
995717778 271
977273002 95
606646025 534
743666341 57
626392448 183
992413704 560
630374974 246
277356744 706
74781803 305
646184618 796
618329725 94
648189010 291
264242404 284
256375433 345
484261114 349
362917327 732
394320421 321
801462817 696
805201742 97
698317580 37
490656392 232
892016627 256
259989241 181
212766365 342
412534028 183
624563203 748
609799897 325
322722647 515
564982996 871
942996312 58
375994550 283
104914390 564
911003817 700
437206401 499
331310776 382
838194679 366
987274358 727
399087116 440
191772909 90
415402588 407
234372810 13
519675407 330
873389254 493
416832493 657
130804311 694
874897826 422
533690521 289
376117075 243
59288951 382
875837281 301
118802206 133
786719869 275
663915428 573
506922988 228
551850740 412
329442845 651
520179453 12
919047017 33
595232795 558
350754089 179
765486534 665
178861310 3
195293561 294
633449053 559
507643366 827
426737242 652
665428056 264
283349430 409
666756712 263
685237547 871
736170468 345
928361463 357
571141885 251
620359847 586
741220016 171
122747942 340
571380087 593
41179397 5
631408176 211
572100365 722
811238733 393
45970179 641
599103038 797
509657787 355
59812636 419
403778912 573
220287639 264
388650498 553
465711138 435
349847649 55
785641565 282
918676473 525
581295043 252
828840271 906
328306069 317
778049914 412
531206 634
102911477 344
119862952 319
724963492 446
727342103 312
680381988 788
642130916 338
214540888 354
200042948 686
717998385 68
203469050 159
124245437 202
392571650 196
956746611 621
453570688 597
607148989 788
72740968 119
878602183 50
833667438 117
295581832 30
421267377 82
675779342 689
378287267 28
376545038 430
114290492 164
196542380 477
311683679 181
785986184 259
307407245 327
210252553 361
460929481 240
183467502 386
754738891 139
341192466 593
312178280 576
57101184 26
520325697 250
907298231 180
517403564 24
895593535 335
470687200 909
148358764 596
99028068 304
637583218 172
184028602 215
104183723 391
645985864 40
698010148 520
958837127 418
832091758 107
100115311 171
85968035 107
938751521 127
486721975 668
826664407 611
958006273 87
645586697 545
32929801 129
661497570 2
348378004 258
893536738 466
450409710 58
698040021 194
727279224 180
14949364 250
361833074 551
17434201 277
120151306 168
438167464 38
858926757 216
355507708 259
664077420 317
131630096 185
185358107 307
845287855 162
760840198 327
222755934 58
84529261 90
80179784 40
506913025 658
821332330 113
249303991 182
736744191 2
933241804 298
483389230 651
520999961 588
253574899 205
367746969 346
943875148 419
425637433 327
19758244 212
58260447 429
433082245 121
519697341 465
221959545 420
600591320 311
131435329 455
15472340 308
357567802 49
881907202 134
34753292 372
117997996 224
200291732 291
410652064 303
337383700 438
946519035 264
24093594 630
644518968 63
876359086 259
298285177 274
210736960 72
233568020 218
647864529 677
577683042 454
140742368 473
18692292 890
927422360 654
182929142 515
677782200 364
417138840 160
581702082 158
676412154 762
18304615 178
203234856 59
909407539 447
453563959 201
504705653 716
235985102 234
679977330 475
377875192 647
7961035 63
766264617 282
900396843 277
764095374 229
51851573 537
342505114 522
913626029 181
540940750 51
87936229 252
256602312 457
82223211 33
362203791 462
265090033 772
828289310 290
471517820 232
593843503 41
73419729 544
602603081 606
277275165 396
771355405 80
55223780 230
508838333 198
715564589 335
574954766 217
99295979 588
910520112 289
944514990 26
472081178 120
734755978 456
522898971 275
292839752 197
6909342 105
406402252 244
388085054 802
202710215 304
54597386 126
848651678 237
28589082 102
588384409 100
387833171 188
690723408 539
97901687 373
260858707 122
770714992 102
621329178 25
25248222 115
148324652 223
762841822 650
412274323 740
664352541 148
529727359 66
855838494 17
96191801 798
944605129 318
329278539 237
515124532 494
152247534 347
504822197 231
324786100 364
145580328 409
731318391 329
425544318 276
772663682 493
142282631 185
520968958 201
417601281 198
7822495 370
274944737 724
885937551 742
604526305 279
792952474 492
155999050 460
349669020 67
101793795 127
729690408 15
93061083 495
963965819 63
280210452 237
97997728 352
46677040 103
398364644 540
354494464 364
978822781 439
283440618 180
541668214 176
945065850 35
195048670 577
654826540 208
947095858 541
48466553 414
875297288 302
754952992 744
300299004 109
213350583 261
164183264 580
841396594 55
732389663 507
659956018 183
879996275 92
545224657 556
793956808 497
312264109 269
592968304 21
782262899 313
359973512 32
535463470 224
156629674 234
268960400 21
644553684 210
413305984 533
541205657 125
260549604 465
681837190 27
264575920 100
347427799 553
551897648 412
216726876 467
961432466 65
392221862 133
945737911 333
240045686 36
308784187 581
355842919 27
266874307 197
378149594 134
499490694 566
353499170 327
710272543 172
386793457 681
314609810 714
802437635 851
535757980 379
446271242 616
30692160 102
473381081 232
544745871 406
112038100 305
568521656 763
809057431 51
671062096 328
209860326 530
283431394 498
125825749 531
460752570 273
454819641 336
263057135 591
510230606 334
476251312 100
531039658 415
781744336 676
767294561 278
568580500 243
986983290 215
649563579 292
409678995 342
214129103 666
253155536 68
195940780 344
133769737 316
648921678 783
54998580 317
531222496 328
988414224 458
588232706 144
902713876 474
639328345 78
660899991 45
62600029 56
751848000 263
774727007 158
317426609 432
31214553 401
756462960 325
603976443 97
838507286 352
739615603 191
932001979 436
582247548 369
183601825 225
270953002 184
796500768 596
836561396 116
667799249 341
793522051 46
65484031 208
267177914 69
299258954 105
736225286 179
624930206 15
276620264 517
190448980 173
96890560 480
968657574 746
256602076 231
676423001 329
112222913 243
437937062 105
499228089 37
492870249 550
29126813 369
