1000 700
58548626 18
17527266 139
654590932 400
673012948 43
352638717 66
695969089 763
436608835 330
449153926 381
865442045 310
514081068 27
97947211 337
826011444 96
597277954 550
353359012 493
950764763 213
441672530 649
214160348 289
490526961 134
529430790 31
276250201 202
972762432 227
104609563 29
536076931 40
344090950 114
170135880 342
907001203 200
432671279 699
384238359 802
222918641 598
173726474 1
505347464 797
955925075 252
24050333 94
462502711 277
733213746 315
496124033 676
987205521 213
169724691 1
210308980 144
445141934 530
205971318 539
693582590 178
992495034 650
768113129 74
718975194 512
866335770 250
829251091 489
648483017 142
535204782 227
613733324 242
621856178 163
156177635 801
708319432 496
810795840 229
699792238 235
450380630 414
421110624 205
340764388 276
974688580 56
75378498 604
946893973 673
474595307 551
745968082 161
201419082 522
978972392 120
561984970 11
317992924 207
389164824 146
711930813 41
932950459 96
668424649 654
312292056 428
204344543 208
467362366 14
705099045 463
549030073 138
917748218 98
155273365 394
492963871 658
502108273 274
436315681 231
200546886 321
588681482 133
118871224 320
516627784 306
324822172 715
803947998 14
437207241 5
796350409 620
838758436 9
80452533 456
793641959 351
750602722 160
508773937 614
638368849 171
33241812 130
766251827 206
645914203 551
999166355 412
120770394 260
24419906 130
647053818 857
693688067 137
366684612 337
361711096 201
909478829 12
139366733 124
921227875 98
116866851 608
351375063 452
372393407 101
122333452 662
901417972 527
112060702 763
706073550 13
456925846 145
259985793 360
51401709 62
89812625 42
787813983 497
732950850 464
496332274 560
955850819 339
453412806 358
101345942 379
212965535 180
601338819 154
640652720 416
728019518 290
205451690 7
619168789 679
965183493 466
212069854 790
595515534 781
53387744 739
381305650 188
860696449 165
696937994 58
903762672 2
414349735 875
375437076 221
488245663 33
944507316 61
956033881 548
968026600 309
573281557 45
31714495 386
6892863 700
24681010 242
834839541 411
30572105 381
510996182 449
546878092 158
150934286 186
125642669 57
509559199 273
644811635 689
809351154 143
533708010 254
727101598 0
137159369 312
205041272 318
513330212 281
417774555 305
146722643 166
928510521 199
649447714 30
742101475 786
116645435 432
521857045 319
764494544 209
798631750 126
648476301 711
437436334 40
627677373 426
204163096 131
195710139 84
953249514 8
578469532 199
55966578 435
81202715 561
841923955 255
931356613 593
193354992 278
106088550 430
420227640 306
435475123 570
616534067 683
241288504 539
39867627 186
971856005 321
666484318 365
169981333 730
177831299 596
549616767 681
715010459 491
855147361 91
52133818 268
18284937 30
644084374 121
231843045 20
623244943 759
638625708 121
953245694 130
218882638 337
92880323 440
122823066 121
322549769 190
465673007 193
144748893 218
823692325 699
257708527 289
862530044 60
224897319 83
246969285 125
125359980 526
786565519 466
275294257 740
488333845 461
639682624 860
277265062 303
498126923 513
706994004 270
792304049 496
942778209 362
13191565 813
72855527 460
850967046 533
687607494 712
996538322 42
651684819 486
916268555 125
167437375 568
730354742 484
411837509 846
405029521 430
151998744 447
565253789 215
284237580 488
924341229 86
267843587 306
975032622 92
557180443 277
510114167 310
682716822 931
570181074 114
162330890 387
954081546 67
824245450 834
824453047 24
511879316 277
43476616 368
408182396 143
544625873 65
676325912 354
402677590 23
545369837 260
216941398 418
976107802 284
210889690 89
321003076 697
622278975 415
477076674 304
347937026 192
576980745 18
862318028 97
566665562 117
852154814 43
747163050 2
633646335 47
920504785 513
459163267 475
695388663 566
860918557 956
545361725 101
899956936 32
375910568 199
915059762 117
695075410 789
699293323 316
781155028 671
730695564 222
309517038 604
751572427 621
965549434 39
820041022 139
761705872 495
401703437 759
162012922 20
449088412 33
929317082 318
73086425 291
405287066 123
627205827 606
552323348 137
293925436 141
843672579 439
337774608 337
780609962 500
936953414 222
412883140 457
78233510 215
60327595 679
211967115 308
553438668 234
628072939 44
44499531 490
112043684 181
140579570 143
227151113 133
825259104 685
661388974 320
732531311 256
305534576 32
378399206 12
766747847 95
477031008 611
283067984 225
20068476 628
772392086 33
174854214 279
324283169 225
34591718 267
448583874 727
221932168 422
302959901 507
66022284 32
455256184 897
944645614 643
110214595 11
824350712 396
980199143 250
402810150 195
331398484 730
584119898 75
401911494 295
61647425 247
492706391 731
330199045 54
568490954 174
578053172 498
646148375 208
714560497 619
247071283 75
393689690 36
17436961 69
609829433 622
666083902 589
911769582 561
24708809 385
377532316 947
148125106 59
445127571 583
528948388 318
841844991 361
641766229 123
921788111 83
167064846 213
973549287 225
585344630 150
282113417 172
776101795 272
244210945 379
303198819 497
846680465 298
282228424 294
288258460 406
970595314 168
328680982 600
955285281 106
545362731 608
387244795 268
146265391 714
982872346 396
680221126 296
447621594 323
761511253 328
605254241 817
892645032 123
369138415 678
433682149 398
602584936 368
798959025 742
697157151 483
936632737 46
311703270 662
652758243 303
74968147 94
631271469 297
444037460 248
436044775 354
969640694 514
297878421 222
480568434 892
886458247 241
883127162 356
180778691 796
707096770 372
607672115 150
981932241 405
354882571 43
562575626 480
309530750 140
91709686 561
703876770 231
321371092 643
767958688 419
679651939 99
475406880 539
765018351 86
243269108 131
420119962 771
26102276 56
97471213 666
568091514 54
533787808 250
266911534 390
556190885 617
106773588 280
825012859 49
516378980 244
63242929 563
26810187 204
342449337 884
634710736 750
901437679 367
183878217 412
100246250 276
53237119 589
718321154 273
100703198 96
519456290 158
582076641 472
945072336 399
406549181 168
699429499 323
43852109 224
272712708 460
243539774 156
517671567 218
20119420 480
106097547 762
949319388 700
139900672 223
728064011 182
624465433 707
502302135 178
195810802 442
440686844 160
986192035 65
704709137 74
617130125 266
745159476 386
154181092 119
321543635 764
476532350 369
535723004 33
384495579 589
759909895 196
656575349 271
311294594 220
294780745 216
195797597 373
836418214 356
475624279 407
815264565 332
109487272 285
156331082 79
537617392 60
856989290 96
173224544 550
874995485 339
716405288 44
656616694 127
304657953 20
837393888 433
745830843 652
819169707 461
150771496 72
232542422 841
830686154 770
138417567 114
585165019 66
372038473 28
474286683 342
705072558 279
967043647 9
614548229 91
456484824 170
681367028 142
806216577 317
854299098 551
614641293 356
996921686 77
366335856 273
53639964 83
59164205 184
20127993 190
558275328 360
581173539 318
978667852 274
2368967 39
361556167 281
262980813 44
768955620 418
988938223 124
588193921 845
513843962 412
554499538 742
38829667 342
91196046 140
717534733 458
681503320 119
827325530 11
768234352 649
334543216 862
162850715 373
637535437 138
233787216 235
594361614 168
628316452 5
851578876 207
736529272 86
999817945 923
903539297 606
291279081 173
37610456 214
654286404 527
62501923 187
678589146 883
129811076 178
544023495 598
621727264 483
352671961 763
912223538 571
829723744 172
151636592 228
26074934 438
668772030 710
573141262 615
911619346 423
898223873 72
668193448 158
780251734 369
490830695 339
92925330 53
771622034 584
135238081 530
719218099 257
684823555 233
724276165 522
69868890 80
665265313 382
284859058 145
263225003 335
971098418 90
218262717 134
895199939 263
926463060 284
846082270 310
565423610 65
124944794 43
334735860 62
590608629 120
156517164 213
174981730 687
19120225 58
779583125 387
969959821 732
301851019 665
118655383 496
784927965 4
782826554 191
390968902 143
238176822 85
714742386 384
852590005 303
211227657 134
989035776 192
24544508 468
838924131 165
383037455 557
4562014 49
445894312 68
508845326 507
11758807 594
996943322 760
772972966 24
89777762 427
992292258 130
744291748 852
387202474 187
366124657 351
74946040 318
347828240 296
672042349 148
540820785 491
848152866 339
144255252 71
998799404 425
972408570 129
452765614 174
239023564 228
851195173 372
909246987 58
645948144 300
558565880 587
995810079 375
2970628 691
447116414 160
52007803 183
559611873 369
977688940 755
173533618 201
613584859 147
545232312 32
144086315 292
193256746 476
183895494 387
713119476 575
621011470 524
741954120 556
864794249 15
232912233 130
874801736 755
740668084 60
530866072 12
262124528 562
56211693 521
370900951 55
187245068 70
857970149 210
97915255 24
797221984 994
197556254 455
759872169 55
123614020 254
12465601 111
38686383 226
693197087 478
148941076 535
58773425 95
748512449 367
708195633 75
457607309 83
897591722 70
304214781 23
943064906 518
828696504 122
660071018 228
93979437 18
387895772 406
977566851 171
159185268 718
618416066 195
581109466 199
22307903 588
901078158 181
866616653 45
574058301 280
259228450 467
549317955 467
784347655 128
583371904 195
76059589 376
978640480 193
470021964 245
969977894 15
179499685 90
382508409 714
302825242 42
131915569 461
79677347 497
390706787 93
383281556 327
175200171 592
376899974 33
151614649 154
707915395 132
833455135 440
734684022 739
191649114 503
649016017 174
509124894 30
412639360 552
964272615 219
470194191 391
299312829 578
882878231 120
391706695 419
967079406 223
206814227 435
253123727 550
374800933 289
297466311 656
784050366 102
95669410 348
628153454 631
817574422 498
775754333 177
720632046 176
141220566 13
246197753 330
952718869 230
655361651 728
934527827 23
172764851 168
721690127 51
150269719 458
750163358 176
65684781 55
459280630 590
708708131 510
957570231 508
90768241 322
383460731 476
24079557 369
258631775 212
522694192 979
245589458 69
494800271 65
210479262 58
138080827 494
991564597 62
324489717 163
477914941 14
422326796 152
649298270 794
924157136 146
78514507 478
902185276 658
997399567 176
244806367 480
658490522 776
933640204 698
796533388 468
302006339 299
220403009 82
447711 264
796944669 51
758809088 271
985640730 133
231988155 227
408374415 49
441876865 200
710056771 315
4179918 388
895828914 286
268321811 561
23173022 247
340140773 666
535255770 653
276157031 75
586778195 220
516791029 263
528974688 534
298472978 27
410805580 348
829174164 336
465201440 451
61501198 458
412757942 322
265446783 709
984843771 613
509494073 11
903787396 132
499808788 258
944320341 581
801245139 291
558762733 397
886239446 141
996667798 236
835101954 112
763220459 713
946812654 136
789161386 128
604899664 157
579089853 109
774780583 204
597421699 108
898822441 389
744434788 636
86478575 92
731644052 547
125401695 16
188196903 520
241759963 48
619546454 261
831611816 176
774462224 302
615181601 833
20605637 373
429935133 184
476087919 788
308880797 201
853227745 386
115195579 13
229703253 231
23771343 715
762892592 127
145514468 646
211657496 568
446204762 267
850810937 437
603100892 526
923795667 104
939635077 275
486128904 444
800358222 316
863005925 573
407954108 618
409234606 190
868346567 788
739105647 68
189215501 16
687674816 736
44083256 157
169132248 637
640141997 265
481841622 522
311796598 226
613216075 514
724607858 376
231229196 426
72674492 61
806427190 20
216389209 316
621358978 17
801089061 279
225404363 165
453307135 724
669250781 342
527295796 686
833474177 172
33846058 744
711430598 168
118997070 603
739265169 591
840232000 73
90204008 243
850614845 403
266816379 97
240640717 95
336147188 163
268025261 923
988646785 164
291589119 197
426593055 627
470630065 399
227176744 463
138028843 107
647117728 357
845595709 243
326870205 54
801614663 643
483871413 239
713444778 407
430285772 464
610975856 754
303472285 834
573128760 680
774671528 720
644304740 373
876505373 149
469682309 157
673924584 261
513496839 235
790289149 160
350296601 174
536474598 189
528794080 759
155730314 663
650048220 290
187222592 215
165533082 97
364504596 119
300438684 174
4040537 80
127911558 171
284533103 127
618652298 134
952703447 477
347639061 543
448417653 654
309465275 151
443630628 153
855683425 307
370485376 689
589888426 448
727919599 612
436526755 175
926562546 608
135261106 92
5754795 758
922310844 82
352187567 504
510109847 42
602671117 20
695952303 205
827060383 0
576977660 469
956281232 140
711098659 156
218829870 377
864533483 616
507731443 17
253906404 11
576606926 305
217166931 18
551339959 829
264234336 664
80196978 560
706171523 392
869307811 455
736910636 660
174021651 378
185825714 192
158322242 644
329565823 26
823897389 327
288478073 171
55355233 70
989333427 807
602563393 433
407119189 442
488612756 101
608815049 408
485224531 67
636434984 99
822415793 7
779237860 461
491806571 764
220788663 15
642885201 178
873621707 149
500596757 551
597783595 488
531463508 533
952701034 146
972975587 354
668799890 73
910683 377
300292943 542
977514984 777
962804573 607
773735758 367
803168815 369
742431292 84
958946785 315
55611862 257
438988129 23
555406205 338
353752537 192
483906274 396
151192671 462
710486091 353
104362976 186
605376804 462
24496458 265
579957961 883
545537530 176
643747731 613
176229477 242
363214369 156
845996810 305
988274920 241
949707671 425
560582654 235
580728923 547
568666915 514
914335212 383
567260689 656
445430553 65
132814598 792
489048339 771
520643983 359
305209815 546
466295191 166
771338462 227
131206832 171
2857481 102
347231648 105
490379975 355
526139951 252
87078793 208
667457328 861
304325480 743
803792078 47
73491988 460
301373722 243
145669632 532
411033810 82
628662988 397
803229811 826
127759859 151
55686529 383
363487670 73
986364438 217
888716872 574
78937257 166
