1000 700
941664754 158
43156744 310
89395619 451
660349835 483
290438807 308
773417006 26
455263749 110
69301704 88
592788606 235
389473225 44
570499141 608
487954876 397
868145388 83
36083715 607
757930544 371
238266318 147
632850966 459
842778716 38
612390982 265
617329526 253
650516135 657
248629545 148
495407420 217
23726788 566
505688895 342
920472337 59
591712636 183
891193816 344
197128176 479
996159121 89
10634402 402
53117032 162
616789441 242
464382327 164
966677247 430
789614399 855
62357037 301
947236456 373
599809304 61
827053498 835
503528611 62
127920220 572
944205094 273
305515852 553
508752902 359
610023966 437
660334742 258
667299065 549
4676141 705
230104015 444
464981896 180
397726429 97
345360226 180
226539107 205
417254482 575
468354468 129
87372772 658
313806624 694
626344188 106
724476945 655
770211687 9
307492 395
29149379 616
924984953 166
821080721 809
937237213 409
275074456 154
54140999 233
855487101 438
694261137 632
602977696 279
209333112 22
389303866 139
850117334 343
949643444 322
393898014 2
325527626 251
490774553 219
536146401 176
844972512 477
62744613 953
638230041 686
793134823 177
374431606 184
772396470 268
29564011 778
685791164 334
607216175 19
956910299 129
372881142 8
915256840 592
711073645 570
393074408 214
261932918 865
835385001 174
744173605 399
385750562 51
675550459 624
499582766 30
724216930 695
682459974 77
525213545 12
210825054 153
48115905 512
611744001 332
756247800 464
147981488 656
819591668 244
263635831 467
380371891 370
428132818 238
716691521 270
560262591 386
104324347 571
912642084 89
521900803 9
868342628 905
464757507 422
79284540 548
194283046 301
759911907 365
627981907 476
141890146 432
46494124 279
255625777 342
370889032 32
357889044 494
406728492 487
770276917 178
540672400 321
798688642 36
751023440 124
382589000 5
806269872 427
843245072 733
311492949 658
686258362 64
248009856 203
845326040 144
337816205 8
193104206 639
540162220 260
425392168 33
885797342 244
481492154 260
352011827 787
35622654 434
581301570 221
49201194 492
783065578 690
48608401 616
556130631 659
766480061 82
71481591 663
540958154 118
628082831 136
253482756 810
675391064 236
905536708 159
430267215 286
550080136 361
553580124 575
403412562 523
996197074 309
670451011 194
323476007 713
296607096 142
91194613 897
227159332 848
849348400 90
299913966 240
482062250 188
454011789 401
866891460 585
434461347 34
928376951 11
849867991 782
565442947 583
665799477 682
861799414 29
93281226 339
592184032 659
577909116 62
606710100 166
178949415 931
844609187 441
12383230 53
470407125 599
513713953 89
243760744 555
299129978 111
25789005 443
92219101 173
657648416 192
697283936 318
220382374 3
468890616 169
231002765 255
118288213 200
886587743 324
491758079 210
561352904 198
951009970 181
799477001 336
53374966 149
290875836 415
606635779 276
12077514 270
870245332 259
806636202 143
709353610 10
55400668 749
897071620 256
478967205 325
364339643 500
861851149 201
275708131 123
143871766 193
286175936 334
377068350 317
234864710 612
874372920 213
421212917 375
21247462 489
28004595 158
135239066 170
741026411 109
523407502 144
485777446 284
784886946 912
80621415 264
841977429 84
505976076 334
832697094 24
64782306 496
634894956 370
685794889 575
500772179 110
549887753 568
880684441 181
727359859 180
9198440 616
931072700 688
318142902 92
608041110 170
52446202 44
838125328 376
737569072 228
844580272 334
162121232 18
505180111 635
545616523 388
877063733 193
901632134 354
772799477 76
187657178 69
482478731 414
34834316 235
187726644 132
11643466 89
569605005 76
677251110 363
963986799 638
780826006 49
782284809 713
599987628 224
580248640 567
26954130 356
700765252 48
577969993 63
595898995 373
411177379 89
737732467 116
717748094 763
515940747 110
434132035 975
725186882 266
859698590 488
237743931 1
451863167 714
401075023 223
56734545 74
276360940 162
635251066 86
206018221 170
895888916 854
862901563 768
58112490 321
848020836 265
803646645 198
976844665 337
285494168 505
994293229 763
229818074 70
301626156 659
308374755 12
71403192 302
97916537 35
723519371 594
801269819 541
841290153 302
736424799 703
11360004 531
9879976 630
163192212 347
524839595 118
289065143 296
102828099 520
951930311 239
245984849 5
974666746 200
76877241 23
586505086 353
98282138 281
772688341 408
480808397 214
168571246 134
475441569 263
510959750 283
195148245 15
994244926 172
784661206 551
854380284 577
439380538 179
675588359 425
691979389 178
447157342 252
390608378 804
445113561 717
120149293 312
979385731 413
836833320 30
143408182 264
545478483 388
141485689 22
368967017 11
763189655 298
55645871 102
223039489 608
677953910 80
921864165 176
589686228 131
324699407 250
870345374 283
921943551 272
700466602 416
693427788 856
221333827 930
972848185 831
560235757 612
939897750 433
778056027 30
505897945 544
433154990 308
272978812 352
555255791 497
731250841 582
910652623 129
445031109 765
476458653 30
781611562 230
878297993 130
570883048 285
729538328 588
484396974 663
606427879 288
504710292 310
663163044 433
327528251 399
740520266 405
122162983 124
919073181 131
597281116 159
716224486 169
710763577 113
283450607 231
170190993 53
438629953 31
708305424 210
243646365 117
747793613 511
814471097 609
199676459 692
740083772 336
997311221 340
730273533 795
821100218 46
683007607 352
990916198 636
318319504 82
442720801 62
352154252 185
995052653 533
973867339 229
194657403 263
308357835 443
161103822 869
859698138 185
211588371 572
360476443 237
568834112 144
613784637 103
815253995 70
300851831 283
488452077 136
719921734 269
370136888 422
447151723 466
676654325 37
123994144 228
836283105 20
475716762 126
267479274 453
295303108 367
155794437 379
997519929 184
946258515 90
773464195 47
962837620 200
477691283 389
848237611 63
156666497 826
255667763 241
128744325 123
360614753 208
662155317 145
172422907 656
23485185 478
349278296 224
66479085 509
125767097 266
954605710 18
516088422 213
96835399 108
25763853 265
805306308 449
62698839 340
547245239 168
558287820 285
639815378 925
319742185 173
927609605 284
484796032 8
540846586 708
427759184 104
555293390 471
141531877 736
85830417 349
728503218 88
20727808 28
503237740 322
331181314 27
474273194 188
940965729 110
130790586 509
790936906 71
67631814 362
868500999 134
599406376 488
178087803 158
141676299 590
985737438 43
661320259 780
765129403 100
431198062 772
97924136 261
357607755 475
805049156 609
999823706 3
303160566 356
414679478 58
562928612 302
311517231 214
854117042 361
839071916 626
75147133 161
554486976 386
656875159 283
166990474 681
753619076 814
970794706 390
815661877 298
997000801 639
144084612 120
940495009 261
348078064 510
994755959 306
934844314 185
366293597 804
13500031 92
356605635 581
476735480 163
762133415 184
140276335 424
43755634 44
279428964 273
298044183 744
618407072 405
906462567 692
106202808 197
864517047 297
54915781 432
591732917 216
775592290 174
499411078 296
691852006 406
161071909 560
477678307 218
318856184 705
538138335 442
371886260 294
528855634 140
515506547 613
445817825 306
70083092 340
887039449 116
486403282 618
810995182 679
303966248 593
152015413 143
700169700 216
502582623 69
590352778 44
635587128 614
348484588 37
290221151 225
348976647 784
919739976 744
903858977 19
927840880 367
431492128 436
885872095 650
927620652 108
8233443 365
811487881 66
463764747 703
190977455 108
220259170 574
333690795 668
72159213 499
7959994 804
593128807 253
74302244 128
412871228 4
454564694 637
74796996 63
596694339 266
272593601 687
733532669 144
926868252 200
991837839 81
466188507 117
722748189 166
561773158 254
252748607 204
877479419 401
2718619 846
898086511 534
257820865 74
708662055 161
608178508 292
931617110 617
59148598 507
175868537 557
83794555 585
231260688 32
504222962 821
959108255 210
791244648 245
576087524 220
474247167 205
687781978 511
54166982 434
154237934 81
17385880 206
277261313 263
793093178 40
4577950 23
521962928 273
377374461 93
382713824 125
570688312 61
804169323 258
163540301 125
974705096 352
963489620 636
331447714 694
26606850 554
832713843 31
437455966 93
259827809 674
995539906 33
584506712 386
519901972 566
182525034 90
430787654 446
642035300 693
86285 107
974632881 623
685089246 555
411448179 24
519550510 123
245474784 335
139990506 325
299655642 334
114678325 31
205093842 300
356304737 213
53694943 89
682040368 369
374570778 529
782778444 352
751666749 648
240050181 297
46968700 68
654567242 214
526528931 420
185890282 636
916762737 745
318159627 45
477848116 56
792658923 16
999218341 222
123479511 549
283756806 434
160329066 342
163650426 677
724297479 115
158989733 713
443743896 64
115763845 584
100065928 178
431955343 812
741775359 432
441899278 427
112286814 362
642394552 504
117412346 169
887060882 467
400732700 824
425478150 46
301448761 141
352753474 108
502652526 460
584347859 99
667770176 232
505730947 743
332954258 58
174928496 74
119091174 297
284718958 901
533673945 236
850629278 866
333354201 342
857095503 423
55694120 262
386973205 53
542525462 351
397648424 180
194586235 559
774218752 172
408867443 565
614973742 773
377928286 807
381864317 768
936031000 301
391826761 704
32012148 100
175034655 376
418368255 606
250626710 140
933926387 744
297540717 108
932099705 379
988184550 439
544593188 604
428256099 163
190750891 91
498776639 189
678196453 757
74913262 832
649641226 601
774632536 153
705228585 270
27181426 287
368433893 121
953635870 173
715920756 181
442616902 851
955671258 323
96991796 393
379849826 163
273088308 280
525303902 453
409051500 768
96001311 635
730618619 373
558306615 829
324068434 454
770777838 123
115312591 317
583343875 571
690128032 553
455393957 406
713508054 353
524845745 114
106333384 95
391411245 304
92460459 159
884749828 526
221657968 970
975268868 242
557768157 555
416447766 151
462718703 75
536105660 211
994900591 862
235669969 835
949942483 212
616272508 484
659000151 133
401836917 285
167641436 300
878872700 139
218063105 833
355191831 189
218283264 161
951836300 710
107762635 519
740377630 688
499062759 349
291556492 109
540902793 503
847766470 3
783348591 460
599058418 344
245174016 295
939707551 471
731089831 154
273488713 440
650104685 535
46835981 841
785434326 105
740835246 958
902332926 481
165674440 560
944153843 377
4064851 690
96724309 124
556167004 4
868860716 36
102138879 469
653657354 850
29895079 411
335582562 254
211059850 464
330665768 344
943954784 599
972951977 173
650565219 963
775487916 457
65447308 466
786214346 366
984236556 17
979664396 202
128145673 31
262831299 68
378911130 223
662171820 205
82558981 274
624512580 192
255241272 192
637618792 292
850184070 754
281174065 93
418816931 102
522372111 914
146309346 4
351359013 51
48351661 433
973719524 229
53142342 275
309290219 10
340395453 193
248792350 387
849336625 553
593316357 374
987118155 353
312740199 723
744321528 429
72018215 282
781091942 347
202101855 603
44921154 552
964341179 40
767080752 376
583178520 75
97410187 255
919406685 122
263833950 31
804108697 55
472965795 240
536129117 24
885908155 767
692347485 102
896440109 229
692587842 12
646314404 110
488076242 678
475607075 293
606998596 293
727642251 302
104868317 445
697305935 25
610788815 134
878853494 325
770800979 509
902353874 568
18759429 618
694660479 810
84692864 211
507475871 426
63916859 495
954112084 688
885893538 281
480083198 96
369809784 579
561479607 853
218945133 6
224980492 658
885660667 321
13806333 102
311995270 156
870770231 83
423615924 175
198029968 153
924718346 237
466475460 680
786686408 399
849141103 144
189774599 62
873925963 289
496490768 306
656386219 503
760199935 315
220129080 502
27214233 131
248505066 43
397108074 413
423873354 593
768606243 88
908669926 68
344927538 418
636724245 35
377061795 176
253175789 507
802960183 319
928326274 49
82503363 47
335551329 329
837965259 2
977747788 226
29362527 169
698375223 520
40606774 393
503773315 727
511685128 468
317568377 299
502530609 531
801885962 790
315356036 134
453518022 608
88126316 867
259747355 111
231036490 462
587879887 459
560158474 395
124544192 507
257091591 542
860735450 444
779277090 133
383034201 186
408216350 451
981587777 529
74434110 173
183199515 142
823786017 121
143130354 284
990332637 391
994919309 59
641740635 437
282421742 312
351804659 105
621531659 209
881094217 302
868499660 340
912542054 543
264672070 32
122281242 136
341260598 470
153284497 371
160813760 479
536621108 109
104680808 729
627611331 198
771948626 21
730744240 356
335989686 932
97616319 355
747477927 442
341869787 44
857221125 352
465162299 133
239180736 110
87858614 704
769284431 369
525870691 117
966319728 362
311264372 651
244770082 319
785312853 394
369590240 408
819165953 346
933733151 382
219828132 547
845062154 485
152433271 468
840480893 518
207955160 350
142711872 79
479170729 389
648759173 2
242001130 196
730051236 651
900712858 419
845435670 310
382611147 199
546816944 241
562460420 138
633610785 410
563519196 263
430838189 349
252641236 323
632340779 210
762758773 130
212474430 323
378180011 40
150934992 659
162318689 504
802700756 323
301151837 563
869364797 9
172377949 26
73104185 66
434703219 99
113753267 410
802605982 170
571981576 503
644887467 72
721963785 306
848261707 256
917167409 106
933141108 339
73447464 330
955371005 183
89421944 83
466777973 640
84988302 454
160425796 244
866851829 513
152097797 446
723271886 99
614158883 185
137875 265
706438835 860
274514189 510
271427473 825
24823443 73
456993981 446
749852293 218
498128120 70
786902280 12
445191067 324
734563843 425
143641015 260
918974810 623
427425907 889
487050346 153
648155810 327
555319494 424
762052516 605
385836592 45
244172671 164
57806298 51
905789502 123
199516382 508
198198409 227
676161531 22
604010373 5
310194834 100
