1000 700
414715474 2
773818925 563
964391795 415
237621313 571
933271601 37
555897627 302
623661767 515
544225290 208
615102463 49
674930790 16
338018367 762
149898309 210
433980117 5
983649634 18
419872133 18
329827402 272
201284688 406
489997768 512
400383878 204
253376147 4
183045646 653
982584119 883
749705205 341
998329922 352
841241910 169
228910768 3
45721289 104
398149272 642
321080815 343
523624471 396
105855932 518
5084797 300
209528549 389
321037751 142
905173452 544
83104765 242
992284362 94
724748221 745
549118140 826
649156551 303
360894417 351
267290554 209
190882450 681
842918574 582
443754803 102
58744867 820
51226905 311
686115114 197
474147500 184
846474706 495
603074910 116
639275222 33
132144124 568
347315077 823
989492533 76
191361009 615
48602216 7
141624668 557
837808307 52
78608095 30
743272505 290
936085085 263
17363379 32
498807720 317
103380538 927
17522161 12
232155988 69
14084469 504
294010685 131
895763302 184
537530743 719
251598360 423
429038997 807
83129198 167
489155139 948
678957443 195
468465818 251
236341149 656
579328931 179
38093646 465
838916650 76
370880492 215
147331269 632
629991988 47
733197860 697
439338554 334
862601627 203
217416597 32
557661677 393
52228040 482
455093851 651
218439923 499
330513390 81
160316090 154
327368449 665
455105398 102
855506194 191
559962523 103
999999178 668
592504682 572
490243146 134
698340568 358
22929336 556
434579902 288
566809611 187
752759874 76
156596243 188
422988165 184
339404 326
409368718 287
483872228 369
456273783 363
954265994 142
951363799 579
973986426 269
586875759 294
31989062 154
318304792 44
218499559 43
865593324 221
932097156 22
759631540 288
737994882 528
789318547 712
114938317 284
118747121 556
964696165 345
467771561 718
962277419 843
25636214 549
683241198 99
536863387 270
553108145 412
17024210 168
928069696 553
386904440 273
216852979 262
94049015 286
932113601 182
261282675 565
715804040 161
297111481 751
611309723 440
965303908 75
994957709 210
275966289 348
184755005 344
450677574 68
923978275 317
731291614 258
476710106 43
41456569 642
836338926 366
137253089 140
691432423 255
41573759 465
306864278 377
396206783 270
572332703 373
133432832 318
963000903 474
461927489 424
853303424 427
424876488 263
489146675 327
573217301 149
503574989 569
735255046 322
337673229 368
31615564 243
685590285 371
870525453 664
114323086 131
146603483 433
831179912 523
917432021 569
914091250 364
177636380 321
343064015 124
667632249 95
955616634 525
342444109 10
224461619 234
755223993 233
841744873 244
418733838 628
294324042 535
619247479 27
226330889 151
447653861 115
626403951 384
120252476 744
159681062 73
282689724 280
844951105 167
870978482 254
377601167 398
559614815 19
923324193 882
424058409 268
751673114 233
354236673 532
413137335 58
350741012 400
742643103 459
783838646 219
90448492 157
141796747 20
569784953 18
323299319 618
595014895 320
703349705 326
781870091 44
438069796 55
481710002 276
303375022 149
59818039 676
457159675 26
84018027 671
819486780 545
337688551 687
250618916 514
430399126 184
545158171 575
113230982 27
962319271 27
409197296 195
345591063 650
578914693 107
428011378 372
69366524 96
917429407 493
549547481 334
789815254 262
157918591 358
599919175 83
774880633 895
141323273 222
225603334 671
982251845 1
596941539 44
898140067 147
745156445 580
566363125 41
678589590 602
389487139 296
663662871 69
961248086 34
864915095 51
89724009 433
348737803 696
192980621 25
345945071 243
258638395 624
279338451 60
122379871 307
419587625 93
292918723 294
104378189 87
662654137 94
672982742 160
172414733 15
891088412 267
213714986 261
542878474 135
337657228 731
743574822 518
906786150 373
804110558 185
522293652 232
271293206 267
68224195 82
634852079 18
574577631 852
336776665 265
703465917 126
664397788 333
949561610 309
75379747 637
909465715 16
166219209 474
237549335 347
388429033 61
108864298 227
151519713 215
821993706 147
109321446 234
124586951 209
239061453 318
158204879 437
319339544 524
352677720 527
878266688 236
392238832 172
200672067 131
322824074 587
149390701 269
593217250 30
811652971 575
665586225 142
269697166 340
689583383 277
402583900 339
367601349 237
918169949 613
126638955 168
88920355 102
533804001 348
618056859 63
705010073 420
269298580 367
197398213 22
440478862 451
891029701 711
21753285 97
45125843 37
565144189 465
372847858 422
706883727 884
468161300 511
253827125 372
245039243 581
114360338 183
840242610 439
129244549 307
226223068 82
973516592 134
325960573 35
945581507 198
425051288 177
839453454 636
693467496 322
443814727 315
464591187 30
993818776 513
41055244 323
169764589 454
58776839 282
380721148 354
642192674 504
560642453 855
93032593 158
934838316 151
83554058 106
599940517 518
678463539 478
336834655 61
776583753 106
738959492 204
950538514 269
647487375 407
407986948 218
831509534 624
632328887 298
704112634 158
173778057 160
835680868 384
654240400 341
916512931 608
927381189 425
576077003 380
685526894 15
897555152 486
450845132 673
122113483 702
785403143 218
131227531 213
210506582 146
176632415 454
675498355 296
258771747 40
305677375 48
198039946 213
9385137 231
151371435 635
414246916 35
988936142 91
122262561 87
968676216 275
413121611 363
61905076 240
471067658 177
450650789 483
932753497 456
57989706 684
148843795 251
399507600 304
996079772 418
495785118 247
192601548 97
889588316 170
734667809 98
132418373 844
616909349 269
648080751 602
883331612 627
551494361 941
567589107 196
960728820 195
884244837 369
487818356 148
814736752 899
56136025 0
99928568 440
273027384 945
678280889 384
267282383 122
214651506 475
433191369 578
188002640 363
284072911 437
531313561 354
508856272 744
52943514 161
743497361 47
461252051 223
330638199 678
840994400 240
818901652 101
130369707 419
770030833 628
840024656 868
189558044 228
620072017 59
821677554 613
277648763 84
455934893 321
241691417 216
645319473 96
264893911 41
855863699 413
389755129 200
450100203 442
953631165 285
644978524 67
321248525 980
786578273 436
86618986 268
578068570 603
761959189 529
59556439 151
603897471 671
725305380 421
87016691 290
272678549 638
631345538 530
780761619 76
680882736 152
866576488 120
495455069 89
861574855 275
455297910 189
53643807 141
22717661 101
940037538 14
250565653 198
744764816 96
497730611 679
588645962 138
844824449 232
267025299 184
676694132 112
981618729 222
548616400 7
91804549 330
525807898 43
900695534 393
158799935 14
462030020 811
454364546 29
215942923 734
250861739 29
906629175 335
346584686 84
518710071 505
458124570 282
363143108 273
349356419 797
328433644 432
274695730 70
110903258 638
347681995 302
554060776 365
475939262 243
556446439 285
401148978 171
22468270 81
255140398 562
716293857 121
905441546 124
906994692 481
804204566 440
614658240 5
578598281 260
161366900 623
210250668 120
536924160 78
806620743 620
104906702 223
486007884 883
45333537 92
402429891 417
116876962 644
993236470 224
524833833 168
394765790 542
733949897 171
736479949 314
228437022 294
892222812 941
652576475 533
340176536 82
789701263 561
64310120 64
666899127 30
879727170 73
660212746 83
129679119 324
523888384 748
154379611 450
622279845 130
303329474 301
149208989 490
566323607 545
88397175 101
584130518 573
805567030 260
625385036 363
305024542 115
472059909 168
733173180 59
522687990 178
938546745 558
809019116 613
710752224 556
802838453 160
80575213 175
969733005 220
853385368 382
421434060 300
809333346 185
138290637 146
630154144 214
895747618 124
713265989 785
906925558 193
861958133 514
555173314 140
188038727 208
23688756 167
114175321 403
862508124 154
340039578 378
838687257 148
537239508 278
343668932 113
787174520 659
751229979 195
884145967 353
720984944 191
945900702 409
443322131 592
928785529 181
906352637 698
306039243 358
287539646 777
694358404 35
993409193 303
22594884 60
145291325 466
124806247 801
590635991 611
30540113 687
772282775 841
941819131 136
989523344 253
173787839 818
797928244 484
200114272 101
875428606 934
221470813 91
53306466 25
898743928 642
586218994 376
145597570 318
505155026 107
665952105 524
575208030 381
575649924 314
737395481 35
215555357 110
603877337 175
362697280 317
259825201 29
871997635 137
189532959 160
743249815 297
2276600 426
245201998 174
76411792 684
705263596 326
731559598 618
401669107 508
723753135 94
395097001 466
728632697 570
1364909 37
862023587 30
544610746 369
771740130 54
697133754 444
710977719 38
820611855 308
11599448 476
185385245 84
58869468 666
908971548 373
178523818 132
944597276 516
923199779 257
484427866 490
398653327 885
398483650 289
309014086 954
542968773 161
579990048 223
91402076 260
481437726 690
112024669 417
666329946 39
488993022 248
932096300 250
765995432 304
96394142 163
246050813 807
199860243 573
161175084 658
367583283 165
175626869 35
813301018 411
702015224 366
984315585 336
397185986 144
592076716 100
266378010 747
587691734 621
707247113 402
577619418 303
226193192 98
428368227 26
625201582 86
89517525 67
578467514 55
212555837 338
390742237 493
530278775 430
896862699 154
329196958 100
928680196 129
964857273 326
289209054 54
413641124 190
295856725 182
877517372 226
982636341 272
628580303 283
18664262 266
504111811 210
25345433 381
749195397 8
788362771 25
885680309 131
370179896 476
768459920 258
183022137 358
768762013 320
214771008 665
524854428 435
849446394 438
522937772 559
564885606 84
257376443 108
900249054 463
341523764 509
786947684 214
917819363 172
142110254 148
837561388 784
152098676 632
964346221 715
376647289 50
257918129 515
848342488 499
825549974 504
225669394 4
407952256 228
805759316 102
193492480 47
975786637 28
325609855 365
950184625 37
25467184 382
134058311 320
663101748 77
66621754 111
555355151 547
39901917 190
61132363 300
889427008 284
164560491 365
672598450 397
491257106 193
141986967 0
730101108 690
834669164 123
543526398 161
521011224 776
212708162 64
936999286 287
986955558 795
528232736 50
888161868 155
197202045 65
620956612 782
406603789 414
527436017 341
569529333 385
254374329 245
141625030 609
812306161 263
800972947 114
880680712 146
277190706 49
332009714 229
483313874 471
961391960 3
333565886 98
808755198 819
166764656 767
895256948 420
396176090 43
253255425 402
43913200 688
368263373 487
362788986 37
621292110 937
179095065 471
672109301 94
220094103 619
794193689 5
397580659 167
374054691 16
441223085 112
883077372 409
4630991 733
157986228 610
362858557 205
36912500 555
676538302 641
540961702 223
489474634 77
718136675 51
161757718 159
278596637 718
154867422 177
57536653 634
175596915 687
258212320 131
523098501 84
311387934 100
67818417 436
368590554 444
290392526 399
937147680 322
60245877 540
343439772 309
999653071 334
858753031 202
632970147 716
499281624 276
903392416 9
921658408 685
972293351 709
799403749 301
372183005 758
655700539 311
239840047 403
799400256 38
939092774 794
859405023 25
528854829 26
101386759 518
529558177 534
613754388 612
769544664 659
535709566 668
51161460 69
819892929 250
374850538 156
29616524 479
462702926 604
884017197 150
626053473 136
215972669 96
781594077 262
309276040 650
445540608 273
541658687 537
470761559 56
383175521 6
101010380 429
191274087 6
636357363 695
360538927 634
882619026 4
629840684 128
642742895 129
485832395 747
252152670 627
757736232 24
152556426 300
961544179 274
138384643 206
266929564 655
404145289 309
8515014 49
228263064 560
501600235 1
341833909 390
814491212 225
728079607 214
213137692 404
241918937 447
53290477 291
253577278 709
684629339 93
170631110 90
928844535 342
177851216 23
313110903 113
674158544 485
630778651 365
312149332 172
976625251 57
102631505 370
596835567 301
467872050 22
775449782 267
323586083 4
325602667 455
544407835 478
24997933 144
284450856 426
241545582 437
97733119 5
167704358 437
892475588 146
131399481 311
554030871 573
662597669 211
542993247 427
31080944 925
4354907 323
815212369 571
466307046 226
333622046 2
509873418 730
994590710 503
389923401 386
917554223 814
837076776 56
606081538 287
231237116 161
627239414 42
856348409 122
371063690 836
524910968 112
245047847 149
681238921 11
26872389 466
644934586 383
108332252 170
319050534 138
954949390 701
134370240 180
922768402 135
351697122 569
65518436 308
390776849 253
261919019 107
697211411 558
783505131 16
718091316 310
382532716 660
989620693 227
235068650 177
314974262 39
221640318 391
843577477 136
855460813 343
139656742 6
510570479 732
657110853 517
550340258 76
685656474 238
741198512 472
647773565 674
95372446 538
273033002 727
533550487 354
419505238 232
339277976 144
519120370 361
758796765 32
733773887 489
219323019 370
865915667 235
774317214 326
587930218 624
520418582 251
136923440 436
829049438 426
238933070 31
705094397 306
472728563 66
496478848 522
431210277 27
635928743 110
484508040 201
757975247 535
324327789 192
100679072 238
998372382 7
817217272 14
632836713 281
925433367 69
727247211 380
562170379 148
172219807 197
854054495 612
898429991 156
860765695 216
204989529 331
697231983 347
417488781 118
946180398 259
658223910 91
414214500 233
215947488 378
814630867 420
163315545 821
623514876 81
696036066 135
367334801 416
867956871 747
811987739 655
205881693 688
243619053 144
560245771 299
863969608 346
856018588 398
485554384 85
690052740 922
783680559 154
64745200 324
895601672 57
543656787 367
609393951 4
299931182 167
605228230 126
94893087 146
729539979 55
77854509 408
602619936 379
923829331 219
733417099 719
387388235 330
288384399 195
582840988 27
73530458 265
288366055 39
81348720 569
959810670 36
648020439 34
495170534 417
320235396 34
695750526 844
170308614 115
368043824 267
809265266 464
228692296 356
360639374 363
564715058 352
312382785 684
243627656 391
783537723 125
477619548 789
515701729 529
169560771 86
686676604 76
