1000 700
297831602 686
944672595 661
694163778 275
519925495 315
871071691 278
633345545 24
497092490 268
869405771 150
342449024 270
400579843 183
545729081 253
516874445 319
999814847 80
371407040 911
932070618 472
271645381 227
619975306 520
282441012 309
483344070 368
889422768 127
565832054 32
126604101 106
149227182 29
118157248 161
881827629 44
537349198 163
349986838 302
50328920 169
295290350 15
641024414 146
611142870 398
957052562 492
657043466 240
617884663 597
138636953 13
376595131 141
67435878 362
797227282 488
643651168 581
766226899 124
218260222 540
701628183 89
292335614 40
525545488 57
938565215 141
802433064 10
442119068 92
850155354 704
533553450 205
317621205 217
151233333 136
880824015 457
64152214 252
468091047 145
561730584 504
64110654 48
9831661 165
114666903 198
49272427 347
872930734 104
421366027 32
461797270 472
155320484 19
367597782 544
945488868 626
802839813 433
189237520 280
828803748 88
142599677 211
952041276 69
472083790 54
293863609 722
24063727 458
465884165 25
733699539 574
818792681 871
171212522 147
131650848 677
917478758 281
380957885 314
320121390 390
808563647 204
796495011 383
735809267 806
283933842 136
584271882 891
744444794 111
532649722 774
718221567 480
26542234 137
435122350 582
285614713 96
267952372 246
618507775 372
379160409 669
576102599 428
475004929 331
589598780 670
60224101 4
606016626 504
148283214 593
576500295 461
685290515 67
821043899 128
667099412 79
894496141 688
310435190 676
26384662 124
442075680 551
583589738 12
539611638 0
345599149 456
613110613 237
943627443 36
885587664 344
946818012 579
640345897 157
321595182 784
502938770 217
272062387 142
399249701 171
451089686 162
483842722 104
942208377 181
414442344 297
571637913 463
426279094 607
233847334 503
299502114 196
65889628 652
713017946 65
172960230 322
18594587 132
227778548 15
717927023 408
462315931 237
747447596 462
790345069 139
873676969 324
184749145 84
238503874 683
643995333 154
797227279 633
190034666 350
948614752 457
464761968 310
598728572 150
25086282 103
798755356 375
679517651 240
199779106 519
381558314 375
906197791 48
352767691 705
401715204 96
750031983 721
65278503 647
411989797 15
649194105 275
396406961 448
375921670 396
105433637 30
598161582 64
708331711 624
12875043 185
558117378 562
445701667 105
789380888 441
448187126 888
359106919 45
926042411 197
258988657 617
919858575 565
871025906 34
932931182 12
641645876 18
273281806 152
84797110 588
430393960 233
323721981 242
672727849 94
92704186 850
165981417 703
463546397 266
64348843 607
138082681 224
281297558 826
768087833 732
498756337 363
651546978 484
953677924 465
479557162 236
522110318 670
762506840 18
137842466 208
81383101 313
991344422 554
738483762 259
728360174 666
811785970 324
306555445 31
292344634 674
20488892 791
491939615 82
577135431 700
276801455 653
574261205 65
831324492 503
974357279 3
839962437 296
185708883 347
206074550 605
961635858 241
692139682 235
453856168 682
894641998 28
548960651 526
325737185 247
176827414 222
706615610 422
590255495 659
331897616 430
439585335 289
774101585 66
493424664 575
789399476 25
932143988 303
312998816 453
672051941 829
511327298 460
498303120 517
138105578 415
888086182 780
892157606 123
105830685 525
124751906 251
13709482 319
931617470 562
196286210 212
938595057 821
761490515 341
932305885 514
119048702 200
519616052 650
603913878 436
871752267 709
489200414 274
39702908 329
885249918 35
722359490 313
192295494 481
545377423 43
814826408 192
765387760 38
935620528 327
57102564 227
211472326 261
256035833 28
461221222 635
313664809 610
921584670 14
667578356 563
672965833 409
646603966 176
453215243 661
925583723 438
611933708 559
936361273 869
612488569 265
761584606 476
946687416 568
165462499 101
237004394 222
431407167 672
12388391 32
827575607 77
308641398 691
189167733 642
618048267 884
367068264 761
786139204 432
268621020 777
355272934 294
432734425 187
391988500 881
43065793 544
355741329 664
486028709 537
220036663 267
217795816 430
366867128 192
419861271 444
612497043 258
699883783 520
949974874 274
337273392 444
377121315 235
648326474 24
754562379 149
384678439 434
843328370 185
347774672 478
353616308 422
460481506 588
822890789 326
873662506 532
183742864 716
114523008 146
284183408 327
18811105 166
713673519 154
758110672 50
149228446 277
833520367 50
416042420 220
759186393 347
256684428 266
565221443 392
52550809 570
595950163 97
778250540 23
384575 169
79373096 5
831039274 86
582900740 326
615242555 732
354651650 397
821121280 588
595792558 167
434985986 391
699521177 372
255134377 383
889445463 69
678671186 223
696408760 160
713143471 840
871306819 406
916683615 461
273561592 163
751655629 407
49677638 121
36570446 518
544977226 616
706828150 825
277937482 296
806203580 86
275208818 92
331833678 216
800038094 473
191098166 170
60109704 85
742950574 189
597312611 466
831502784 392
430213752 170
237010722 38
350176303 182
397828177 554
533218945 35
818495212 877
780607852 337
787723091 604
489068471 879
317376129 654
464862696 97
109602598 675
52712066 309
198041608 255
175479684 508
610476444 595
690347807 5
397314272 86
354088375 258
597513084 589
886946589 348
250075929 513
542840074 34
100862465 596
934079711 805
142405368 143
376016540 120
682953818 32
851368223 466
830455926 324
268411294 221
862381354 752
272882279 273
604119232 112
654038 396
66883592 348
486198935 221
117181366 335
269784094 346
405175550 79
251247204 46
868370798 155
236852195 309
425223179 554
269677781 398
408013232 176
261578409 587
160913059 128
561859270 11
163846521 788
57602691 359
636640044 232
164427879 218
687183994 111
44504222 120
696721537 309
877086908 582
586910360 236
899976373 36
105551216 284
331200284 248
219951468 112
864760988 299
58267710 395
529741493 264
78015427 754
101889464 215
933448224 13
123448324 106
966175517 442
547581571 19
893142210 193
444479584 480
164930352 396
941360650 254
758276034 79
880927598 160
529937252 85
824303472 479
250618419 537
559160492 139
281901142 160
245616491 516
771216924 390
38040808 81
884103000 237
209436100 391
720376825 761
260782023 242
192995309 163
972373722 652
562173495 102
419991361 415
980967759 60
154392861 448
824958138 145
365136162 475
169349099 950
192822933 190
959245401 365
189475977 242
564970209 259
571640923 628
126960222 224
723109739 149
366336903 9
242631196 819
72683529 603
447141391 60
477327589 772
607186843 20
513500172 149
999072913 95
807518009 406
69460526 549
900535822 655
607140960 377
938794866 122
501741118 66
398860842 294
53124034 192
990845111 358
876831945 854
746870383 799
344652622 184
90739679 108
251011810 467
879702112 67
670929263 15
247985400 182
317622062 363
603962996 336
50180581 344
870403779 541
921069926 50
942607253 645
457383749 5
721608244 61
26991577 569
867177122 312
838786679 393
290815476 61
775804138 389
994834415 249
158126645 459
11037153 762
931182732 47
749944001 102
496796816 658
61137547 94
255289291 347
97679573 487
306827884 186
995281590 881
992793668 13
686498777 336
638299393 69
151497437 576
623704490 508
122993903 341
823523675 321
432223403 326
834022209 534
153395760 390
299100121 230
712033410 836
839357285 164
954333220 468
3032495 354
347316982 452
533342466 107
728296780 404
411900518 536
625997392 471
441348891 296
721311642 193
329821528 113
864536590 245
244440133 200
904772086 593
904983863 397
291655264 234
265140267 537
163917241 461
373079942 496
65676203 156
760449803 88
833195572 640
741295644 618
528367111 449
826743093 646
888797224 237
687030438 245
397561539 489
202353296 760
120509261 431
676704291 22
553795038 549
102555159 526
115601357 192
116697704 153
104825741 424
716854614 422
754116552 325
365246876 439
438340538 464
843431408 526
104770256 167
798422459 350
491612545 187
233316634 730
48851308 114
179461141 675
467901619 204
403688223 469
419527831 8
480398030 246
903555413 294
301880540 699
830519104 204
721028190 170
552042271 283
114291011 116
591278537 273
878265616 732
933291264 183
620036315 80
535924619 3
993318533 726
449089175 919
611457340 68
456885839 578
456496 83
418776505 720
318586005 128
182559188 516
731091418 312
66990576 21
435855144 55
999748430 90
706694429 270
653310968 522
284655818 177
154210019 674
370546923 622
762701634 30
144303206 568
943568685 409
703087622 392
452739956 651
340795257 93
197362877 709
647892871 782
517485541 552
595335061 457
301631380 443
19696730 63
788920098 20
594589664 376
78116010 331
323801790 576
463171693 226
586381460 617
21414250 825
382497224 741
528239931 528
931199103 159
594582322 40
387683551 162
904614068 90
246891139 136
294618325 258
19153726 355
93353781 73
654994197 569
444205595 644
417511799 508
174192080 7
395002816 187
745980221 142
490393837 771
552274888 80
679955617 382
322786923 68
24001368 565
670579735 393
828809194 161
521958217 529
1427011 233
91566314 208
538342753 643
802580587 45
908763278 263
672541473 54
572425184 248
737645279 359
815941102 79
380519890 193
746497237 426
531948961 692
334454379 563
4863429 81
261528001 551
970644262 656
164744671 267
585385208 17
654456251 456
713382100 519
126482811 165
82139162 63
288441069 720
585970822 456
795244868 237
566146065 320
725913108 123
80022539 304
736164239 527
132401527 181
442819074 651
309852838 430
642700939 278
992930839 4
561094429 312
269023373 21
345340342 199
72711794 627
759890655 278
10335852 85
25865572 299
977818942 405
401489750 141
762172130 648
330584638 122
254169315 1
6804643 604
383086592 19
361335487 229
430953727 321
278372477 251
830828751 111
337254583 741
14870498 111
440708525 22
683454153 50
482280649 306
730698768 374
639832466 519
322366300 150
283021294 364
165776836 244
124768157 12
290897261 31
678503154 448
730853481 124
391426260 266
299146961 716
268763125 17
712278048 618
991046993 344
483945939 398
61395434 172
550947136 74
637056450 249
189746355 388
364247577 77
652605903 313
397465320 367
79519523 321
81538462 203
213297420 494
300177178 667
404712907 402
70518505 394
851879655 654
175487425 342
474169284 326
102883134 619
174837636 85
573287132 860
521285662 440
333022261 96
468949694 311
276733564 0
382835549 70
47149881 381
666768288 70
142247495 33
609417973 481
302392075 516
700724204 73
528277750 334
76909779 42
119068990 565
485377942 495
638431193 55
327187670 812
926300603 71
645970504 700
523756112 252
881483856 408
118389820 212
840071390 325
100084050 126
275094408 160
820316115 293
726325481 204
203461352 607
75858745 416
242333794 399
423213614 123
184846257 138
281894930 100
88362530 20
987770405 210
238800990 447
394992694 490
656348447 180
627164029 18
797942068 378
729143995 182
394607288 95
268062613 107
771901327 99
15907117 442
209548578 716
950211586 34
683322203 653
85141770 554
195104996 341
818220558 1
790540956 67
462064454 719
886363738 537
461939253 427
715188453 220
679521222 617
840467252 111
861873064 690
301724899 255
477554919 376
279780853 685
449562572 381
664368593 304
687599863 245
270485879 121
90366394 656
826329859 857
145325496 597
570753636 642
251069887 131
575873373 253
427144674 187
493460669 637
701844187 260
158479579 433
700809376 33
595022165 78
509681731 259
462813705 242
173515024 140
9225044 361
821019361 36
369460618 429
659245509 6
925737398 53
675587793 491
630485396 373
560836678 734
477693644 517
724971237 622
217364336 28
682171022 37
86716344 1
586945056 332
759689980 350
404001933 851
160433139 495
412469052 11
26618411 350
795619236 257
83538633 140
466196006 33
121576578 757
656054826 68
419272921 399
482113406 600
453509786 83
387631340 163
862966679 345
296864282 448
299838882 398
828317862 761
763305676 364
742585986 150
955096796 33
377075085 247
174985234 199
286550131 130
78749982 63
551399623 78
378212955 380
82232927 614
836766801 160
924407279 616
320525674 70
134868201 672
807829747 640
234157204 135
684379990 760
932049515 186
37231511 7
868503481 661
508061708 30
376645746 127
982348897 433
328189780 239
63830220 44
903869246 204
519572108 158
139955665 134
776627625 278
299471685 394
224822247 199
920841102 225
515451659 69
752817840 130
660335186 604
388919903 449
379627822 289
928311002 780
899339075 213
367369993 468
614767010 210
838163414 213
381155653 174
383694537 259
47649483 119
139364327 15
84377973 393
848566476 111
948404065 152
751380744 13
12373765 23
178608567 551
269906415 761
514885220 216
420996284 202
155294495 287
777600598 272
436191196 231
448734322 505
5415695 537
124611401 185
854755206 542
153482390 500
879431559 530
642364881 501
411269419 67
278111146 102
983445497 441
379689160 83
669361606 350
910993347 648
582314701 71
569628768 701
941291274 762
488534028 436
848317148 381
68765595 63
741296859 619
430661698 674
852928246 221
269795795 298
991185105 198
56028215 307
518462814 44
169484849 291
257631674 270
19584850 817
904383307 108
659927864 443
710463767 20
776915979 200
282556519 159
931722297 175
514689693 253
233340785 50
435917394 380
157337822 861
497281971 780
72218790 311
534662173 454
88010914 47
972461304 704
419319391 282
416495569 25
465670741 35
937473468 59
514661479 102
956532712 363
6243227 499
215254916 50
758900507 207
620289233 214
180636780 516
151199624 126
158742765 13
53941359 264
741931667 17
344170551 34
28895203 98
141972888 735
620535600 94
428766896 74
879628055 5
198380440 284
332655672 376
30775368 498
951615543 247
469943213 552
141219827 444
192320009 119
208381701 86
846912651 317
268496507 47
692175919 80
78603990 468
375795159 302
619654466 309
561477035 36
846700052 86
571752878 92
523883658 391
853566882 301
942707646 272
358178333 426
695332076 47
335442156 137
590290149 173
7150761 102
581465811 155
632400280 727
462073391 454
60274631 462
884854272 63
622966885 487
