1000 700
475915027 239
675334777 438
569159953 430
507262381 355
103839078 7
710793462 788
665490508 213
489553549 22
69795585 668
686037408 53
313248308 227
178817877 132
565649577 155
464197151 307
444269103 631
363206465 663
333633220 540
929660064 307
271336966 376
230502093 202
98361565 71
270624083 137
403524967 588
92760382 709
217380644 581
845787628 323
803995491 405
262317080 927
269499885 687
463457060 353
116429808 47
909020327 401
249782574 196
474540088 570
372100454 285
670085497 232
997363203 333
279771750 847
33151492 31
293362656 215
75626028 18
840998517 265
539012971 416
62948210 497
873567115 180
105929772 201
273202719 157
868971403 265
3024809 475
933991896 92
289326347 464
682181320 116
850936112 640
588867017 468
133968635 597
492149900 112
676093809 523
87709139 838
260736546 357
522029180 282
394426845 251
692542159 128
143534484 624
531355141 111
787597197 826
883124761 114
851351755 192
493779923 567
286155965 29
8319249 84
406636837 278
485871961 226
209023050 369
553671837 570
978243938 200
398819406 359
873959226 147
467152036 605
255628584 333
279111724 925
96293427 409
541214098 81
855724160 270
991369649 146
244735232 87
994046425 220
921255256 327
702658656 403
173748753 462
560664940 681
564893954 1
498013695 316
910424058 222
516890947 398
576176561 160
287034392 650
94503665 5
474010844 270
855607809 628
914495867 409
511355986 243
599884215 451
202427502 282
207507896 410
622165021 88
596040919 255
24082649 59
924748455 256
178779253 122
907553862 722
890318345 120
644989923 549
566922529 333
935891087 301
241899302 783
11792968 672
393926924 316
734950979 434
492410685 500
383564154 749
426210758 442
582739319 121
79947457 680
830256992 771
273754883 311
464720194 370
182829318 537
440114594 511
46792217 69
550853442 262
597570503 519
958800177 674
484081029 291
143565590 687
657527455 72
537727422 181
278042212 65
636384227 201
110207633 37
108215615 166
910946812 205
695911890 661
278112130 116
119798128 706
167113011 111
243492238 155
602636732 437
599494989 242
528308244 728
627743688 223
922848107 2
866884251 379
271023951 615
418539188 152
817030689 383
163522911 169
823692728 774
278029708 108
315990100 552
99572579 433
788842437 317
13781002 235
343019741 389
137011125 355
536603411 180
807858672 464
92861048 640
433441322 265
558701024 408
686598274 423
311718729 67
792676053 311
580169871 677
445705224 486
34682452 283
775925139 278
192280873 183
842214735 694
812691202 199
129554817 297
389839065 178
988188455 394
667309728 172
171868802 596
432177005 181
562464228 116
712981473 172
916928188 372
771181786 467
150407391 148
280951897 675
574020633 354
444348086 267
387548148 860
990542339 653
586755016 448
605087677 247
917352708 394
828363450 371
644223932 348
566470479 341
85228403 8
187648961 108
338170922 866
411627759 366
914988457 334
498265405 447
815819533 613
528672708 430
61658258 413
926145976 644
708799395 289
996177433 541
651242272 243
571226526 426
336165871 611
183327455 79
639025094 372
679702209 110
149034039 367
547855143 335
558400509 103
448771543 98
3044998 59
578651051 278
911446977 697
600314873 656
985439273 255
765189188 210
859484434 59
782015524 482
213557556 336
226624883 354
289467254 540
903999674 688
89776124 87
547505627 447
572168564 333
166969087 365
335129757 411
926039491 622
821247512 232
933132446 396
622612083 158
674462358 272
354017395 40
314737956 589
118157730 135
905584741 828
354994970 64
185596290 530
192741521 478
283707745 344
122394021 488
442159502 750
991825257 807
148581220 63
219152944 520
672840064 187
964675481 163
465153895 307
867774683 215
454843254 39
79492947 388
803743499 82
663253323 337
625516786 112
816193293 393
271123475 268
705908265 520
327114330 357
822509315 715
134124006 179
993269408 775
833224309 677
506974898 408
952885007 764
984063457 200
455684083 127
824670812 144
256316095 572
449435809 628
877406435 621
611380361 375
632457288 48
118913687 371
602161212 78
847470466 37
611077281 63
572354049 343
414394711 78
927236310 362
201503207 187
862304542 150
994244977 608
646690007 119
455108824 348
848659891 18
697471787 426
248994844 533
976768087 31
710998664 130
304648716 365
258394367 166
872835821 112
770429162 600
838373884 114
105307422 85
950309957 423
182869033 42
568113865 346
173598940 21
708234925 134
626267929 389
960074660 640
473246943 170
243191962 511
462627732 775
543442083 64
868963218 586
892608547 280
460762612 868
339353150 611
821835938 220
36556930 225
444453531 5
735786707 377
461506178 629
391227800 214
149953389 539
709332005 404
406735850 393
335076200 824
747526994 140
253774551 295
680198994 478
722592153 255
919814582 267
726210548 209
10861689 24
983423223 315
685141003 517
155116136 246
330102242 649
660967152 379
489233220 269
63839877 382
32307796 7
6340889 259
581400922 628
327507841 395
372881495 641
922924200 59
175900873 383
861347573 374
150500284 88
159639034 549
846448658 354
4700766 74
564385044 321
575073293 55
594951993 90
815740574 80
333650229 227
397546501 462
433802054 668
119420794 405
745385147 356
614518441 37
545454533 190
972180763 421
783918466 20
954847204 783
330865224 948
622521743 165
526096431 452
361585223 81
374429666 356
604515911 668
311880614 71
395160708 574
44583083 96
252085657 871
168349843 192
329089778 269
985984321 328
1032765 683
212158692 312
800490254 6
941165636 425
933066450 72
499694923 302
966958326 239
898474455 133
559446360 897
148377279 195
922210030 574
577824548 721
18818229 432
786557434 86
475529949 217
212122070 299
67582515 669
962923258 945
282369487 364
740223390 612
61573374 79
599907969 43
390975858 71
55697329 38
324876713 314
642507159 591
141353371 327
303383111 406
918903208 448
683683590 109
954173377 103
125797915 121
385805525 363
880436955 686
878458494 34
176614895 55
207081709 260
752470505 338
418709779 811
508635656 109
433024274 230
88169287 599
237401827 707
251658156 1
611024201 308
965086671 139
758315253 319
402381481 341
178375163 454
797843359 341
264463221 361
310590671 375
57821558 262
711279514 756
804026162 21
836856179 96
501291371 608
444198118 168
672068895 687
638225644 217
204445296 267
576020078 863
147241939 633
154461207 108
458632061 772
588432991 712
67160843 87
40997333 379
293690225 457
24598957 264
103549733 159
461222538 446
562606220 672
33073549 83
73012901 262
58607519 435
62407157 559
406038779 642
267793330 190
941383934 358
247193395 273
161268787 19
531666840 427
51739802 236
408404406 888
626727994 103
506918469 388
891328487 209
732762189 538
373822548 154
390520782 490
584575836 17
506095792 543
52007821 99
536344554 380
261979126 153
82765046 133
725064243 61
933573492 540
952001206 197
77892893 120
190699863 279
125845995 16
129516063 297
152996999 693
344044626 281
174483699 865
305499067 147
811173753 178
516604477 651
14684115 188
888080790 917
211346588 86
95874933 640
671807735 3
802490816 470
726973566 91
278781727 668
985744749 225
800593357 327
584738576 209
104340128 243
607407210 576
890840150 96
918989608 102
667851042 297
457707717 7
36453495 619
830405118 12
279686932 508
597766265 551
326855504 406
224054961 521
564654504 683
616243237 152
755080071 123
856856001 791
983086165 167
978287757 373
22206147 81
428299413 198
186418261 91
842514456 657
560497968 266
631502581 618
501352486 54
550333522 56
410590463 548
949472398 244
630728971 162
9513834 202
913391077 244
743031411 293
709918346 173
856790451 296
528100506 811
147404440 119
866019309 879
85444388 18
575701594 142
362359639 464
385173955 238
656859354 17
217329765 356
799041773 132
950114655 35
719846547 206
97548160 366
401188604 221
865982550 136
796277811 121
607260020 615
696604681 230
450663427 211
886186306 346
911442572 786
668059390 448
76872452 84
160594025 398
810162969 155
369596583 247
502202557 247
635038458 581
988731632 95
541022518 99
661185234 114
278253671 490
298820840 767
645461441 205
409528495 148
349761480 6
529853023 130
411192768 626
581088513 568
458793304 261
18542772 89
792925842 180
871767868 463
782349814 322
408616652 537
334960888 583
672410389 62
766554790 173
627722896 672
96884374 50
675328008 724
214045711 578
444704362 228
691134327 360
117088977 226
385870333 57
306143438 218
641116040 173
8799989 47
438118623 201
155577773 121
709538841 106
36502584 305
436236616 337
666093057 247
444163938 463
877980198 585
791283568 737
391331143 890
637227002 193
12086669 2
368567474 111
849665277 197
757185631 196
427282431 81
263791373 53
14047786 116
115364467 118
988055891 169
83003045 264
55352533 89
81916155 440
649957154 805
506103105 526
714279307 912
801681185 338
555526732 944
608029133 506
666791644 23
200806385 854
416287859 174
729042904 480
395566300 32
439769565 83
199656829 387
198736149 21
572957860 562
577408571 231
378115348 152
105346268 93
614890448 506
750892227 559
886023207 614
370116008 467
572759041 503
965055252 471
62430825 384
213624472 417
196665435 754
6680623 265
231330767 24
769302768 246
411150597 853
573133816 209
624672276 98
771417495 98
317124270 109
695776442 702
205913142 77
874479257 153
718155781 145
957108898 90
581728248 221
594245797 168
983552830 291
12016961 28
628180320 374
576223886 569
410849681 196
978933004 920
229379641 98
810425548 19
988860 196
247603933 176
657291152 240
347609338 808
603126911 11
401042802 7
917453113 755
395087191 456
763295261 476
6257899 624
614114121 574
16031815 365
461300704 112
519059022 97
375809947 248
716286418 530
947051155 11
346023684 147
603989326 344
298337058 152
981331720 422
448839772 56
31854147 325
75657734 305
318640017 323
839031557 779
430754977 132
34513012 270
764489609 493
726951574 468
228260435 420
772849153 6
881215179 172
612071687 621
400574599 467
188392808 463
578957623 220
424736311 340
523233583 399
430041611 898
797599282 961
433345895 220
558367873 334
458134379 38
312008740 495
791495868 281
23288953 521
266697904 210
565844475 909
406066367 149
955381331 189
193750566 383
281989797 134
421764573 591
449384980 507
64125628 201
281256599 127
699760617 606
468994561 412
309575045 218
5528907 192
327954840 243
126250532 723
219901241 304
661948603 465
482824706 394
288536524 51
328510387 222
110804713 159
560870949 680
328152331 293
988733811 401
532527449 148
59042916 131
298646584 589
761800987 196
565214355 106
600244738 145
63110508 66
606289139 149
324600740 102
82405545 203
227189256 198
987052647 166
513276316 57
818869735 649
616721963 482
62672262 138
23515407 55
617877166 120
717573694 535
360049283 151
506253207 256
146352338 291
12295787 555
99727670 30
623821646 610
394621581 378
885737503 36
450715802 558
111074902 338
878711804 649
897718157 314
544149583 215
583126610 178
786127008 420
401141549 369
758219287 257
953657836 194
563140832 402
426971959 597
913931610 796
268428368 294
532887428 7
829510954 112
196316836 69
499637422 27
297303866 21
887200585 373
483957028 587
191612346 732
935241235 334
363415578 180
837384238 366
705049901 193
871153924 359
591307752 26
484924088 283
406633795 80
660677992 103
286167105 461
665119966 399
545013308 195
951446138 488
156996982 129
141164895 744
313410526 60
794066653 239
678346272 15
994302751 687
131715312 453
576022550 192
572006551 135
946435238 145
242724030 107
9387535 71
593439355 780
403381662 437
309872282 331
817002644 843
447854125 144
590391895 398
210602839 513
945169624 456
822032981 562
322770244 14
698545357 135
2852079 111
316833115 418
956542077 209
832915290 706
473308499 866
807571184 269
72522045 73
383265117 370
515470433 880
241050501 791
87636836 38
289708220 844
678625243 715
912070609 47
937237748 189
205024349 45
498930789 373
269530702 266
881574806 47
573771695 717
100529930 496
548102330 931
873049108 370
156220960 355
953660087 366
996761495 199
926282206 470
127480486 261
792053181 793
166947245 100
72666247 610
287490360 201
364405074 299
48886661 209
903123271 294
548609108 23
801217294 254
903924974 205
574774393 413
738825337 263
145359472 194
56432763 384
957650205 156
917513132 519
401939544 588
522846977 77
189574741 197
41344757 624
939598988 440
623987482 23
525992681 47
114217953 433
880396598 5
311738023 645
959275206 45
106938880 98
437645410 832
905775688 15
781599865 111
945661543 366
252863363 169
85158116 719
450664630 413
904534829 267
907187437 196
707884325 683
560030165 7
840609519 405
991202650 139
29085435 90
407368529 278
505051214 28
308155751 654
322042134 139
211812170 105
269632878 574
41640726 504
614137966 381
888707586 465
75569527 202
720000332 24
188293566 727
332069218 138
943253014 770
730637138 779
824432898 341
691229812 766
240569083 158
406103126 674
657131262 378
840144616 105
307776346 126
488532713 325
217690809 653
93627537 474
209377644 2
403348608 568
346441467 142
627548391 338
838758893 64
164385014 94
709551573 711
335764613 628
696582046 540
392051718 40
350269976 698
121552043 241
592877251 330
541481684 130
880357594 382
423027387 696
570877604 112
109686115 642
857140471 110
167140286 644
973400845 664
368054814 4
380965004 278
767915486 471
573649872 897
327834449 500
956464763 313
743352299 4
545730624 820
289753775 478
913489388 148
162176217 37
586894006 617
506060492 38
998238152 25
606691134 28
327361038 338
498843298 600
54403646 20
433236694 407
948152616 371
547671310 167
98396736 428
164357633 334
936756842 442
275450962 249
332010757 623
415311169 85
337266490 70
213386131 236
796447111 328
174599359 159
110473607 32
394343514 191
310821380 307
573874629 21
375274303 34
429241365 686
769900926 631
903262275 819
678046168 105
646984085 346
831792445 591
662595660 119
612124105 478
311714960 416
455469131 292
60575641 55
261727248 31
359495454 334
216421621 178
446527235 312
750071724 131
450404670 425
704481358 794
