1000 1000
154
797
497
415
520
628
213
734
64
715
50
772
295
828
730
858
785
680
506
101
861
617
866
904
476
986
190
632
917
761
136
494
124
300
131
753
615
737
641
281
400
28
367
797
438
101
100
486
355
151
533
434
287
323
940
562
740
307
724
355
192
879
775
249
278
915
80
512
525
959
873
953
167
398
575
995
859
7
857
991
204
239
708
355
49
445
554
432
371
93
982
53
913
598
849
17
631
652
641
260
546
974
365
295
894
161
866
439
632
747
497
326
989
265
742
482
377
801
642
957
65
433
267
443
778
38
607
631
223
486
332
614
710
983
923
802
828
333
952
928
93
952
436
706
972
411
955
479
697
495
167
430
558
845
387
982
314
216
288
441
342
657
635
997
458
89
653
722
73
162
714
358
984
302
723
772
947
415
76
248
585
805
790
493
219
188
86
399
193
659
684
25
189
213
837
609
613
780
138
143
821
881
263
914
883
29
741
90
730
308
160
735
239
997
105
665
495
99
685
877
95
23
100
71
698
251
587
874
631
16
762
978
833
729
143
338
541
30
794
6
735
538
695
963
613
158
591
850
498
484
262
793
301
452
494
169
295
210
139
545
881
334
478
281
308
922
330
32
534
568
850
383
804
634
337
956
786
712
808
984
861
149
859
657
530
698
988
665
796
442
519
269
578
908
933
318
606
517
505
540
871
971
366
974
928
723
846
387
111
323
148
972
854
985
748
343
534
410
206
470
359
116
406
774
337
13
159
593
631
705
875
316
159
88
292
929
259
133
927
326
850
904
652
717
839
301
7
34
361
251
90
776
402
774
1
388
489
654
564
992
792
742
104
290
654
325
151
762
541
320
771
175
541
422
767
611
528
115
654
402
316
637
802
528
516
514
630
144
127
696
740
245
752
788
417
517
548
132
92
824
303
157
850
150
471
965
277
246
231
121
64
856
174
593
373
964
677
791
831
705
269
484
360
631
255
203
36
93
121
500
188
76
416
618
837
257
768
302
902
967
646
274
150
803
79
798
827
350
846
750
163
335
946
297
495
694
989
212
147
538
550
534
280
236
360
402
427
858
849
815
739
989
908
691
942
755
719
172
588
678
638
974
131
658
734
464
26
467
59
974
190
357
66
464
215
818
815
282
604
472
145
194
859
792
817
318
890
840
135
3
953
346
909
190
93
635
345
943
831
981
183
777
115
501
605
668
938
877
374
131
208
459
200
511
246
633
94
361
921
115
134
860
169
196
875
937
291
761
884
320
16
20
204
150
436
186
456
33
671
46
892
270
303
532
374
580
885
286
601
7
883
875
772
557
620
955
201
612
300
948
134
794
508
872
263
948
504
445
730
944
952
643
161
346
538
682
364
283
262
489
76
853
945
432
201
696
235
415
677
745
9
516
935
238
579
746
458
795
103
796
851
983
476
774
390
200
448
293
129
163
851
217
311
997
106
890
598
197
493
40
946
743
688
738
712
266
118
160
955
83
641
889
227
576
804
406
233
214
641
357
749
308
291
287
192
53
726
858
386
858
154
79
117
814
331
13
248
208
92
620
205
716
855
35
155
746
702
348
212
110
502
434
216
486
135
337
273
408
917
438
997
601
186
715
167
902
233
325
422
335
365
254
877
247
880
11
161
678
236
638
518
687
510
981
875
818
661
601
273
43
360
289
615
705
421
60
185
936
587
362
725
79
665
644
565
523
516
376
447
162
781
574
904
225
737
933
164
935
687
862
344
528
533
392
649
666
468
635
634
507
471
669
690
433
352
296
363
472
420
906
21
480
610
315
48
493
895
738
406
557
300
329
455
189
207
508
194
453
878
303
251
279
695
869
127
108
19
249
514
399
174
321
401
128
265
181
464
202
280
253
14
173
853
649
948
725
243
838
330
297
563
408
922
189
106
898
891
248
73
591
335
143
492
637
133
128
660
405
536
872
573
797
373
238
344
118
489
557
298
733
370
726
756
686
185
179
425
876
118
125
987
51
187
400
373
335
968
482
642
98
502
311
933
970
668
711
15
704
822
543
45
690
328
500
495
529
343
867
66
948
304
404
551
876
599
738
266
582
714
301
131
716
116
48
344
340
906
579
258
791
265
633
227
795
822
603
782
802
268
276
535
161
66
428
367
306
594
893
482
538
36
33
776
195
841
577
391
835
744
959
719
588
732
614
357
602
187
4
441
848
505
327
407
611
435
261
522
189
5
786
572
531
5
86
424
888
525
284
209
568
684
901
432
822
758
307
801
14
640
102
958
91
173
226
883
219
43
287
248
446
