1000 1000
874
346
51
892
582
893
92
18
219
194
490
811
385
965
53
479
508
135
524
854
609
395
375
583
333
898
411
493
230
631
554
868
415
732
432
457
345
108
879
392
205
246
852
147
626
888
911
322
269
810
647
189
380
847
836
796
330
928
283
864
895
496
110
231
205
280
865
931
316
93
422
36
886
613
154
130
316
590
214
603
759
991
38
371
583
821
525
375
16
912
920
169
224
555
758
703
739
503
583
684
623
144
570
486
712
231
61
102
957
526
584
603
361
623
66
543
827
662
907
424
870
426
960
73
954
240
963
742
225
208
584
516
419
726
865
998
18
554
411
697
863
1000
647
9
627
681
138
681
479
513
885
856
85
447
357
919
404
415
676
116
631
275
686
385
767
734
510
381
29
320
54
594
625
69
546
781
486
862
126
322
107
382
747
86
427
765
87
91
726
233
129
327
710
57
537
749
523
496
966
762
391
352
798
497
363
652
242
64
448
756
206
561
575
53
302
66
522
751
556
741
936
37
499
697
597
680
39
551
527
101
762
165
978
362
969
391
301
461
941
721
475
149
747
118
44
687
36
156
249
58
318
926
691
699
921
712
852
162
602
607
508
563
195
911
198
118
121
226
200
304
53
520
839
424
748
177
472
578
567
669
672
176
820
852
910
491
211
935
235
582
121
525
865
20
344
542
985
269
365
444
747
621
233
701
82
821
537
107
325
320
646
44
464
135
510
314
41
22
153
147
187
613
996
906
614
175
17
420
789
326
286
452
278
157
385
817
366
933
683
971
779
913
186
793
904
257
292
237
92
707
339
166
83
21
724
741
579
229
655
913
145
177
762
923
570
559
886
338
226
639
552
905
80
35
729
596
760
126
583
591
656
898
106
487
19
816
296
662
441
860
593
211
69
735
819
64
989
587
351
162
454
99
474
5
342
456
925
374
848
20
982
310
235
867
741
198
11
261
440
453
103
6
119
892
161
607
888
675
17
258
748
681
971
569
688
231
524
455
61
285
833
277
185
781
967
855
76
387
124
325
164
923
181
939
705
659
854
793
209
844
998
115
61
181
711
33
875
152
74
937
10
3
537
376
641
673
292
789
544
559
597
950
244
511
283
17
184
88
771
493
551
659
242
110
619
304
228
604
281
199
257
628
443
208
714
350
396
195
784
613
271
921
894
394
417
593
642
378
466
299
80
275
681
65
95
227
157
137
634
633
996
381
672
882
487
74
404
197
68
708
645
239
651
569
471
969
90
306
57
21
346
141
365
532
991
29
348
146
483
824
903
920
99
448
119
642
961
699
253
79
856
955
354
540
468
447
457
209
847
256
168
946
677
317
611
863
169
799
281
364
133
590
445
586
815
386
534
948
398
826
407
651
721
393
344
19
792
772
107
52
689
877
368
769
788
555
97
228
112
408
6
728
660
65
523
958
582
410
949
601
648
720
905
34
982
460
877
84
689
927
989
281
47
824
191
947
984
744
567
868
706
991
60
702
191
267
121
940
98
536
397
576
966
691
891
970
638
310
195
567
30
560
503
544
713
514
423
719
976
954
750
469
170
108
402
615
686
780
800
980
802
805
813
361
56
533
678
165
684
790
753
437
983
623
34
633
967
265
271
85
492
347
284
585
245
487
560
82
473
458
198
743
791
608
621
724
918
157
625
778
13
205
800
357
852
189
221
189
129
55
696
902
5
938
387
431
500
856
391
719
473
623
773
27
15
761
502
986
153
419
20
113
99
113
238
359
758
681
232
483
768
76
424
96
194
848
746
440
128
200
757
966
989
938
597
906
20
72
263
537
216
192
927
715
997
300
901
91
764
627
803
595
3
182
137
741
99
12
338
643
384
918
220
239
517
987
76
780
237
789
160
171
475
907
395
119
19
277
132
458
630
235
255
285
626
111
650
796
456
86
522
744
445
618
196
979
265
619
60
807
715
985
865
368
202
908
78
141
181
517
643
779
333
994
99
666
374
110
524
38
570
46
73
143
429
253
427
617
794
153
308
157
36
491
811
30
590
483
627
509
988
106
3
494
904
103
87
785
358
563
317
545
903
164
290
312
674
333
523
161
111
181
852
493
834
996
276
647
766
289
879
240
863
30
371
699
959
834
579
82
74
894
447
695
769
305
370
220
579
100
603
372
912
319
532
319
276
658
982
482
2
173
923
581
438
96
843
355
930
683
512
829
954
944
761
664
576
388
315
450
728
666
3
793
301
567
501
188
267
831
393
96
443
567
808
84
698
9
787
197
977
123
661
699
470
624
780
42
506
149
