1000 1000
2
486
797
74
835
670
75
710
79
376
929
555
476
502
568
396
422
693
246
799
358
685
180
158
894
106
632
250
350
502
780
139
3
868
541
761
970
887
116
606
497
361
633
602
815
972
723
566
695
277
569
433
665
475
732
734
217
549
138
476
302
305
149
317
236
942
650
55
915
419
267
822
197
125
29
856
964
877
59
111
802
152
665
195
926
789
201
22
766
730
858
774
24
320
476
198
847
650
717
301
892
418
71
573
827
893
151
61
474
498
864
664
733
982
902
308
877
714
276
380
972
611
62
406
642
930
127
854
819
930
29
121
319
573
912
195
401
775
470
762
225
945
962
120
986
951
617
668
860
43
91
682
611
536
544
47
302
831
360
574
217
597
930
773
267
275
662
936
473
669
203
637
265
428
858
895
536
204
984
204
925
958
704
271
931
343
87
270
155
296
871
820
335
196
644
400
921
620
394
973
666
526
437
80
651
274
639
37
463
692
253
195
911
597
202
659
653
698
531
413
73
451
898
322
495
621
492
227
527
889
466
569
20
483
796
443
766
403
281
843
704
271
312
569
258
23
482
462
704
144
885
547
673
138
539
848
409
410
769
965
943
393
912
836
384
98
400
420
378
744
360
656
770
406
159
102
158
149
326
841
292
690
268
48
97
989
537
908
163
426
427
590
152
916
52
574
876
213
713
157
815
976
293
428
725
216
12
827
836
318
144
923
73
694
568
388
251
634
908
16
231
702
778
846
186
746
876
248
842
244
888
77
910
227
479
896
281
437
142
615
899
921
528
972
864
214
577
248
927
163
588
963
468
164
935
285
158
996
746
833
394
717
716
556
486
497
726
914
615
765
925
42
107
49
884
389
96
841
808
675
507
671
114
637
418
118
153
372
755
24
149
369
682
682
925
907
135
747
418
500
117
40
610
964
509
947
870
693
273
919
388
173
1
950
109
431
153
731
240
306
233
528
277
448
172
114
443
665
617
16
820
885
229
519
539
398
175
825
221
92
723
985
517
950
344
208
325
424
402
900
868
999
904
684
915
623
527
565
167
150
741
592
34
22
471
961
618
742
299
658
281
722
167
766
43
887
760
406
395
544
660
439
870
68
345
274
342
925
379
907
504
178
610
651
23
598
641
414
663
735
73
766
834
327
612
870
903
551
626
223
398
791
71
86
37
63
131
4
910
426
873
477
846
629
880
298
480
589
189
135
296
814
247
253
921
708
818
737
511
598
861
427
134
646
67
512
593
362
718
617
483
262
527
210
762
872
240
364
295
115
914
979
383
580
759
192
37
816
9
744
829
228
449
715
19
939
121
102
290
76
10
881
38
762
63
482
834
754
728
593
826
832
432
722
795
986
408
614
342
355
442
257
497
162
974
942
861
321
536
358
473
942
696
597
997
69
737
470
824
315
162
257
739
357
848
908
420
231
874
335
932
30
692
879
665
223
644
867
285
813
224
714
405
719
567
116
259
327
179
52
556
604
381
341
282
321
713
473
339
908
533
547
424
688
487
591
847
467
300
981
906
552
186
785
878
719
599
422
669
288
103
30
972
988
650
484
669
108
899
554
911
687
410
339
977
729
379
818
554
142
613
169
268
939
196
852
108
502
824
323
812
545
884
27
122
963
855
590
494
86
174
310
264
426
152
630
663
609
977
705
963
417
384
305
92
21
448
633
864
556
667
620
345
745
506
636
485
633
846
571
972
672
835
830
294
588
839
36
915
192
696
403
72
643
827
52
48
431
126
650
465
482
54
55
35
800
130
920
645
391
686
260
72
265
249
320
441
702
16
221
427
951
184
137
595
900
800
922
650
463
548
614
719
495
340
886
394
670
58
695
594
707
528
55
552
193
688
654
386
30
202
978
497
357
433
705
899
228
742
620
698
551
588
678
146
323
602
345
839
92
516
537
997
111
962
831
166
129
96
743
664
174
949
498
868
802
180
725
168
708
213
536
910
198
717
448
427
343
929
462
153
233
663
694
381
275
590
241
433
103
410
595
547
13
657
53
269
159
944
668
931
331
894
488
312
572
639
190
945
73
34
95
552
749
684
887
82
277
331
22
898
941
692
131
620
547
350
12
82
490
685
950
203
969
919
795
327
762
186
695
12
139
828
859
580
8
658
739
677
663
170
711
855
442
32
869
266
969
221
813
581
461
411
36
712
782
795
410
715
327
119
228
500
980
792
874
334
291
625
818
988
800
194
987
282
351
774
91
325
494
805
98
53
608
755
757
490
707
719
780
405
859
853
772
954
733
516
197
957
853
