1000 1000
426
139
350
552
385
742
250
698
234
262
73
595
270
935
891
313
145
147
264
743
810
758
497
838
751
122
149
110
959
476
6
217
398
301
354
465
996
961
354
717
598
771
414
56
812
352
534
810
609
231
682
485
655
296
732
969
808
874
481
280
814
922
780
594
563
499
331
883
706
553
624
608
212
637
97
990
124
164
712
619
356
608
291
723
461
653
365
668
219
61
796
890
335
85
385
292
763
502
659
725
865
692
572
468
749
154
50
828
798
173
247
429
593
941
930
369
326
63
940
336
777
797
756
36
114
28
187
774
310
653
281
431
27
316
366
904
592
292
930
530
995
994
765
719
345
926
287
359
345
61
514
404
841
329
515
279
392
839
748
840
506
112
981
970
768
112
711
596
621
123
543
577
906
491
273
305
74
355
843
278
447
47
365
160
139
409
192
257
392
654
316
418
665
527
48
348
318
337
925
888
236
997
267
856
235
896
332
203
182
36
300
725
54
550
207
60
680
350
915
84
810
570
593
140
202
347
944
199
231
974
659
460
166
820
30
495
526
538
132
558
740
290
364
724
688
360
119
577
158
823
452
383
63
386
157
583
69
658
231
731
274
518
926
761
274
783
190
614
340
992
667
792
805
900
82
323
844
719
894
822
911
612
228
347
477
782
159
474
899
567
837
846
439
28
167
606
256
262
573
766
884
434
160
452
71
18
295
547
243
315
426
995
978
549
626
359
462
246
559
693
58
199
560
978
167
613
439
268
1000
353
298
406
838
489
764
783
196
533
1
259
123
930
765
48
416
170
374
451
658
618
134
353
148
411
146
638
249
763
429
561
450
449
374
894
298
731
461
298
107
187
298
963
646
62
335
478
136
556
929
863
847
739
122
788
113
316
10
378
773
188
898
631
191
333
327
262
385
906
485
542
973
174
233
819
380
438
518
820
186
418
897
523
767
32
669
960
487
9
552
55
67
51
36
709
886
325
295
758
513
286
83
682
80
766
391
372
635
682
84
706
910
693
552
928
425
266
279
461
384
475
165
779
140
621
125
395
688
41
229
239
188
69
816
159
822
889
66
229
717
779
848
440
500
155
37
293
741
535
350
529
131
120
792
728
110
124
204
250
283
834
969
888
274
593
722
379
758
33
44
270
889
199
418
447
509
390
409
906
275
537
12
366
952
290
361
21
427
438
353
40
177
975
116
386
369
857
699
848
449
829
84
543
719
520
866
150
128
765
659
383
780
319
320
915
472
352
392
611
187
726
813
383
985
592
317
227
835
285
106
597
925
629
883
497
503
958
113
933
957
304
99
309
31
697
866
136
81
507
29
385
556
329
207
207
707
589
500
301
983
13
711
483
420
665
263
691
386
471
478
692
772
864
273
123
116
864
227
381
965
369
961
111
832
617
207
878
184
711
833
223
318
2
923
840
173
370
258
349
503
773
921
636
694
316
645
689
412
459
481
403
564
956
867
101
342
284
933
910
791
941
405
409
406
275
373
182
305
199
795
87
182
327
394
876
186
508
760
624
109
394
782
841
572
219
451
219
478
933
257
622
648
487
775
764
897
160
757
836
486
232
507
58
711
213
386
924
80
576
129
790
369
413
361
743
551
879
546
442
969
73
236
638
291
174
703
735
254
994
27
906
150
70
544
53
899
240
920
869
137
736
912
629
672
253
227
958
780
78
407
953
126
442
493
39
33
840
277
818
790
127
664
721
704
736
468
416
177
87
676
453
779
989
150
172
928
745
339
476
827
818
570
296
493
423
69
352
513
887
162
981
615
553
859
888
197
926
863
843
65
202
831
518
952
854
385
500
403
49
833
787
397
442
27
512
350
224
282
329
75
642
612
9
539
167
804
807
299
232
639
567
51
785
415
319
879
100
971
75
352
781
765
379
112
879
962
832
849
893
518
98
407
842
358
92
25
978
259
46
324
166
910
363
440
820
238
889
473
13
755
387
487
998
487
698
926
39
968
576
631
79
736
419
550
541
437
192
753
569
777
862
807
929
650
535
799
668
843
642
557
635
578
852
272
482
720
146
383
892
236
688
239
429
904
741
566
461
978
29
332
883
877
406
237
576
110
907
424
376
295
284
595
661
439
716
764
84
799
794
201
501
654
872
401
127
983
7
729
258
774
33
33
51
991
862
428
611
255
88
459
40
160
46
603
299
690
981
642
569
500
866
126
730
151
17
822
85
196
194
935
186
440
934
384
990
159
326
750
995
383
53
217
997
960
457
997
726
387
406
866
66
424
890
149
244
246
946
357
952
511
852
