23442 2424
505
258
530
964
14
78
740
344
376
569
507
375
252
752
262
705
579
565
696
880
145
878
630
886
662
211
836
293
240
955
128
893
352
656
661
401
944
974
74
634
635
416
921
387
13
180
16
531
455
778
987
70
229
336
616
596
487
9
881
113
243
537
686
179
425
731
896
656
182
227
639
429
394
589
214
807
754
108
569
638
726
507
614
301
220
592
609
204
307
100
374
142
977
252
163
331
902
443
219
279
799
846
268
297
252
30
714
333
521
914
370
979
105
146
479
349
174
677
121
685
595
148
209
493
786
196
631
613
870
648
4
584
819
357
144
511
89
781
653
932
452
468
42
273
255
990
561
87
780
703
449
543
237
201
404
276
607
362
170
711
250
43
485
146
58
554
963
894
385
209
815
229
882
677
9
616
592
7
777
634
917
278
655
626
211
980
70
574
575
909
981
787
976
987
565
358
597
108
950
422
460
914
881
191
348
682
863
928
588
174
721
350
945
475
901
903
364
596
224
336
978
381
103
872
810
712
460
778
603
755
671
471
843
360
210
577
160
629
660
906
955
834
431
355
729
909
419
781
185
497
865
811
280
106
696
630
279
130
811
416
100
984
952
185
253
996
227
470
160
692
137
340
510
91
534
273
371
260
183
124
200
883
360
184
482
556
144
733
184
858
296
647
56
842
592
957
490
117
202
787
11
394
837
585
708
537
355
761
721
689
323
85
699
979
296
326
382
124
376
62
620
751
253
751
55
81
744
490
779
723
137
162
954
468
1000
630
550
604
264
874
586
234
374
134
601
551
262
902
766
289
742
848
690
425
250
681
970
613
334
912
118
511
615
970
395
252
11
772
938
605
571
596
927
769
104
361
906
546
196
990
618
699
164
395
685
753
573
308
568
743
404
936
469
544
444
715
560
305
676
268
586
955
887
328
631
22
426
789
703
129
489
608
408
843
234
88
466
549
536
512
34
926
569
497
824
542
273
789
808
195
797
677
589
279
129
861
970
615
587
611
223
534
397
19
890
88
798
677
59
903
610
29
630
34
174
627
109
305
621
945
236
938
989
296
491
951
11
443
472
646
507
809
450
887
688
655
39
34
322
988
495
910
915
668
790
51
633
534
78
793
680
902
347
903
149
523
5
773
659
674
561
306
466
913
920
134
811
733
199
969
645
517
934
379
652
684
201
210
236
355
786
935
754
308
780
81
644
344
650
168
515
442
494
587
24
418
26
635
781
476
251
278
736
86
632
285
483
997
831
749
86
456
665
234
116
532
698
568
810
734
602
1000
483
540
894
449
606
797
311
684
806
708
833
343
753
17
454
227
698
703
601
135
336
559
779
970
436
348
882
476
175
726
349
998
225
887
721
405
579
304
591
819
126
525
555
358
538
717
687
656
56
867
150
29
536
680
305
664
812
254
310
982
155
950
547
657
663
579
887
110
423
781
130
359
502
32
433
987
514
570
467
273
582
160
862
496
680
897
538
546
500
177
324
557
671
648
525
1
868
753
209
276
851
259
633
961
53
163
929
276
817
848
578
576
659
358
457
777
487
148
766
578
834
710
215
481
722
955
650
734
745
816
438
584
54
803
107
15
851
568
965
883
192
832
725
980
999
269
880
983
54
576
798
432
192
219
372
530
68
471
187
561
684
808
6
376
304
372
776
363
897
407
812
919
430
665
371
541
578
982
258
147
43
21
361
698
765
282
365
625
118
885
438
368
79
425
514
334
361
165
568
804
829
934
750
416
707
699
948
3
740
32
911
571
464
836
823
426
681
483
936
677
374
524
165
781
233
723
352
881
282
865
828
91
609
679
188
511
247
295
880
927
894
555
599
601
789
84
720
95
501
188
760
6
22
484
839
768
131
687
626
618
113
573
219
326
20
209
580
218
691
668
736
136
167
415
235
844
224
805
324
433
440
271
178
500
925
485
124
199
299
988
880
512
432
155
205
23
231
397
152
395
486
481
563
990
31
485
617
716
963
943
540
569
234
563
80
96
516
400
597
236
899
378
464
835
935
418
602
997
873
753
992
802
352
57
521
697
367
180
379
346
380
938
215
949
507
352
504
697
810
660
552
350
962
34
548
723
660
530
579
9
602
191
530
941
609
665
483
274
774
276
977
845
766
591
557
959
228
302
829
407
831
9
1000
53
137
579
499
688
945
251
127
49
34
142
352
494
338
715
983
56
492
493
169
117
854
421
527
902
811
470
412
490
299
447
794
674
262
493
277
187
253
582
926
239
489
390
657
372
26
406
711
707
601
896
173
178
118
157
411
595
995
183
879
635
94
799
15
396
971
976
946
891
312
978
920
898
672
896
733
87
753
946
530
732
69
396
812
37
941
965
651
805
721
849
196
913
97
832
416
619
415
84
499
448
427
495
614
691
646
91
797
56
463
360
809
673
809
721
791
853
963
223
751
564
598
805
374
860
11
418
652
79
499
394
79
443
244
997
222
416
843
295
911
205
349
678
466
604
652
471
100
882
696
642
781
120
331
729
850
852
548
821
411
17
277
945
790
226
453
365
483
803
127
676
637
936
737
462
199
692
494
791
45
28
453
678
127
433
231
983
498
634
285
834
262
703
535
977
289
479
766
206
354
987
475
395
743
481
341
543
359
914
984
24
913
436
433
876
436
312
787
838
28
237
716
72
948
771
936
611
278
481
565
616
540
728
630
26
187
814
673
842
467
884
625
978
304
8
292
474
236
556
109
783
867
813
963
703
773
125
137
38
391
441
196
795
346
531
248
819
259
73
267
502
82
612
353
789
19
659
966
738
415
437
295
232
116
642
857
951
985
771
696
258
707
982
474
8
427
867
330
534
782
889
53
307
27
665
936
42
1
266
504
772
158
300
920
619
425
789
319
601
257
895
463
311
195
927
767
950
568
152
802
697
428
486
278
729
441
212
622
824
370
150
145
310
368
968
288
176
552
109
316
171
739
584
973
365
45
663
388
205
55
682
802
286
886
841
511
312
737
220
708
687
30
432
433
426
493
17
240
445
412
546
992
727
425
686
955
517
979
563
280
701
954
690
577
900
570
457
638
865
405
640
489
271
102
623
792
223
942
55
751
908
194
548
195
405
595
802
447
198
157
877
659
463
512
919
376
628
282
750
29
483
332
755
133
417
792
828
575
5
962
298
437
684
140
404
709
619
183
747
835
136
697
236
285
794
754
953
469
476
910
384
363
646
646
626
465
828
886
309
941
829
289
819
946
653
105
265
983
107
143
417
70
932
601
480
926
678
510
568
66
710
508
719
120
227
675
583
43
232
336
348
530
614
419
761
7
847
225
115
784
252
874
52
393
241
60
97
791
820
670
29
111
921
86
444
157
640
660
921
869
237
716
8
566
856
120
268
954
139
812
258
64
663
728
829
546
327
786
240
727
114
417
919
186
133
499
238
809
343
472
144
159
940
988
681
234
379
889
845
869
800
811
383
232
770
394
602
259
782
291
68
119
506
64
118
181
203
203
957
276
520
431
500
919
52
119
528
789
472
133
386
304
326
445
505
982
183
359
901
243
606
280
453
149
11
921
154
87
162
231
778
974
9
225
606
375
813
278
932
591
365
588
45
681
141
90
672
28
445
431
942
290
424
352
860
19
150
6
196
256
186
693
268
608
68
527
589
198
895
823
789
88
844
215
190
218
478
770
925
257
437
162
307
209
579
675
967
560
201
806
851
248
907
823
99
537
40
328
385
772
603
788
923
193
693
196
915
706
336
558
302
78
661
105
350
159
911
698
960
828
294
25
47
24
310
485
471
161
837
268
346
970
912
636
135
249
790
173
254
617
699
717
133
930
15
906
670
724
925
611
263
152
396
144
120
911
457
125
736
328
427
779
745
662
438
455
376
88
257
314
158
576
568
71
73
45
746
199
755
936
956
888
474
770
988
138
383
53
422
585
791
439
99
830
981
2
421
142
718
150
245
929
843
926
813
812
379
703
910
648
894
764
748
896
579
236
748
479
179
810
101
96
667
149
916
12
110
726
726
664
169
868
602
812
182
907
156
229
569
896
436
899
70
175
357
124
809
430
830
63
340
271
180
906
356
258
86
213
189
744
600
477
658
73
17
994
773
991
245
601
261
913
243
250
827
49
839
275
324
758
985
619
570
27
477
272
251
318
386
34
72
10
91
621
119
61
65
235
546
371
30
616
870
713
579
212
837
602
363
92
996
38
854
554
190
278
767
296
15
186
902
249
17
411
415
929
379
945
50
71
68
645
513
34
621
400
740
745
501
683
416
2
74
213
580
508
391
209
354
484
504
692
244
172
711
627
349
40
187
299
948
783
628
879
581
496
760
743
807
218
929
875
670
290
85
675
154
385
349
994
295
268
646
142
420
546
211
739
796
778
320
677
487
322
849
937
770
345
553
380
107
518
243
906
622
462
277
105
531
114
776
899
997
622
42
808
364
556
683
441
940
303
195
126
100
272
779
65
32
469
831
617
472
797
91
408
535
173
579
734
668
814
377
571
500
28
170
624
886
912
817
655
709
855
427
15
10
474
826
217
280
396
115
797
550
983
775
494
240
607
717
698
983
517
46
91
612
517
168
88
377
264
653
101
816
115
753
742
321
543
990
672
265
759
83
345
278
764
849
131
972
980
413
301
539
367
210
553
374
945
860
615
261
923
653
913
972
250
771
805
130
767
456
879
163
437
73
300
871
229
400
623
176
989
642
487
640
789
450
943
793
737
196
126
578
890
883
309
185
293
123
443
476
650
159
452
342
606
180
22
337
913
268
178
582
369
301
961
662
358
472
485
389
260
738
227
489
204
790
856
887
850
352
337
415
488
387
873
579
418
725
623
220
809
974
261
333
304
405
914
254
82
546
529
810
762
941
984
873
976
966
330
687
435
578
253
915
722
21
317
689
162
402
903
33
627
517
759
533
139
498
770
551
601
635
77
640
499
997
172
434
817
483
563
600
495
442
377
577
407
820
320
240
229
413
159
22
889
449
984
239
96
228
810
49
516
960
752
440
775
659
439
117
652
502
620
914
134
879
60
463
375
448
339
513
347
389
166
286
434
2
272
809
489
659
737
188
993
690
714
33
439
525
738
769
163
350
588
853
369
929
655
607
187
121
685
338
444
659
44
94
718
417
304
109
653
616
31
945
67
442
587
564
330
709
692
805
941
555
571
818
231
904
632
657
457
951
950
245
249
229
338
791
334
948
71
579
933
514
516
487
311
327
596
943
144
651
965
220
10
429
546
896
304
581
697
451
771
67
214
817
529
701
54
746
817
517
605
745
856
937
305
926
495
10
364
380
258
29
69
699
834
805
680
455
636
439
874
719
873
124
605
791
628
394
562
206
31
252
834
929
246
70
572
78
249
25
187
354
975
653
165
916
566
10
397
367
420
846
937
172
377
722
932
734
418
501
501
692
832
535
375
442
999
799
335
104
439
38
481
201
455
874
164
342
293
900
497
305
447
298
264
890
453
302
178
782
740
524
928
698
284
560
987
260
995
166
706
131
465
520
39
226
42
780
258
481
367
139
580
212
653
548
165
578
804
534
1000
103
201
777
874
554
380
22
662
384
747
74
747
183
805
392
492
84
928
276
55
318
412
456
855
8
54
642
667
939
734
420
44
81
321
835
67
83
703
569
776
828
366
52
188
604
205
348
296
775
42
321
796
243
453
650
129
613
219
591
383
829
947
312
56
893
492
939
75
678
46
594
978
978
348
219
36
779
488
94
908
123
431
339
888
242
9
49
426
140
866
864
979
176
236
176
675
466
139
176
138
641
847
568
795
394
605
486
779
491
647
589
94
105
863
554
123
362
672
630
51
964
605
582
678
764
80
966
517
832
53
697
961
862
572
459
739
42
682
520
714
740
944
202
920
176
115
926
533
300
130
943
923
741
236
330
560
330
583
497
775
679
826
369
439
892
772
731
970
316
58
62
303
39
829
787
241
72
786
720
279
911
216
974
946
311
341
355
441
969
266
905
872
512
226
789
844
19
447
209
145
47
989
410
380
874
613
818
74
545
204
215
711
179
889
906
72
523
42
738
498
810
224
79
32
306
118
351
825
852
54
907
359
67
188
923
25
951
697
22
65
755
809
707
959
184
597
60
381
352
898
949
514
835
352
41
439
229
373
45
196
126
751
619
124
257
205
169
636
885
927
32
264
423
921
973
447
926
13
186
602
766
862
990
369
942
189
57
574
186
79
114
383
897
949
785
864
407
330
156
751
149
289
758
63
300
413
524
245
958
903
774
438
733
596
828
903
714
572
30
371
431
988
179
497
709
605
387
964
543
787
317
49
789
982
74
116
955
548
248
243
55
269
264
433
774
262
967
573
879
311
289
328
822
141
554
827
203
496
227
159
465
22
715
186
871
958
35
33
706
582
265
16
145
822
918
164
672
187
704
754
190
365
129
349
526
561
150
140
378
95
48
281
267
469
374
859
922
562
570
941
27
372
943
509
941
675
314
245
387
683
726
358
109
374
246
344
328
632
215
956
458
481
538
498
687
311
215
443
823
425
173
168
853
909
99
888
417
610
923
278
159
399
937
305
830
939
752
931
59
122
877
27
219
894
226
779
836
372
564
226
516
547
654
874
864
569
268
507
615
781
465
287
13
30
41
364
233
514
479
53
982
944
817
569
118
839
263
35
74
332
655
40
347
144
276
956
877
704
458
317
727
939
548
438
900
480
935
750
940
405
36
566
764
721
34
327
714
419
497
82
562
360
200
565
779
777
631
5
739
370
462
350
639
989
469
829
444
125
786
863
433
108
854
679
970
589
720
212
199
330
456
536
466
503
229
530
157
53
80
357
938
24
871
695
105
770
803
243
845
454
658
519
335
381
213
383
650
316
947
456
101
860
5
662
388
657
696
870
232
884
30
308
634
641
821
791
52
129
46
584
200
841
271
551
318
338
618
886
579
543
852
548
933
898
558
307
696
191
520
649
35
766
209
891
756
125
64
542
864
525
542
605
604
376
282
358
87
946
860
148
101
781
554
606
781
794
910
175
524
783
109
460
353
700
601
593
558
205
889
588
861
299
444
464
729
547
25
772
689
93
987
378
616
270
349
400
488
438
562
130
346
419
615
142
455
373
39
118
987
880
590
98
164
581
391
539
351
848
631
161
796
595
207
159
813
42
125
793
443
950
51
117
9
810
199
311
167
41
714
291
456
758
169
727
60
10
991
782
567
625
817
942
592
61
656
915
227
738
203
570
951
672
98
326
593
413
332
903
360
296
346
894
174
703
786
83
309
170
541
831
936
269
544
546
733
434
919
646
778
925
582
530
21
614
766
928
483
275
654
575
18
979
287
769
918
555
847
262
512
61
399
600
946
605
365
269
812
794
11
336
187
715
438
936
820
119
415
320
517
955
406
509
821
289
962
323
735
939
50
825
987
100
455
640
789
151
247
279
228
438
220
842
916
876
899
359
437
595
846
736
409
8
578
851
778
530
66
693
898
478
986
907
608
958
660
87
290
101
47
233
670
596
435
11
895
417
462
404
302
715
434
766
391
383
396
753
96
222
87
478
173
628
487
564
263
51
303
510
728
862
587
730
880
478
246
164
563
513
622
689
513
30
83
381
181
882
956
85
335
54
977
901
906
718
34
268
742
467
270
707
503
882
397
570
132
796
119
659
41
28
915
525
221
948
473
98
493
736
632
385
95
57
361
733
256
867
969
548
495
831
51
176
295
938
732
266
65
868
454
706
584
914
661
112
899
725
669
7
542
953
50
996
969
719
798
611
327
883
350
754
897
334
101
101
161
725
960
856
943
104
81
888
359
636
661
18
561
522
150
522
840
5
977
326
500
568
992
785
712
382
113
208
20
168
469
832
324
787
394
38
495
471
2
925
809
129
610
740
9
409
412
485
92
493
165
664
480
485
687
790
442
748
496
934
632
613
74
291
408
836
625
83
727
865
48
346
963
993
4
557
2
948
7
616
568
552
670
513
981
644
996
2
733
286
613
42
998
718
539
349
669
937
213
568
130
959
715
798
807
836
59
877
124
251
151
681
878
974
389
409
460
216
878
253
97
499
455
550
117
226
203
118
932
529
190
51
173
887
11
809
236
323
600
749
432
196
917
698
958
560
609
960
844
286
837
400
359
380
814
289
221
209
983
214
628
516
965
302
193
339
729
859
698
245
386
996
45
377
328
266
310
692
274
550
661
335
913
26
373
39
443
564
863
356
569
102
309
586
777
864
263
386
372
381
577
866
737
801
851
241
481
322
544
228
593
940
839
284
619
267
149
62
876
437
586
465
872
269
31
787
818
650
470
509
548
333
602
354
805
719
298
860
350
960
619
927
476
633
731
708
18
643
655
616
403
702
757
338
52
611
147
88
408
690
894
11
826
373
268
110
7
547
475
75
537
30
807
254
493
373
96
376
222
523
33
861
624
974
235
766
85
137
840
80
380
130
240
236
629
957
103
757
518
631
181
789
169
667
69
520
219
377
606
174
255
538
349
14
937
173
633
46
916
686
342
132
116
849
563
496
405
571
420
215
738
946
160
570
86
400
411
749
95
924
918
1000
454
960
242
761
496
132
241
336
296
674
117
698
259
248
671
151
194
217
377
444
91
308
436
458
969
987
571
277
88
102
550
253
193
110
761
240
900
498
106
230
177
613
990
668
598
533
396
58
28
150
848
989
170
701
290
974
201
758
301
864
702
143
872
470
467
842
216
467
37
983
460
431
711
359
56
705
142
410
627
840
956
794
600
137
502
574
889
748
38
400
695
631
297
936
211
785
329
822
89
544
20
755
104
692
811
65
483
585
660
934
434
281
89
910
2
256
223
702
705
278
600
922
75
625
1
511
768
792
13
977
35
9
928
703
676
740
252
882
439
493
807
506
283
14
3
217
964
34
797
621
642
20
623
34
288
142
783
702
285
722
813
692
542
621
681
842
282
974
890
850
893
372
488
677
574
189
499
339
856
440
425
236
93
756
612
50
678
686
346
669
852
224
523
230
379
972
967
324
601
717
974
954
948
998
445
654
721
520
40
116
478
713
154
130
264
888
662
185
878
578
826
818
476
872
31
158
105
471
970
733
378
798
966
65
356
579
1000
976
550
167
633
317
588
301
216
630
542
847
734
40
430
657
127
71
646
852
167
151
392
980
891
414
364
131
180
247
37
444
160
224
892
968
753
772
188
820
451
131
660
313
178
149
336
219
18
635
768
483
141
158
928
773
665
302
79
147
487
548
96
776
813
936
859
677
701
620
461
223
652
14
276
359
588
394
572
801
50
550
956
221
680
429
938
754
188
853
531
502
728
488
172
855
296
527
620
605
71
154
639
653
114
49
716
584
211
934
680
281
55
73
850
203
177
955
636
825
749
491
544
228
309
44
393
457
16
909
158
336
238
759
658
710
629
827
534
460
479
50
78
741
914
458
944
44
278
240
272
132
211
865
959
30
704
87
655
751
197
50
25
303
434
108
183
434
478
956
738
499
513
188
13
869
737
659
120
648
113
476
742
138
206
493
303
971
705
497
951
295
375
823
189
280
412
496
317
778
779
420
38
805
248
606
349
511
270
700
680
287
337
8
492
915
262
345
416
203
134
267
576
771
599
403
666
813
706
972
468
93
46
924
260
755
556
975
159
341
97
547
403
994
759
419
764
32
259
141
699
526
81
700
754
163
964
622
865
197
902
166
764
291
782
203
523
804
453
832
209
278
736
546
430
432
865
133
477
887
358
367
670
493
457
771
213
141
246
864
473
513
128
624
574
572
956
977
756
121
859
863
237
562
381
400
755
985
497
430
407
202
958
969
955
7
878
67
314
355
565
82
522
456
462
137
625
625
278
15
237
640
711
686
987
89
631
501
673
981
326
279
499
273
564
282
762
516
160
961
416
196
74
155
141
714
266
881
685
609
438
252
24
747
152
372
937
612
598
546
464
973
505
887
320
810
686
155
321
324
864
367
959
865
571
675
769
623
107
17
627
60
283
615
652
505
463
842
625
66
970
902
808
944
536
798
518
143
54
682
530
736
165
964
247
904
579
978
462
719
465
288
233
586
750
27
554
18
954
446
554
195
588
281
762
126
301
405
237
991
875
841
156
631
487
704
969
979
319
65
452
51
500
942
305
652
877
917
864
903
211
594
468
824
651
83
653
103
903
378
494
770
509
87
695
337
966
388
92
593
936
143
196
154
429
899
195
249
690
559
776
71
929
357
680
767
143
876
265
836
615
287
664
385
37
652
35
23
835
398
920
522
63
780
212
28
3
927
853
57
340
976
745
66
748
376
620
298
905
293
470
916
979
499
619
946
329
249
497
527
629
304
341
439
19
80
758
474
654
547
385
684
684
24
779
424
405
449
322
368
759
309
621
759
13
623
927
175
635
965
504
835
396
58
988
311
125
844
274
914
447
382
950
851
448
71
567
297
603
594
898
186
83
44
381
469
452
610
973
656
35
200
488
690
488
426
932
514
107
807
406
654
437
465
108
717
730
438
260
742
598
986
882
286
981
99
582
223
400
692
115
147
631
602
522
301
322
90
69
448
943
553
252
166
672
786
539
578
577
604
114
958
918
529
588
478
659
305
440
419
154
341
819
330
273
772
260
298
873
689
15
898
768
42
483
944
656
739
612
627
974
393
705
553
915
192
39
50
431
550
276
836
145
509
173
172
840
925
328
859
549
39
971
6
950
699
235
286
421
867
22
678
15
574
506
472
422
54
627
192
472
514
985
831
373
461
407
585
452
861
214
776
999
21
320
375
602
475
21
495
96
970
153
445
726
226
476
754
358
155
72
994
454
574
143
982
478
636
331
394
806
300
100
815
29
153
438
914
763
738
568
843
944
697
653
23
986
364
671
911
748
359
727
887
569
624
414
871
181
290
688
77
796
43
324
898
393
373
813
168
345
432
116
714
397
335
747
637
396
495
379
503
542
899
15
375
594
50
991
244
793
679
478
532
472
481
733
255
426
361
630
522
148
438
569
317
520
972
354
173
146
720
201
763
534
486
968
570
96
92
153
893
314
340
934
79
642
478
407
697
601
155
248
183
269
891
383
243
991
896
850
49
854
953
816
601
395
848
675
929
899
420
780
448
856
336
607
228
880
426
866
797
324
157
395
736
83
855
39
308
372
172
948
536
375
441
712
811
645
377
23
931
668
516
345
327
188
35
817
957
460
598
343
277
197
742
727
755
470
635
648
489
463
222
86
667
294
72
529
969
573
90
212
64
449
555
582
553
53
406
516
961
133
624
949
696
420
398
189
938
246
781
259
321
734
792
210
344
241
878
900
849
994
202
866
49
244
225
821
63
435
791
849
120
307
34
884
678
71
878
276
252
916
471
654
340
339
978
343
89
402
676
679
141
764
737
465
452
764
167
693
271
254
152
199
323
735
364
45
351
464
68
484
825
742
296
107
250
645
594
654
501
649
889
124
124
907
279
882
787
418
372
63
835
655
304
494
400
32
892
879
988
374
306
389
226
863
473
857
499
20
458
686
453
500
989
115
446
311
741
868
597
989
760
361
890
933
424
662
897
646
804
201
412
553
903
280
534
356
568
88
352
761
313
559
799
885
833
106
892
569
442
47
867
949
923
605
5
504
598
335
342
289
459
742
511
705
300
76
965
214
7
873
464
554
551
569
181
202
44
507
373
112
574
828
948
242
165
186
218
584
612
378
253
97
778
915
165
535
112
809
327
734
213
290
115
913
589
572
102
718
765
77
73
749
737
90
952
4
687
801
443
246
162
734
800
247
495
130
175
514
339
567
781
851
707
533
98
182
554
337
371
902
815
609
896
518
980
297
743
92
64
112
727
545
126
396
222
746
404
610
932
242
533
847
126
870
143
274
707
447
630
335
210
988
311
453
795
557
366
457
929
193
120
65
910
865
594
26
79
466
704
955
444
847
382
792
986
877
731
175
1000
94
401
462
693
302
423
739
720
561
127
290
927
779
416
108
761
766
109
674
684
656
867
926
703
962
743
826
761
874
838
982
89
146
140
822
675
159
366
850
945
482
55
341
16
930
159
927
967
393
519
595
4
859
206
217
198
714
55
45
827
276
265
350
132
227
414
616
669
972
644
507
382
465
983
289
132
623
333
540
400
969
792
773
767
555
448
998
912
871
310
450
905
731
362
847
531
849
415
555
145
103
857
508
157
221
454
86
891
161
146
417
204
134
729
929
997
856
337
84
565
306
45
56
186
160
115
106
677
885
119
887
457
663
774
519
552
430
36
677
230
352
142
241
468
816
993
462
78
770
881
372
510
553
339
71
295
10
739
334
498
366
550
957
284
92
538
587
182
948
953
421
260
893
986
193
303
824
904
708
51
58
241
597
313
542
64
79
438
857
379
987
418
996
509
219
123
870
165
496
663
768
758
406
69
358
397
91
405
140
918
955
891
327
840
607
456
680
252
353
1
925
730
577
622
632
683
635
636
838
576
799
812
760
482
808
250
181
152
142
30
87
804
724
766
193
550
138
810
616
455
972
95
215
543
505
421
513
833
196
945
787
210
639
76
102
669
259
505
882
369
410
643
350
993
469
701
473
811
94
496
668
794
920
184
398
589
673
919
311
533
527
921
493
850
952
727
762
599
336
372
331
754
383
323
19
517
873
143
174
40
252
672
870
68
741
421
954
841
787
853
922
393
139
93
292
667
802
885
770
961
86
947
138
994
6
286
836
713
189
908
536
100
363
164
13
125
844
341
939
621
727
814
722
812
751
203
553
282
958
175
280
186
533
348
646
145
190
388
204
363
354
884
375
855
235
396
154
750
668
560
306
991
291
306
40
398
750
901
675
601
659
955
755
354
126
249
423
896
559
254
800
477
641
471
612
801
189
862
964
974
445
614
957
90
809
281
691
376
589
10
562
799
561
419
179
209
968
937
389
285
785
523
145
262
57
950
173
571
383
636
274
805
735
304
383
899
352
363
739
89
886
459
630
276
552
71
553
392
659
508
825
530
533
67
496
407
123
80
924
499
3
396
231
219
107
669
405
852
504
889
833
497
752
54
744
952
1
333
180
902
991
882
330
111
346
694
220
878
245
53
801
387
257
337
560
112
935
997
872
924
794
994
667
984
715
309
383
564
419
463
340
323
180
652
96
514
672
29
262
397
785
350
146
131
615
64
543
837
134
152
617
35
405
638
715
903
151
695
187
335
566
148
737
807
811
641
828
269
167
343
252
804
678
82
49
305
935
787
811
697
221
63
327
713
17
110
225
492
357
597
660
209
106
36
524
291
491
89
52
975
64
612
504
33
84
601
989
671
472
329
804
388
262
224
883
175
534
72
683
913
612
749
571
59
656
312
483
262
300
900
866
352
778
308
369
142
460
915
758
812
866
970
698
399
135
93
595
300
436
798
995
686
468
913
751
500
798
431
800
912
471
851
446
257
677
360
480
154
341
648
165
57
565
662
102
96
571
318
737
672
412
120
264
105
510
56
264
827
271
385
107
561
547
757
726
425
34
510
755
37
367
857
128
876
458
254
351
185
975
9
508
99
269
860
754
492
288
11
598
195
592
398
322
962
752
698
444
888
215
745
692
47
106
405
617
487
408
641
373
258
821
600
868
414
447
348
178
374
124
664
930
353
2
310
895
554
614
403
151
158
494
518
522
345
63
604
96
809
95
823
592
505
747
458
330
664
843
727
758
847
289
825
283
551
342
314
545
41
61
998
159
683
414
70
374
826
516
103
819
626
992
584
761
288
996
104
805
609
344
573
40
984
536
5
865
900
675
329
128
15
174
85
188
272
912
442
550
570
876
837
100
971
945
917
39
198
141
688
413
209
126
206
192
424
72
861
660
272
730
260
925
117
784
608
631
812
154
753
740
609
924
166
114
971
452
661
930
43
904
156
362
841
117
115
996
759
424
23
877
883
849
9
71
457
931
125
159
959
174
36
271
224
461
794
573
170
969
120
611
784
627
51
149
456
222
827
262
101
563
789
67
30
810
746
998
334
328
966
468
490
475
89
960
422
624
521
38
704
310
111
496
971
401
37
45
46
895
814
397
147
790
790
990
488
596
294
802
977
686
586
119
316
506
50
509
195
964
156
660
486
925
952
331
710
151
275
562
331
882
661
769
223
51
563
126
689
784
397
636
452
685
881
814
53
273
782
792
888
546
122
71
875
957
53
27
945
263
692
524
232
127
367
322
68
569
858
892
570
260
536
722
781
597
851
515
829
242
534
144
651
56
459
519
31
86
781
753
258
319
40
836
292
788
452
73
431
776
917
343
98
58
750
422
399
886
457
741
677
588
856
678
566
144
208
700
450
976
537
35
59
242
639
992
815
211
380
909
1
920
579
815
552
913
623
680
943
353
738
749
595
128
902
176
808
913
728
343
861
932
223
163
643
413
394
563
129
35
855
886
491
946
517
844
423
89
99
398
479
749
510
714
9
188
623
840
778
763
723
231
526
569
889
728
642
746
983
434
275
180
382
821
476
957
161
239
916
131
794
914
173
922
438
828
95
706
380
893
458
383
89
356
232
7
158
579
393
943
281
558
412
151
896
545
533
337
377
263
185
958
221
107
532
873
608
187
499
602
203
831
90
796
770
439
304
311
511
587
286
751
669
848
340
427
77
594
252
943
876
820
541
610
531
65
49
593
830
631
119
538
182
783
770
826
695
543
423
144
394
72
187
71
196
159
748
280
54
776
803
621
27
958
16
231
325
269
557
242
927
529
258
660
844
420
976
505
95
20
574
937
73
130
696
217
359
284
778
198
353
739
401
509
108
694
930
886
929
582
961
156
868
256
660
911
197
670
470
882
122
398
148
181
772
281
11
619
405
109
104
925
344
460
38
342
385
211
172
6
369
980
644
639
148
68
238
99
82
69
931
547
497
845
10
377
369
54
310
112
151
796
997
942
43
330
499
561
401
285
581
247
484
519
623
172
326
309
823
352
922
18
943
126
323
50
254
663
138
800
496
189
875
840
626
520
720
477
503
572
493
549
973
481
34
176
104
490
797
236
247
591
661
516
306
267
784
372
930
422
38
15
441
868
235
609
373
452
145
534
106
81
163
1
877
213
684
989
521
393
270
536
966
759
251
203
893
536
376
27
269
838
461
707
409
347
830
584
88
592
37
787
604
296
325
563
516
906
784
184
425
786
851
193
292
408
261
415
255
199
963
304
16
88
423
61
921
69
180
492
434
934
364
6
958
751
722
874
361
984
265
185
945
780
819
888
338
954
666
969
664
751
298
514
225
722
933
372
944
175
254
765
524
317
254
551
726
504
243
903
471
959
372
934
471
7
950
819
999
982
146
472
288
121
772
449
58
278
942
336
206
75
243
379
908
581
444
28
918
450
566
40
331
624
834
505
941
91
636
276
803
139
525
596
440
507
401
29
210
395
962
945
516
823
59
959
644
271
405
639
502
917
221
959
727
497
244
241
858
512
630
483
479
185
492
589
927
703
66
710
369
322
945
256
353
918
710
280
251
841
681
463
612
273
535
779
394
573
241
630
991
607
755
854
786
480
934
468
173
548
406
125
168
962
372
396
821
181
397
438
522
589
473
164
978
919
293
53
900
177
673
625
250
671
827
255
324
937
131
792
59
154
405
105
150
267
482
293
200
38
31
185
919
411
908
535
599
742
925
171
21
167
349
593
413
336
207
637
421
155
635
121
799
226
175
355
99
525
123
524
538
815
996
338
756
737
114
430
139
22
561
239
846
693
900
934
535
259
581
424
285
910
863
223
147
643
861
361
287
1000
103
903
756
347
852
679
640
577
259
275
95
583
456
960
942
749
318
200
361
439
727
816
525
914
710
771
478
597
469
109
507
677
991
816
813
279
503
619
780
578
719
902
938
514
971
623
285
79
563
136
289
348
604
406
716
96
816
812
873
360
57
118
550
347
754
94
701
477
142
347
198
532
295
773
756
398
848
50
500
953
636
140
369
898
957
649
323
719
437
938
147
981
177
68
304
74
568
418
21
499
112
920
312
896
650
890
829
443
585
75
426
469
335
750
216
769
553
937
568
119
358
357
179
858
507
888
529
595
834
386
724
780
574
491
642
133
528
964
198
2
30
489
486
650
814
302
471
354
704
199
85
825
977
958
708
89
9
1000
2
180
118
728
506
693
606
931
74
987
130
59
541
737
693
701
931
585
153
218
980
164
258
225
241
235
345
220
987
186
258
782
265
383
606
492
279
319
962
721
530
978
166
143
580
90
408
117
278
712
78
132
761
159
623
225
964
455
715
863
138
835
310
482
793
204
665
668
979
515
881
611
760
323
622
545
347
901
885
347
233
185
967
251
589
932
528
495
159
364
57
631
368
726
70
402
319
41
664
122
87
912
811
883
559
268
66
576
832
16
951
438
243
291
51
367
489
562
940
769
16
11
617
525
645
146
200
304
124
8
97
533
202
879
289
128
228
775
808
844
845
269
811
759
580
495
658
321
731
721
931
465
433
786
21
663
105
103
454
283
945
352
710
5
788
206
50
682
121
724
290
222
985
331
763
860
52
731
629
168
837
665
781
414
954
875
277
624
645
38
592
843
981
921
38
410
382
999
750
426
757
9
951
365
948
450
613
871
724
217
963
972
398
162
75
400
809
445
263
53
96
574
892
153
889
11
170
21
582
1
61
223
872
608
175
809
199
42
812
975
587
168
572
117
231
21
620
367
568
561
269
312
186
983
572
331
787
127
232
949
14
637
936
457
690
24
426
386
225
84
765
629
657
152
352
948
326
721
320
764
510
61
222
359
83
761
863
19
261
716
658
642
454
65
910
328
980
729
209
280
330
463
858
391
711
802
392
151
685
918
872
62
755
955
803
180
196
677
661
529
886
10
352
884
748
279
759
773
765
228
187
812
266
523
281
183
3
381
418
353
19
677
930
693
72
770
994
983
444
370
519
179
151
858
928
428
810
550
275
751
29
552
16
389
106
616
373
652
495
409
136
223
713
828
200
186
380
387
765
366
483
160
947
147
302
530
4
265
167
199
211
878
196
989
521
531
977
167
987
327
307
86
930
722
781
397
242
43
479
677
163
27
450
631
627
320
869
748
555
859
195
184
525
818
451
203
469
495
743
751
709
702
629
213
454
883
201
168
670
778
977
999
53
805
519
119
591
346
459
456
533
434
863
67
627
572
905
666
387
71
508
56
633
51
527
773
278
89
188
555
710
278
170
316
353
741
916
505
765
946
744
52
794
815
865
63
685
570
326
675
14
293
272
211
202
238
992
174
513
708
102
672
849
224
619
201
913
689
24
532
695
447
629
242
611
665
659
813
985
327
562
941
435
9
548
502
941
829
992
576
359
13
864
398
735
839
211
120
132
683
508
929
444
801
937
729
567
408
893
27
417
512
390
760
108
609
183
995
212
306
159
140
849
595
609
309
304
211
210
608
658
106
631
710
732
256
556
497
950
461
749
763
68
942
113
389
856
335
930
129
309
643
726
937
902
78
865
854
685
556
17
777
268
383
504
141
168
516
590
234
280
670
517
172
155
378
435
627
95
722
187
33
483
403
244
159
286
558
544
223
933
282
351
515
713
168
722
85
462
966
616
13
110
653
628
503
276
987
196
618
922
202
276
194
675
487
473
174
9
516
775
122
848
262
468
159
257
471
794
294
144
893
913
137
463
481
442
74
113
706
69
650
167
464
492
28
447
977
542
727
783
286
941
95
39
399
256
196
764
843
738
353
590
833
689
958
155
419
720
447
481
709
909
260
184
322
219
287
757
575
273
608
721
999
282
388
248
837
884
258
867
621
257
477
534
171
296
701
394
186
428
85
636
654
4
406
972
826
978
707
360
884
148
635
854
308
646
275
613
704
614
289
53
755
543
634
666
762
167
109
525
893
304
605
843
212
714
202
356
479
360
529
653
549
439
480
7
454
266
955
85
313
584
650
354
399
244
480
305
358
868
349
835
471
788
925
533
623
368
824
783
994
821
608
974
732
808
341
218
518
261
908
713
759
298
588
954
552
937
216
459
623
546
352
596
85
502
7
954
304
597
558
117
34
73
1000
610
776
129
948
897
395
175
191
391
610
938
935
902
311
285
649
497
301
190
803
801
697
120
954
322
846
529
214
790
895
541
305
297
649
633
156
131
61
688
498
753
931
794
443
189
98
480
179
177
937
585
256
840
978
337
895
870
385
981
815
346
441
479
132
131
895
264
790
608
685
521
631
831
896
873
841
167
811
323
678
645
842
828
150
923
312
273
996
436
425
575
673
82
1000
201
624
121
747
854
320
505
106
249
894
191
643
463
736
156
321
492
650
77
944
582
749
425
619
320
379
151
967
881
637
781
533
227
333
346
388
484
740
717
404
872
813
563
244
917
600
5
292
949
128
231
508
72
830
763
140
231
323
884
2
90
810
227
247
283
420
878
458
265
673
548
875
518
694
810
625
953
25
177
501
685
767
445
733
608
583
551
866
61
885
380
554
523
336
917
478
691
795
197
509
37
648
446
208
988
1000
148
500
126
636
616
411
685
16
518
323
680
234
279
29
114
407
968
599
626
599
681
403
794
612
920
526
89
311
827
514
489
451
401
580
41
152
18
870
387
865
386
926
751
222
418
181
31
331
823
26
361
151
377
253
536
278
806
292
195
56
532
961
685
216
306
529
547
693
144
198
609
548
146
487
966
124
609
787
635
976
234
409
919
601
333
52
918
682
823
839
629
34
248
261
344
125
550
267
861
604
241
52
14
768
884
420
995
227
634
526
846
839
135
135
165
580
3
832
227
959
507
439
383
749
528
542
243
660
749
195
822
267
565
559
107
501
626
663
224
75
975
790
608
278
200
441
841
536
13
897
735
108
763
829
487
906
842
77
389
829
408
984
158
308
420
135
263
636
340
768
132
92
720
492
553
79
820
632
805
854
954
256
186
804
574
176
599
816
792
57
342
334
309
706
310
454
479
580
346
484
24
189
463
6
347
822
634
457
571
973
816
117
170
396
261
36
892
464
678
751
785
883
174
481
622
946
605
450
292
215
788
837
976
504
18
98
722
814
434
341
238
79
323
109
678
709
191
718
149
709
900
391
461
337
718
581
762
670
91
518
254
759
405
343
931
168
540
679
36
979
145
585
404
711
676
438
84
556
384
17
426
584
609
457
501
181
909
610
842
728
216
140
178
788
878
707
617
261
509
381
689
846
560
351
861
427
701
313
270
23
72
909
298
72
374
940
431
766
355
481
277
352
292
99
881
86
126
623
651
16
781
621
761
429
566
702
929
661
253
308
971
832
511
194
949
773
266
864
926
364
48
144
587
300
248
924
124
246
253
390
376
839
677
605
389
98
99
319
9
684
709
945
524
287
270
633
315
807
525
693
647
184
877
825
252
270
267
461
674
67
459
333
408
220
844
831
980
300
295
752
876
969
83
960
696
866
564
441
277
335
104
28
363
169
977
740
456
925
358
160
444
517
553
101
523
759
330
586
710
44
682
563
770
162
217
255
327
555
234
890
778
212
153
644
403
583
820
7
936
201
855
156
136
348
278
335
985
430
119
383
515
457
501
71
331
913
575
424
617
945
278
845
626
518
210
77
366
506
390
692
699
322
584
130
624
241
2
122
595
587
404
285
52
18
15
533
535
45
107
330
830
796
18
616
85
5
171
863
580
314
432
122
65
977
464
161
163
891
310
151
976
741
687
228
280
362
1000
371
927
326
959
493
775
261
61
421
540
194
10
651
710
432
769
921
482
701
671
200
394
730
208
100
664
956
731
964
135
142
721
211
346
405
889
842
179
442
431
739
470
260
545
199
595
627
537
586
831
614
422
74
323
814
82
627
308
865
869
645
137
40
945
604
337
73
860
184
106
29
977
563
43
27
743
686
803
428
1000
611
815
293
995
356
352
312
851
955
115
571
30
216
295
223
559
783
914
146
733
983
341
525
354
324
251
639
4
693
718
969
639
758
42
416
352
56
328
687
572
180
29
954
399
580
416
419
190
218
551
608
790
463
410
723
682
453
839
105
40
773
949
52
589
579
785
305
701
77
860
283
51
447
162
166
887
977
820
860
907
455
71
196
878
392
307
710
233
465
382
320
708
967
30
764
98
216
138
391
584
371
538
340
690
227
554
599
127
216
452
235
112
101
66
445
189
867
824
358
928
197
384
748
831
186
347
945
726
167
175
955
171
602
548
211
769
864
94
534
741
503
366
447
924
413
289
795
531
351
991
155
709
891
829
21
361
791
140
236
610
15
976
740
5
179
41
470
198
910
181
82
627
472
612
720
463
77
179
878
785
405
410
965
698
330
78
388
595
796
367
108
941
224
771
474
878
269
585
536
379
566
783
531
472
827
853
222
138
79
928
518
326
659
904
781
463
682
378
792
763
819
702
673
991
739
770
789
967
568
605
558
527
710
397
386
997
182
50
330
379
130
632
612
290
235
857
418
418
99
345
921
787
859
136
419
128
438
52
605
7
380
452
194
650
792
254
174
992
555
17
531
484
695
140
695
813
324
150
100
357
686
611
31
723
269
85
130
185
259
937
171
758
42
814
986
836
188
578
351
763
225
516
561
429
68
947
520
680
54
253
124
655
898
329
91
465
759
6
703
536
682
9
310
732
593
851
289
262
952
273
869
517
144
2
253
396
35
261
317
746
874
880
409
744
303
978
116
503
859
898
865
96
297
37
686
201
41
916
828
455
830
563
344
454
752
500
629
131
307
274
128
67
14
470
443
473
766
662
690
548
280
697
945
86
626
388
819
590
826
664
876
639
949
465
201
335
746
200
107
961
437
579
744
195
157
608
50
337
341
909
742
144
694
219
517
948
588
582
542
634
829
431
266
862
998
226
847
271
837
480
118
238
703
302
758
907
12
541
806
208
110
48
398
427
342
785
255
640
447
107
86
685
649
161
765
181
263
30
770
46
97
732
479
979
171
29
992
570
60
77
144
134
464
62
540
142
599
793
718
893
660
980
219
872
166
695
310
211
930
590
827
692
191
650
844
702
120
312
160
472
110
168
607
516
108
583
783
192
305
501
210
160
585
520
534
338
452
376
251
912
718
401
273
978
645
804
495
649
95
869
173
469
921
62
251
608
848
939
376
313
692
453
460
243
24
407
757
827
332
324
70
765
779
471
908
343
325
521
432
268
214
398
735
42
453
952
21
581
590
283
77
930
865
287
363
420
665
722
834
403
773
387
318
992
818
856
828
819
327
825
877
757
615
658
391
6
43
941
467
216
686
854
752
89
959
565
999
734
26
983
973
867
199
182
36
507
842
4
466
798
825
308
944
750
529
410
828
649
690
877
415
226
998
612
928
440
790
406
536
718
189
16
364
737
299
84
198
581
819
772
84
985
253
867
416
158
141
780
270
643
274
761
841
372
560
933
38
327
366
314
790
741
537
733
33
511
815
989
910
231
277
591
596
634
802
141
533
429
737
506
829
637
427
967
63
653
555
642
8
916
392
42
146
356
614
380
555
93
885
97
203
335
505
557
18
716
400
554
87
964
879
163
818
854
950
561
851
606
303
450
464
817
275
437
347
706
629
135
946
513
508
601
662
903
13
927
260
252
424
90
159
49
838
919
924
886
697
303
628
741
292
165
173
533
871
619
706
944
740
309
862
101
525
739
477
199
403
172
556
723
816
974
972
14
223
839
891
589
286
423
474
604
771
187
712
376
764
628
133
860
157
622
760
240
710
986
642
765
443
28
921
130
466
909
686
266
736
498
351
812
845
571
606
346
571
533
231
210
307
561
838
56
40
130
815
338
329
307
36
955
987
71
187
928
501
103
77
686
267
560
344
506
196
810
118
127
460
770
84
236
514
992
292
339
107
842
195
172
285
311
644
824
453
469
555
230
538
660
586
841
407
137
431
551
341
572
412
468
742
490
326
845
876
819
767
718
696
645
397
132
475
279
896
548
424
855
855
418
304
365
796
739
669
918
619
604
695
249
15
168
330
765
542
381
38
674
880
479
934
603
139
956
161
322
986
303
404
340
57
262
255
185
755
460
867
573
621
959
90
722
816
635
823
924
346
925
954
107
862
240
437
669
951
156
545
73
433
58
706
156
585
601
439
944
463
852
379
329
267
242
503
830
654
949
293
126
868
915
950
120
25
792
646
561
529
426
163
154
549
356
393
528
261
708
928
891
33
468
788
7
431
964
117
77
609
414
749
67
531
297
340
336
617
304
31
569
727
160
229
743
855
965
161
639
783
453
203
736
672
963
599
608
424
118
164
112
57
199
461
875
248
855
852
163
351
998
642
4
731
61
185
567
918
661
394
937
718
638
783
689
468
889
706
429
111
294
228
94
454
255
39
375
985
451
124
634
73
844
735
267
364
721
821
171
258
61
645
678
634
462
268
69
726
567
479
645
178
38
69
335
9
855
275
862
992
407
662
588
257
521
916
149
178
293
724
193
307
660
25
14
948
61
947
485
804
612
661
161
43
13
776
635
777
101
135
912
596
138
65
393
719
294
931
721
477
88
651
827
442
714
198
26
362
812
226
639
800
24
541
727
409
828
124
322
574
715
917
669
334
836
870
369
577
73
171
210
134
354
676
456
854
896
636
881
814
674
875
333
217
235
653
985
620
369
377
541
377
264
372
22
36
581
227
716
313
452
820
925
220
571
582
913
671
956
388
635
760
279
149
654
944
893
943
478
469
470
312
619
897
748
444
290
448
702
50
875
150
758
975
92
927
699
457
300
797
48
396
809
150
59
665
363
260
87
602
982
595
482
944
924
421
728
461
57
361
254
354
837
280
80
162
454
48
835
421
739
817
891
158
778
970
927
534
163
284
776
359
866
534
238
945
809
504
379
736
587
560
773
124
355
144
112
159
483
789
386
611
365
354
862
130
278
763
154
452
397
267
120
612
865
462
736
963
536
599
997
108
297
340
172
734
339
333
920
646
891
256
985
546
538
400
639
150
517
345
956
891
292
406
440
419
571
148
178
431
19
508
366
985
458
956
961
722
503
351
223
445
319
304
326
210
155
163
1000
548
688
53
869
227
405
551
447
723
800
687
676
27
466
782
719
199
982
739
758
415
614
382
422
606
94
574
139
643
343
692
649
563
213
406
614
989
970
5
661
269
217
511
36
729
35
245
870
703
589
974
891
293
576
651
35
624
864
977
215
62
446
338
944
403
446
12
117
352
346
744
370
983
197
596
60
633
624
362
325
560
784
871
470
629
110
412
160
171
582
769
306
250
544
149
671
541
955
887
589
412
269
784
862
539
268
318
218
25
568
467
468
242
782
956
489
238
647
315
964
7
142
374
781
647
846
269
53
928
34
119
459
234
275
462
458
600
334
398
489
91
523
538
785
894
87
344
715
704
115
352
336
437
386
392
710
117
15
579
346
76
125
605
760
600
549
145
429
311
19
715
910
550
769
447
718
634
819
800
372
227
386
745
746
172
953
216
367
85
691
598
502
641
587
192
229
592
506
953
607
806
428
494
331
954
451
960
594
176
467
54
508
560
732
912
700
148
524
437
328
830
538
494
810
840
492
648
617
170
666
126
89
47
480
85
927
488
864
887
541
711
438
313
84
926
98
652
989
350
34
935
63
368
957
571
613
872
313
558
685
716
709
889
545
593
544
386
986
991
392
507
840
376
996
601
803
21
211
765
606
713
171
782
790
547
379
870
223
961
80
753
423
696
948
585
561
573
554
572
916
311
396
252
938
130
445
806
761
349
423
404
773
557
647
875
540
200
676
638
256
835
123
169
809
917
302
174
913
505
728
980
358
320
467
810
651
237
98
777
615
407
167
408
164
266
734
789
777
254
72
515
505
670
978
86
506
931
387
321
199
831
329
776
623
626
365
142
11
769
946
713
67
154
106
673
714
592
777
636
654
133
896
141
41
491
979
536
603
386
923
864
541
486
357
594
479
422
154
647
499
830
469
822
55
102
416
575
7
216
879
409
906
246
171
413
112
793
904
264
434
435
791
589
426
463
733
657
630
867
842
333
210
933
915
168
371
443
313
219
884
641
1000
970
925
935
9
538
7
89
920
709
337
61
910
151
246
40
48
277
157
442
214
489
544
533
621
864
277
90
726
483
912
155
660
521
279
362
514
604
700
249
691
536
319
736
520
7
738
619
894
191
443
721
813
858
389
998
698
461
743
489
965
745
51
583
676
974
24
694
671
827
777
635
786
295
484
381
806
707
116
967
455
22
576
386
279
56
969
56
498
423
216
322
632
93
461
628
351
887
1
356
503
944
125
286
595
772
193
506
22
37
390
245
916
514
780
508
733
755
389
652
925
414
264
45
471
933
503
530
141
334
769
98
962
921
81
74
984
78
333
457
314
588
368
267
588
267
64
343
325
475
936
425
148
195
695
472
488
939
624
497
495
802
160
346
184
113
116
648
433
437
272
786
161
753
288
475
567
770
83
748
9
433
947
87
510
797
662
725
981
846
1000
993
763
83
887
963
2
293
605
895
284
330
962
315
620
603
280
60
285
590
405
129
537
564
876
423
411
500
292
211
493
358
855
203
219
817
813
110
958
263
471
463
11
651
772
614
857
897
551
311
479
111
846
696
619
612
733
847
731
56
641
67
104
28
390
526
79
573
418
161
286
165
807
64
277
482
749
858
330
166
917
866
427
437
615
801
33
946
565
969
583
274
142
947
415
175
588
730
773
886
446
670
122
897
855
827
402
983
181
183
206
791
315
575
99
728
855
410
346
428
572
356
390
977
145
989
929
823
57
816
999
532
186
581
216
211
86
207
603
688
996
142
614
310
871
661
375
945
910
181
110
44
835
969
544
677
300
912
150
996
973
535
908
928
588
444
114
273
332
756
886
39
923
597
953
994
995
397
237
407
332
209
389
618
33
823
517
958
423
5
502
999
145
495
684
96
390
301
855
693
145
322
181
507
600
902
118
755
695
725
79
619
202
174
568
236
710
765
502
589
368
570
522
190
228
440
15
342
976
638
120
446
718
177
728
84
286
776
656
577
505
991
564
691
343
765
758
868
578
286
666
577
657
177
704
507
318
858
654
834
888
226
947
341
330
738
661
891
738
260
316
845
739
914
469
657
467
445
647
9
150
327
393
346
113
737
650
990
351
574
960
282
168
726
338
832
109
524
134
566
61
633
12
918
412
855
568
388
582
806
28
483
80
250
371
392
416
386
752
373
536
179
413
904
271
164
836
785
751
120
346
151
848
535
343
564
404
828
551
373
73
960
556
11
386
54
361
644
318
901
776
202
168
249
446
171
477
915
386
271
801
588
561
518
666
422
317
431
531
667
89
714
643
108
663
335
4
995
642
101
636
249
452
116
263
577
633
235
979
395
730
451
322
506
404
913
324
38
310
24
306
547
22
661
428
784
213
713
340
401
462
227
617
302
779
859
989
202
592
328
503
812
758
171
850
57
705
250
988
416
115
494
312
700
751
805
93
150
158
137
956
465
182
582
149
628
325
424
539
588
2
483
51
807
821
473
498
1
546
648
492
307
699
889
117
703
563
178
164
86
299
781
987
890
400
919
121
172
227
538
672
447
560
283
711
747
256
700
368
411
951
859
995
943
678
210
18
235
98
325
211
998
459
983
809
100
582
269
995
741
852
537
868
627
361
256
409
440
725
213
102
974
22
92
802
885
84
183
590
136
220
365
825
56
950
742
431
280
783
816
149
519
512
389
647
777
852
163
163
870
14
714
627
242
929
682
39
667
678
66
105
166
322
762
303
595
213
634
172
44
732
920
559
194
983
455
98
520
140
426
564
926
602
733
968
511
807
429
796
667
707
890
603
62
866
844
867
599
326
579
528
754
435
318
383
55
178
229
300
368
398
295
84
311
425
5
188
454
104
253
696
36
555
504
228
23
207
972
31
605
795
826
587
921
494
329
463
229
527
353
517
10
684
529
908
441
596
283
774
461
45
314
19
375
782
778
557
113
814
465
530
764
228
710
630
746
540
913
678
980
856
939
893
781
957
865
691
292
698
837
57
199
220
733
278
635
357
570
413
932
152
723
677
100
551
119
959
820
742
774
596
924
85
889
605
449
17
398
553
841
779
405
178
705
487
109
256
880
39
696
780
433
790
922
318
45
646
214
793
694
66
505
905
30
4
701
844
398
848
672
182
655
783
490
515
316
294
338
305
174
948
578
811
327
215
198
639
591
616
850
937
491
130
161
862
704
127
526
562
332
283
631
362
302
391
636
523
705
455
949
585
421
341
602
505
990
428
712
991
587
477
803
352
432
125
118
490
157
229
700
535
676
529
763
254
166
706
20
10
343
444
901
601
806
480
839
46
126
435
695
623
904
757
377
607
679
700
488
213
930
62
408
372
509
50
453
617
448
352
65
24
399
596
66
16
896
863
17
994
72
310
596
661
206
457
484
717
839
173
192
160
456
243
313
320
255
655
244
635
899
593
859
774
743
543
740
566
219
377
696
749
355
796
653
195
822
512
581
907
32
922
245
665
848
651
799
179
443
758
88
101
855
302
946
763
105
646
19
563
992
567
133
248
231
333
884
136
895
946
107
527
578
762
415
634
641
862
642
37
240
393
178
206
893
414
503
567
940
239
16
184
85
111
103
450
284
418
840
709
265
224
678
259
590
622
87
779
964
860
187
183
310
391
368
158
11
249
441
43
224
996
50
363
180
83
718
843
339
98
42
857
308
481
463
574
883
804
931
522
7
981
704
352
229
497
412
301
499
23
856
101
950
477
273
871
909
738
826
180
787
133
696
147
745
861
28
568
97
134
605
521
292
442
283
920
109
118
565
140
700
401
780
95
189
296
678
465
518
629
908
955
52
667
700
38
710
52
279
658
401
339
716
783
882
994
68
567
135
86
564
33
863
478
798
872
157
799
32
482
697
883
83
346
6
477
493
623
821
566
536
867
641
124
569
964
882
478
465
742
346
617
880
334
874
886
21
361
806
561
631
555
789
35
47
9
298
522
11
296
558
980
845
387
643
7
234
440
2
596
140
884
246
319
856
131
71
993
649
304
233
766
523
403
730
448
424
910
95
970
183
896
519
501
472
202
726
6
481
596
844
278
716
121
300
513
871
358
733
192
314
375
844
103
581
827
176
295
959
803
861
37
160
663
226
857
496
64
83
8
301
335
247
83
761
829
219
310
986
497
613
145
609
181
977
907
571
721
808
370
283
487
4
619
14
605
614
537
861
350
1000
326
79
161
163
939
596
609
987
110
443
987
501
503
53
339
264
546
783
975
193
784
12
554
829
181
457
755
107
771
872
51
167
894
949
643
9
511
484
595
996
289
193
900
719
639
38
488
959
156
889
108
395
617
235
613
727
362
994
176
402
145
727
312
568
418
233
363
264
70
257
638
758
216
452
53
307
954
20
924
384
9
735
169
391
205
646
614
898
99
56
796
522
363
372
763
705
913
162
723
264
104
363
631
770
802
620
869
863
25
400
319
610
890
843
596
915
693
23
119
454
94
243
935
659
791
279
598
876
548
465
459
881
533
787
496
247
903
666
236
101
627
401
33
582
806
612
455
457
216
93
928
236
981
971
450
333
639
710
680
328
257
876
849
132
221
303
455
181
960
149
450
875
737
543
835
146
645
914
601
769
470
313
775
435
327
376
812
432
778
99
161
373
418
245
927
8
185
394
711
701
107
605
551
988
217
978
524
480
896
478
818
537
767
745
950
867
76
763
645
941
728
277
290
331
702
3
140
389
144
657
717
846
970
875
636
645
725
819
108
167
70
926
275
627
540
15
500
948
93
251
221
827
105
212
170
251
718
631
968
963
867
149
635
776
917
493
888
800
236
817
731
175
783
604
387
454
740
339
769
719
233
665
805
811
766
992
473
236
784
679
171
499
184
687
983
915
202
165
883
436
503
700
826
689
731
368
882
378
423
275
294
651
288
227
884
955
54
450
599
502
590
533
862
44
497
174
356
991
715
355
190
409
84
252
424
44
506
848
280
160
373
361
481
552
154
811
138
685
17
193
837
73
343
80
72
326
109
778
415
125
639
245
72
895
149
90
557
1000
301
38
694
590
439
44
92
30
24
888
927
704
184
245
105
534
284
865
793
905
396
956
938
940
630
29
929
471
449
284
418
437
323
385
779
750
604
268
687
390
473
803
68
572
521
951
53
124
139
334
90
406
119
123
691
108
848
498
633
72
281
301
829
52
636
265
311
655
596
593
792
87
541
906
696
794
6
790
721
739
86
217
497
275
564
639
12
334
678
380
769
802
75
322
528
619
385
719
890
354
88
412
129
193
972
239
91
48
295
770
235
68
868
97
680
507
822
144
829
769
631
883
367
485
457
517
162
564
337
217
877
774
566
820
65
972
951
49
973
944
154
723
229
125
470
111
959
363
994
879
916
101
723
384
997
994
970
60
588
247
44
770
838
739
560
185
856
889
732
144
591
826
393
705
390
664
242
201
476
772
9
898
123
626
971
746
803
496
438
834
492
258
490
959
512
505
405
459
542
247
781
893
728
12
915
325
742
453
2
353
617
79
652
700
705
328
245
793
583
151
726
284
100
111
179
921
352
648
262
427
628
86
538
847
784
488
336
670
710
610
989
31
325
723
90
514
815
232
563
630
307
359
609
59
500
45
384
241
599
585
857
912
201
174
977
870
767
853
665
36
413
465
724
209
712
153
427
757
67
305
524
767
254
849
631
608
666
396
80
894
262
683
120
434
373
648
564
706
550
643
140
456
131
265
717
769
994
255
608
830
447
123
809
670
448
284
400
930
960
325
459
128
324
278
162
26
297
339
570
588
844
515
563
384
696
10
18
933
188
807
568
876
522
711
720
250
282
672
189
690
293
47
618
168
178
427
200
662
172
175
828
323
361
828
573
910
669
564
802
64
333
472
883
800
509
396
235
36
482
694
445
694
657
634
124
517
614
144
217
328
662
108
8
447
222
462
763
578
545
640
694
455
181
187
729
440
598
458
762
251
994
852
240
984
76
46
529
303
50
367
716
551
583
139
120
928
137
401
940
298
444
333
268
772
989
70
635
918
447
57
331
807
370
580
294
239
551
108
105
686
693
151
524
100
559
627
283
967
132
445
672
96
462
707
830
237
307
75
271
337
599
545
808
952
824
421
992
828
489
819
20
826
776
449
318
605
263
108
57
114
734
667
983
755
39
194
891
765
849
41
39
681
215
411
976
198
302
968
181
517
74
643
91
292
657
220
156
932
958
134
339
755
840
266
145
851
248
803
748
617
631
200
643
519
589
238
387
426
19
747
485
692
962
860
517
947
394
472
965
240
324
610
880
554
48
83
855
225
280
53
367
715
883
945
857
178
315
666
273
371
631
776
608
536
898
551
226
399
594
261
593
106
970
775
752
333
432
28
256
131
824
832
414
698
855
931
155
850
16
416
731
41
11
662
503
498
49
546
611
505
49
811
480
657
943
365
515
582
79
871
388
667
342
845
96
822
450
118
352
895
405
638
888
717
38
174
521
56
423
607
103
856
832
579
387
4
971
788
146
372
182
595
108
377
948
650
230
463
820
914
976
1
848
422
88
765
800
446
462
52
269
910
934
404
982
92
449
166
318
445
315
608
915
824
326
187
105
609
470
326
93
776
732
441
171
912
996
507
241
528
446
125
185
445
32
37
43
190
298
36
848
143
617
272
792
679
900
131
301
777
594
762
854
359
939
166
981
634
370
694
753
731
882
356
605
494
485
683
799
858
734
216
690
482
969
38
636
94
750
296
377
235
769
403
62
351
589
937
815
54
388
895
121
400
361
383
208
880
534
823
603
830
342
217
419
230
180
985
176
936
882
298
844
766
212
281
309
128
866
952
231
531
785
741
792
446
667
584
771
539
386
728
310
412
793
367
259
140
539
785
170
754
618
665
254
26
25
685
900
675
163
637
151
33
530
71
478
748
736
46
116
976
737
655
40
156
583
810
59
371
797
503
364
805
629
6
831
247
450
94
993
815
110
311
878
33
990
40
220
869
897
601
637
486
348
426
337
996
120
939
290
867
315
274
109
138
91
112
696
357
110
780
534
196
381
438
261
17
180
165
849
854
572
50
286
229
130
59
226
230
717
721
487
844
811
802
854
912
221
351
895
645
62
687
195
674
392
51
426
179
295
504
509
617
427
512
941
501
27
17
345
329
901
868
37
783
543
759
670
327
177
4
814
854
336
936
606
306
109
197
911
87
140
64
144
213
478
339
68
375
791
276
841
797
864
308
433
379
990
130
252
248
393
14
893
152
126
686
929
3
766
12
995
171
909
445
283
258
139
715
386
274
6
709
343
586
631
562
389
696
440
594
875
594
764
701
994
899
319
113
451
517
514
120
327
281
881
983
516
952
604
785
631
134
913
42
412
625
256
589
608
774
654
903
496
605
979
113
543
880
60
945
564
584
65
305
89
848
72
95
669
824
552
948
483
227
671
269
1
329
549
429
618
102
439
489
69
945
853
234
323
982
299
559
764
381
324
584
643
920
650
548
318
857
64
596
799
169
249
30
117
762
485
851
836
895
595
353
896
583
58
985
366
909
790
962
772
746
258
740
508
538
32
718
549
123
386
785
666
441
133
915
113
725
961
293
260
809
962
229
180
317
882
917
313
926
172
482
419
433
139
646
645
812
577
310
748
118
88
412
276
18
149
214
355
920
559
373
204
692
749
399
46
421
853
150
299
783
766
687
313
226
663
380
596
504
901
674
954
827
985
836
589
653
160
582
229
413
1
602
636
625
875
215
872
503
476
981
60
610
706
162
223
139
198
544
227
590
541
60
343
57
638
825
782
120
894
411
446
884
790
701
330
207
796
691
97
49
302
224
372
438
602
554
875
46
81
297
689
132
743
908
556
112
141
387
758
149
312
862
247
675
855
396
296
494
592
637
409
429
979
353
652
876
830
255
615
170
695
127
246
980
405
24
352
288
360
203
781
683
700
309
118
132
483
209
493
398
287
980
664
546
348
656
674
747
588
937
171
144
553
851
291
469
494
258
531
746
750
376
780
698
972
74
221
886
377
620
417
376
570
353
471
16
183
67
753
802
310
49
533
462
205
332
175
231
107
305
85
669
80
458
537
475
408
533
147
241
212
67
181
411
240
866
957
328
638
988
854
548
858
918
279
262
149
722
2
795
195
693
766
217
612
321
694
173
502
340
624
957
857
312
615
503
178
25
954
633
961
314
946
574
107
888
520
551
48
637
716
935
54
30
759
494
204
910
938
896
376
249
21
707
514
458
209
932
982
277
558
379
990
821
422
922
302
255
728
666
190
725
54
53
44
685
231
5
207
616
582
988
53
483
937
738
414
153
787
523
590
382
978
550
711
694
985
327
533
228
799
973
472
723
831
213
837
641
966
701
589
455
808
146
221
346
652
530
277
301
363
475
681
197
781
226
579
691
388
189
806
638
166
842
357
582
7
669
706
18
973
942
399
971
370
136
89
87
342
36
671
663
803
860
335
985
343
896
74
262
821
828
356
341
556
184
53
615
606
39
426
337
291
801
228
285
788
1
263
457
392
927
213
846
706
590
401
970
584
487
637
183
390
285
204
25
345
951
40
460
381
546
845
252
688
692
588
964
748
842
465
440
681
291
870
370
216
506
374
400
33
559
178
52
702
703
512
83
30
536
990
791
843
350
435
117
396
825
519
904
916
316
151
924
713
592
338
499
766
671
166
116
137
337
395
127
261
98
166
426
297
954
584
79
160
956
285
459
511
351
238
425
243
216
311
709
368
230
105
802
530
741
57
309
480
476
887
511
388
919
625
766
580
557
421
164
332
650
218
775
58
543
680
928
9
277
515
900
391
102
588
6
518
372
912
19
622
672
143
252
594
508
390
463
39
137
526
519
248
802
434
288
100
495
789
76
430
452
522
392
676
439
146
599
785
621
818
934
76
637
714
214
279
747
439
534
408
271
713
423
771
724
566
630
302
665
429
413
555
747
556
225
2
337
443
197
164
39
399
655
505
956
224
646
283
403
698
410
761
502
296
532
509
558
196
129
22
340
241
971
255
828
226
672
294
509
95
713
630
602
575
836
37
651
849
483
375
5
330
331
697
470
146
526
102
634
846
401
406
305
336
135
298
734
234
876
985
145
391
666
511
750
459
711
816
580
413
589
441
384
76
970
672
247
679
621
863
447
540
175
741
486
650
839
292
825
382
493
828
791
938
240
647
548
497
48
187
599
229
757
963
139
490
637
326
994
72
2
127
949
340
354
883
901
535
126
526
854
886
267
126
310
136
500
574
915
507
749
653
266
192
346
621
361
714
742
228
862
659
724
990
493
896
282
889
21
864
9
479
724
664
502
992
687
114
492
861
139
297
816
846
143
430
556
5
655
95
700
737
283
443
700
276
341
591
584
765
71
612
666
431
475
630
231
280
121
30
562
235
708
809
592
143
29
248
731
397
679
158
136
301
537
621
224
978
583
441
810
465
106
67
815
823
747
647
125
664
876
606
157
728
967
301
6
134
268
140
335
428
288
817
120
625
209
50
234
503
3
318
818
581
277
181
898
517
909
139
176
703
776
353
830
365
27
380
144
37
45
276
433
834
26
102
294
235
65
515
433
347
319
591
823
711
339
531
227
467
311
475
97
526
69
264
547
313
208
279
144
611
679
360
752
288
373
80
305
645
676
551
357
574
637
275
178
761
113
235
256
776
635
237
39
483
532
673
590
68
678
52
365
905
754
390
668
293
218
260
698
191
55
862
175
489
196
130
74
506
305
816
211
309
305
659
962
480
692
318
399
158
118
637
247
413
414
856
694
417
808
868
839
263
331
497
526
331
508
221
326
802
202
327
339
881
983
797
554
988
389
454
260
191
991
393
167
393
395
925
108
812
855
879
170
63
641
215
2
500
30
890
577
722
604
913
425
731
431
369
992
879
248
746
631
400
257
136
628
492
610
397
408
71
680
973
18
534
792
104
619
308
880
267
304
953
631
111
235
766
872
593
810
154
667
729
79
176
924
731
206
263
730
392
770
856
481
494
392
220
401
492
898
436
36
639
949
975
484
208
195
663
179
900
690
700
160
74
252
415
305
641
109
40
388
583
280
305
268
243
114
945
338
732
677
363
818
799
351
804
634
77
848
296
694
386
688
621
111
192
926
14
687
818
490
377
574
169
604
674
720
739
786
862
29
374
382
689
112
242
750
504
729
68
787
456
979
676
594
125
30
32
782
572
958
582
924
529
810
766
533
961
662
398
567
130
697
972
269
742
312
183
482
172
329
519
482
167
553
560
282
845
895
956
219
441
350
318
507
401
631
215
51
800
492
988
994
885
727
398
232
595
449
985
396
63
755
21
959
701
840
400
111
204
409
195
109
501
768
816
951
943
805
315
695
334
956
862
497
208
325
634
217
575
67
461
427
777
590
991
977
83
833
844
665
418
356
709
276
696
715
703
641
509
469
298
383
676
790
611
886
225
509
130
679
18
807
221
255
139
562
555
721
272
771
698
577
911
448
874
177
707
487
840
591
914
669
620
549
296
696
3
416
810
518
629
330
612
315
104
929
964
311
635
677
268
166
524
141
548
366
387
235
357
588
628
451
279
703
761
496
764
636
70
488
379
280
851
139
606
113
566
975
844
998
590
479
151
754
633
431
423
69
423
210
958
947
316
301
563
187
354
65
799
409
277
412
730
332
645
777
423
425
855
451
603
54
125
486
890
864
425
231
770
901
566
335
143
939
695
899
301
39
494
575
681
735
895
942
129
129
466
508
903
361
996
357
338
807
262
411
188
86
341
675
509
487
304
712
934
836
726
767
120
421
677
18
283
518
564
901
959
679
258
508
134
523
540
995
79
905
395
348
413
118
395
597
270
985
574
207
197
334
591
152
57
508
232
362
316
351
380
306
4
550
629
42
133
918
743
919
868
901
19
747
974
176
301
884
431
341
447
179
636
210
492
863
962
652
189
487
620
561
176
299
504
55
276
276
939
2
502
600
385
562
582
175
741
218
483
840
415
243
619
765
401
519
116
914
881
462
374
258
995
52
839
754
292
513
5
636
752
56
407
270
868
792
277
872
764
846
707
858
383
89
410
811
582
397
711
747
377
577
75
858
49
73
297
462
231
908
66
346
484
606
172
353
567
648
951
831
690
835
759
409
645
777
741
223
290
588
702
993
359
509
690
767
975
750
646
168
585
512
75
164
888
222
644
202
657
792
644
435
912
65
566
301
947
170
971
1000
861
621
600
28
421
274
109
154
908
509
71
574
699
406
806
868
634
664
544
808
490
810
316
372
21
681
928
814
112
724
428
647
904
703
477
549
138
993
963
906
529
613
947
114
603
845
701
441
869
490
479
235
99
861
888
786
320
418
78
996
380
631
993
91
137
2
117
827
462
216
12
615
132
63
938
156
91
205
871
51
598
6
585
180
803
170
703
222
500
60
775
152
8
596
864
987
122
302
473
94
249
233
960
665
927
881
20
58
547
270
532
979
735
843
998
521
914
631
489
951
46
55
715
105
731
194
531
634
931
764
920
558
228
340
392
336
73
965
90
86
753
257
357
504
350
41
294
172
136
462
790
909
360
124
842
679
733
865
249
245
506
419
778
780
166
295
731
349
930
435
275
366
7
852
465
354
542
193
562
748
437
414
391
464
561
482
732
795
870
282
595
718
905
851
55
271
367
300
737
759
339
289
663
797
548
170
808
1
796
89
881
274
322
120
379
81
305
345
482
60
871
916
663
964
119
268
63
447
223
546
235
630
651
849
550
736
928
928
338
190
586
979
979
125
222
730
514
871
560
593
603
970
311
135
479
807
444
239
931
300
783
849
320
699
914
570
25
425
723
519
840
343
166
791
496
373
409
414
204
274
711
483
463
341
278
691
250
143
345
987
906
79
254
618
624
548
72
588
647
382
406
976
624
230
954
419
865
242
916
275
906
410
925
917
751
613
788
816
57
373
324
16
765
726
196
156
243
731
614
719
864
842
528
82
916
707
662
9
37
748
206
650
35
264
690
289
266
291
490
951
715
536
983
806
658
483
625
767
609
128
298
324
684
538
569
750
20
20
376
424
852
332
351
202
255
91
743
503
400
454
439
431
391
200
249
934
747
278
622
27
563
809
782
810
452
248
506
130
622
835
338
232
39
33
831
258
702
659
762
949
929
774
475
672
496
877
211
215
431
29
74
624
64
768
562
401
823
227
961
264
572
463
403
730
676
995
702
21
849
224
533
789
293
692
790
899
995
136
172
809
950
722
357
783
152
180
172
209
973
419
528
439
365
48
52
516
357
747
717
440
454
195
583
78
173
823
617
742
946
680
756
988
681
100
135
855
900
269
990
227
790
968
231
856
969
247
707
312
354
727
523
517
992
283
809
912
736
823
434
923
196
197
11
793
751
588
169
912
490
996
647
78
139
251
820
89
841
955
74
334
593
561
489
427
60
584
673
900
782
764
947
961
745
336
233
695
512
200
186
347
444
415
511
82
539
107
697
100
116
556
656
740
740
616
581
114
444
698
161
441
624
422
116
537
481
127
247
518
108
666
802
847
250
912
639
992
550
560
645
288
722
74
886
156
498
805
225
346
78
786
152
735
557
398
771
530
837
748
372
606
700
545
281
236
546
646
814
838
124
906
176
317
811
574
506
573
579
631
276
772
60
271
871
350
877
371
842
956
924
734
360
328
175
629
704
786
270
898
948
126
406
378
554
204
175
94
6
607
943
541
302
303
966
617
189
87
112
270
472
327
670
830
228
499
581
591
854
146
621
779
169
351
851
655
700
636
623
684
81
474
815
466
192
907
618
256
562
745
190
157
318
171
299
978
983
503
358
734
859
386
759
553
542
186
283
297
621
805
274
864
748
695
66
491
408
264
642
389
598
380
392
978
434
225
124
508
361
100
219
218
624
36
500
780
554
86
566
808
773
111
609
416
957
909
824
122
1000
319
61
910
185
704
933
884
374
872
648
108
410
587
338
35
771
920
261
228
493
19
493
621
189
947
690
222
654
412
634
78
176
135
172
14
332
285
813
715
449
960
943
336
530
715
581
778
726
860
425
674
607
617
711
927
315
1000
679
9
246
773
270
639
54
256
525
386
526
428
921
696
323
626
681
938
642
372
212
294
832
618
752
701
312
888
500
846
249
830
239
369
606
679
46
93
932
682
562
484
63
484
256
353
173
844
71
713
569
838
965
79
258
185
43
13
265
857
476
682
327
437
362
447
484
394
425
793
257
494
370
530
783
398
154
672
982
328
960
101
447
922
594
581
378
337
217
411
401
51
376
324
163
534
417
946
482
278
672
906
133
35
750
399
247
200
575
157
870
566
724
974
469
79
922
369
634
419
570
926
529
926
407
187
31
392
531
162
15
419
217
592
961
753
516
16
326
852
383
630
989
548
156
189
426
197
22
289
257
126
950
262
671
778
929
159
826
603
432
615
188
858
902
300
900
800
638
182
36
401
171
581
220
628
638
17
758
436
908
623
352
514
877
291
749
600
646
848
716
191
240
754
559
466
831
916
422
209
91
298
26
23
834
449
362
653
764
754
753
405
790
547
125
71
792
933
570
247
143
559
741
93
731
49
274
963
690
474
295
75
84
387
334
951
644
386
375
119
797
200
995
639
3
867
306
61
318
285
966
807
571
635
630
132
850
574
28
606
681
798
119
430
447
26
386
720
178
385
827
858
402
316
469
906
907
137
678
869
7
282
546
305
474
36
414
644
372
457
190
586
131
230
471
643
262
997
117
538
939
300
383
951
601
261
70
438
159
332
970
622
820
364
917
315
844
162
149
509
481
672
590
559
232
748
518
1000
1000
342
688
61
703
45
754
5
628
483
782
116
590
573
116
865
539
476
743
791
650
982
444
824
594
349
614
669
976
327
388
583
733
740
681
858
766
828
220
956
435
222
46
27
720
954
470
228
598
688
752
292
515
191
809
787
550
159
949
452
116
583
258
247
278
848
402
880
840
447
677
29
908
735
436
299
957
645
367
961
629
58
657
323
735
509
686
688
21
326
772
117
11
132
743
609
186
608
963
391
22
936
30
318
1
989
290
524
862
205
760
663
118
522
344
59
374
872
139
415
159
67
929
767
701
63
651
555
929
822
50
911
959
86
261
753
16
480
72
135
177
906
903
406
891
422
495
356
233
769
590
46
821
973
118
874
491
567
422
335
955
337
393
912
579
145
668
126
20
985
604
851
745
61
126
431
755
936
70
542
591
7
265
183
485
804
402
111
899
404
241
612
393
82
935
931
275
82
779
563
506
582
400
544
395
685
589
912
478
935
747
41
656
906
475
937
233
496
390
93
807
927
714
131
266
263
380
583
62
928
16
50
916
233
579
334
1000
434
178
907
828
731
584
438
724
490
404
389
193
218
488
468
502
806
11
730
182
562
928
845
916
731
213
746
225
689
949
174
825
924
535
480
190
332
284
172
4
440
356
537
891
720
322
988
905
59
260
883
557
386
228
539
989
323
937
915
817
879
407
919
325
988
594
693
443
771
119
891
303
931
540
423
353
468
227
261
23
581
459
950
968
448
295
211
985
696
341
245
644
17
103
953
453
33
366
84
547
167
842
363
93
235
827
86
682
406
827
472
807
693
266
153
126
106
185
972
145
851
863
817
203
217
719
804
183
27
736
188
335
520
956
221
198
816
497
967
6
548
499
4
236
306
280
902
391
842
618
238
628
931
193
342
293
743
223
137
629
946
362
109
774
759
197
584
667
491
255
496
254
136
874
561
163
852
885
627
963
527
259
962
578
312
530
724
922
361
541
311
430
447
451
640
247
123
621
316
619
859
27
83
889
305
256
280
14
771
34
19
595
345
755
887
788
363
698
996
602
297
387
510
74
512
187
220
781
468
557
466
54
8
119
335
767
759
973
96
388
423
909
115
894
249
754
605
753
515
778
293
46
70
592
342
874
871
994
497
829
282
59
448
92
99
939
244
232
139
754
497
325
417
185
621
772
582
353
636
809
360
257
511
365
736
156
864
813
700
489
223
265
541
266
792
494
538
541
267
213
452
246
619
457
928
699
640
957
16
326
477
372
58
695
490
7
591
64
514
387
61
479
990
664
870
223
169
451
103
695
963
356
970
401
806
209
548
804
428
274
295
979
302
251
929
60
990
685
812
354
551
292
540
300
231
370
580
427
412
971
249
376
444
279
93
963
723
412
702
637
473
553
676
495
682
812
70
201
92
301
318
892
276
849
8
128
961
552
951
671
472
222
89
488
422
862
950
197
729
418
748
253
8
789
270
867
14
313
784
869
515
17
829
534
91
273
74
108
101
800
704
690
892
45
773
951
138
247
819
38
920
12
976
580
432
347
933
773
523
986
391
304
475
760
825
270
794
196
856
863
449
708
670
909
731
679
807
758
95
572
767
902
81
696
649
555
809
724
417
751
706
373
980
154
869
427
779
502
108
298
724
225
407
652
904
294
154
404
62
676
709
740
735
909
795
752
648
953
291
593
939
241
282
732
990
492
159
352
170
717
974
539
525
282
142
46
481
343
747
692
883
513
28
391
516
884
494
771
516
982
663
969
818
513
20
326
693
853
315
761
158
491
562
168
459
123
598
988
878
503
141
64
604
550
949
886
583
754
74
426
28
114
292
253
702
433
926
683
217
333
376
861
712
48
190
288
567
459
32
141
633
582
360
127
811
793
191
192
591
751
263
460
867
885
522
835
415
360
714
420
579
388
687
773
438
805
333
548
832
546
787
313
145
373
700
633
167
484
970
997
252
395
862
601
998
472
929
885
590
286
527
983
313
955
655
567
722
969
44
210
454
32
271
256
910
499
954
934
865
175
766
805
895
151
422
297
31
74
402
882
218
43
93
286
197
192
400
941
627
956
733
324
81
374
844
755
857
1000
617
847
103
432
348
49
495
314
431
524
981
124
548
539
651
1000
77
817
31
405
2
319
778
95
646
345
210
43
842
193
824
652
945
891
611
849
626
511
636
956
58
11
488
28
79
854
417
820
574
566
237
474
909
27
533
121
850
33
632
919
18
274
277
695
267
90
668
937
883
985
958
677
870
109
488
700
291
957
325
439
560
599
873
669
466
539
294
770
542
949
699
874
203
783
624
738
645
156
595
776
508
79
670
446
939
698
406
875
1
591
990
441
267
267
706
504
720
518
412
346
996
596
699
309
245
806
39
532
121
418
398
126
750
87
234
470
513
594
609
89
904
325
44
387
424
194
128
138
911
196
400
297
682
38
937
31
169
681
892
694
982
499
199
116
50
843
269
413
880
702
201
143
104
205
823
436
693
173
636
420
200
989
49
784
75
35
835
664
582
400
902
486
237
719
573
89
487
866
44
859
265
149
303
955
762
657
856
668
436
378
268
892
25
410
678
822
524
796
411
880
60
833
389
846
508
198
497
85
878
868
760
201
131
319
17
511
724
480
222
196
981
187
722
972
372
962
266
947
23
144
105
376
459
950
9
885
189
33
449
505
509
634
474
390
278
357
753
427
16
26
881
178
502
200
670
595
961
205
570
392
418
239
691
783
836
78
627
267
352
143
807
755
542
259
921
122
787
285
383
525
373
424
673
168
809
679
910
945
822
819
448
820
640
585
179
853
845
913
554
185
579
992
578
949
416
15
750
645
897
289
409
255
932
193
719
453
509
706
724
855
789
605
659
863
326
327
104
651
96
328
718
470
424
988
867
911
788
934
711
656
976
425
761
16
907
997
538
306
755
208
999
604
621
2
379
425
934
855
603
79
845
985
936
698
398
756
872
159
808
992
390
762
536
107
502
728
908
524
378
853
505
649
23
840
174
330
336
266
246
403
802
627
810
142
511
477
853
383
483
279
502
382
442
475
521
457
288
888
278
359
79
528
193
246
557
131
152
141
371
923
769
83
239
942
265
582
219
616
621
725
387
38
181
431
467
987
204
2
423
23
298
261
986
435
490
525
392
646
428
76
347
515
692
533
25
9
217
18
404
929
687
878
489
572
997
708
514
107
808
510
204
389
190
678
825
892
708
536
256
968
361
478
952
154
513
507
840
90
290
425
682
858
442
523
836
937
279
827
366
682
437
357
334
322
836
914
359
965
880
487
717
177
255
371
122
865
950
156
525
379
509
483
166
955
694
3
395
678
642
254
823
544
396
936
405
486
668
970
649
301
77
816
143
593
935
292
730
886
654
577
807
339
841
24
303
114
916
262
801
226
502
612
653
213
948
750
842
386
100
341
761
388
779
437
79
745
543
311
503
19
326
768
886
139
462
472
685
945
82
989
587
581
331
429
280
186
45
271
307
85
702
67
317
178
338
925
660
464
865
654
433
352
496
603
906
433
812
948
993
631
650
950
51
384
274
242
305
86
591
892
194
15
456
332
815
288
75
568
374
934
189
416
545
395
314
529
220
247
891
395
481
748
283
987
839
985
474
666
879
201
18
547
30
777
605
17
423
333
132
703
574
123
177
262
989
254
415
586
915
340
52
669
671
913
358
267
514
498
187
485
219
107
751
990
808
66
650
593
635
113
999
712
715
200
671
502
511
320
548
111
671
161
158
875
995
773
721
991
409
459
997
11
155
301
677
60
135
66
721
420
701
596
468
949
765
259
726
538
246
537
19
55
496
324
633
763
907
592
686
741
470
426
921
148
417
6
860
238
179
33
353
738
524
639
881
358
316
846
526
377
107
314
674
522
239
343
566
543
913
42
837
823
447
489
350
729
676
118
733
163
868
784
898
476
321
633
568
433
336
25
423
620
612
705
572
96
106
874
468
143
820
628
228
940
431
407
4
665
740
949
175
194
274
597
492
176
682
362
1000
800
658
514
674
441
451
864
214
74
187
27
619
625
980
685
589
21
27
860
651
965
730
52
986
22
46
954
344
817
905
603
273
946
249
763
822
842
183
119
817
382
842
908
811
935
258
85
143
64
101
200
660
91
693
201
750
76
951
71
669
244
917
258
276
55
29
971
115
647
537
436
502
543
549
51
997
544
692
36
882
703
340
364
421
229
269
71
403
150
405
922
787
131
463
977
544
720
279
475
970
918
680
425
284
426
686
947
303
676
572
706
118
113
544
15
249
818
434
363
266
11
593
21
858
396
853
711
549
915
422
985
746
401
84
917
652
896
516
153
59
772
506
800
724
455
809
329
205
786
708
135
298
51
169
567
627
401
121
173
659
394
82
511
459
919
413
576
564
602
392
751
329
62
956
13
739
175
512
675
570
782
964
673
515
910
863
896
21
978
146
362
67
757
307
412
853
832
499
139
118
759
704
748
663
924
684
154
427
227
292
107
65
652
305
300
622
933
2
961
536
757
969
285
252
186
682
168
392
572
119
68
273
296
438
272
959
365
105
877
460
834
341
611
393
703
988
653
554
623
163
568
812
476
172
97
918
619
925
372
989
900
768
733
574
691
97
755
896
42
451
520
119
837
995
539
171
364
731
158
927
844
953
487
434
374
397
667
401
111
78
727
235
143
166
566
323
890
961
6
562
306
394
514
731
522
887
849
205
604
560
693
357
29
715
582
473
900
163
245
678
94
917
257
354
141
41
445
850
652
87
328
46
437
655
155
224
499
784
999
753
264
914
157
308
928
644
187
353
156
975
878
43
825
824
698
387
798
946
180
346
257
746
465
499
851
121
868
199
407
110
156
294
695
841
499
885
663
169
992
106
824
727
262
410
671
361
107
548
899
368
786
476
154
906
153
129
236
216
132
718
559
97
320
181
81
494
80
663
241
604
380
597
711
509
485
675
648
15
443
231
19
739
439
574
166
759
193
40
457
381
387
407
505
986
987
708
711
400
701
338
151
660
727
865
714
392
900
684
500
698
58
675
870
211
644
594
477
370
344
704
825
599
313
505
31
840
894
797
736
95
1
791
400
961
714
886
535
1000
986
799
419
523
632
705
868
321
671
831
23
338
542
570
412
182
815
333
240
739
312
399
76
795
533
516
612
435
228
509
104
86
815
851
390
320
86
312
318
428
754
462
565
783
835
277
619
90
683
34
869
499
193
178
499
980
711
579
883
747
981
732
524
609
235
960
108
331
459
656
883
508
212
325
918
737
96
202
268
883
367
968
340
905
642
103
414
923
425
668
37
48
5
77
564
737
215
807
445
700
847
969
539
218
78
254
962
33
956
207
513
602
947
711
527
972
65
13
491
831
770
645
315
234
788
95
110
86
50
943
66
553
866
379
231
212
359
552
505
461
175
982
378
270
45
959
997
916
992
460
772
809
571
472
708
698
123
611
788
825
980
664
842
660
997
359
845
708
623
188
315
311
785
822
317
903
407
17
159
961
311
836
73
47
890
612
968
398
529
39
397
569
926
706
845
236
414
916
175
617
598
864
705
967
835
295
916
478
664
580
683
204
452
134
880
595
225
681
519
384
95
757
489
462
942
878
899
241
119
354
748
540
652
310
434
563
604
610
78
305
272
1000
115
252
977
417
499
596
679
448
98
80
987
196
1
40
958
251
636
460
576
770
741
315
114
989
919
301
924
13
115
506
800
749
534
713
325
605
777
290
381
895
416
996
543
781
108
56
741
17
377
251
279
26
280
128
71
238
334
468
507
587
756
985
303
596
909
499
208
802
546
670
225
168
977
758
210
14
362
557
92
776
929
768
902
108
295
467
379
719
137
561
762
521
943
820
717
796
406
763
538
289
751
247
973
203
854
333
508
801
915
39
746
56
260
331
956
440
617
146
519
226
415
434
136
784
190
797
946
117
411
56
244
273
63
349
376
430
653
865
902
934
424
814
246
842
3
50
426
492
183
15
26
70
296
457
877
321
160
659
503
472
387
834
197
250
754
904
131
43
784
898
926
835
896
683
811
77
413
919
862
874
519
537
12
236
485
125
745
827
86
278
354
819
23
129
453
204
760
960
244
641
455
305
710
818
19
245
270
26
802
169
842
441
243
856
837
226
701
366
221
62
415
359
14
944
445
518
5
296
442
454
373
472
448
437
918
178
553
468
273
687
530
272
285
97
259
916
381
162
904
333
480
779
155
548
448
638
863
680
947
237
14
417
69
609
645
478
580
171
835
824
435
470
29
381
895
410
53
662
917
499
382
489
114
929
562
831
993
846
476
735
521
211
622
986
509
538
773
397
458
869
960
474
924
630
140
303
529
261
67
573
532
646
984
354
180
176
892
648
18
239
365
219
687
514
930
543
627
93
632
432
87
617
520
385
412
479
230
14
538
233
60
225
306
721
405
632
84
752
986
221
322
945
712
989
355
619
96
186
729
602
694
689
755
622
483
493
532
786
843
850
42
294
176
714
824
566
877
980
148
442
75
696
994
916
471
948
7
980
138
530
582
759
240
863
871
324
466
14
99
342
876
283
657
773
527
905
733
844
816
637
483
932
543
968
312
288
569
512
434
87
167
231
227
526
925
275
370
899
508
901
473
995
496
994
256
516
530
845
753
156
663
763
650
480
655
653
934
318
559
529
732
692
783
394
806
958
501
820
772
940
385
73
199
489
31
542
214
389
728
198
28
356
880
966
31
942
193
839
515
477
399
80
749
993
867
114
569
535
881
74
485
598
697
554
955
137
657
303
803
768
913
284
758
350
717
863
164
820
519
711
103
229
3
212
926
96
370
479
619
362
231
205
157
241
669
816
959
593
478
38
367
835
525
808
272
409
190
36
672
908
553
532
179
702
882
429
926
976
452
361
133
453
993
765
157
749
707
684
482
796
703
306
371
480
221
593
377
622
505
303
324
557
197
998
286
809
597
764
29
426
505
225
341
50
830
427
972
811
862
372
405
79
555
43
838
430
200
663
225
299
448
688
774
287
789
214
552
941
994
7
748
36
953
917
269
481
79
926
42
146
419
635
846
987
410
209
40
21
974
323
273
50
970
773
424
859
624
779
233
458
283
248
753
192
437
143
788
440
242
238
464
194
115
862
631
913
389
780
897
429
375
251
647
298
56
272
369
888
198
669
930
769
423
854
814
949
372
487
939
649
529
92
573
547
911
343
16
272
539
301
194
695
532
609
741
604
424
512
194
470
263
476
273
696
191
138
315
508
95
363
248
355
772
318
401
534
894
452
511
273
412
507
641
378
524
500
371
838
564
654
25
373
700
952
224
257
641
586
110
155
796
997
573
886
393
638
812
778
529
344
710
658
808
391
376
150
175
933
799
666
995
40
720
901
4
690
375
787
679
936
521
100
781
388
985
107
218
915
135
887
70
688
972
445
23
727
799
636
62
963
19
759
613
832
614
391
423
713
612
631
576
171
939
894
137
360
852
256
478
910
384
750
775
741
369
497
874
277
500
979
295
621
966
518
963
653
332
602
86
301
145
532
949
996
340
777
240
82
695
23
733
838
9
13
371
176
541
478
728
824
897
43
236
14
968
757
76
343
809
22
472
951
477
793
684
201
452
382
139
849
593
552
199
691
626
142
715
24
801
925
345
176
421
332
652
891
546
78
8
63
532
980
333
845
224
801
15
900
972
532
801
573
506
441
341
861
633
584
205
134
700
661
926
342
337
110
576
750
642
384
455
380
296
683
613
769
59
937
301
148
491
755
362
206
634
220
694
284
584
188
11
952
686
46
414
152
539
634
94
934
794
396
314
758
626
203
760
595
533
27
303
994
585
451
694
973
362
8
530
729
254
808
124
840
607
512
897
8
821
951
704
211
274
352
455
877
588
452
615
73
214
950
139
788
399
485
565
672
25
533
986
219
187
862
601
821
512
852
31
374
550
93
517
621
48
678
633
458
141
727
857
789
414
506
379
588
555
368
696
905
31
620
876
410
568
437
416
232
8
872
200
448
70
517
438
277
150
557
197
156
789
34
230
670
294
207
838
145
391
908
686
784
900
563
2
182
347
430
843
103
935
527
61
888
646
909
569
434
963
38
692
995
300
679
271
508
52
342
53
44
11
777
840
979
513
12
3
128
70
279
865
404
534
886
541
469
77
135
936
268
511
159
183
895
123
422
466
496
82
526
302
427
349
560
236
780
893
31
520
919
329
714
554
326
91
662
688
271
419
778
11
275
427
410
965
849
609
381
697
728
408
903
323
744
167
256
580
18
136
754
56
955
762
974
287
326
752
528
167
231
352
799
192
8
389
110
663
367
630
166
540
198
260
330
635
922
488
281
359
29
770
439
963
733
251
228
263
514
636
251
953
987
221
485
121
538
423
956
667
219
338
848
849
186
784
989
951
330
624
419
805
462
732
509
313
371
251
171
258
260
576
368
638
357
289
116
253
425
208
874
235
653
486
907
250
962
883
402
853
542
375
975
959
100
461
580
298
783
858
18
984
67
74
437
598
853
940
372
652
558
537
650
406
267
97
152
750
336
589
896
15
560
142
587
4
991
405
77
327
49
785
444
226
448
740
260
26
729
918
61
534
519
521
531
268
919
227
878
477
43
687
112
356
855
676
801
332
223
308
870
319
527
991
590
743
369
134
660
512
179
520
368
68
918
232
718
518
504
44
325
719
803
472
48
413
804
889
753
55
821
651
665
562
851
588
906
903
360
382
365
882
378
809
532
901
898
678
769
427
767
173
197
565
32
568
242
640
501
62
209
717
655
977
294
784
820
912
383
506
452
510
336
208
774
713
865
473
828
307
222
315
730
749
974
974
955
359
798
519
52
521
59
975
911
998
251
642
954
715
525
641
461
541
900
768
464
24
640
944
234
456
388
470
699
132
825
314
75
14
386
26
600
372
806
100
117
642
698
703
109
550
676
35
428
811
409
148
743
399
183
131
854
36
4
693
201
578
221
58
40
860
936
895
706
639
875
84
687
950
714
39
798
344
301
992
920
624
967
651
715
948
24
761
455
703
668
263
564
16
115
645
323
617
759
408
241
48
208
568
279
241
723
683
852
105
159
592
65
309
103
613
92
401
411
914
654
802
246
76
877
605
457
699
475
853
927
835
636
145
567
815
132
379
646
281
391
162
26
252
687
105
839
883
202
710
334
270
466
36
593
132
747
993
57
980
880
784
16
475
414
833
503
841
806
596
961
755
824
730
286
483
739
12
81
803
174
161
187
38
746
621
454
448
310
644
722
632
482
763
851
621
940
360
201
438
14
845
158
809
605
561
236
765
996
94
237
919
207
852
113
249
249
845
443
462
798
327
988
776
953
797
823
171
120
278
27
207
619
557
757
737
744
895
259
730
586
472
913
511
149
654
136
599
108
676
850
616
948
697
832
531
470
431
708
427
688
452
775
610
485
908
876
469
113
277
699
579
365
633
919
449
161
320
896
657
277
235
338
590
215
906
484
833
672
31
115
176
759
65
588
465
756
730
693
812
750
217
228
926
206
785
246
807
418
904
466
301
147
57
332
590
879
370
450
43
255
951
834
151
490
197
530
308
401
704
991
110
673
549
407
894
980
73
535
736
528
328
749
189
214
758
182
466
764
458
786
663
756
702
579
418
451
177
674
233
922
437
538
651
337
497
147
552
439
7
640
620
939
759
969
272
854
307
34
369
783
137
786
735
261
380
773
999
961
347
387
162
313
337
887
332
438
835
320
462
359
877
715
140
547
389
631
695
916
847
647
259
198
727
684
195
828
90
793
833
972
893
269
806
366
596
132
824
160
917
414
958
421
130
127
942
641
283
429
160
239
930
150
49
211
237
991
9
569
687
965
837
996
375
920
693
279
543
555
239
672
118
358
42
536
175
548
876
164
232
957
37
815
260
541
818
462
865
683
819
594
971
163
637
18
639
317
768
246
825
380
369
325
62
847
18
960
698
11
590
492
628
887
773
324
645
374
862
125
141
849
360
449
406
467
15
165
183
83
742
498
98
621
439
479
326
513
436
909
477
43
626
586
655
489
89
695
502
840
493
306
392
624
816
757
193
323
662
125
62
314
975
131
514
200
512
647
141
661
474
64
8
356
386
661
626
333
807
87
14
748
816
964
771
48
179
358
210
213
239
482
36
2
483
402
202
692
588
579
347
449
419
376
633
806
973
413
652
914
489
820
981
152
670
860
228
881
722
581
923
688
972
317
273
732
227
550
993
817
300
893
920
663
736
925
906
130
171
490
677
56
631
207
492
342
711
232
709
620
124
184
844
516
115
133
446
431
421
943
847
656
950
940
276
22
663
951
818
670
53
397
149
87
87
502
977
885
827
498
997
7
105
985
187
185
623
362
186
907
835
269
364
751
532
41
280
503
346
471
473
876
353
628
749
640
427
35
918
606
499
369
117
684
218
279
730
176
517
452
421
288
157
961
89
504
910
979
275
792
784
452
351
964
281
361
940
338
458
669
291
607
501
413
931
803
166
779
504
640
975
724
552
359
273
305
917
539
290
970
437
435
722
830
197
660
37
716
490
429
500
93
206
10
691
343
41
978
909
180
549
681
571
401
17
22
249
927
1000
102
794
854
559
631
294
437
554
502
483
963
399
178
737
857
265
806
629
542
710
51
615
906
202
811
420
835
90
8
756
555
490
291
293
271
264
573
742
162
454
857
349
520
708
528
890
747
731
140
929
386
283
629
588
701
230
23
231
778
819
506
658
987
444
761
131
614
752
219
873
188
513
773
418
34
167
799
574
555
692
842
185
251
686
392
341
749
505
204
750
135
330
469
236
793
700
16
324
458
535
363
328
979
708
155
674
217
402
527
21
463
709
618
396
834
913
549
657
227
307
210
512
137
729
658
585
676
989
993
993
875
742
364
993
623
998
794
246
494
933
280
847
729
388
899
67
558
659
203
632
942
389
650
757
280
39
576
505
564
20
882
241
785
891
919
382
633
895
978
724
447
966
947
573
80
867
302
524
135
517
818
323
878
261
874
669
492
980
704
868
426
251
733
372
45
584
611
366
231
552
163
926
142
695
727
222
340
610
369
809
69
422
922
112
852
486
220
993
326
160
272
723
709
544
713
147
38
309
215
673
628
791
294
900
59
343
644
634
629
167
310
673
657
13
907
321
167
533
64
824
933
68
850
852
349
30
71
692
716
848
862
440
261
30
826
988
884
879
163
721
660
212
508
932
361
829
422
798
447
67
780
490
753
831
949
73
778
458
238
897
752
387
997
410
59
996
431
912
667
437
234
484
960
248
196
363
695
195
970
621
628
177
290
7
418
393
554
610
981
142
246
393
808
261
662
607
807
42
965
823
631
91
195
266
465
107
764
469
971
481
671
272
822
734
945
192
185
363
423
693
28
800
799
453
38
870
24
63
856
447
268
633
56
504
261
787
127
230
902
690
283
190
358
982
710
867
305
852
997
883
846
788
57
539
329
980
930
111
411
619
783
194
157
431
807
348
737
320
555
719
761
298
241
786
510
199
611
182
722
595
694
115
366
182
756
340
389
501
362
174
991
522
186
78
151
215
874
416
966
783
36
984
30
46
300
341
527
131
333
873
317
917
436
851
911
115
155
988
498
747
40
845
429
484
475
880
387
507
644
699
164
562
946
393
867
996
621
608
57
291
197
219
777
683
784
169
810
172
472
932
160
291
963
316
460
873
657
506
207
827
242
741
939
440
869
648
498
375
978
306
173
102
937
956
910
100
89
87
182
488
90
339
968
239
211
209
748
418
661
491
557
997
245
670
571
794
718
343
522
316
765
163
41
676
387
189
716
480
831
52
147
839
121
714
985
582
992
70
949
710
29
819
76
195
990
359
557
78
828
701
980
332
933
627
783
134
819
341
844
191
722
840
705
529
214
511
267
664
867
994
656
557
939
362
556
684
132
95
584
534
559
778
846
696
554
883
399
523
479
532
29
826
3
171
561
942
128
100
230
549
891
77
860
895
958
457
934
32
119
718
100
425
600
502
794
55
733
914
439
330
665
194
55
16
49
30
426
383
743
920
10
14
88
952
209
837
535
983
641
104
384
44
402
664
261
130
943
946
189
840
985
790
632
712
35
785
324
40
508
179
947
764
832
354
283
602
175
750
900
108
245
682
270
418
344
938
576
141
446
663
434
445
196
196
916
36
95
733
900
193
919
131
437
974
911
937
810
627
279
154
87
688
978
473
753
95
24
758
448
327
597
608
108
786
960
38
590
24
261
317
210
146
356
981
219
616
615
860
647
251
944
753
295
780
625
634
873
315
770
615
398
73
982
148
204
350
830
371
916
596
916
616
565
961
754
131
160
769
105
545
42
450
170
84
677
711
689
542
854
206
212
938
937
770
424
267
625
481
549
683
168
294
293
278
981
24
561
668
569
266
980
58
361
913
45
889
279
897
546
478
105
393
880
777
696
634
564
414
395
563
845
135
769
208
887
231
482
919
889
544
543
577
144
550
870
951
922
131
919
491
948
329
185
90
237
347
830
113
608
92
386
429
102
797
312
505
346
772
685
468
699
888
75
776
853
622
352
84
56
599
564
363
15
727
374
35
427
256
496
815
126
37
887
238
536
599
532
193
790
644
749
873
565
755
708
494
435
505
879
249
679
70
719
459
812
121
953
644
810
984
920
773
13
281
1000
214
932
204
645
969
811
959
466
685
586
353
962
356
851
7
75
125
272
473
510
658
578
150
225
955
67
172
613
538
918
569
71
45
457
677
835
656
962
293
445
440
239
642
182
272
788
936
653
848
977
239
611
905
570
958
926
290
613
323
399
582
991
692
964
132
528
561
230
926
914
951
188
594
854
950
519
916
134
556
764
370
412
841
61
847
722
625
280
616
528
301
670
146
378
706
573
810
207
72
255
451
771
540
225
980
573
990
613
167
898
588
376
956
976
317
324
275
348
623
527
270
197
562
83
997
350
163
780
519
24
786
549
288
877
556
691
725
782
113
384
626
567
735
490
788
662
133
425
320
439
937
308
274
402
619
229
199
108
880
664
627
538
863
192
675
41
215
339
301
49
423
337
355
909
125
56
780
28
352
579
571
923
14
662
558
209
839
308
656
858
975
514
23
253
56
25
183
302
806
111
69
500
825
190
796
692
158
28
868
708
391
210
198
337
446
854
313
338
318
752
536
594
26
856
162
538
596
279
553
148
864
545
715
193
230
770
572
420
811
325
778
853
272
166
896
704
42
986
595
891
296
538
208
427
953
44
964
631
275
426
178
76
429
888
281
111
350
34
660
670
155
796
728
832
61
24
921
368
433
44
365
254
614
353
279
598
714
629
286
894
470
218
627
68
229
501
959
567
833
623
66
553
6
664
885
51
621
591
65
897
579
699
318
498
183
781
53
449
631
771
158
303
651
559
235
782
593
694
699
383
408
538
888
141
365
137
377
160
321
275
945
708
968
711
782
367
867
599
907
398
463
519
110
664
980
154
19
537
344
389
639
865
289
290
581
763
726
375
853
622
255
988
88
623
736
121
117
885
307
901
943
180
250
424
765
387
689
210
193
342
962
393
146
948
870
584
514
90
195
586
704
406
945
491
278
501
508
71
428
685
277
97
347
459
881
366
228
111
576
207
39
284
735
27
60
489
247
394
277
58
252
347
74
87
366
479
747
547
107
155
234
166
955
122
255
396
243
457
905
452
979
666
684
170
920
833
405
166
498
506
272
3
951
873
163
368
518
928
520
746
533
869
31
904
596
225
945
502
136
674
638
67
273
585
472
851
76
157
878
653
553
743
370
693
590
908
347
556
922
46
596
683
883
155
35
36
161
428
707
737
616
160
114
459
866
238
780
228
179
830
430
149
195
833
676
41
472
76
163
832
169
778
503
709
212
71
335
577
80
245
476
437
36
155
998
804
407
281
743
367
477
485
885
294
304
721
324
702
93
674
250
686
35
707
122
65
448
856
10
479
699
395
36
555
323
283
544
358
366
784
681
899
571
848
980
65
25
958
668
372
645
381
432
685
512
681
819
853
327
142
84
846
385
87
188
322
189
225
530
793
17
173
98
696
876
865
113
117
701
88
283
204
489
149
462
629
129
12
36
115
537
778
637
918
339
480
914
146
666
339
755
918
911
239
146
742
528
623
470
362
252
567
841
957
704
11
843
446
973
933
172
690
639
130
118
696
256
885
632
867
347
811
500
148
873
358
618
734
855
411
803
728
542
411
775
175
442
709
391
345
852
395
476
98
536
944
101
931
975
737
46
206
470
209
971
52
862
859
233
239
138
739
590
936
884
461
596
90
744
141
154
925
150
70
571
868
452
508
868
639
995
689
826
450
925
779
274
700
310
452
64
505
856
545
193
49
788
60
976
822
152
355
324
778
844
646
65
383
756
964
427
77
969
735
854
175
792
147
312
166
265
611
877
573
985
388
355
811
400
321
747
964
900
325
214
704
605
940
398
227
359
506
1000
763
275
122
225
173
845
112
558
945
735
583
514
585
333
645
4
806
592
714
950
323
3
997
551
584
609
127
818
704
29
61
413
203
672
554
827
421
126
515
819
37
777
289
798
79
573
522
804
171
466
377
712
243
550
154
752
369
128
751
430
327
38
933
353
100
392
863
421
854
58
146
726
835
422
432
697
702
960
485
220
841
808
93
913
405
507
156
287
755
131
804
113
702
282
515
781
719
363
402
765
792
426
751
674
713
918
556
188
911
958
54
691
528
97
886
737
400
484
699
934
374
881
311
211
951
114
766
63
979
74
18
229
867
588
673
540
178
962
517
590
160
15
571
681
376
557
509
489
172
233
688
748
691
338
422
684
626
733
782
897
776
796
927
685
288
826
720
390
659
40
83
879
171
404
406
775
898
597
113
272
577
472
434
489
729
886
612
901
725
307
83
218
166
449
625
867
510
867
845
534
749
994
991
727
920
388
973
763
412
64
74
326
111
219
897
326
952
470
454
789
538
653
301
706
493
817
905
809
469
975
791
391
921
592
240
831
901
191
19
351
824
438
104
979
767
769
606
553
320
112
382
292
496
18
341
874
550
533
862
150
933
263
390
582
838
848
606
853
452
173
637
555
878
63
803
320
520
258
519
100
426
927
666
715
512
82
154
953
152
708
392
226
911
2
866
61
988
972
138
123
156
159
997
125
788
868
36
564
370
118
294
895
501
864
956
424
512
421
212
287
707
22
888
141
762
416
204
571
980
155
459
529
701
996
9
151
204
131
306
351
750
878
163
368
697
261
164
245
674
795
580
564
104
307
788
96
142
105
83
272
933
773
168
237
999
748
420
408
925
398
774
529
211
673
68
753
431
572
616
881
829
37
977
649
517
292
214
90
883
86
591
612
175
907
452
193
731
847
395
24
24
477
734
259
833
903
3
993
957
639
282
653
585
986
675
429
700
568
373
27
698
29
120
872
202
699
716
740
728
830
280
871
275
350
948
588
760
665
711
752
245
262
737
263
119
842
434
160
581
711
834
268
650
769
343
747
967
679
738
982
494
600
642
350
240
11
551
532
648
477
592
543
942
383
894
993
662
934
230
850
102
474
811
956
963
343
26
821
356
790
765
56
910
821
569
684
694
91
663
627
354
597
166
85
297
44
895
331
14
421
40
900
841
535
842
171
453
936
563
246
691
561
125
377
406
885
461
529
270
398
381
730
157
536
874
98
116
988
838
363
671
55
823
204
445
776
359
849
993
661
890
711
924
807
507
489
224
881
487
510
790
869
752
984
849
535
915
286
649
408
802
363
650
60
371
309
250
276
208
310
414
581
389
903
453
216
293
208
451
760
126
713
600
527
160
877
31
569
777
225
687
558
316
226
389
284
21
340
104
636
671
859
404
881
294
262
168
604
621
943
440
154
762
228
851
844
709
657
606
62
565
828
511
72
738
616
250
272
860
890
728
198
411
199
331
919
860
132
36
379
251
237
733
343
699
703
455
396
343
437
822
918
925
758
335
245
182
733
505
567
104
536
553
244
196
834
932
393
192
170
169
918
53
474
580
584
482
544
837
119
559
280
159
505
411
495
193
846
559
738
160
194
313
293
627
797
58
717
358
270
480
775
456
908
645
646
29
420
438
57
652
774
484
410
193
304
502
904
765
785
294
678
281
655
968
514
759
794
142
687
265
262
342
131
224
741
442
929
966
195
631
945
452
184
63
787
613
578
607
368
377
904
593
489
747
472
195
989
683
978
479
312
637
346
81
614
201
26
52
804
241
285
781
976
765
638
766
276
506
495
277
495
407
834
786
939
502
148
724
96
553
948
221
400
51
121
801
169
691
433
811
950
781
571
385
630
552
150
691
540
776
983
176
717
597
472
296
13
899
251
355
234
993
555
216
967
490
955
455
147
710
644
192
256
386
628
594
228
180
978
117
