39 52 888
....X.....X....X..............X............X........
...........X..................X.XX.....X....X.....X.
.....X..........X....XX................X.......X....
..........................X.....X................X..
..X..X.........X..X.XX..X.............X.....XXX.....
....X....X......X...............X...X..........X....
XX..X.......X..............XX..................X....
....X...X............X..........X........XX..XX.....
.....................XX......X...X...X...X........X.
X........X...................X...........X....X...XX
.......X......X....X.....................X.....X.X..
....X.....XX....X.XX....X...X...X...X......X........
.....................X......X.....X..X....XX.....X.X
......X.X....X..........X.........XX....X......X....
......XXX......XX.......X...........................
.S...X.....................X.....X...............X..
.......................X.X..........X...............
X...............X...X....X...X.....X...XX........X..
...............X...........XX.......X.......X.......
....X..X.XX..X..........XX.X.X........XXXX.XX.......
....XX...XX....X.........X....X.......X.........XX..
.....X............X.......X..X..........XX.......XX.
.....X...XX..X.XXX.......X.........X....X.X.........
.X..X..................X....X.X.X...............XX..
..............X...X..X........X..........X.....X....
................X.........XX..X.......X.......X...XX
..XX...X..................X....X......X.........XX..
.....X........X..X......X...X..X..................X.
......XX.....X.....X......X............X...X...X....
..XX..X...X.........................X..X.X....X....X
....X......X..............X.XX....X...X.............
...X..X........XX..X.......................X.X...XXX
.....X..........X...............X..........X........
.XX.....X.....X.....XX.....X...X.X..........X...X...
............X.X...XX...............X.XXX....X.......
.X.XX....X.......X.....XX....X.X.....XX.X...........
X.........X.X.X..X.........X..............X..X......
X.X...X..XX.X.......X....X...X.X..X.X.......X.......
...X......X....X........X..X.....X.......X.....X....
36 8 37 9
12 15 31 44
6 27 7 41
2 5 21 26
31 16 37 39
12 46 32 52
18 5 27 33
9 15 18 25
37 50 39 50
17 16 23 40
18 12 34 29
1 31 32 52
16 8 27 14
39 4 39 34
9 15 9 19
18 1 38 23
15 11 22 45
13 47 37 52
35 15 38 32
18 31 23 39
32 30 39 34
4 1 28 1
21 44 32 48
14 35 39 37
29 50 30 51
20 21 30 27
25 33 39 46
32 33 34 48
1 26 26 36
19 24 37 35
1 10 35 41
16 18 25 24
26 31 26 48
5 49 8 51
15 49 38 50
13 46 36 50
8 40 28 52
30 25 35 32
4 35 5 52
8 12 12 44
1 26 6 29
3 43 5 49
1 27 17 38
18 28 36 34
33 9 37 34
18 48 22 48
22 2 33 42
30 4 38 31
24 4 24 18
22 24 30 41
15 19 26 31
7 46 36 50
37 4 38 43
24 14 31 21
31 12 33 28
15 50 22 50
22 20 31 39
4 11 10 36
13 37 21 39
25 45 31 47
7 5 24 25
15 30 33 38
33 28 37 40
24 34 25 51
16 6 27 14
8 48 33 48
38 6 38 11
2 46 29 47
14 36 23 51
30 36 35 41
38 21 38 51
7 17 22 38
22 43 33 52
28 43 33 44
35 25 37 52
26 46 26 46
37 30 39 33
16 48 20 48
15 50 30 52
7 2 37 51
5 21 32 34
34 4 35 21
2 15 28 37
38 8 39 15
14 26 27 42
24 7 31 13
31 36 36 51
15 1 21 27
26 30 31 48
6 20 27 51
18 34 19 34
24 1 31 42
34 48 38 49
14 52 19 52
26 29 36 29
29 11 39 30
19 50 30 51
2 10 32 45
30 8 35 41
27 51 35 51
32 12 34 12
8 31 32 51
14 28 18 40
5 26 12 36
2 43 28 49
36 2 39 42
9 32 31 44
7 52 23 52
11 19 13 22
2 20 31 28
2 13 30 46
9 28 27 45
8 19 25 28
11 13 35 37
10 38 15 47
4 43 34 52
12 32 33 35
28 52 30 52
21 24 34 51
5 44 35 47
30 29 35 37
2 26 19 44
3 43 27 43
31 24 35 33
11 47 19 48
13 22 30 47
4 26 5 38
14 39 19 45
33 25 38 33
22 1 25 48
27 33 27 38
20 36 36 36
16 24 24 38
34 22 39 34
7 30 28 37
12 36 29 40
15 44 38 49
5 30 34 34
28 30 39 31
26 22 32 38
39 52 39 52
27 4 37 52
24 16 31 16
22 6 34 24
14 40 36 45
35 13 38 20
2 22 2 28
3 42 4 45
18 45 24 51
28 49 30 49
14 28 38 44
13 16 15 47
29 47 33 47
26 3 33 32
12 15 29 18
32 12 35 26
18 2 22 36
23 8 38 52
27 31 31 46
34 27 39 52
8 28 17 48
27 15 39 41
11 23 24 49
6 1 23 33
3 24 15 27
3 9 28 37
2 52 27 52
2 37 5 43
25 36 29 38
33 33 37 48
14 49 35 51
14 43 33 52
39 48 39 50
15 36 29 45
10 39 25 42
30 41 37 49
1 42 12 42
30 50 38 50
27 5 32 31
30 41 33 50
27 31 29 32
7 2 34 18
24 40 39 43
13 35 14 38
4 46 22 49
31 29 35 42
9 12 14 44
37 24 38 46
29 28 29 47
5 42 29 52
22 8 28 10
31 3 32 26
23 8 28 43
4 26 33 28
16 41 30 51
7 45 20 52
23 12 23 22
36 16 36 52
23 2 28 28
3 10 21 12
13 20 28 21
29 41 32 42
12 20 15 47
31 25 38 29
34 29 34 48
29 8 37 15
32 46 32 49
39 43 39 49
16 39 18 40
19 10 27 47
30 49 36 52
38 39 38 48
28 5 34 29
12 43 28 49
18 9 25 19
16 30 19 31
20 44 38 45
21 38 25 45
17 1 35 48
35 28 38 32
37 31 37 32
33 16 35 47
17 45 33 46
9 52 34 52
35 51 36 52
27 4 36 32
10 14 17 17
6 30 33 41
31 24 31 41
30 31 30 39
23 40 38 51
32 15 34 29
6 21 7 31
7 32 27 47
34 34 39 41
8 23 27 52
10 2 16 45
33 48 36 49
5 25 37 31
31 29 35 48
13 24 37 29
15 35 25 43
27 17 32 45
28 30 35 39
12 19 18 34
27 16 34 52
30 13 32 52
38 17 39 51
24 34 30 40
9 12 26 50
13 17 20 42
39 35 39 36
38 34 39 40
25 2 32 21
35 26 37 39
4 16 25 40
29 31 30 45
21 15 22 16
33 20 33 30
31 19 36 22
33 48 39 48
14 6 21 8
27 30 28 33
19 33 30 36
29 5 37 16
12 52 36 52
11 17 39 26
30 9 39 35
13 3 17 44
23 12 33 36
13 24 35 33
19 39 37 51
5 50 30 52
13 23 18 50
24 20 38 41
20 45 26 52
36 9 37 23
6 1 17 33
35 1 36 22
15 33 26 37
8 41 30 47
37 21 39 48
6 6 21 25
2 7 36 29
39 29 39 44
27 4 37 33
2 27 37 38
21 16 25 25
7 30 37 31
27 21 31 44
16 30 25 41
31 16 37 23
16 7 22 38
13 25 21 45
10 4 37 41
31 18 38 43
32 25 39 50
27 3 36 52
21 32 39 41
17 10 17 28
10 8 19 49
32 44 33 52
5 8 24 36
23 14 30 14
2 39 18 51
9 36 22 43
5 8 11 29
18 28 19 41
6 51 28 52
26 50 27 52
7 41 24 43
22 32 36 33
5 47 13 52
15 11 23 43
5 34 21 52
12 23 32 43
28 28 34 47
29 46 37 50
36 13 36 41
33 16 34 42
31 49 34 52
21 52 25 52
12 11 22 38
39 12 39 30
27 11 30 47
13 52 18 52
29 22 32 49
33 11 33 30
19 38 36 51
14 35 20 50
38 14 39 46
12 16 37 34
22 21 23 40
21 36 31 42
28 19 34 41
4 24 4 48
28 29 29 29
36 16 36 23
25 24 35 41
4 10 21 49
16 49 28 49
3 35 26 50
3 5 17 40
12 7 30 46
39 5 39 34
32 16 33 36
14 39 35 51
4 35 4 48
2 19 14 36
5 36 11 50
7 42 31 44
17 49 30 50
31 49 36 52
17 42 29 48
3 29 13 49
30 33 36 52
11 3 32 10
7 47 16 49
18 13 34 36
2 44 13 47
10 46 33 49
28 30 30 32
11 25 39 37
3 46 21 49
5 6 18 52
34 4 38 41
27 34 36 50
35 34 36 44
19 34 22 51
16 37 39 49
39 51 39 52
4 25 8 45
17 39 35 40
7 4 17 40
28 17 33 37
22 18 33 31
9 48 32 51
18 50 37 50
26 44 39 49
3 26 28 26
29 26 31 43
1 26 37 37
22 23 27 45
17 13 24 49
4 4 11 10
14 13 28 16
35 14 38 39
34 14 35 23
35 19 37 27
28 22 29 46
34 27 34 31
24 14 35 37
5 23 11 42
29 6 31 17
8 28 23 43
30 48 32 51
4 3 18 11
14 48 39 50
35 25 36 28
14 33 30 47
21 15 24 34
23 21 26 25
36 7 38 48
13 48 18 51
1 16 18 20
24 29 37 38
13 41 35 50
20 6 29 52
18 38 37 48
28 27 37 36
35 12 37 15
2 22 14 29
20 33 31 48
1 8 10 11
2 36 34 37
26 25 39 49
25 35 34 43
25 15 34 20
3 44 34 47
21 47 33 51
6 19 17 38
28 21 38 37
9 17 12 30
11 11 24 47
18 47 20 52
35 5 37 40
33 2 36 11
36 38 36 51
3 44 3 52
28 8 35 14
32 36 33 46
28 7 32 44
33 29 36 45
25 38 28 44
14 34 39 48
14 15 22 35
36 38 37 48
7 50 17 50
18 25 38 48
7 17 28 41
5 21 24 28
1 5 16 47
15 49 18 52
17 38 26 47
23 43 26 48
8 26 18 37
37 9 38 37
19 37 25 44
39 51 39 51
38 42 38 45
1 2 36 5
28 35 31 39
29 11 36 24
13 20 34 46
23 27 23 38
1 28 18 42
7 35 28 45
23 17 38 39
4 45 27 52
19 11 29 20
36 48 38 50
2 24 7 36
27 39 39 50
2 21 11 29
7 14 23 14
39 50 39 51
20 38 32 50
4 37 5 50
2 52 27 52
38 43 38 44
9 30 34 31
29 48 35 48
8 19 16 27
15 42 20 45
22 14 37 24
9 46 25 51
7 50 10 51
23 8 30 41
12 18 15 29
36 2 38 27
22 26 37 34
22 40 23 41
3 27 36 29
31 28 36 29
24 23 34 27
5 39 7 49
34 17 36 49
20 9 32 22
30 28 30 38
15 8 35 15
14 3 25 20
11 9 38 32
32 49 33 49
17 44 35 52
21 50 21 51
38 43 38 51
13 3 34 46
27 15 37 25
29 22 35 38
14 36 30 43
1 6 3 13
12 52 31 52
13 50 23 50
32 3 32 43
15 37 33 39
28 52 36 52
16 18 21 46
2 49 25 50
29 45 39 52
29 46 31 47
20 35 27 40
1 10 32 47
39 26 39 35
3 7 8 43
19 1 26 34
12 37 25 39
17 43 35 46
16 6 22 42
8 15 28 18
22 47 39 50
1 44 5 51
32 32 36 52
13 10 26 52
34 15 36 25
3 14 9 44
10 40 28 48
1 5 30 28
33 10 33 29
23 41 28 48
26 11 32 49
26 37 26 51
37 51 37 52
13 8 24 18
31 25 38 34
10 38 34 40
13 19 27 24
12 44 16 48
27 49 37 49
37 3 37 3
16 5 37 9
25 20 35 49
28 4 31 50
15 36 16 50
32 10 35 23
5 5 23 51
28 25 39 32
16 3 25 7
27 26 37 35
29 10 29 41
32 21 32 38
38 17 39 39
2 20 7 29
16 44 21 45
30 15 36 34
1 5 13 35
25 17 30 30
34 31 35 37
5 20 12 23
6 37 27 45
2 12 19 27
10 30 12 32
12 20 21 39
18 41 27 52
15 30 36 39
35 26 37 45
20 22 26 49
33 14 36 19
22 50 29 52
12 10 16 34
16 43 24 45
19 23 25 26
16 45 29 52
27 31 39 42
36 10 39 13
25 46 29 49
35 26 39 46
29 12 36 33
29 32 35 39
31 44 35 47
18 38 36 49
31 30 37 44
9 32 27 33
4 44 39 47
15 25 15 51
30 1 35 3
34 43 36 49
29 19 29 27
19 26 25 43
28 48 36 48
2 24 3 32
27 4 32 9
19 14 36 22
19 36 19 38
7 20 12 28
27 45 28 48
1 48 23 51
19 48 29 48
39 47 39 50
8 30 29 34
21 37 27 44
11 17 24 41
23 52 24 52
30 28 30 46
5 25 11 31
2 46 12 51
21 16 28 34
23 27 34 28
38 3 39 7
5 40 11 42
30 2 33 33
21 34 26 42
5 15 28 28
7 34 34 49
14 19 20 20
1 22 14 28
39 2 39 3
12 25 29 32
12 10 17 44
6 26 13 28
15 16 23 31
6 1 30 45
20 24 33 24
31 47 38 49
15 32 20 37
35 17 39 51
1 29 24 38
33 48 38 49
33 19 36 41
33 50 34 52
28 32 29 39
11 14 33 34
3 36 26 47
27 51 27 51
39 50 39 50
30 41 38 42
18 8 27 40
21 17 34 52
25 2 30 37
33 8 39 41
37 15 39 50
27 15 35 24
7 29 10 37
2 44 32 48
31 28 31 40
2 38 16 42
21 2 36 10
32 16 34 33
18 40 36 43
36 22 39 47
2 6 19 23
38 1 39 10
11 46 36 52
32 46 32 47
35 32 35 45
36 30 39 47
29 47 33 51
2 26 39 38
22 17 33 25
31 20 32 20
1 50 12 50
34 12 36 21
34 1 34 42
22 26 32 44
17 28 21 43
36 45 39 48
14 23 14 25
22 21 30 44
6 40 18 42
39 8 39 29
25 40 33 47
27 33 38 41
23 35 29 37
6 11 8 18
21 31 24 33
35 33 35 40
3 49 3 50
12 30 38 37
22 13 27 46
10 50 28 50
34 41 36 48
29 38 34 45
37 9 37 41
10 43 27 52
38 8 39 26
19 15 32 37
6 44 26 52
12 25 26 41
38 49 38 50
34 40 36 42
24 14 24 20
22 15 27 38
17 45 19 51
7 25 23 45
30 38 36 52
36 42 36 46
31 15 34 35
14 28 17 43
18 29 32 51
13 10 20 22
26 16 30 47
16 26 33 31
10 46 17 47
2 26 10 42
37 23 37 39
3 38 5 38
17 22 38 22
38 15 38 24
38 29 38 34
35 22 39 42
28 52 31 52
32 32 33 40
9 22 18 31
32 42 34 47
24 17 35 35
13 42 38 43
30 17 33 46
14 51 33 51
18 48 35 51
23 52 37 52
33 47 36 52
20 41 30 47
7 18 12 44
3 3 19 27
29 27 35 35
21 15 35 36
36 27 39 28
8 39 19 42
23 2 29 7
29 10 31 25
25 2 30 47
5 27 23 35
12 28 14 41
17 37 35 39
13 16 15 27
24 39 27 43
26 16 33 39
19 13 33 41
33 28 35 50
36 28 39 34
25 10 37 19
26 14 32 29
9 11 29 18
38 14 39 19
29 47 37 52
33 7 38 12
9 32 9 38
9 28 24 42
1 47 7 49
20 32 23 46
17 16 20 26
10 51 23 52
38 13 39 21
13 42 14 52
32 3 34 6
14 35 29 36
9 14 36 20
15 21 18 31
11 36 20 43
22 51 35 51
28 25 37 52
39 40 39 47
14 32 26 33
5 51 21 51
7 47 34 51
26 28 26 37
5 18 14 41
38 32 39 40
17 48 20 52
12 33 28 46
34 11 37 43
8 30 20 39
32 15 35 23
20 30 33 37
32 42 34 51
8 52 24 52
14 25 33 45
28 27 34 40
15 20 28 26
8 19 39 37
2 45 20 48
21 49 25 51
3 52 7 52
4 10 25 36
21 28 22 47
37 28 39 48
25 7 27 44
38 46 38 47
23 5 31 9
18 47 24 50
2 45 12 47
16 47 39 49
1 25 12 42
2 7 34 10
37 17 39 33
23 28 30 36
29 47 29 50
10 19 32 35
14 8 24 15
37 18 38 37
34 44 37 50
26 36 29 36
19 37 35 37
32 52 33 52
31 8 39 32
21 5 39 23
33 49 34 50
19 30 19 52
38 14 38 37
8 11 20 25
7 43 12 47
35 34 38 36
7 31 12 39
21 30 30 38
21 36 28 49
23 26 36 46
8 30 12 38
5 41 31 42
19 12 29 49
38 26 39 32
2 16 32 43
18 25 31 45
27 38 31 51
6 27 18 52
25 4 35 9
35 37 37 45
15 51 39 52
38 13 38 40
13 11 34 32
37 50 39 51
20 42 23 51
27 23 30 36
4 52 25 52
22 7 32 47
16 4 23 51
6 45 34 49
34 8 37 11
4 25 20 48
29 20 36 25
13 45 26 48
6 3 36 49
32 12 33 46
36 35 39 51
34 8 37 27
21 28 26 50
1 23 11 27
12 28 38 28
3 13 33 34
15 36 39 52
35 43 39 50
26 40 35 52
33 22 39 43
35 50 39 50
7 51 34 52
39 27 39 37
6 31 36 39
26 7 30 33
12 40 18 43
10 28 37 37
7 45 38 50
4 31 31 45
29 21 33 47
5 32 8 45
32 16 37 38
18 9 30 23
24 19 38 33
22 34 32 36
23 7 30 40
37 41 38 45
19 1 31 45
8 7 18 34
3 47 25 47
37 32 39 35
2 36 5 40
38 50 39 50
27 27 38 38
13 2 25 19
25 24 32 24
30 8 35 11
12 16 29 32
30 46 30 48
7 48 21 52
1 9 24 50
18 37 21 43
9 9 38 14
21 29 31 35
14 32 26 32
22 47 27 52
6 19 28 45
