11 81 2149
...X....X..X...X......X...............X.X..X..........X.X...................X....
..XX.X......X..X...X....S..X......................X..X..X..X.........X.X..X...X..
XX.....X.X.X.....XX.......XX.............X..X..XX.....X......X.X......X.......X.X
......X.X...........X......................X...X...........X...................X.
.........X....X.....X...............X.............X....X...XX...XX........X.X.X..
...X..............................X..........................X...................
X.....X.X.X......X........X...X.X....XX........X.X....X.......................X..
.......X....XX.....X....X....X.....X.............X...............................
........XX.X...X.............X..XX....X.....XX....X........X....................X
...X.X................X.......XX..X.XX..........X..X...........X....X........X...
......X....X.....X....X........X..X.........X..XX...XX..X.X..X..X.X.X.XX......X.X
11 47 11 55
8 17 10 20
11 50 11 54
8 72 9 72
11 69 11 75
6 51 8 81
10 60 11 72
4 39 8 66
8 2 9 34
6 61 9 70
4 72 6 72
1 54 3 58
6 5 7 18
11 78 11 80
9 7 10 65
3 59 5 67
11 37 11 51
11 15 11 48
6 21 6 41
9 44 9 74
5 11 9 33
11 37 11 70
9 17 9 31
11 16 11 61
7 41 11 42
5 17 11 19
7 17 8 34
7 11 9 55
9 73 10 77
11 51 11 59
9 26 9 52
7 56 9 70
4 8 4 12
6 76 6 76
6 16 9 17
2 55 5 57
2 79 3 81
3 55 9 56
7 72 8 75
9 46 11 64
1 74 4 81
3 59 8 77
2 45 5 49
9 19 10 69
7 63 7 78
11 27 11 80
7 12 10 57
7 3 11 54
9 64 9 75
8 69 8 76
5 31 9 54
7 1 11 1
7 56 11 75
1 64 2 68
9 35 11 37
4 80 5 81
7 6 8 26
11 7 11 41
4 16 6 70
3 55 11 61
6 51 9 71
11 66 11 73
9 69 9 76
8 56 8 71
7 60 8 68
11 32 11 81
3 7 9 29
2 44 11 53
2 48 3 75
2 77 4 77
11 21 11 52
8 45 8 50
10 14 10 20
10 1 10 39
7 45 10 53
11 42 11 75
8 42 9 44
11 62 11 70
11 79 11 79
9 6 9 9
10 4 10 37
1 5 11 63
1 51 7 61
5 11 7 69
7 18 11 49
3 71 7 72
1 12 2 18
8 69 9 74
2 20 2 53
9 38 10 43
10 78 11 79
10 75 10 75
8 11 10 21
1 61 3 77
6 7 10 79
2 34 2 42
7 21 9 35
6 45 9 81
3 53 9 62
7 74 10 76
3 24 11 71
5 31 8 76
11 59 11 60
5 49 5 58
6 6 8 23
8 32 9 51
3 46 10 74
8 13 10 41
3 10 5 31
1 38 6 70
5 62 7 73
11 18 11 36
2 9 9 80
10 68 11 75
6 44 11 47
3 49 3 78
9 72 11 78
2 53 7 68
6 30 6 69
9 16 11 20
4 43 7 71
7 27 8 54
2 53 11 68
5 32 6 52
9 76 11 81
4 53 7 71
8 40 11 79
10 71 11 80
4 43 8 71
10 2 10 53
1 14 1 24
6 44 8 80
5 17 10 42
3 3 8 61
11 58 11 72
7 81 10 81
7 5 9 62
5 13 10 40
2 52 3 77
9 63 9 79
9 32 11 59
4 15 5 62
4 62 9 70
7 20 7 77
3 15 6 56
10 10 11 40
7 45 7 81
3 15 5 76
3 78 6 78
3 14 6 55
1 8 2 30
1 28 8 32
2 14 5 38
6 40 8 75
4 57 8 61
7 60 7 62
7 35 10 59
8 68 8 73
9 36 11 47
2 59 10 72
1 9 2 79
7 23 10 25
7 21 8 75
1 59 6 61
5 26 6 56
4 49 10 72
8 55 8 56
2 3 7 24
7 75 8 76
5 56 11 80
4 8 8 67
2 57 11 60
3 75 11 77
5 67 11 72
9 32 9 60
4 4 10 36
1 25 9 63
5 12 6 23
8 1 10 40
10 73 11 78
10 26 11 35
8 61 11 67
4 10 9 70
2 36 6 64
11 22 11 67
8 79 11 80
8 37 9 68
7 66 10 67
10 63 11 68
5 55 8 58
2 11 3 47
4 3 6 54
4 75 7 81
6 37 7 52
1 4 9 24
11 48 11 81
3 9 5 22
10 54 10 65
9 25 11 58
8 7 10 73
8 44 11 67
9 9 9 75
10 35 10 79
6 3 6 67
7 1 8 69
3 57 8 80
2 72 11 74
5 60 11 77
6 69 7 81
1 25 1 34
11 33 11 65
9 78 10 79
4 42 7 52
7 9 8 77
11 57 11 76
3 18 4 38
5 16 5 38
4 63 11 77
8 43 9 43
11 48 11 81
1 73 9 77
8 33 11 52
6 14 11 63
2 47 3 72
4 25 9 46
4 29 5 70
7 30 10 69
4 19 6 59
9 40 9 43
3 27 6 32
2 23 6 47
6 41 6 46
9 59 10 78
6 10 7 76
6 42 9 63
7 28 10 63
1 26 7 70
4 14 7 25
1 23 4 52
2 52 9 74
6 79 7 80
9 45 11 76
11 48 11 62
9 41 9 67
4 64 11 72
6 65 11 73
3 18 9 40
3 46 11 78
4 43 8 44
3 57 4 67
11 50 11 63
6 73 10 73
10 20 11 57
3 37 6 41
9 35 9 57
10 13 10 80
6 22 6 25
7 41 7 67
4 26 7 33
7 3 7 57
10 2 10 80
1 60 1 78
7 67 11 80
6 56 8 78
6 80 6 81
7 2 10 8
10 32 10 53
9 43 11 73
5 15 5 24
9 58 11 58
8 22 10 30
4 59 4 76
10 11 10 77
9 29 10 79
6 39 11 40
5 79 9 81
9 18 10 41
5 4 9 64
7 68 8 79
5 11 5 81
4 59 9 59
8 8 8 54
3 60 10 73
4 77 5 78
3 40 10 40
4 50 9 56
9 14 11 54
9 73 11 75
7 16 9 31
10 81 10 81
10 64 10 79
11 22 11 53
9 70 11 79
5 65 11 77
9 68 10 78
4 18 4 44
10 61 10 64
6 4 6 53
7 78 8 78
8 27 10 81
11 77 11 81
5 49 11 61
4 32 5 68
5 50 5 58
2 33 10 65
2 50 8 62
7 32 8 49
1 54 8 77
2 39 3 70
8 61 11 68
2 15 3 22
7 63 10 65
4 72 5 79
7 77 7 81
9 79 11 79
2 18 9 45
1 59 3 60
10 45 10 78
2 13 8 16
4 34 11 57
7 50 8 53
9 8 10 16
2 35 8 41
5 47 9 62
2 34 6 73
6 64 9 70
5 14 8 45
6 38 9 62
4 56 9 77
5 34 6 61
4 45 5 69
8 72 9 80
5 59 8 70
2 30 6 39
11 16 11 27
11 25 11 55
3 4 7 27
7 60 8 79
10 40 10 79
11 61 11 67
11 47 11 50
4 69 7 72
5 58 7 64
11 7 11 29
2 40 4 66
11 9 11 50
10 11 10 62
5 41 10 66
4 77 5 77
5 64 11 73
3 26 11 30
4 72 4 72
5 23 8 36
4 53 11 78
10 33 10 77
7 10 8 40
1 64 9 80
7 14 11 31
6 54 7 65
1 6 1 20
8 18 11 60
3 19 10 61
6 26 10 61
5 54 8 57
10 27 11 45
10 11 11 44
3 47 6 66
8 66 10 76
7 53 9 72
8 8 11 57
11 46 11 81
11 30 11 48
7 47 8 65
9 62 11 79
5 12 11 79
4 77 4 81
11 18 11 57
1 46 1 59
9 12 9 43
7 4 10 42
7 81 9 81
4 9 8 23
7 3 9 65
5 11 9 43
11 61 11 81
4 55 5 58
2 7 9 30
10 20 11 79
2 45 6 66
10 34 11 63
7 34 10 54
9 59 11 73
7 34 11 79
5 74 10 81
6 54 6 62
5 74 6 79
9 77 9 80
7 4 8 25
6 27 8 45
8 51 9 58
2 23 8 79
2 31 9 62
7 65 9 74
4 13 7 48
9 34 11 67
11 57 11 68
9 45 11 49
10 19 10 37
1 26 9 54
1 33 7 63
6 51 9 79
7 80 11 80
4 27 11 60
1 9 3 27
5 59 6 66
5 22 5 24
4 50 5 67
2 5 8 39
7 42 11 70
6 44 7 57
5 11 9 21
4 34 11 43
4 5 5 53
2 69 2 74
1 58 5 70
3 17 11 77
7 21 7 49
6 33 8 68
7 69 10 71
7 12 10 29
11 4 11 41
2 28 9 28
8 47 11 59
6 13 6 66
5 32 10 60
1 7 7 28
5 71 8 80
2 81 5 81
8 59 10 68
8 15 8 76
11 17 11 78
9 22 9 51
9 38 11 51
5 70 10 74
9 70 11 70
3 69 3 72
7 61 9 80
6 65 10 70
6 33 10 53
2 33 8 79
4 53 5 76
8 68 10 74
10 41 10 57
5 15 7 55
9 46 10 52
6 54 10 77
4 20 10 59
6 62 9 70
5 37 6 40
6 24 6 26
10 56 10 57
2 32 4 38
8 78 9 81
5 5 9 74
6 13 9 25
3 31 5 38
1 19 1 38
11 16 11 40
3 17 5 56
3 69 11 72
10 17 10 39
5 15 8 80
10 41 11 57
4 3 7 12
7 77 11 81
1 46 7 71
5 65 7 72
5 42 7 60
11 59 11 75
10 25 11 78
2 51 8 64
1 4 5 22
7 55 10 62
7 28 7 70
8 50 8 78
8 39 11 43
6 21 10 43
10 12 10 15
4 37 5 52
7 32 9 76
3 8 8 64
5 25 9 37
5 2 10 42
6 40 7 51
2 23 10 68
3 52 8 53
11 79 11 79
1 36 9 41
6 74 11 79
9 28 11 80
7 4 11 13
2 4 5 44
3 71 7 80
6 46 7 50
5 55 6 67
11 45 11 57
7 67 11 74
9 33 9 60
2 51 6 73
1 7 9 61
7 54 9 77
1 78 8 78
6 21 7 35
5 22 8 79
3 27 6 53
11 73 11 75
3 13 10 62
6 81 11 81
6 55 6 57
4 38 4 69
5 78 5 79
5 39 10 81
8 14 9 19
4 9 6 33
10 61 10 76
4 64 10 65
9 11 11 49
11 65 11 72
8 1 10 47
10 79 11 81
1 54 11 81
8 1 10 72
9 65 10 73
1 9 9 79
1 27 8 58
3 29 9 49
6 53 10 67
10 65 11 70
8 66 8 69
8 26 11 56
6 39 11 73
2 1 3 15
8 26 10 41
9 39 11 78
2 52 5 55
6 44 8 47
8 35 10 39
11 26 11 44
10 16 10 75
2 72 9 72
9 36 10 74
3 54 8 59
8 59 10 61
7 54 8 54
11 51 11 52
1 52 8 67
1 41 5 49
11 21 11 70
4 57 6 75
5 57 7 80
3 48 6 70
5 11 10 57
4 52 10 77
10 19 10 68
2 80 8 80
1 66 10 77
1 63 10 70
11 58 11 62
5 63 6 81
3 28 5 30
7 31 9 71
5 13 10 81
10 45 10 49
3 73 5 80
1 32 4 59
4 66 5 80
6 51 10 70
1 26 3 46
4 45 11 61
4 10 9 46
10 51 10 62
11 29 11 61
2 38 2 75
2 60 5 69
10 75 10 75
3 30 5 46
1 47 2 76
1 33 6 65
10 44 10 67
3 10 5 37
8 74 9 80
1 50 8 56
11 24 11 70
3 61 9 69
11 14 11 78
9 44 9 48
9 7 11 32
7 70 10 75
5 13 10 81
11 69 11 79
8 71 9 72
4 51 10 70
7 73 9 75
11 2 11 61
7 28 10 44
3 74 3 79
4 56 8 60
11 1 11 39
7 7 10 72
4 70 7 77
10 50 11 68
7 54 8 67
11 24 11 46
11 35 11 38
9 54 11 64
3 57 11 70
11 75 11 75
2 14 3 54
2 25 5 66
4 29 10 35
6 8 9 34
2 45 5 61
5 20 10 72
9 14 9 63
7 23 11 77
10 5 10 38
10 79 11 79
7 19 11 34
10 44 10 79
4 39 7 65
3 30 8 50
9 11 10 27
6 17 9 81
1 30 5 80
1 50 2 79
2 54 3 77
5 79 5 79
8 69 8 70
2 75 4 78
10 25 10 42
1 48 2 57
10 74 11 80
9 68 10 81
11 25 11 33
7 6 7 23
4 22 5 45
10 57 11 74
3 33 3 51
8 51 9 58
10 18 10 67
11 33 11 65
1 44 2 71
7 55 10 59
5 18 11 50
5 16 11 54
7 43 9 44
7 53 7 65
4 80 11 81
9 77 10 81
11 78 11 79
3 39 7 46
8 75 11 75
4 77 11 78
10 2 10 57
1 80 1 81
4 34 7 58
2 55 6 61
7 49 7 69
2 27 4 37
3 3 3 42
5 41 9 63
6 50 7 55
5 57 5 67
3 81 6 81
3 7 7 30
7 36 11 38
11 56 11 77
3 78 10 80
10 72 11 80
2 61 8 72
7 12 8 39
2 3 6 52
7 38 10 66
11 61 11 68
4 22 8 64
9 75 10 76
11 70 11 81
1 19 9 44
4 27 11 57
4 15 11 67
10 32 11 53
9 23 11 55
6 2 8 4
3 30 3 68
3 79 10 79
11 80 11 81
5 4 10 10
4 44 7 50
4 32 11 64
10 9 11 81
4 12 7 13
4 35 6 62
11 24 11 26
2 43 2 53
4 57 6 75
8 28 8 59
9 69 11 76
1 48 4 68
6 80 11 80
7 55 7 76
3 13 11 38
8 7 10 55
3 81 9 81
3 34 4 55
2 74 5 79
2 7 9 23
8 54 11 67
11 64 11 76
4 73 6 79
1 44 9 62
1 47 6 61
7 10 8 42
7 48 7 51
1 79 6 81
7 53 7 71
11 43 11 74
8 77 11 79
9 64 10 67
3 56 7 75
7 11 8 50
11 22 11 33
2 36 6 80
2 25 8 33
9 74 10 81
6 36 9 80
11 61 11 78
11 31 11 75
4 39 6 45
8 63 8 75
10 60 10 63
3 56 11 64
10 19 11 32
4 30 7 79
4 6 8 31
1 40 6 55
2 25 10 50
4 30 4 72
11 52 11 62
5 11 11 45
10 46 11 72
6 16 11 25
6 19 10 34
3 65 10 74
11 46 11 55
10 63 10 78
10 53 11 75
1 9 4 48
3 11 3 64
9 17 11 78
11 28 11 41
11 72 11 76
6 69 10 76
7 54 7 64
3 35 7 38
4 39 5 68
5 27 8 70
8 14 10 43
2 18 11 34
3 49 4 74
5 10 8 77
4 58 9 78
4 13 8 62
4 78 5 81
6 7 9 14
4 11 9 57
9 33 10 76
9 2 11 12
8 11 10 80
6 21 6 28
2 66 4 69
1 18 7 22
7 10 7 37
6 51 6 70
8 74 9 78
11 37 11 81
1 77 3 79
6 38 10 72
11 23 11 24
9 19 10 80
8 5 8 25
3 5 7 45
3 68 11 71
2 16 11 63
5 49 6 65
10 3 11 34
3 31 10 33
8 48 10 76
9 13 11 69
11 80 11 81
5 23 7 32
2 32 10 58
6 41 7 72
8 70 11 78
8 53 10 74
6 69 9 79
6 18 7 31
1 43 2 54
5 49 7 57
9 2 9 3
3 8 4 62
5 13 9 77
4 8 7 69
1 36 9 78
6 10 7 42
10 62 11 73
3 30 10 49
2 52 4 58
2 51 7 55
11 14 11 74
6 22 8 36
1 53 8 73
9 28 11 44
7 57 9 72
4 77 4 80
4 55 4 74
1 77 8 79
8 17 10 46
2 32 6 60
3 8 11 61
10 74 10 74
7 62 9 63
4 6 7 48
9 11 11 60
7 17 9 42
4 22 9 67
7 35 7 53
9 19 9 36
7 73 8 77
3 24 4 46
1 6 3 33
10 7 11 26
7 37 10 49
3 27 6 71
6 62 10 77
11 28 11 65
2 34 4 42
3 41 8 43
4 20 11 66
5 33 7 66
5 30 11 58
3 78 6 80
7 63 11 70
1 25 9 51
1 72 7 76
10 39 10 77
3 27 8 54
10 57 10 76
2 57 6 63
9 34 9 50
6 18 11 80
2 76 4 81
8 10 11 52
6 31 8 43
6 51 9 58
8 1 9 49
3 27 5 69
2 54 10 75
2 24 4 67
1 7 10 64
6 2 11 51
7 39 10 55
8 74 10 75
6 24 8 25
3 47 4 56
6 66 10 74
10 40 11 60
8 65 10 77
3 42 9 79
8 40 10 72
5 30 8 79
9 10 9 52
7 61 7 65
1 2 1 27
6 58 6 71
9 12 10 67
9 28 9 36
2 11 10 81
10 30 10 57
8 42 9 42
10 3 10 77
9 38 11 46
5 43 11 51
1 32 2 34
1 35 6 44
11 4 11 29
11 16 11 18
4 78 10 78
11 57 11 78
8 51 8 62
3 10 6 80
8 34 9 59
8 68 9 68
6 35 10 62
6 46 10 65
6 51 8 69
9 18 10 52
11 32 11 59
5 46 8 70
9 26 10 77
5 14 11 68
6 74 9 78
9 42 10 58
11 14 11 69
10 29 11 53
4 52 6 57
1 53 7 78
5 49 11 78
2 8 10 80
7 26 8 55
4 9 8 74
1 24 3 59
5 11 9 25
7 10 9 21
5 45 7 70
3 62 10 74
8 72 9 80
11 43 11 66
6 34 11 63
11 15 11 46
8 24 11 37
5 34 8 44
9 38 11 66
4 15 7 74
6 74 7 78
5 34 8 68
11 71 11 81
5 41 11 78
8 21 11 37
9 29 9 52
5 12 11 59
9 5 9 39
11 48 11 78
4 43 4 76
9 27 10 37
3 62 4 65
9 29 10 72
6 33 10 75
5 68 6 70
7 69 10 80
1 22 4 29
8 20 9 52
5 6 5 45
3 22 6 68
1 47 5 64
10 73 10 80
4 76 9 81
5 21 5 33
2 21 2 39
11 62 11 70
8 51 8 76
5 8 9 64
4 37 4 45
3 64 9 64
2 41 7 76
10 26 11 60
6 58 7 62
8 48 10 81
1 5 11 44
6 57 7 72
4 19 9 38
9 27 9 40
4 34 9 71
2 49 11 51
5 23 9 63
3 15 11 33
3 44 8 68
1 53 11 62
4 74 11 75
11 2 11 45
2 37 11 56
1 63 6 69
7 30 9 39
8 34 9 81
11 65 11 73
3 17 7 63
2 32 6 48
5 56 10 58
2 78 2 78
6 78 8 81
10 18 11 39
10 46 10 74
2 29 6 61
8 60 10 80
10 39 10 66
9 39 10 49
1 63 4 80
2 25 6 79
5 10 7 25
6 74 6 74
5 22 5 26
8 2 11 17
10 54 10 69
3 10 7 31
9 52 10 76
1 3 4 9
1 18 2 18
6 25 6 35
8 45 8 79
11 38 11 45
6 80 10 80
3 36 3 48
11 58 11 61
7 28 7 32
1 18 3 81
11 5 11 15
5 4 8 9
7 75 7 77
2 36 9 62
11 9 11 57
1 3 7 74
1 41 5 55
7 58 9 62
7 60 9 72
5 37 5 44
2 42 6 78
6 20 9 53
3 80 8 80
8 75 10 81
11 59 11 65
11 40 11 53
2 37 4 58
5 17 11 65
10 9 10 68
8 27 10 50
10 58 10 80
2 53 4 72
3 44 7 45
1 67 8 75
9 16 11 45
5 54 6 61
4 59 8 81
2 11 4 59
9 35 11 55
5 80 11 80
9 4 9 62
8 17 8 27
6 74 11 74
2 33 10 39
10 74 11 75
4 44 5 65
2 38 10 62
1 25 9 25
1 10 6 56
3 33 10 63
11 63 11 81
10 78 10 78
1 77 6 77
10 9 11 63
3 81 4 81
4 19 8 80
5 37 5 78
7 79 10 79
9 50 11 63
3 57 4 71
11 55 11 73
9 21 10 64
4 71 10 73
8 67 9 75
10 78 11 78
8 60 9 79
1 29 9 40
3 70 11 76
6 29 11 39
7 59 11 67
2 74 2 76
1 36 2 60
3 40 8 77
11 6 11 76
8 28 9 37
9 31 9 54
8 68 11 68
7 7 8 69
1 65 4 65
4 26 4 31
3 10 6 38
2 73 8 75
9 11 11 64
2 23 4 60
6 2 11 54
11 34 11 41
2 35 10 77
1 12 8 69
1 38 11 63
5 28 8 64
9 34 9 36
1 37 7 72
2 6 9 11
8 62 11 65
9 81 11 81
1 27 1 51
4 62 10 70
7 10 11 40
5 57 8 62
7 71 8 80
3 38 7 73
6 45 7 51
7 15 9 69
11 7 11 8
8 17 9 37
5 30 8 66
9 60 11 68
6 81 10 81
5 66 9 66
8 47 10 48
1 31 1 50
7 77 7 77
3 19 5 40
5 63 7 64
5 35 9 39
10 64 11 68
8 63 8 75
4 26 8 72
7 47 7 61
4 10 8 74
9 17 9 37
4 77 11 80
11 22 11 33
7 36 10 72
11 48 11 74
7 45 9 49
3 21 9 29
6 19 11 53
11 12 11 22
11 37 11 73
8 32 11 65
6 53 9 57
10 41 10 62
2 5 4 75
6 52 10 59
5 10 10 43
5 30 10 76
2 74 4 79
10 59 10 71
4 45 10 81
8 25 8 42
5 44 10 53
7 53 7 54
4 37 10 63
1 45 9 63
5 65 8 66
9 16 9 71
11 43 11 72
11 41 11 74
10 22 11 23
11 2 11 42
9 71 11 71
3 76 11 78
5 1 11 66
5 27 10 44
10 36 10 48
1 80 3 81
9 61 11 72
5 63 10 80
9 6 9 66
1 44 3 67
1 54 8 61
7 3 8 15
7 5 8 44
6 60 6 63
5 25 5 36
9 49 10 76
3 81 9 81
7 76 8 77
4 69 4 71
4 17 6 19
11 32 11 63
5 31 10 51
1 60 6 73
7 13 9 73
6 47 7 67
4 63 9 68
1 76 5 79
4 31 9 48
3 57 7 63
1 65 4 73
11 18 11 43
2 47 11 55
3 53 6 60
4 60 6 70
7 62 10 63
5 51 10 65
2 69 4 81
7 76 10 80
1 15 8 21
5 41 7 60
6 43 10 55
5 61 8 63
2 13 4 26
6 67 7 77
3 76 10 80
5 5 11 14
2 63 3 66
4 33 11 75
1 71 5 75
2 44 6 73
11 58 11 71
2 35 8 49
7 54 10 72
6 62 11 81
7 74 10 80
7 66 7 79
4 54 7 57
1 26 5 52
3 26 4 66
9 10 11 73
1 73 10 78
5 53 11 67
7 29 9 48
5 78 9 78
7 19 7 57
4 5 4 67
10 53 10 80
11 80 11 81
4 53 11 63
4 61 4 78
10 10 10 74
4 81 7 81
6 77 7 79
6 75 6 75
11 8 11 45
6 36 7 70
9 28 11 69
9 76 9 77
5 72 11 75
8 18 11 80
10 25 10 77
2 59 8 72
9 49 9 51
11 64 11 65
1 69 11 74
5 6 7 22
5 29 7 56
6 27 10 78
7 24 9 55
11 42 11 69
9 32 10 53
1 23 9 78
3 23 6 24
5 60 9 65
8 2 10 5
11 19 11 81
1 66 5 80
6 10 10 12
4 81 4 81
7 9 9 48
5 36 8 44
4 79 7 81
2 60 2 72
7 69 8 71
7 46 7 65
11 12 11 56
3 78 5 79
10 52 10 54
10 17 10 78
1 5 10 77
4 71 6 81
6 8 6 8
9 13 9 60
1 27 6 79
7 78 9 78
6 61 10 80
6 76 10 80
5 34 11 47
4 39 5 73
8 3 11 66
4 6 5 62
2 64 6 79
7 24 11 39
10 47 11 77
3 6 6 73
7 26 11 39
2 27 8 72
1 23 11 55
7 22 7 34
11 1 11 64
10 35 10 62
11 41 11 42
10 4 11 10
6 15 11 74
7 13 8 36
6 1 7 71
1 49 7 71
5 20 7 29
9 53 11 70
9 41 9 78
5 2 5 37
3 25 4 79
7 75 9 77
10 16 10 37
2 61 3 67
1 38 8 75
5 4 10 34
2 40 2 51
10 26 10 32
7 41 10 80
5 50 5 78
9 10 10 53
8 19 10 67
10 12 11 45
4 31 10 61
2 42 4 44
5 61 5 80
10 68 11 75
8 1 9 12
5 53 9 55
9 17 11 44
5 2 7 29
8 6 8 18
5 14 5 38
8 5 9 63
10 16 10 22
4 57 5 72
4 77 7 77
5 53 11 73
1 48 5 69
11 73 11 75
4 72 10 80
10 64 11 72
10 52 11 53
8 3 9 58
2 68 10 69
3 25 3 33
4 7 4 17
5 65 11 66
4 22 6 24
1 16 10 16
4 31 10 48
5 12 6 24
11 14 11 48
4 42 10 51
6 73 8 81
4 37 11 77
5 32 11 36
3 15 7 38
5 78 9 79
11 69 11 72
3 38 4 56
3 34 9 56
2 72 11 75
10 21 10 36
11 57 11 58
6 2 6 56
10 23 10 32
4 14 8 23
8 17 10 75
3 39 10 39
11 4 11 10
2 57 5 72
10 11 11 62
10 64 10 79
5 63 5 70
1 47 5 69
11 20 11 43
10 77 11 77
3 70 11 76
2 32 6 49
11 3 11 28
3 41 4 45
10 51 11 78
8 10 10 14
1 45 3 77
6 43 11 74
6 63 8 73
9 35 11 47
10 68 10 74
9 53 11 56
3 13 3 16
7 45 7 72
8 80 9 80
8 41 10 78
7 44 8 68
4 71 4 79
6 70 10 80
10 81 10 81
4 31 8 58
2 13 8 27
8 35 9 62
6 62 9 71
9 54 9 70
6 42 10 42
4 59 4 62
5 77 10 79
1 7 1 33
10 76 10 79
10 48 11 80
3 30 5 58
1 41 4 75
5 68 10 77
8 11 11 52
3 42 3 48
8 78 11 79
3 76 8 79
9 29 9 44
10 67 10 78
4 68 7 77
1 57 7 80
10 16 11 16
3 38 6 61
9 47 11 81
3 48 5 57
7 70 8 76
1 37 2 78
8 26 11 52
11 58 11 61
9 34 11 80
7 14 11 32
1 61 4 69
11 33 11 65
9 50 10 56
1 27 5 60
11 16 11 52
5 53 6 63
10 65 10 69
9 4 11 13
5 62 5 70
9 1 9 61
4 16 9 70
6 5 10 55
10 24 10 69
5 62 9 75
10 78 11 80
6 14 9 76
8 24 11 76
9 45 11 76
2 13 2 15
9 43 10 75
5 60 11 71
9 72 9 81
6 16 7 22
10 4 10 80
10 77 10 80
11 58 11 60
6 13 6 14
7 35 11 78
2 45 9 80
8 1 8 33
7 26 7 49
2 11 5 19
1 31 6 39
7 27 10 52
1 18 5 21
2 77 9 80
8 59 10 81
2 77 6 81
5 71 5 71
4 18 6 76
1 57 10 62
1 70 6 77
1 38 11 48
9 63 11 67
7 21 9 54
6 67 10 69
7 65 8 66
2 19 3 69
8 41 8 46
7 33 8 63
9 13 10 24
3 81 11 81
9 58 9 72
2 23 11 52
6 19 6 74
10 41 11 60
6 33 10 43
8 74 9 79
6 10 6 49
9 15 11 63
10 24 11 65
6 26 8 73
5 17 8 19
3 20 4 55
10 73 10 81
3 43 7 45
3 69 4 79
9 21 11 64
1 7 11 67
1 54 2 76
11 19 11 31
11 48 11 57
8 21 8 24
1 44 4 72
9 64 11 71
1 27 11 46
1 75 9 78
10 40 10 52
11 56 11 66
5 66 10 68
1 17 10 42
3 68 4 71
4 69 8 81
4 47 6 56
6 11 8 77
6 40 6 80
3 13 11 24
5 47 8 49
7 7 7 68
5 59 5 67
7 81 10 81
4 29 5 40
5 65 8 71
3 70 8 72
4 31 11 66
6 2 11 9
5 52 6 72
10 36 10 46
4 39 11 47
5 50 8 61
5 20 8 46
1 50 11 61
7 28 11 77
7 77 8 80
3 13 5 40
7 50 10 64
10 69 10 78
11 41 11 53
11 9 11 44
1 62 8 80
9 8 11 65
10 45 10 54
2 64 9 79
6 72 9 81
6 2 8 20
4 32 11 53
10 60 11 78
2 31 5 32
2 25 10 63
2 13 2 22
6 26 6 63
6 72 6 72
6 22 7 34
8 54 11 57
3 21 3 55
2 12 2 24
9 53 11 63
11 48 11 55
7 64 11 77
10 11 11 23
2 40 4 43
1 3 1 47
9 26 9 76
7 9 9 41
2 55 2 62
2 2 2 44
7 17 7 28
2 12 2 47
4 72 7 73
9 14 9 75
10 45 11 65
10 25 10 47
10 76 10 81
4 36 6 50
2 11 5 63
1 50 1 80
6 19 9 73
10 33 10 34
2 61 10 79
2 6 6 51
9 37 11 44
5 8 5 45
7 71 9 78
8 61 9 68
10 28 11 56
10 62 11 75
2 6 5 45
9 36 11 36
7 20 8 70
6 28 10 51
3 53 9 68
11 51 11 51
6 57 11 74
7 57 8 74
2 81 8 81
11 6 11 70
10 77 11 81
5 38 7 43
11 79 11 81
10 70 10 70
6 75 9 79
4 60 11 75
7 9 8 36
5 12 10 59
8 24 8 32
7 27 9 42
5 70 7 78
11 37 11 72
9 30 9 55
1 36 3 46
9 65 9 78
10 40 11 78
8 7 8 39
11 57 11 81
9 31 11 49
10 65 11 74
8 48 8 48
6 20 9 70
8 15 11 49
2 34 8 55
3 16 7 69
6 65 10 69
3 38 5 72
1 77 7 78
7 39 9 39
3 9 4 10
10 6 11 55
6 71 11 77
3 6 3 58
11 19 11 63
6 8 7 76
3 24 11 73
1 12 8 48
6 78 7 78
1 45 4 56
2 24 10 77
10 76 10 79
1 49 3 50
1 57 6 60
11 21 11 34
5 54 5 54
8 22 10 55
2 53 6 77
7 35 7 73
1 61 4 76
10 28 11 45
8 59 11 59
7 38 7 67
11 48 11 54
10 22 10 33
1 75 5 79
11 51 11 58
7 49 9 57
8 46 8 57
3 26 4 47
7 72 11 73
5 35 6 42
1 40 11 56
6 51 6 71
6 49 6 69
11 2 11 68
3 47 9 64
3 74 4 78
2 48 7 68
1 16 5 36
2 53 5 62
7 51 7 72
9 43 11 66
9 75 10 78
9 68 11 72
10 78 10 80
4 24 11 48
8 14 11 21
9 46 9 51
3 41 3 68
9 33 10 38
3 21 4 57
8 43 9 79
11 63 11 64
1 41 2 78
9 75 11 81
5 13 5 50
9 65 11 66
11 39 11 39
7 16 9 25
4 5 7 16
3 40 7 66
9 80 9 81
2 22 3 26
8 7 10 63
4 74 11 74
11 61 11 79
8 62 9 62
1 59 3 60
2 24 2 68
10 37 10 37
10 52 10 54
6 33 7 41
4 67 7 79
4 23 5 65
1 73 6 79
6 16 7 24
8 11 11 15
4 15 8 77
6 75 10 77
10 79 11 80
7 27 8 40
4 33 6 50
6 74 10 74
9 4 9 37
5 53 5 58
4 26 8 78
6 15 7 24
9 51 10 52
8 44 8 47
10 1 10 55
3 43 10 73
7 3 10 11
4 59 4 63
7 61 11 68
5 76 5 76
3 80 8 81
3 56 10 66
6 15 8 56
5 68 6 77
10 53 10 66
8 57 8 64
10 61 10 76
10 17 10 65
2 80 10 81
1 17 1 78
8 50 9 66
3 29 3 41
7 3 11 22
2 80 5 80
6 74 6 75
8 45 8 48
3 67 3 78
1 68 6 75
2 41 9 56
6 5 11 18
6 14 9 14
11 31 11 74
2 5 7 81
6 27 7 73
9 65 9 68
7 70 10 70
4 47 6 61
6 51 8 58
7 50 8 71
3 56 5 60
5 53 9 55
1 35 5 49
7 67 10 76
2 6 8 53
4 66 9 70
9 64 9 69
6 64 7 74
9 37 9 51
4 18 7 48
7 34 7 53
5 68 11 76
5 42 6 55
9 42 11 76
9 36 11 48
1 68 4 73
11 22 11 75
6 51 11 79
5 68 11 75
8 32 9 54
4 66 5 79
11 6 11 24
3 63 7 81
3 33 10 63
1 60 7 68
3 60 7 78
3 12 3 50
5 4 5 79
8 55 8 67
7 72 10 80
4 17 4 40
6 53 7 72
6 43 7 53
9 41 11 80
11 30 11 46
5 76 9 80
3 78 5 81
2 24 2 78
6 6 10 47
8 22 11 29
9 14 11 70
8 77 11 78
11 81 11 81
5 37 9 59
10 49 11 63
8 26 9 73
5 39 5 39
11 39 11 54
8 45 8 72
7 31 7 62
5 77 6 79
7 37 8 75
1 58 3 60
10 46 11 62
11 11 11 32
11 48 11 50
10 77 10 77
4 46 8 71
1 24 11 68
7 61 8 78
7 54 9 55
11 20 11 50
10 19 10 56
11 67 11 70
6 49 6 69
4 46 7 70
8 25 11 55
4 69 5 70
2 15 2 35
4 2 11 51
2 54 11 73
7 13 11 73
10 10 10 26
4 16 10 64
1 61 4 63
1 33 7 53
5 43 10 50
9 29 11 53
4 57 9 73
9 52 9 65
6 67 10 68
2 12 10 77
9 28 11 42
3 72 9 79
3 24 4 42
2 9 2 23
9 57 11 72
9 13 11 15
11 80 11 80
1 48 1 62
5 14 9 16
3 41 7 58
4 65 4 70
8 50 8 53
10 34 10 67
5 30 6 57
6 7 10 50
10 7 10 29
4 2 10 77
11 19 11 27
6 23 7 73
3 10 5 32
1 69 1 75
6 44 9 77
11 79 11 79
2 28 4 39
1 8 2 16
2 56 9 78
7 72 9 78
11 19 11 25
5 33 10 55
2 21 9 35
4 11 9 22
1 56 2 63
3 42 6 81
3 77 6 78
10 50 10 51
5 41 11 41
1 72 9 81
6 70 6 74
8 74 9 80
2 14 3 38
7 21 8 52
4 34 9 64
3 25 7 79
6 18 10 69
6 45 9 50
2 31 4 34
4 72 5 74
1 70 8 74
1 3 7 33
2 54 3 76
1 62 2 72
8 70 9 73
2 78 8 81
3 17 4 18
10 7 11 10
10 39 10 53
9 64 9 80
11 12 11 34
10 49 10 70
6 13 7 61
5 38 9 72
4 51 5 73
5 45 7 51
4 61 7 63
11 42 11 53
3 31 11 81
5 76 5 79
1 42 5 58
7 8 8 75
1 51 3 69
4 79 10 80
1 41 10 81
11 34 11 81
7 37 8 63
9 13 9 80
11 28 11 81
11 13 11 30
3 43 4 53
9 30 9 67
10 48 11 74
7 73 11 81
5 61 6 77
6 11 11 31
6 35 8 35
7 54 8 66
3 12 4 51
6 58 8 79
7 10 9 70
11 67 11 71
3 26 3 37
11 77 11 81
3 1 3 58
6 7 9 37
2 2 5 15
5 33 6 66
11 76 11 76
3 61 3 62
10 14 11 59
11 60 11 70
2 76 11 79
2 75 10 77
1 33 9 45
6 69 9 79
3 3 10 70
7 39 10 54
3 54 3 58
9 15 11 48
3 68 7 78
1 61 11 76
11 17 11 35
7 55 7 69
5 59 7 79
6 48 8 79
5 46 10 64
10 38 10 67
7 18 11 30
8 62 10 68
5 31 11 64
11 80 11 81
3 66 9 67
11 71 11 73
2 23 9 61
5 63 9 75
4 8 5 10
1 21 1 65
2 59 8 74
6 20 6 79
7 8 9 50
7 47 7 54
6 53 11 74
11 3 11 62
1 30 1 52
4 54 5 77
10 64 10 77
8 51 9 79
4 7 4 20
5 29 11 76
1 75 7 81
2 26 2 40
7 73 10 80
7 37 10 56
8 50 11 57
3 74 4 81
3 61 9 76
7 73 9 80
1 1 1 55
3 11 7 28
6 56 10 59
1 37 4 72
4 62 10 67
6 29 7 47
2 67 10 68
9 3 10 27
4 17 9 23
7 32 7 61
11 40 11 45
4 45 10 66
4 76 6 77
8 62 10 74
5 24 10 34
11 4 11 36
5 52 8 54
6 54 10 78
9 74 9 74
8 81 10 81
11 63 11 67
8 41 10 46
4 69 5 78
1 21 6 51
9 62 9 73
2 58 4 71
2 59 4 65
5 15 5 29
11 55 11 77
4 7 6 67
7 56 9 71
5 64 8 68
8 25 10 66
6 31 10 68
3 27 4 70
3 45 10 69
5 5 5 67
5 15 5 42
3 34 9 41
10 64 11 80
10 66 10 68
5 44 10 57
1 1 10 51
2 64 8 75
11 41 11 55
11 29 11 56
3 59 3 80
11 13 11 75
2 69 7 72
6 75 9 81
3 39 3 73
6 80 8 80
8 78 11 79
10 36 10 46
3 41 9 71
5 20 8 72
7 61 10 70
5 54 6 73
7 23 10 73
8 59 9 69
10 30 10 32
1 69 3 69
3 68 6 77
2 79 10 81
3 27 5 50
9 47 11 67
6 39 9 76
4 63 4 80
4 72 5 77
1 73 3 76
4 62 11 63
8 50 10 54
8 43 8 80
2 69 10 75
3 61 9 71
5 6 9 74
10 45 10 75
10 57 11 62
11 29 11 81
8 56 11 61
10 41 10 81
6 7 6 57
1 39 1 60
2 67 3 71
4 31 4 58
4 42 5 56
8 25 8 30
6 54 6 79
5 55 5 63
2 81 11 81
2 67 10 76
6 41 6 62
6 69 6 73
7 46 11 71
6 9 11 64
11 51 11 81
6 14 8 30
2 24 10 31
8 15 8 21
3 2 7 7
8 9 8 57
10 34 11 35
8 17 11 45
2 4 6 20
2 10 6 70
10 43 10 64
11 72 11 72
2 23 8 52
6 31 7 58
1 66 11 78
1 43 6 81
5 4 7 38
3 20 3 37
2 47 11 75
2 42 5 55
2 4 4 30
11 22 11 32
2 63 10 71
5 44 7 80
11 39 11 66
4 76 9 80
6 1 9 10
5 13 9 63
7 2 10 9
3 4 8 68
5 38 11 62
1 8 8 57
8 51 11 66
6 50 8 77
11 47 11 49
2 59 5 64
6 49 6 69
4 56 8 76
7 56 11 61
5 24 11 25
11 28 11 71
10 61 10 74
1 37 4 67
4 61 5 75
10 20 10 21
6 19 7 43
2 75 10 81
3 40 7 55
8 60 8 76
10 37 11 67
1 81 4 81
2 79 2 79
8 13 11 67
7 64 7 75
11 54 11 81
6 18 8 79
3 66 11 71
6 59 11 81
7 31 7 76
4 30 6 62
7 20 9 42
11 24 11 62
2 38 2 61
9 35 10 71
2 54 6 61
8 53 9 68
6 55 11 74
2 46 2 62
10 67 11 77
9 78 9 81
6 6 10 43
6 74 8 78
7 3 7 4
7 48 10 73
8 79 10 80
3 35 8 45
5 19 9 81
3 62 7 71
11 81 11 81
2 64 7 65
8 45 9 65
1 3 3 81
10 20 10 37
11 20 11 62
1 31 10 77
1 3 10 60
5 35 7 38
5 11 8 28
10 63 11 71
11 12 11 15
8 62 11 75
