39 21 6895
.....................
..X.X...X............
.......X.........X.XX
.............X.......
..........X...X..X...
...X....X.X........X.
..X..X....X.....XX...
.X..X........X...X..X
.X.XX......XX.....X..
.......X..X....X...XX
X.X.....X......X.....
...X.X..............X
..X..................
X...X.X......X..XX...
..X..X....X....XX....
.........X...........
........X............
..X.........X..XX....
......XX....X.......X
.XX....X.X.....X.XXXX
..X..................
.X...................
.....X...............
..X.......X.......X..
.........X...XX......
..X..X.X.............
..........X..X.......
....XXX.............X
........X............
X.X..XX..X...........
..X............XX....
X...X.......X.....X..
X........X.X...X.....
X....X.X.......X...X.
X....X.XX..........X.
....X.SX....X........
.......X...X.....X...
.X..X............X...
..X...........X.....X
10 9 23 16
16 9 19 17
21 18 37 21
30 15 35 20
11 1 28 16
2 16 33 16
9 12 28 16
26 20 34 20
36 2 36 14
28 16 37 20
35 8 35 12
38 1 39 1
8 7 35 21
35 6 37 7
12 20 24 20
27 12 37 21
21 3 28 4
10 11 35 21
12 19 29 19
33 2 39 13
15 11 24 20
14 4 16 19
4 18 29 18
18 15 23 17
16 21 17 21
31 18 35 18
24 1 30 17
25 10 38 13
19 7 28 20
28 21 37 21
27 20 32 21
33 14 36 16
30 10 32 10
1 4 6 16
39 15 39 20
35 15 37 15
30 10 39 20
2 14 23 18
31 19 37 21
29 17 33 18
9 9 13 19
21 11 35 21
36 4 38 8
32 20 34 20
22 18 23 19
26 8 32 10
39 9 39 20
38 3 39 16
20 5 27 17
11 14 36 20
20 13 39 15
5 21 14 21
11 7 15 17
6 13 14 20
34 10 36 18
29 7 30 7
37 20 39 21
28 3 36 17
12 6 26 9
34 10 38 11
26 1 36 15
8 3 24 8
3 2 28 10
1 7 38 11
21 10 31 18
26 8 28 18
36 11 38 16
13 4 24 14
13 15 37 17
33 9 39 10
38 8 38 13
33 11 34 15
34 9 36 11
12 1 30 6
36 17 39 18
18 18 34 19
5 3 35 17
5 9 14 21
36 12 36 21
20 19 22 20
8 13 12 13
10 2 15 9
17 14 39 16
3 11 16 11
39 6 39 21
32 7 37 11
6 9 25 18
6 12 29 14
29 5 39 9
26 6 39 15
9 12 37 13
29 12 38 15
39 3 39 11
28 14 39 19
4 19 15 20
22 3 24 8
17 20 22 21
11 20 37 21
3 11 4 17
26 13 39 18
5 8 10 11
6 4 7 4
10 5 17 18
20 20 23 21
32 16 32 17
6 15 15 21
30 11 36 14
10 18 18 19
35 1 35 10
26 4 38 17
38 7 38 7
5 13 11 16
37 9 39 16
27 16 33 18
27 3 32 4
7 6 28 15
4 20 32 21
10 7 35 16
6 8 16 15
5 18 10 19
21 1 27 20
4 18 17 21
22 13 32 19
2 11 32 12
8 18 27 20
19 3 31 15
16 19 29 21
17 15 39 18
28 17 39 18
27 17 39 18
33 6 35 21
14 7 20 15
11 8 21 17
26 7 27 12
34 19 34 21
16 2 16 8
14 10 16 17
27 12 31 20
26 15 35 17
6 5 8 6
14 9 17 16
31 4 33 10
38 14 39 16
20 2 26 16
35 16 39 17
37 1 39 21
3 12 14 18
12 4 37 20
21 11 24 13
15 5 15 20
13 12 17 20
6 1 14 20
13 4 21 9
6 21 18 21
17 6 39 19
28 5 29 16
26 12 38 16
38 6 39 9
20 17 31 18
1 11 13 20
32 13 34 16
25 13 27 18
2 2 38 8
15 9 19 11
6 9 39 18
26 6 39 10
7 19 38 20
39 13 39 19
2 7 24 18
18 19 18 21
26 13 29 15
24 14 26 18
30 2 37 12
17 11 31 17
31 7 36 8
36 9 37 21
5 16 13 20
17 1 32 8
29 3 31 20
12 11 38 15
28 13 35 21
1 4 29 20
14 10 21 20
22 8 37 12
10 12 35 20
7 6 11 14
31 13 31 14
28 13 39 16
8 11 32 20
25 4 33 8
2 7 36 18
10 19 35 20
37 13 38 15
9 12 35 17
34 17 39 17
13 1 26 4
8 11 38 16
19 9 33 20
21 1 24 3
27 12 38 21
32 5 32 15
10 2 26 8
15 4 32 18
34 20 38 20
1 11 5 14
30 3 38 20
30 3 39 14
37 16 37 20
11 14 32 20
22 9 25 16
6 11 18 19
36 1 39 11
12 11 27 14
33 10 33 16
31 17 37 20
10 13 25 15
4 1 25 19
11 18 26 20
16 15 30 18
11 14 20 15
16 11 25 12
1 18 16 19
22 19 32 19
8 13 12 16
6 8 20 9
23 9 35 9
23 9 39 9
20 16 33 21
13 15 28 16
36 2 36 9
33 3 36 5
13 3 14 15
19 13 31 19
23 9 38 15
29 13 34 17
17 1 35 7
13 3 34 12
14 15 31 18
25 9 34 15
26 13 31 14
13 12 30 12
21 3 39 3
21 4 33 11
17 9 36 12
4 1 30 1
35 14 35 16
19 3 27 4
1 5 4 8
27 12 36 14
6 7 36 12
37 3 37 10
34 5 37 14
19 1 21 15
15 15 37 20
5 14 37 21
15 18 26 21
21 15 29 16
17 10 19 16
36 1 39 8
20 15 28 19
21 6 32 12
25 16 36 17
25 12 34 14
30 16 31 19
18 1 38 19
12 1 22 1
9 3 16 15
14 4 21 15
14 21 25 21
31 1 38 10
23 1 38 1
20 1 20 2
16 10 38 16
28 21 36 21
33 16 36 18
20 15 37 16
24 19 26 21
16 18 29 20
3 1 10 7
17 21 35 21
7 14 15 14
35 20 39 21
22 17 22 18
38 14 39 15
21 18 37 19
10 12 36 15
30 15 38 16
12 17 17 21
11 11 32 12
25 16 37 18
17 16 36 20
21 11 39 18
37 21 39 21
27 12 36 19
25 11 31 18
37 14 39 14
7 13 19 18
34 18 36 18
17 1 36 6
4 9 25 15
36 4 37 21
6 8 19 21
24 1 30 3
27 12 38 16
5 12 6 15
8 13 28 19
30 14 33 19
29 9 29 18
33 4 38 9
22 2 35 16
33 17 33 17
31 14 33 18
14 10 17 21
28 15 29 17
24 19 28 20
30 3 35 20
28 5 34 18
23 6 38 10
19 20 36 20
19 13 28 16
1 4 12 8
28 10 35 15
39 21 39 21
37 8 37 15
7 1 11 10
36 21 36 21
15 10 15 17
24 20 36 21
34 19 38 21
33 13 35 15
9 19 30 20
9 1 22 6
21 20 31 20
25 9 32 10
32 15 38 19
25 17 29 18
5 20 18 21
15 2 35 4
7 11 24 20
31 16 38 18
35 8 35 9
39 20 39 20
19 12 28 13
32 10 38 21
31 3 34 19
26 20 38 20
8 3 35 20
2 7 33 20
6 21 30 21
29 15 35 17
30 11 39 13
4 9 13 16
32 7 32 18
15 7 27 14
37 20 37 20
37 7 37 14
23 14 39 15
17 4 23 5
26 13 37 14
27 19 39 21
36 6 36 19
16 17 25 18
22 12 34 20
14 8 21 20
33 3 34 11
8 3 29 8
12 16 34 16
8 2 31 11
21 1 32 3
11 4 36 6
15 20 31 21
35 3 38 10
18 15 26 15
3 16 14 17
14 1 30 6
20 17 38 21
19 19 20 21
20 1 26 2
12 10 30 13
10 18 18 19
17 9 39 11
8 21 27 21
24 10 35 19
37 8 38 19
34 20 37 21
7 5 21 17
5 3 16 18
9 13 28 14
6 1 7 17
25 16 33 21
3 6 16 12
23 19 26 21
33 5 37 15
10 4 38 13
8 2 19 20
31 17 35 21
37 14 37 15
12 5 14 19
38 13 39 15
4 2 37 9
28 12 34 19
25 19 29 21
30 6 30 14
4 13 36 20
18 6 31 20
19 11 33 21
22 20 26 20
1 13 24 17
20 21 33 21
31 6 32 18
29 9 31 9
19 12 26 15
27 19 29 20
5 16 5 18
34 19 37 21
23 7 32 14
8 17 18 21
9 2 26 5
5 21 11 21
4 15 30 16
3 19 3 21
33 16 33 19
38 13 38 13
27 19 30 20
9 7 24 12
11 13 11 16
9 20 31 20
20 7 25 14
24 2 27 6
18 18 35 20
31 10 38 15
16 7 24 17
17 14 20 17
21 21 28 21
3 7 30 14
3 8 11 15
28 6 31 8
3 12 33 13
39 18 39 20
32 3 36 18
38 4 39 12
21 18 23 21
13 4 32 6
34 17 36 20
27 10 34 13
25 7 30 10
17 12 22 12
14 15 24 18
33 12 34 13
29 20 32 21
25 21 39 21
2 6 25 15
3 14 32 14
10 3 12 10
38 8 39 17
26 3 38 19
22 7 28 13
29 19 29 20
33 21 34 21
17 11 28 20
27 1 36 12
16 10 21 19
1 18 31 18
20 20 38 21
2 5 22 8
4 12 22 18
1 21 33 21
2 4 18 6
2 20 4 20
5 11 22 20
7 15 12 15
21 14 24 14
29 11 35 20
18 18 34 19
23 14 38 20
26 9 34 16
25 6 33 10
21 17 31 20
31 11 39 20
12 21 31 21
38 3 38 11
31 13 33 14
4 16 21 18
11 17 39 17
16 4 32 8
23 4 30 17
21 4 26 7
7 19 16 19
2 1 36 13
29 17 37 19
8 6 27 12
2 2 22 11
35 15 36 16
7 7 14 8
14 16 28 20
27 11 39 12
3 16 6 18
20 8 38 17
24 9 38 11
7 18 17 19
39 19 39 19
4 8 12 17
9 2 38 15
34 20 39 21
22 4 25 8
12 5 37 8
8 20 19 20
33 10 38 18
36 20 37 20
38 11 38 11
28 12 34 15
9 8 35 14
33 17 37 21
36 7 37 15
31 14 35 17
14 10 29 13
11 13 18 17
22 2 35 10
39 8 39 14
25 20 38 20
30 21 30 21
31 12 39 12
7 8 28 8
39 8 39 12
12 5 39 5
17 9 22 15
38 17 38 18
19 19 34 21
11 2 19 2
18 4 21 15
8 2 17 18
32 2 35 7
14 15 31 20
9 11 22 20
32 5 33 18
20 11 34 21
13 7 15 18
19 11 24 20
31 18 36 20
21 18 24 20
29 19 38 21
4 9 35 19
13 15 13 17
23 5 23 20
12 9 14 21
9 7 25 20
38 11 39 12
12 8 25 19
14 7 35 12
27 8 28 8
15 10 23 12
21 10 24 11
21 19 36 19
27 21 31 21
34 3 39 18
6 1 8 13
39 18 39 19
12 11 24 16
34 11 34 21
19 11 21 12
39 7 39 21
16 21 25 21
21 4 22 19
29 18 36 20
30 3 31 5
26 19 30 20
38 14 38 14
37 9 39 12
19 17 37 19
21 1 31 15
26 16 34 18
12 1 30 10
35 9 39 20
9 2 26 21
7 2 26 2
18 13 18 20
26 19 35 19
12 17 28 17
28 3 37 21
34 14 38 18
32 8 32 15
20 19 29 19
35 21 38 21
31 9 31 21
25 21 25 21
8 18 36 21
6 14 21 16
26 15 32 17
28 2 32 2
29 13 37 17
1 17 22 17
24 19 35 20
8 9 28 15
21 11 36 18
15 19 36 19
7 10 32 21
31 14 36 17
13 2 27 19
30 21 37 21
31 19 34 20
27 21 31 21
14 15 25 15
37 5 37 20
25 2 35 3
12 8 18 13
28 8 29 16
26 18 31 19
8 17 24 20
38 9 38 14
15 5 29 7
2 5 28 6
29 20 33 20
9 21 28 21
23 1 34 20
5 19 37 21
6 7 6 18
1 15 34 21
36 4 38 14
25 14 28 20
23 8 36 15
13 9 27 17
36 10 38 18
19 11 20 21
27 8 39 8
21 1 35 14
22 5 32 10
24 18 39 21
25 14 26 17
3 15 4 18
5 7 21 10
35 6 35 17
39 20 39 20
29 17 39 19
5 7 33 14
27 8 38 14
16 7 25 20
18 10 39 17
4 13 8 13
2 6 23 11
16 19 25 21
37 5 37 19
35 20 38 21
28 12 38 21
12 13 30 18
13 8 16 11
11 21 22 21
11 20 31 20
11 16 20 17
17 6 31 6
16 16 37 20
11 18 29 20
34 18 34 21
2 3 13 13
25 8 26 13
32 11 39 16
7 9 28 9
11 18 20 21
9 15 36 20
26 12 38 14
6 10 27 18
5 2 27 2
16 12 31 18
12 11 32 19
17 5 23 8
14 18 33 20
22 6 34 6
15 15 36 19
19 13 38 17
30 7 39 21
8 18 15 20
10 3 17 20
24 5 29 5
16 11 18 13
37 2 39 16
35 14 35 20
32 13 33 17
21 15 36 21
8 15 17 19
27 16 29 18
21 4 22 18
23 4 31 10
14 21 34 21
22 14 34 16
28 14 28 21
23 12 39 12
33 21 38 21
36 8 39 13
13 13 16 13
26 13 27 20
38 8 39 16
18 2 30 19
26 18 34 19
36 3 39 3
8 7 33 21
4 13 25 14
32 14 39 16
15 13 24 21
16 16 32 18
9 11 13 15
27 5 29 21
35 10 36 15
24 9 30 18
1 19 13 21
36 5 37 21
7 10 37 17
14 1 23 7
9 5 35 20
30 14 38 20
10 9 30 13
37 8 38 8
16 13 21 15
16 11 20 20
37 3 38 19
9 1 28 15
18 6 28 8
4 19 20 19
37 17 37 19
15 16 22 20
22 2 23 18
27 11 39 20
2 21 4 21
16 2 35 21
37 14 38 20
35 13 38 19
14 15 16 17
9 2 38 10
16 2 18 20
27 12 32 15
21 18 25 21
16 14 33 14
15 6 18 20
2 6 25 18
24 3 24 19
24 5 33 19
9 18 17 21
5 17 33 21
7 17 21 21
7 7 10 17
19 6 30 14
33 8 36 13
26 9 36 21
17 4 31 10
3 4 37 15
6 7 24 21
15 19 21 21
27 20 37 21
15 17 34 18
19 6 26 8
32 16 32 21
24 2 35 21
5 2 37 16
9 21 18 21
20 17 33 19
15 7 22 17
11 6 19 13
13 13 26 14
8 8 14 9
12 5 25 14
37 20 39 21
28 2 34 2
15 20 29 20
32 19 38 19
4 15 17 18
13 1 33 15
37 10 38 10
18 3 27 15
39 21 39 21
1 4 14 17
18 14 21 21
15 21 15 21
39 9 39 21
27 8 36 18
23 19 37 21
8 14 26 18
36 1 38 13
3 19 31 21
34 13 38 15
9 9 31 18
3 7 3 13
10 1 21 16
27 3 35 12
13 11 17 13
38 3 38 10
11 21 37 21
2 18 10 20
5 15 31 20
30 9 35 16
34 11 34 14
10 14 29 15
5 17 9 20
38 16 39 21
24 1 33 18
38 6 39 19
13 21 28 21
39 17 39 18
20 4 31 13
33 19 34 20
25 21 35 21
37 4 38 18
3 20 13 21
19 16 21 16
3 6 13 6
29 14 38 16
13 17 23 18
13 9 13 21
22 18 24 20
17 21 27 21
9 19 12 20
30 10 32 17
31 3 36 9
26 17 39 17
34 8 35 13
14 10 31 21
18 15 25 18
4 12 14 21
24 21 28 21
11 14 18 14
35 12 35 17
21 13 30 21
38 19 39 21
25 16 31 17
23 13 31 20
36 18 36 18
34 5 37 8
9 15 33 19
22 6 33 6
11 15 31 17
34 14 35 18
2 4 36 20
39 17 39 19
37 4 39 18
11 10 18 11
32 17 37 17
7 14 27 17
30 7 39 20
30 12 39 13
19 6 27 9
16 18 30 21
32 7 32 10
29 11 29 21
25 6 25 6
18 18 19 20
3 14 6 16
22 19 31 19
37 10 39 20
9 12 34 12
35 10 39 12
11 5 34 18
10 18 34 20
34 12 35 13
25 8 26 12
34 17 38 20
22 16 28 19
5 4 33 8
38 16 39 16
7 13 12 17
16 2 25 4
5 21 5 21
17 1 21 6
33 11 39 14
4 20 14 20
4 16 6 19
11 6 18 11
32 15 35 15
3 16 33 16
32 14 39 17
36 17 36 21
5 3 8 19
29 8 34 15
1 20 20 21
34 17 37 17
21 3 31 19
36 17 36 20
29 2 34 17
26 17 26 19
38 3 39 16
25 10 31 12
23 1 38 15
33 17 35 21
14 9 23 12
30 19 31 21
12 13 21 14
4 12 21 21
24 21 33 21
13 20 22 20
37 3 39 9
35 15 37 20
38 11 39 13
26 3 29 4
30 6 34 14
26 6 28 18
26 5 32 15
35 4 38 19
39 5 39 5
13 13 38 16
13 21 37 21
22 14 35 20
31 20 38 20
24 5 28 9
16 19 17 21
33 10 39 21
4 6 22 9
30 10 35 16
28 14 37 20
21 12 38 16
10 9 34 20
2 4 39 10
32 13 35 20
1 21 16 21
5 12 30 16
26 14 29 21
2 7 19 9
15 12 33 13
39 1 39 18
7 3 34 10
3 14 14 15
8 16 39 18
12 20 36 20
29 10 37 17
8 13 39 15
24 3 25 7
29 18 29 21
22 6 31 20
22 8 28 17
35 7 38 13
19 14 24 15
7 15 29 18
13 1 29 18
29 11 30 19
15 19 30 19
32 20 32 20
11 4 21 11
6 5 27 20
28 16 38 17
35 5 37 5
8 21 34 21
34 18 36 21
20 19 28 21
10 9 22 11
35 10 38 10
19 21 39 21
7 17 36 17
21 13 29 21
4 19 33 19
24 10 39 21
19 14 34 19
24 1 34 14
38 3 39 7
27 16 32 20
22 18 28 18
21 20 30 20
23 12 26 15
38 10 39 16
3 8 26 11
33 12 34 20
8 4 32 21
19 19 32 21
30 2 33 8
17 6 24 20
18 12 24 16
34 20 35 21
18 10 20 15
12 20 24 21
29 4 33 14
21 15 34 18
34 8 38 11
35 11 37 11
5 8 9 18
27 13 30 18
25 17 35 21
6 6 12 8
4 11 30 19
9 8 31 14
8 17 14 17
12 2 25 2
17 8 31 9
22 3 26 21
1 19 2 19
4 8 24 18
34 17 34 17
20 1 38 18
9 14 20 21
22 19 28 21
4 13 30 20
9 19 29 20
22 16 34 20
31 11 37 17
25 3 31 20
21 5 32 6
31 1 32 2
26 12 38 19
25 9 33 21
39 15 39 20
11 15 16 18
21 10 36 18
37 2 37 4
30 5 33 11
14 3 26 4
18 15 34 17
13 10 34 11
31 21 36 21
30 21 30 21
7 20 23 20
37 16 37 19
25 6 38 13
29 17 37 20
15 8 37 21
31 5 33 6
3 11 14 11
10 1 31 10
7 20 26 21
18 20 26 21
26 12 28 15
11 2 27 13
1 11 33 14
6 10 27 15
39 17 39 18
3 2 32 16
29 11 39 11
16 9 32 10
1 5 2 8
28 11 38 20
5 10 31 21
19 9 27 9
3 8 4 9
27 6 36 10
14 15 27 19
25 11 32 20
11 17 28 21
10 3 18 15
39 20 39 21
21 4 39 12
2 1 14 16
22 16 36 21
36 13 36 14
37 9 37 17
10 2 26 4
33 20 34 21
13 7 29 13
29 5 31 20
38 1 38 13
26 17 39 19
4 17 8 19
34 19 39 19
31 7 32 9
11 21 26 21
7 7 25 17
23 2 31 6
28 20 29 21
6 2 33 6
35 6 36 20
21 19 30 21
11 13 26 17
8 4 13 8
7 6 15 18
34 4 37 8
20 10 26 19
37 8 39 11
33 18 37 21
7 2 26 18
30 14 30 21
7 21 39 21
9 1 30 17
19 19 34 19
4 3 36 15
27 19 29 19
37 12 39 20
38 15 38 17
9 19 31 19
22 4 34 20
27 21 38 21
28 6 31 18
22 18 33 20
22 9 27 17
35 20 38 20
1 4 39 14
37 19 38 19
15 3 15 19
15 17 24 18
16 3 16 10
13 17 20 18
37 4 39 13
24 13 25 13
21 5 23 5
22 11 22 11
20 4 24 13
29 15 38 20
18 3 36 6
7 20 21 20
31 15 34 16
37 14 37 20
23 14 39 20
35 13 35 18
39 7 39 20
34 1 38 3
37 1 39 12
11 8 22 14
19 8 22 17
37 8 39 14
38 18 38 20
1 6 2 19
20 5 35 21
4 17 28 20
5 6 35 20
35 8 37 8
22 10 28 14
21 17 31 17
18 14 19 15
15 18 23 18
39 14 39 21
29 19 33 19
3 13 26 14
35 10 38 10
18 6 20 11
8 7 33 15
36 21 37 21
14 1 38 10
9 16 36 20
9 6 35 15
5 8 35 17
28 18 28 18
8 12 28 16
35 15 38 17
3 19 25 19
22 12 25 17
5 10 30 10
18 16 20 21
11 10 13 16
27 13 34 14
35 20 39 20
13 6 25 20
3 1 13 1
26 13 34 15
16 7 24 13
28 7 35 16
16 4 16 16
31 3 35 6
37 1 37 17
13 16 21 16
18 4 38 16
16 2 24 6
32 21 34 21
33 15 33 19
22 17 24 17
38 10 39 17
26 10 27 14
23 18 32 18
32 14 39 15
12 12 35 21
35 10 37 17
22 17 33 19
7 8 35 11
8 2 15 10
20 16 33 17
1 19 34 20
38 6 38 21
21 1 29 21
30 19 31 19
2 14 13 17
11 18 25 21
8 12 28 18
30 7 31 8
11 3 28 17
15 15 39 18
34 8 36 13
31 7 31 21
15 7 15 17
34 2 34 20
31 15 39 21
29 11 34 12
20 7 21 19
27 14 34 20
22 10 27 10
22 11 30 16
29 3 32 20
11 6 17 7
14 16 35 16
17 5 35 11
1 18 12 20
28 3 37 15
2 3 3 4
22 6 31 6
20 21 30 21
39 16 39 17
33 19 35 19
30 7 31 10
4 20 26 21
34 3 39 8
19 6 28 14
22 18 39 18
9 3 12 21
34 20 37 20
3 15 4 21
16 12 17 19
19 7 23 17
35 10 36 19
30 1 33 21
29 7 33 19
12 17 35 19
23 12 23 20
25 8 31 15
5 16 38 16
30 7 36 13
4 10 10 21
23 8 29 14
21 10 26 17
12 20 13 20
22 19 39 19
34 15 35 21
7 5 33 20
31 3 38 15
32 16 39 18
32 21 32 21
19 21 32 21
36 4 36 4
29 1 38 15
39 10 39 17
28 10 28 14
20 13 38 19
30 12 30 13
1 13 34 13
3 1 20 11
18 19 35 20
8 1 34 2
7 17 11 21
14 3 16 3
25 10 39 13
34 21 37 21
33 15 39 18
13 3 35 7
9 19 26 21
15 17 17 19
35 14 37 21
15 1 29 9
16 6 30 13
34 1 34 17
9 21 13 21
26 13 27 21
9 5 32 8
15 21 28 21
29 11 30 16
24 16 35 17
23 8 24 12
31 1 36 17
38 18 38 21
5 7 31 14
8 14 30 17
6 7 25 14
21 8 39 17
34 19 36 19
19 20 39 21
34 19 36 19
28 21 31 21
32 9 39 11
38 12 39 13
4 10 36 16
17 17 18 20
19 4 30 11
1 9 17 13
8 17 25 19
15 4 27 9
39 3 39 4
24 16 34 19
12 21 25 21
21 13 22 20
39 9 39 9
19 6 28 14
25 5 31 8
21 17 33 20
18 7 25 9
15 18 35 19
27 8 34 12
8 14 35 16
28 6 39 19
21 10 35 10
25 1 25 7
18 14 19 18
38 11 38 17
2 3 32 8
38 1 38 21
32 21 35 21
23 10 27 21
3 19 3 19
14 3 35 11
34 1 37 3
32 17 35 19
39 14 39 15
37 9 37 21
1 21 26 21
5 18 38 18
26 1 28 5
9 17 28 21
3 13 15 21
19 10 25 19
23 4 27 19
33 18 34 21
29 2 36 12
22 5 22 21
36 8 38 19
8 17 24 20
24 19 25 19
25 6 39 8
11 3 16 12
2 18 21 20
17 21 22 21
36 14 36 14
20 21 28 21
13 12 26 15
21 3 29 14
34 1 36 10
34 2 35 6
15 21 34 21
19 6 28 13
31 11 31 16
32 2 35 13
11 9 22 17
38 13 38 17
16 21 35 21
5 19 14 21
7 20 38 21
29 16 36 16
24 3 28 20
29 12 31 13
28 8 29 13
38 21 39 21
20 9 35 20
7 16 31 18
26 14 28 19
25 3 30 12
22 21 34 21
22 4 27 16
16 15 17 17
28 15 33 21
39 4 39 16
12 18 32 18
19 21 28 21
36 4 39 12
3 4 28 4
32 12 35 18
6 6 16 21
9 14 12 17
29 14 30 14
24 21 35 21
16 10 37 14
14 4 15 12
11 12 30 14
13 15 20 16
26 16 35 17
9 18 26 21
24 13 32 15
26 7 30 10
4 21 4 21
16 14 31 19
38 2 38 15
20 9 36 19
2 21 37 21
15 10 16 17
24 20 36 20
12 19 33 20
22 3 22 10
34 21 34 21
3 8 4 11
7 6 15 9
9 12 10 20
31 21 32 21
35 12 36 18
32 4 32 10
16 4 26 8
32 8 33 14
31 14 36 14
3 19 37 19
39 14 39 18
26 12 38 20
6 11 28 12
29 21 31 21
18 21 23 21
8 1 16 11
38 9 39 20
33 1 39 18
26 16 28 20
6 3 13 7
35 12 39 14
4 2 26 3
6 8 33 13
30 7 31 14
34 20 39 21
26 17 28 21
10 18 31 21
4 10 26 20
13 16 28 19
26 6 31 7
6 19 29 21
16 4 25 12
32 8 35 12
26 5 31 15
17 2 36 13
8 6 12 12
14 8 19 12
8 8 25 12
8 13 21 16
31 11 37 11
32 17 34 21
18 15 20 17
34 7 36 10
32 1 39 20
33 19 39 21
14 16 31 20
38 20 39 20
32 12 39 16
33 16 34 20
30 14 30 14
22 6 33 11
35 10 38 14
39 4 39 14
23 7 33 12
31 14 36 14
25 4 36 12
24 8 28 19
13 3 33 18
37 21 38 21
38 3 38 4
1 18 37 18
34 16 35 21
10 13 29 13
19 2 21 3
16 11 30 11
11 9 29 18
11 21 39 21
15 6 39 12
6 7 17 19
1 5 8 11
9 9 24 17
31 8 37 16
30 3 33 3
8 10 21 12
12 16 24 16
26 5 29 7
12 3 18 19
23 6 28 16
13 18 33 18
2 13 18 17
10 6 30 18
16 2 36 21
21 15 26 16
3 8 36 12
27 8 34 13
10 7 20 7
39 9 39 16
8 3 11 12
4 16 10 16
11 2 31 21
11 21 16 21
30 19 37 19
4 18 31 21
19 18 20 20
5 20 38 20
32 3 39 21
25 12 30 21
1 9 29 12
4 1 20 7
21 7 39 14
14 6 25 8
32 5 39 19
20 19 24 21
3 5 37 17
38 16 39 19
39 15 39 15
27 1 33 10
28 20 36 20
3 14 6 18
21 16 29 17
5 17 27 17
7 14 12 20
32 11 33 21
39 13 39 21
1 17 10 19
4 16 10 18
24 18 24 19
24 20 31 20
18 3 37 21
10 18 35 18
29 12 34 18
26 4 39 9
32 13 36 16
20 16 21 18
9 19 27 20
11 9 20 17
22 1 28 14
36 3 36 9
35 15 35 19
22 19 32 19
20 11 29 18
28 12 30 21
8 17 18 21
30 15 37 21
14 2 21 2
14 13 37 17
15 4 32 16
14 1 17 15
28 8 32 21
32 6 36 19
9 4 34 11
33 3 34 11
8 11 10 20
10 16 16 21
36 2 39 13
22 13 30 17
18 8 29 21
3 13 25 14
6 8 8 19
35 14 39 17
18 5 31 21
25 6 29 6
35 8 35 21
24 8 35 13
11 8 29 11
33 6 39 17
38 4 39 7
33 5 34 18
32 10 36 12
2 11 19 12
29 21 39 21
17 13 34 13
29 15 29 17
24 18 34 21
13 19 18 20
37 8 37 10
32 6 35 14
27 7 38 17
1 11 23 16
34 17 35 21
23 1 33 18
6 15 27 19
6 7 33 14
36 15 37 17
18 2 31 7
4 19 31 20
28 17 33 17
14 19 37 19
4 8 6 9
37 5 39 12
15 19 15 21
37 17 37 21
23 1 33 11
30 20 33 21
10 6 16 21
28 19 28 20
38 16 38 19
12 10 18 20
28 4 34 18
26 1 28 1
27 12 32 14
32 9 38 17
20 15 25 18
22 14 30 19
1 2 22 20
1 2 27 9
20 6 30 8
3 2 19 3
30 5 30 18
34 15 35 20
14 12 21 15
27 12 30 16
12 20 19 20
12 19 25 20
1 11 23 20
21 13 24 14
5 7 18 16
2 18 16 19
21 10 21 11
33 10 39 17
27 11 38 14
13 1 34 10
4 17 8 18
27 13 34 13
29 11 31 20
39 6 39 20
21 5 25 20
29 11 29 11
31 21 32 21
2 12 33 16
11 18 26 21
2 21 22 21
38 10 39 16
4 18 18 20
23 1 32 20
16 3 30 10
34 15 38 20
33 20 35 20
30 20 36 21
11 7 17 12
25 2 33 12
22 1 39 19
1 16 17 19
21 10 24 14
9 6 16 18
3 20 38 21
23 5 23 14
26 4 31 9
9 5 16 6
3 7 26 14
22 1 32 9
16 10 37 16
37 3 37 20
25 18 30 19
6 16 30 19
7 11 11 14
38 17 39 17
8 13 23 17
28 12 31 14
24 13 30 16
7 12 12 14
16 20 27 21
24 15 29 16
15 16 28 16
27 10 32 10
15 7 19 15
29 2 39 16
4 3 17 9
39 13 39 16
8 5 24 13
16 15 18 21
36 9 38 14
3 7 8 7
23 19 23 20
24 8 34 13
15 15 31 15
3 16 7 20
34 16 34 18
29 6 38 6
7 10 39 19
22 1 38 4
2 19 25 19
11 5 18 14
30 13 35 21
38 12 39 13
28 18 33 18
17 10 23 17
8 15 32 21
8 21 36 21
29 8 36 21
19 3 32 7
38 12 38 19
13 9 39 9
27 18 35 18
32 4 34 6
32 18 39 19
1 6 16 13
15 8 33 12
12 11 16 12
30 12 33 18
7 18 35 18
21 14 31 14
12 13 16 14
21 16 30 20
19 1 21 4
5 2 39 13
25 18 25 20
32 4 32 12
23 10 23 13
11 12 19 13
1 7 12 21
22 9 34 14
33 19 39 21
31 6 31 14
6 13 7 19
10 19 10 20
9 14 12 16
22 19 33 20
31 12 34 21
39 13 39 14
12 12 21 13
20 8 35 12
14 2 21 3
18 9 35 21
4 11 35 15
38 6 38 10
12 2 39 9
27 16 36 19
13 3 34 17
25 10 32 14
10 5 29 10
21 19 27 19
33 9 35 18
16 17 27 20
26 8 34 15
27 3 32 18
28 21 32 21
23 13 33 13
22 17 35 21
22 15 33 17
5 9 10 16
31 20 37 21
13 16 33 18
37 7 38 10
12 3 20 4
39 13 39 20
11 7 31 21
12 17 22 19
37 16 37 16
11 19 23 19
13 3 32 13
16 15 34 15
4 2 7 16
6 21 33 21
33 7 35 11
34 13 34 19
32 13 35 15
23 10 28 21
7 8 19 20
38 12 39 20
33 5 35 6
8 15 14 18
35 12 35 16
12 19 15 20
31 6 37 19
28 15 34 20
19 5 39 12
16 5 37 19
4 6 15 20
17 6 20 19
2 2 22 5
2 13 10 21
1 3 13 19
9 11 26 15
11 20 35 21
5 7 13 19
2 16 31 21
29 20 35 20
12 5 26 20
8 11 30 17
23 18 38 21
13 18 25 20
24 2 25 14
34 5 36 16
20 6 36 6
15 6 28 20
19 8 31 13
16 7 19 12
20 12 39 15
15 1 22 1
11 5 16 18
39 15 39 19
19 9 32 21
35 20 37 21
5 6 36 10
11 10 34 17
7 2 36 12
3 16 5 19
18 19 24 21
31 8 38 16
25 8 32 18
2 8 37 14
6 7 11 11
26 10 27 16
9 6 38 6
31 5 35 20
20 12 25 14
17 20 19 21
6 13 35 15
26 4 29 17
2 8 14 14
37 2 38 15
5 18 37 20
29 7 33 7
4 21 25 21
26 7 29 14
19 9 20 10
13 14 22 21
31 20 36 20
30 7 32 21
35 6 36 12
28 17 28 17
2 16 10 18
4 16 30 17
24 5 31 16
2 21 38 21
36 9 38 10
2 4 34 8
22 4 35 21
14 8 39 19
38 18 39 19
16 12 34 14
27 17 28 17
38 16 39 16
24 12 33 19
34 9 35 13
11 2 15 16
33 8 39 20
18 12 26 21
17 2 34 18
38 16 38 18
33 12 34 21
32 11 38 20
6 10 27 14
7 12 21 16
35 18 38 21
30 14 31 14
1 16 18 17
10 17 37 17
39 14 39 17
22 15 31 15
14 16 36 21
2 12 21 18
17 17 33 19
31 2 39 13
38 3 38 17
3 18 21 19
1 12 19 15
34 5 38 11
20 14 26 19
16 2 22 17
1 14 20 16
13 19 33 19
11 6 22 19
24 21 29 21
39 15 39 19
18 14 24 20
32 4 36 20
10 14 18 21
35 10 37 16
21 7 24 20
29 18 30 18
6 6 8 16
6 15 9 20
25 4 34 5
37 10 39 21
2 5 24 14
5 19 28 19
8 5 29 16
14 11 39 18
18 3 26 17
1 12 16 16
2 17 26 17
16 3 35 8
21 1 23 20
31 19 33 21
13 8 32 20
37 15 38 19
25 18 37 21
20 2 30 14
12 18 17 18
24 17 24 17
12 8 15 16
22 2 38 4
27 2 28 15
34 7 36 17
14 9 22 17
7 20 29 20
24 16 38 16
25 12 37 20
35 11 39 12
36 9 37 21
10 3 36 5
28 8 35 19
29 13 33 19
2 5 4 21
26 10 31 14
13 1 32 5
30 17 39 19
17 15 32 20
34 15 37 17
17 13 39 14
2 9 24 19
6 16 13 21
32 11 36 21
21 1 37 4
11 5 35 17
34 6 35 17
16 1 38 13
12 10 21 21
9 20 18 20
38 2 39 20
39 9 39 13
23 2 34 5
16 16 28 16
10 7 24 10
14 16 35 20
2 18 24 18
7 12 25 18
34 19 39 20
19 11 26 13
36 16 38 20
8 10 14 17
13 16 32 16
7 13 14 18
32 8 33 11
36 7 39 15
19 19 24 20
17 20 29 21
35 15 38 20
21 8 26 18
26 11 27 16
31 7 37 17
14 14 30 20
11 17 35 20
28 16 35 18
22 16 31 19
14 9 29 14
26 8 32 13
36 18 38 20
33 15 36 15
7 12 29 19
35 7 38 18
12 12 32 20
13 13 25 14
34 12 39 18
20 15 33 17
4 3 31 21
19 14 21 18
26 14 29 14
11 7 13 17
9 3 31 20
10 8 12 17
18 4 36 12
17 5 27 12
2 11 6 16
14 13 17 13
8 10 38 16
7 19 25 20
27 15 37 17
30 21 34 21
19 21 25 21
13 9 18 19
30 21 35 21
7 19 34 21
17 12 25 13
14 7 16 8
1 13 9 20
19 8 32 18
12 21 27 21
25 6 34 7
10 12 28 14
15 8 26 18
5 21 11 21
5 8 12 18
26 13 29 18
19 1 34 20
19 15 29 18
19 4 30 8
19 14 38 17
33 11 37 12
14 8 22 17
12 11 30 13
36 20 37 20
35 11 37 19
6 19 37 19
38 15 38 15
30 12 35 15
33 5 38 19
1 12 36 16
21 9 37 19
23 4 27 16
31 4 39 18
1 17 9 21
20 3 35 12
17 6 29 20
9 2 19 16
33 17 34 17
30 18 34 18
11 10 22 17
10 7 36 16
32 15 32 18
31 5 32 6
5 4 34 11
18 17 29 17
18 19 28 21
36 1 37 5
2 4 14 17
3 10 36 11
26 20 27 20
24 5 26 21
17 17 22 18
9 10 35 18
36 17 39 21
26 9 30 20
21 12 30 15
15 21 39 21
20 6 28 10
39 7 39 15
20 20 31 20
37 14 39 16
6 20 18 21
21 5 21 18
16 4 16 18
26 10 29 20
30 14 30 16
1 14 35 14
35 16 37 21
26 9 36 11
20 12 26 16
30 18 33 19
13 12 33 12
24 18 31 18
11 20 32 21
28 7 38 19
4 7 9 18
21 5 33 6
35 13 38 14
16 8 27 14
31 19 31 20
28 8 28 17
12 12 12 13
1 2 15 5
11 5 31 14
9 10 25 14
12 1 15 15
33 5 34 16
30 15 31 17
5 17 6 21
32 5 35 15
17 17 20 18
16 13 36 13
10 3 26 21
11 7 29 12
20 14 24 21
33 4 35 8
18 15 21 18
37 9 37 13
21 8 25 19
14 7 19 16
29 19 34 19
11 13 29 20
29 12 32 16
1 16 6 19
36 7 37 13
39 21 39 21
38 16 38 16
17 18 20 21
24 11 31 20
1 6 23 17
36 1 38 6
33 6 36 21
37 21 39 21
22 1 22 8
12 18 16 18
26 15 37 20
25 17 34 21
32 14 32 20
23 8 28 12
18 19 33 19
6 16 38 17
37 13 37 20
28 18 35 21
8 19 32 20
15 13 31 18
33 17 39 20
7 4 36 11
13 1 38 19
1 1 29 5
20 5 32 7
7 2 31 16
16 18 17 19
12 8 22 13
27 19 33 21
39 2 39 9
9 17 20 18
11 10 26 19
26 14 30 21
31 14 31 21
5 21 30 21
29 12 30 20
9 7 17 15
38 20 38 20
32 15 37 17
16 21 23 21
15 10 31 11
9 11 13 16
26 5 39 21
15 6 16 6
24 18 29 19
31 7 31 11
28 10 37 21
13 14 39 15
9 17 35 20
24 15 29 16
25 12 26 16
14 11 30 12
1 17 15 19
21 6 22 17
32 13 37 17
1 17 34 20
13 19 13 20
33 13 34 15
18 2 32 9
31 14 32 19
30 2 35 13
18 3 39 21
19 13 28 17
11 15 15 20
15 17 22 19
15 18 30 21
7 18 14 20
24 13 37 14
13 18 31 18
39 9 39 13
9 14 23 21
2 10 24 21
38 21 38 21
30 15 38 21
22 2 22 14
39 4 39 20
16 11 37 19
37 6 38 18
10 1 15 8
37 3 37 10
14 20 17 21
6 15 39 19
6 10 25 15
6 16 29 20
16 18 29 19
15 1 38 14
12 20 24 21
37 17 39 18
2 21 9 21
13 8 37 19
33 10 36 16
15 19 39 20
18 18 19 18
2 15 22 21
12 4 23 5
2 9 7 14
38 18 38 21
13 17 21 17
2 14 23 19
31 10 31 18
32 20 39 21
13 17 23 21
5 14 33 14
18 8 26 20
9 17 32 18
21 18 24 20
35 20 35 20
18 3 32 14
15 10 34 18
13 10 25 21
16 16 17 17
38 16 38 16
8 5 8 14
19 16 35 18
34 10 34 20
30 21 38 21
11 1 27 9
13 14 39 21
19 5 33 10
19 14 39 16
39 21 39 21
20 5 29 14
18 10 27 18
5 7 25 13
22 10 32 16
19 19 28 20
10 19 13 21
11 8 17 8
24 7 35 21
6 21 37 21
4 11 30 21
12 12 36 19
23 17 31 20
17 10 29 15
24 18 24 20
16 2 26 8
30 14 37 18
3 19 36 21
19 9 37 21
22 1 36 17
37 7 37 9
36 19 38 19
33 17 35 17
14 16 33 16
37 15 39 16
28 10 39 20
25 1 25 8
6 2 34 10
13 18 31 20
11 2 23 13
31 19 37 19
4 19 17 21
24 14 37 14
26 6 39 10
18 21 39 21
16 9 22 16
12 11 35 15
17 3 17 7
39 17 39 20
7 8 27 17
37 15 38 20
23 20 35 20
12 19 16 19
14 10 21 12
27 11 32 17
5 4 34 15
23 8 34 18
39 14 39 17
22 7 35 11
36 5 36 18
18 5 19 17
22 12 30 17
1 19 25 21
1 20 31 20
3 10 18 20
37 20 39 21
6 6 27 21
24 17 29 21
32 8 35 15
35 15 37 15
15 1 36 8
19 16 33 16
28 2 29 2
12 5 30 8
30 2 34 5
12 20 34 21
30 17 30 19
14 9 35 15
30 10 30 15
9 17 22 19
10 20 17 21
17 3 32 9
36 13 38 20
20 21 37 21
12 6 39 21
19 17 37 18
31 8 34 10
22 6 30 7
36 4 38 8
30 12 31 12
21 4 39 16
9 5 35 14
37 9 37 9
33 19 38 20
27 9 36 10
30 21 37 21
12 18 39 19
4 14 34 15
30 12 32 17
31 14 39 19
23 17 35 19
21 4 27 5
23 17 34 21
36 12 39 12
39 8 39 20
23 19 34 19
38 21 38 21
2 9 13 14
11 16 17 17
38 21 39 21
23 20 33 20
11 13 14 20
9 5 38 13
32 6 36 18
8 4 15 7
12 20 33 21
15 16 29 18
24 6 27 13
30 5 36 21
6 17 6 20
5 8 20 15
24 8 24 20
20 14 29 21
31 5 35 15
20 13 38 20
7 4 33 9
18 1 21 5
15 18 33 18
16 10 33 10
9 19 17 20
5 12 20 17
23 11 23 21
22 11 28 15
34 17 39 19
6 10 7 18
36 6 39 14
10 6 31 18
21 18 29 18
10 15 10 20
21 8 24 10
18 2 35 3
37 13 38 18
20 21 27 21
24 16 39 17
37 16 37 19
19 20 25 20
8 11 16 18
5 21 32 21
25 5 26 10
28 20 32 20
12 13 30 13
27 6 34 15
19 18 39 19
10 14 24 17
8 7 36 11
21 20 21 21
22 1 29 16
10 10 32 13
12 14 26 16
24 7 27 11
25 6 38 17
21 6 22 16
26 9 32 21
2 10 30 18
10 5 30 10
23 15 38 20
21 12 24 18
13 18 24 18
32 15 34 17
5 14 8 17
7 14 26 18
14 3 37 4
27 21 30 21
7 4 29 13
1 18 19 19
29 14 38 14
10 14 27 14
21 7 38 16
36 2 38 9
33 10 39 14
7 20 15 21
29 11 29 16
38 10 38 12
28 11 39 16
2 2 29 13
39 1 39 8
37 9 37 15
10 2 30 19
18 6 37 12
12 15 13 19
12 11 31 20
4 11 27 12
4 19 21 21
7 13 31 21
36 4 36 11
4 14 4 16
37 21 38 21
33 14 38 14
12 12 37 17
35 15 37 18
23 19 34 20
15 17 26 21
1 5 1 9
33 20 33 21
13 9 32 9
26 18 37 18
32 9 33 10
39 20 39 21
32 17 35 21
38 20 39 21
39 9 39 17
9 17 9 21
23 5 28 9
21 9 27 15
9 17 31 19
24 8 29 18
27 3 36 19
35 1 37 11
39 19 39 20
25 12 32 16
26 10 26 12
14 12 17 15
28 14 39 19
15 15 15 16
23 2 31 6
16 5 32 15
33 15 36 18
1 11 4 11
23 2 34 13
28 19 28 19
22 13 25 21
14 2 24 10
22 18 28 21
36 3 39 7
24 11 27 15
18 11 27 20
15 5 39 18
18 21 19 21
31 16 37 20
18 13 23 18
2 18 27 19
13 4 26 17
13 15 25 17
4 7 8 16
19 16 32 17
10 7 27 20
1 17 3 17
23 14 30 18
12 21 27 21
19 15 26 20
32 13 38 17
37 1 37 13
34 15 36 19
5 18 18 21
15 18 15 19
19 20 22 21
1 11 38 11
7 16 16 19
3 6 31 21
38 17 38 20
36 8 38 9
39 20 39 20
18 20 30 20
19 10 23 14
8 9 15 9
8 3 12 18
1 6 25 19
39 10 39 17
21 2 23 4
9 6 9 10
15 18 36 20
14 17 33 21
23 8 29 12
29 5 31 9
9 18 13 21
24 18 28 21
23 10 32 17
28 21 28 21
35 21 37 21
12 21 38 21
7 3 36 14
32 10 38 15
3 5 34 21
29 9 32 19
34 14 39 21
29 18 35 21
17 1 17 13
20 9 37 11
21 18 25 20
21 3 35 9
26 19 27 20
11 10 31 17
33 12 35 18
6 13 28 18
2 10 2 12
18 9 39 21
36 14 38 17
13 17 25 17
2 18 39 18
35 5 36 9
6 4 16 12
7 18 16 20
23 15 24 19
4 12 10 19
28 15 31 16
39 4 39 12
18 21 18 21
34 12 38 21
8 18 8 20
7 4 13 17
26 18 33 18
21 9 28 15
3 6 35 12
1 11 20 17
6 14 37 15
20 15 35 15
30 19 39 20
10 21 39 21
13 9 21 12
25 6 35 21
2 13 13 19
18 8 18 8
26 17 27 17
19 15 29 19
31 6 35 21
11 1 35 10
32 7 36 9
15 16 30 21
9 15 25 19
4 4 19 8
2 2 2 9
12 13 33 20
37 15 37 20
20 20 28 20
8 17 11 21
18 2 39 16
14 10 37 21
39 8 39 12
33 19 36 20
16 9 32 15
32 5 34 14
39 13 39 16
10 5 10 12
3 8 39 16
32 18 38 18
7 20 32 20
12 1 29 8
24 8 24 13
19 5 31 15
25 19 39 21
32 18 38 21
25 2 31 12
25 11 32 16
38 1 39 1
24 15 32 21
3 6 13 8
28 19 35 20
10 20 17 21
24 21 26 21
32 2 34 19
18 21 28 21
8 15 37 17
4 19 20 21
8 2 36 9
13 19 13 21
10 17 22 19
13 20 36 20
24 3 25 19
8 1 31 21
36 13 37 21
23 6 39 9
6 17 20 20
16 19 17 20
12 12 36 19
20 21 24 21
33 15 33 15
38 7 39 15
11 6 17 11
14 18 25 21
7 5 7 12
35 2 38 5
19 10 37 20
14 10 15 13
9 3 19 16
14 15 37 19
1 7 30 11
32 4 39 7
12 4 27 10
4 9 20 18
22 15 36 17
37 1 39 6
4 19 14 19
17 10 18 12
36 16 39 21
25 8 32 17
13 20 21 21
23 19 26 21
5 12 19 20
17 15 30 18
2 2 38 18
34 19 37 20
27 9 37 12
15 1 24 15
19 8 23 16
11 8 11 8
12 15 33 17
29 10 36 21
33 12 36 21
22 18 32 21
37 5 37 8
5 1 11 6
15 6 15 8
38 21 39 21
34 20 39 20
30 18 36 20
13 17 23 20
18 20 33 21
26 20 28 21
30 12 38 17
3 21 38 21
20 17 24 19
3 5 22 16
34 2 39 6
19 15 38 16
9 18 28 20
15 21 15 21
33 20 36 20
12 14 26 18
10 4 38 9
9 15 16 19
4 4 16 9
7 7 27 11
19 2 25 16
36 3 38 17
15 17 33 19
3 5 39 17
24 21 26 21
33 7 39 14
28 15 35 16
22 8 28 15
13 13 36 17
8 6 25 18
11 1 30 1
7 15 7 16
24 16 37 18
25 5 28 18
13 14 22 16
30 8 34 9
16 21 33 21
5 12 34 13
8 16 34 21
31 19 37 19
4 19 37 21
34 1 38 18
38 14 39 19
30 13 35 15
19 10 19 20
2 11 28 19
8 3 36 17
14 6 37 12
3 15 17 16
21 17 24 17
24 13 30 21
37 11 38 14
2 8 31 13
13 19 19 19
19 2 30 5
14 17 39 20
1 2 36 16
26 2 27 13
27 14 28 19
9 9 15 12
10 8 32 19
32 14 32 19
33 12 34 16
25 7 29 21
22 7 24 11
19 20 28 20
37 6 38 7
10 16 19 19
10 10 28 12
29 5 39 20
27 15 35 19
8 9 25 16
32 10 37 11
15 4 19 4
3 2 33 3
15 15 15 19
20 5 24 13
9 11 18 13
10 15 11 15
8 10 23 19
33 10 37 16
36 12 36 13
10 8 33 17
10 11 38 12
26 17 39 21
35 2 36 6
36 14 38 17
23 10 30 15
8 12 35 18
29 16 38 18
20 11 27 18
4 1 31 21
38 6 39 11
6 10 12 21
25 9 37 17
30 6 30 6
36 9 36 20
12 20 34 20
39 6 39 11
6 9 26 21
20 14 32 15
38 8 38 18
12 6 36 21
16 14 35 20
32 8 38 11
10 16 30 19
18 2 34 16
35 17 35 19
1 4 30 13
17 8 23 15
17 5 17 10
24 10 30 14
23 4 33 18
16 15 28 21
1 5 32 18
17 13 24 14
18 1 37 4
37 12 39 17
20 15 23 20
14 6 33 11
8 3 29 9
36 6 37 11
31 21 31 21
15 7 32 18
3 19 34 21
10 18 19 18
9 15 27 20
37 14 39 19
17 16 28 19
27 16 27 16
26 13 35 19
37 12 38 15
17 10 24 10
16 11 26 13
37 9 38 10
26 7 27 10
30 19 36 19
4 13 11 16
13 17 35 17
27 17 27 18
1 16 19 17
37 8 38 8
32 8 33 17
11 18 36 20
34 2 34 8
16 10 24 11
28 7 39 8
3 4 29 20
23 12 23 15
34 20 38 21
21 18 37 21
21 11 37 21
35 17 36 17
7 17 17 18
35 21 39 21
5 20 21 21
8 11 9 15
35 1 38 9
4 18 13 20
3 6 4 19
33 7 36 7
25 4 32 4
22 3 27 14
12 13 39 13
23 18 35 21
9 18 34 19
36 13 38 14
28 21 34 21
33 13 35 16
17 8 28 19
24 18 34 21
25 1 38 20
34 15 39 16
11 16 29 18
13 9 34 11
34 9 34 9
7 16 11 21
33 17 33 17
35 11 38 12
35 3 38 19
29 18 38 20
32 19 39 20
35 19 39 20
18 3 23 5
38 10 38 21
21 6 33 13
16 17 26 18
19 15 39 19
12 1 22 21
12 19 35 19
27 10 28 21
21 9 24 19
38 3 38 14
1 12 12 16
23 20 23 21
24 19 31 20
30 11 34 21
4 11 32 19
14 13 18 16
20 19 24 19
1 5 18 19
37 16 38 16
13 13 33 15
9 19 18 20
16 10 32 10
21 17 39 20
4 19 6 20
20 17 23 20
5 2 35 17
29 8 38 11
33 8 39 21
2 9 18 19
14 17 25 17
30 21 33 21
22 1 37 10
7 21 39 21
32 19 37 21
34 21 35 21
6 21 28 21
4 16 16 20
17 12 39 18
3 18 36 18
38 1 39 3
30 21 30 21
31 15 37 16
20 12 34 20
2 3 13 14
3 1 29 21
12 2 20 2
17 6 37 16
29 1 31 9
12 17 38 19
4 14 24 14
21 7 36 12
34 21 39 21
33 7 36 14
24 17 27 18
30 15 36 16
38 14 38 16
5 12 32 16
35 14 38 19
35 11 36 12
7 14 28 14
19 2 32 7
28 21 31 21
19 16 32 20
35 10 36 17
37 16 39 17
9 17 27 17
12 5 18 11
26 1 38 14
8 4 27 10
39 11 39 13
6 2 38 12
17 14 21 15
37 14 37 21
2 16 19 18
14 20 28 21
4 14 30 16
7 3 30 20
8 8 34 13
2 10 7 18
2 7 32 10
13 15 35 17
34 5 34 6
7 12 28 18
37 15 38 15
11 19 39 20
32 19 34 20
37 10 38 12
35 5 38 14
36 4 37 17
4 13 36 14
38 10 39 11
20 15 34 16
20 11 30 14
25 1 27 20
28 14 39 21
13 1 28 4
34 21 35 21
8 8 14 15
3 12 18 15
25 13 39 21
5 5 22 10
38 20 39 21
23 4 29 21
39 21 39 21
16 7 34 14
33 11 35 13
10 5 14 18
21 21 25 21
23 18 33 19
26 9 26 13
37 5 39 18
36 18 39 21
21 5 38 15
17 5 24 9
33 12 39 14
37 16 38 17
13 18 33 20
31 19 33 19
35 2 36 19
16 5 38 14
5 2 30 10
24 9 26 16
11 3 20 18
17 16 23 19
7 16 30 16
1 3 6 18
1 18 29 21
21 17 24 18
37 4 38 10
37 20 37 20
12 13 24 15
5 8 37 13
27 8 27 10
28 5 38 6
7 21 35 21
22 7 24 15
29 13 29 17
33 4 39 18
8 10 24 11
14 21 37 21
17 6 39 14
9 11 25 19
34 3 34 5
10 18 11 19
39 20 39 20
20 18 29 18
15 21 26 21
38 5 39 17
23 12 38 15
39 7 39 16
33 12 35 15
15 12 16 21
9 16 36 18
22 13 25 19
12 17 29 21
1 2 4 15
28 8 37 15
36 17 39 17
31 10 33 10
1 15 35 16
38 9 38 12
19 14 20 18
21 20 28 21
32 4 33 9
20 1 30 12
4 3 27 19
15 17 39 20
34 15 38 21
38 17 39 21
11 11 31 18
23 6 26 7
9 15 15 17
8 21 35 21
28 14 28 21
23 2 29 21
38 14 38 21
16 5 34 12
28 4 34 7
24 8 29 16
22 6 30 12
37 18 39 21
1 6 8 21
36 1 38 2
31 20 31 20
1 11 28 20
1 15 32 21
12 18 37 21
22 16 28 20
22 9 37 20
14 6 15 16
38 4 39 10
5 8 6 16
36 5 38 21
28 19 37 21
19 14 28 18
16 18 21 20
27 9 38 12
32 8 32 21
12 7 16 19
32 10 32 11
18 2 22 16
25 8 27 15
37 7 38 19
27 2 30 18
17 16 17 20
26 21 32 21
16 6 39 8
17 3 37 20
27 3 35 6
37 21 39 21
2 1 6 19
17 11 19 17
20 3 23 12
36 5 38 17
32 17 32 21
14 19 25 21
15 14 34 18
19 19 35 21
18 3 21 20
26 3 37 5
38 21 38 21
17 3 22 21
6 16 25 18
9 8 35 14
38 3 38 3
2 5 6 14
4 3 27 9
17 5 23 19
8 8 30 18
28 11 37 15
33 8 33 13
2 3 29 4
31 6 31 8
33 11 38 12
5 13 31 17
18 3 39 19
26 11 30 21
22 1 24 15
39 21 39 21
17 16 28 21
8 18 9 21
1 9 35 19
9 9 21 13
37 6 39 9
4 5 7 21
34 14 37 17
5 18 30 21
24 16 31 16
35 14 38 20
17 15 33 19
29 21 37 21
3 19 25 21
6 15 11 18
20 6 39 14
38 6 38 19
21 12 29 20
9 12 26 19
13 1 39 13
25 6 36 20
15 14 36 17
26 13 33 14
7 1 12 1
36 16 36 18
39 19 39 21
26 13 26 18
23 15 24 16
5 5 37 8
19 11 26 11
35 11 38 18
12 17 30 20
29 14 33 16
30 12 32 13
32 11 39 13
6 13 25 18
24 17 31 21
26 17 31 18
9 12 25 15
29 17 38 20
1 17 28 19
27 11 31 19
22 3 24 19
26 17 29 17
33 9 38 10
24 5 34 15
20 7 31 10
4 19 7 21
17 10 30 15
14 18 35 18
8 16 22 19
35 10 38 19
8 16 22 21
28 19 28 20
33 5 33 5
38 15 39 21
33 20 39 21
25 8 34 8
3 5 5 14
16 19 18 19
23 6 34 15
26 16 39 19
26 8 29 13
30 19 34 19
34 14 35 19
33 19 36 20
18 17 29 20
18 2 39 4
18 8 32 10
22 8 23 10
2 5 18 17
27 2 38 16
21 16 23 20
15 10 30 20
3 1 34 13
6 16 31 19
39 14 39 16
13 21 24 21
10 1 24 17
24 9 39 17
33 17 38 17
13 20 22 20
31 11 34 14
25 19 26 19
3 17 33 19
14 3 16 18
11 21 20 21
26 3 28 21
37 2 38 19
12 11 17 13
22 15 34 21
13 1 36 5
30 12 33 19
32 11 32 14
14 12 18 15
34 12 36 21
33 13 34 16
26 3 28 15
31 11 35 12
34 1 36 10
15 1 18 7
3 15 4 16
19 19 23 20
4 10 18 20
1 8 12 11
1 2 16 19
39 7 39 16
24 9 24 16
16 20 34 20
1 4 10 18
14 8 17 18
2 9 19 16
20 5 28 6
25 15 34 19
1 17 1 17
32 3 34 11
4 8 32 21
5 19 19 19
30 8 30 15
9 5 39 12
11 3 23 6
18 12 28 20
30 9 31 12
12 9 12 10
37 16 38 16
1 18 7 20
8 1 36 2
19 15 38 18
28 1 38 15
33 10 36 17
35 9 38 12
16 17 32 19
7 11 11 16
21 10 21 11
4 21 32 21
10 7 11 13
17 15 25 18
29 4 29 18
18 5 32 20
5 18 22 18
2 3 30 17
13 7 20 9
26 20 35 21
38 19 39 20
3 17 32 19
32 13 36 18
30 3 35 17
19 3 36 11
1 7 8 20
34 11 37 18
4 1 10 20
9 13 26 19
10 16 20 18
12 17 14 19
24 14 33 16
19 13 22 14
33 6 36 10
16 9 29 20
28 2 35 15
34 4 34 19
8 14 31 18
35 17 38 18
29 12 32 15
24 4 37 8
20 8 35 14
26 17 30 21
17 1 38 18
21 3 34 21
32 16 37 20
6 1 21 8
27 16 34 21
26 8 33 18
31 17 32 18
11 1 15 18
29 13 29 18
3 12 13 16
11 18 38 21
27 15 33 18
32 14 37 21
16 7 27 16
17 1 19 13
3 5 21 16
22 6 25 13
25 11 39 12
1 11 15 13
37 9 39 12
31 8 33 12
22 5 29 11
14 14 17 14
32 19 34 19
17 5 39 13
12 16 12 20
16 4 32 14
7 20 29 21
30 8 35 21
18 6 29 13
27 18 31 21
38 7 38 8
30 2 37 6
18 5 21 15
6 11 29 12
16 1 21 14
16 11 28 16
24 21 29 21
34 19 38 19
24 11 36 20
14 3 35 10
1 19 18 21
18 15 23 16
21 1 23 15
6 21 23 21
25 14 35 19
25 13 38 16
7 3 26 7
37 19 37 20
2 11 22 15
36 17 37 20
28 3 38 20
16 14 23 21
13 5 18 6
20 3 22 18
33 15 36 15
14 18 16 21
37 8 39 12
5 3 34 19
23 20 39 21
5 8 9 18
24 11 26 17
33 6 36 14
33 20 35 21
7 13 24 16
21 7 34 10
5 16 8 17
26 14 29 15
5 1 8 14
18 20 30 21
38 20 38 20
23 19 38 19
17 5 23 13
12 3 27 13
33 8 33 21
7 7 30 21
12 17 29 21
31 16 34 18
31 7 36 11
28 19 34 20
25 9 30 13
39 5 39 11
11 3 39 21
37 10 37 20
14 18 36 18
15 6 38 11
3 6 31 10
35 4 35 6
4 8 9 14
20 5 32 18
24 14 29 21
25 21 29 21
39 6 39 14
35 17 38 18
24 18 24 19
23 12 32 13
3 13 5 20
22 7 35 21
24 1 26 9
22 12 29 12
30 20 30 21
33 11 33 13
16 15 26 17
37 17 37 20
3 15 22 16
32 12 35 14
2 12 17 18
10 16 15 16
28 19 37 19
27 4 39 18
37 10 37 11
5 12 34 21
27 2 33 12
32 11 38 16
29 16 31 17
27 12 35 21
8 16 29 20
33 5 38 9
25 9 26 16
33 8 38 14
10 8 32 21
3 15 13 15
13 1 30 13
29 17 32 18
26 6 32 15
27 21 28 21
19 19 27 19
34 10 39 10
8 12 26 20
24 14 24 15
1 3 23 5
31 10 38 13
10 19 23 21
5 14 27 21
8 20 30 21
23 6 23 17
10 8 26 8
2 10 3 17
22 13 27 15
18 9 19 12
32 10 37 20
26 4 35 13
24 5 30 8
9 12 26 15
2 9 14 15
5 6 16 6
29 11 29 17
13 11 38 20
24 14 26 19
1 2 37 4
24 6 24 14
11 5 38 5
13 9 38 13
13 12 16 19
17 4 37 20
13 3 22 19
33 3 33 4
19 9 39 10
30 21 35 21
13 5 17 7
1 21 39 21
13 5 39 5
15 11 25 20
10 9 24 9
14 2 30 7
35 8 39 14
17 15 33 16
4 7 11 8
4 18 7 18
3 13 13 14
26 16 34 21
9 9 38 17
20 17 36 19
29 20 37 20
20 18 28 21
9 14 9 14
27 4 34 4
25 9 27 18
9 15 30 19
8 5 11 18
11 18 29 19
25 8 35 18
9 20 22 20
7 15 28 21
21 15 22 21
29 7 35 9
32 13 39 20
24 15 32 17
24 7 30 8
15 19 23 21
10 16 34 16
38 9 39 18
10 14 23 19
5 9 14 12
11 15 25 19
12 18 18 19
34 13 38 20
3 18 19 18
20 21 27 21
26 14 35 16
12 3 32 11
33 11 34 16
17 7 37 15
14 3 27 8
28 6 32 15
38 10 38 12
26 11 31 15
18 18 23 20
1 14 22 14
33 18 36 18
13 2 22 11
37 7 39 9
1 1 24 9
22 9 22 17
14 6 20 18
20 1 34 21
7 20 32 21
21 5 25 20
10 5 31 17
19 13 23 17
26 6 38 12
30 12 30 19
27 14 29 19
31 17 37 17
30 19 35 19
35 14 38 14
8 18 9 21
13 10 38 18
24 4 25 8
1 15 33 16
38 6 39 15
37 9 37 10
3 4 15 18
28 5 31 14
7 3 30 13
14 19 14 20
15 3 30 10
23 21 39 21
36 14 38 15
11 2 24 15
2 16 37 16
31 9 37 19
22 1 25 20
23 3 25 3
26 14 38 21
25 19 35 21
25 2 35 10
4 13 19 17
18 2 22 16
1 6 38 11
34 21 34 21
39 1 39 3
9 16 23 20
15 6 24 18
1 2 33 12
33 1 34 3
15 5 39 20
31 11 35 11
19 11 26 18
12 10 34 21
5 21 20 21
23 18 28 18
37 7 37 21
13 6 35 15
11 1 11 8
32 20 39 20
8 20 26 20
16 6 20 18
24 17 28 18
6 2 15 10
21 8 24 8
2 7 27 18
23 14 28 14
9 13 24 17
11 1 25 6
35 9 39 14
29 15 37 18
36 8 39 13
8 11 24 12
27 8 38 11
20 19 29 20
18 9 20 12
24 11 37 14
6 20 10 21
19 18 21 20
21 15 32 15
33 7 35 9
6 2 6 16
7 11 36 16
16 16 23 16
17 4 25 14
7 16 24 16
26 19 27 19
18 2 33 13
6 4 19 17
23 16 31 19
15 6 17 18
16 2 31 21
19 16 21 20
7 9 21 15
37 16 39 20
32 10 33 21
1 4 30 16
37 12 38 12
23 2 34 21
13 17 24 20
14 20 38 21
12 2 12 7
30 4 30 4
2 14 17 21
37 5 37 5
8 11 8 18
35 7 37 11
17 13 30 21
23 7 32 12
26 3 29 19
8 16 13 19
7 5 26 16
20 15 38 16
16 1 18 10
27 6 37 11
39 6 39 17
9 15 36 17
16 21 31 21
35 8 38 10
3 11 34 21
35 17 39 20
22 8 24 20
28 14 30 15
32 5 35 16
2 19 25 20
13 12 39 12
17 16 26 20
34 6 38 17
18 15 19 18
1 16 21 17
3 8 27 11
26 18 29 21
22 3 34 18
13 20 39 20
38 1 39 2
18 10 38 14
29 1 34 16
29 1 36 19
1 6 11 9
24 2 24 19
39 15 39 19
19 14 26 21
15 18 22 19
37 7 37 8
21 17 37 17
16 20 28 21
30 7 33 20
7 8 15 19
36 6 39 11
36 2 39 2
24 15 29 15
16 5 24 5
32 11 35 20
26 4 31 20
39 21 39 21
29 12 34 12
4 21 6 21
27 6 35 10
21 11 25 20
11 8 29 20
35 10 35 10
24 2 28 21
25 20 32 21
22 6 24 18
31 4 32 6
31 9 35 10
3 14 21 15
39 18 39 18
39 3 39 15
29 5 30 10
23 7 31 7
21 7 23 19
35 17 37 19
35 14 35 19
28 10 37 13
3 14 33 15
25 6 39 11
21 3 25 17
28 14 33 15
8 19 32 21
22 1 37 3
13 11 14 21
16 13 16 18
17 13 36 13
24 15 31 17
37 7 37 11
14 17 24 21
36 7 39 7
31 16 32 21
29 7 35 16
17 9 22 16
35 17 37 18
1 3 7 19
33 9 36 13
2 4 11 5
3 19 11 21
16 16 33 16
27 12 28 16
16 12 33 20
12 18 37 18
31 8 39 17
16 16 35 19
12 20 27 20
27 16 34 19
27 10 37 21
13 12 21 13
6 8 21 12
28 21 39 21
2 9 19 17
15 15 24 17
28 14 38 20
10 20 15 21
28 18 34 18
2 20 34 20
16 4 39 6
21 2 22 2
29 18 32 18
19 4 32 5
13 9 28 20
30 17 33 17
14 1 25 10
7 8 21 16
23 7 23 15
39 4 39 8
36 5 37 7
25 4 31 18
22 14 29 21
22 9 28 12
29 18 35 21
19 14 29 15
2 10 11 17
17 10 38 10
9 5 14 6
11 17 20 18
33 1 36 17
15 15 30 17
35 4 35 6
16 20 18 21
23 13 23 20
31 17 33 21
18 10 23 13
39 21 39 21
6 20 8 20
24 8 26 20
8 16 24 19
21 2 26 11
32 4 33 18
35 12 35 16
1 15 31 21
7 18 21 20
7 1 11 14
6 6 39 20
6 6 11 14
13 17 31 21
4 10 39 16
32 12 34 20
35 12 38 21
33 10 36 17
1 8 39 19
10 5 29 11
33 18 38 18
25 3 25 8
16 19 30 21
10 4 32 21
13 4 37 21
3 13 13 13
1 11 4 21
15 18 17 18
27 18 36 18
33 1 39 17
3 17 6 19
23 5 32 21
26 14 38 18
37 7 38 13
22 9 24 10
10 5 19 14
16 7 21 7
33 3 33 6
31 21 31 21
31 20 37 20
12 11 12 16
39 12 39 20
14 13 31 19
27 1 27 10
37 7 39 20
4 13 20 14
25 3 26 18
34 4 36 19
35 18 35 18
11 4 21 21
33 19 38 20
2 3 8 12
14 3 22 4
8 20 22 21
31 12 37 20
1 20 19 21
4 9 11 16
10 1 27 16
23 3 23 10
36 3 38 7
39 20 39 20
28 5 28 11
32 13 37 15
5 20 33 20
36 21 37 21
5 11 9 11
34 14 37 16
10 11 18 21
29 2 37 20
29 9 37 10
5 16 19 16
1 14 21 17
23 16 33 16
8 13 33 20
1 5 17 11
4 15 11 19
30 6 33 11
15 18 22 18
32 6 35 16
5 10 14 12
20 8 20 21
19 21 34 21
39 19 39 20
38 1 39 8
5 11 25 21
36 4 36 6
38 15 38 20
5 8 16 15
34 19 37 21
12 14 18 19
35 19 35 21
27 15 32 19
36 8 37 21
15 18 22 21
28 1 34 1
31 3 39 13
7 11 25 18
29 3 37 9
10 3 21 3
22 9 31 20
25 11 34 18
25 4 32 12
23 2 35 2
22 11 31 14
29 10 38 10
37 5 37 13
14 11 21 21
1 21 36 21
26 20 27 21
38 21 39 21
14 10 27 11
10 11 31 16
20 13 33 20
27 15 27 21
28 17 37 20
10 6 26 9
23 6 25 15
10 8 26 15
9 9 16 21
21 13 26 16
24 13 27 18
17 20 30 21
24 4 39 11
32 5 34 12
34 4 34 21
26 20 39 20
10 16 36 16
8 15 18 18
33 3 33 3
6 2 14 21
7 11 9 18
11 7 15 14
22 10 28 19
28 13 29 16
5 5 36 10
5 9 25 17
15 16 33 18
29 12 39 14
21 2 25 17
32 12 35 12
38 1 38 1
4 20 4 20
8 5 39 19
4 20 23 21
32 6 34 15
4 7 34 12
38 10 39 20
18 12 33 21
37 20 37 20
20 6 32 8
4 8 18 18
10 15 20 17
29 15 38 20
29 17 32 19
10 13 13 15
37 19 37 19
23 10 26 19
20 4 26 20
28 21 30 21
3 13 17 14
26 4 32 11
2 2 21 17
26 18 30 20
14 12 21 17
12 18 24 18
9 16 18 18
36 4 36 8
9 20 21 21
4 13 32 20
34 2 35 4
34 2 38 18
23 5 39 14
3 3 25 18
4 13 25 17
32 2 35 6
5 5 15 19
37 17 39 20
21 17 24 17
29 19 37 19
34 1 34 21
3 6 16 13
21 15 31 18
14 3 25 12
34 15 34 16
4 9 8 20
17 18 34 18
7 1 36 3
11 5 12 10
37 16 39 16
11 4 32 20
37 8 38 10
6 7 39 19
9 19 39 20
6 15 15 19
36 4 36 19
26 2 30 7
39 5 39 5
9 18 34 21
32 12 39 12
5 10 34 14
31 4 33 20
6 4 12 13
5 5 33 10
1 14 10 21
17 12 35 17
2 17 36 20
6 14 8 14
33 14 33 21
6 13 38 13
26 6 32 20
35 17 36 21
26 12 33 14
24 2 38 3
24 10 25 10
13 21 27 21
26 6 33 12
4 21 14 21
13 6 33 17
15 16 30 21
1 16 8 19
1 4 14 12
32 19 33 19
21 4 27 15
23 18 27 18
24 13 28 19
15 19 32 19
5 2 13 5
5 20 38 21
37 14 39 17
4 12 38 12
3 20 9 21
16 14 26 20
13 18 16 18
5 6 26 7
34 18 37 20
32 20 39 20
31 15 36 19
3 11 35 21
5 18 5 18
34 1 39 5
4 14 17 19
27 20 39 20
17 9 28 20
17 14 33 16
36 18 37 20
7 11 20 20
32 3 32 4
16 1 37 8
38 20 38 20
19 2 33 9
38 5 39 14
14 3 30 17
32 2 32 7
28 2 36 16
20 5 32 7
18 6 34 8
17 4 35 8
18 19 21 21
13 5 32 11
38 12 38 17
14 16 31 16
6 20 20 21
33 16 37 18
9 14 12 18
16 4 28 21
1 4 38 14
8 5 22 21
3 4 23 7
8 5 10 16
28 3 37 10
16 13 38 15
31 6 34 16
21 1 39 2
14 6 31 13
26 21 31 21
38 15 39 17
6 6 11 10
9 11 39 17
37 11 38 17
23 12 32 13
31 7 39 19
24 12 38 13
2 6 2 7
38 21 38 21
26 8 39 15
27 11 33 16
19 16 27 19
33 5 37 13
33 1 39 8
26 13 26 17
4 11 13 15
30 13 39 17
8 1 34 15
10 9 20 11
17 10 39 14
11 21 33 21
29 9 31 17
14 13 32 14
8 10 23 10
14 18 37 19
3 12 8 12
17 9 35 16
10 7 16 16
13 18 15 19
35 7 35 21
17 14 37 15
35 2 38 7
11 17 29 19
3 2 14 19
13 14 33 21
8 8 22 11
17 3 26 13
5 14 26 16
23 19 25 21
1 5 17 14
24 2 34 3
6 1 20 10
33 6 35 12
38 1 39 4
24 16 33 16
34 10 36 18
8 20 14 20
9 10 30 21
8 7 12 7
33 15 34 17
33 18 37 21
15 2 24 21
14 2 37 19
16 9 25 9
1 12 29 17
34 9 39 14
1 20 26 20
22 8 32 12
16 9 23 10
37 16 37 19
28 5 34 16
31 11 31 11
5 18 33 18
34 21 37 21
27 15 34 19
7 8 24 18
26 21 36 21
25 5 28 16
19 14 35 21
30 5 30 13
7 13 17 20
33 5 37 9
4 19 8 20
14 17 14 18
16 13 38 20
18 7 19 8
22 11 37 17
21 15 30 20
38 19 38 20
19 13 22 16
8 8 31 14
20 11 26 16
29 12 37 16
20 19 29 19
33 1 35 8
4 19 9 19
14 13 19 18
30 16 34 19
3 14 30 17
19 1 36 21
14 21 15 21
32 17 38 17
7 15 35 19
9 21 27 21
38 4 38 10
21 21 39 21
32 18 32 19
24 19 28 21
20 16 28 21
32 13 36 16
35 3 39 20
35 13 36 13
35 10 38 19
28 11 34 16
35 4 35 5
37 2 38 12
17 2 29 12
20 1 39 2
23 4 24 9
35 21 38 21
19 21 28 21
11 1 33 19
7 2 12 10
22 2 23 2
28 2 35 3
14 6 18 14
15 8 28 9
1 15 37 21
3 2 34 6
9 16 37 16
36 10 38 14
18 7 31 15
29 5 32 13
7 15 9 19
27 20 27 21
31 8 34 18
21 7 23 12
34 17 34 17
23 3 29 10
23 8 24 15
21 3 21 7
31 2 32 21
12 12 34 20
10 7 36 8
21 9 34 19
2 3 6 9
11 6 16 16
30 3 36 17
6 3 30 11
30 10 39 17
24 4 30 10
23 6 30 21
37 11 38 19
19 9 38 12
28 2 29 9
13 8 29 17
37 10 37 10
4 18 27 21
34 1 39 20
33 12 35 19
13 17 27 20
28 2 33 19
33 21 35 21
20 14 27 15
17 11 22 17
2 4 5 4
22 5 30 7
25 6 38 17
21 14 25 17
35 12 38 19
20 3 38 3
23 4 27 11
5 9 22 15
27 16 39 20
14 6 38 6
38 14 39 15
18 7 26 10
37 16 37 21
25 18 35 18
11 18 19 21
2 10 33 16
37 14 38 15
10 9 11 13
28 13 30 13
38 7 39 17
14 13 25 16
10 7 18 20
31 2 34 13
31 4 36 13
37 20 38 21
9 7 35 15
30 4 31 15
14 9 14 16
26 18 30 20
33 4 38 15
2 21 8 21
3 11 34 12
13 4 32 13
34 6 36 7
38 2 39 19
20 18 39 20
24 21 27 21
22 18 27 21
16 19 19 19
31 19 39 19
21 15 23 21
24 12 25 20
35 21 37 21
6 2 33 6
17 19 36 20
31 12 39 21
20 18 25 19
31 8 39 14
39 14 39 21
28 15 31 20
22 15 31 21
13 8 39 11
16 18 39 18
24 3 35 9
35 6 38 12
12 6 27 8
39 13 39 20
17 9 38 14
7 11 9 21
31 14 39 19
24 5 36 18
5 19 20 19
10 11 19 20
34 20 36 20
39 11 39 21
38 8 39 9
27 15 34 16
38 13 39 13
14 6 33 8
38 13 38 17
30 16 38 21
6 2 37 15
37 14 37 15
15 5 34 14
32 13 37 17
7 18 36 21
10 10 20 17
20 17 22 19
24 8 29 14
24 8 30 12
31 11 39 16
4 17 20 17
13 7 35 9
28 10 29 15
14 18 24 18
21 5 31 7
14 11 36 20
6 21 34 21
26 15 37 18
31 21 35 21
20 6 33 15
23 15 26 15
24 11 33 17
18 12 24 21
22 2 29 21
13 16 33 18
26 20 27 21
33 9 34 15
2 20 3 21
16 12 19 13
30 21 35 21
7 2 7 12
13 14 17 21
11 12 25 18
31 1 38 10
3 15 30 21
25 20 26 21
8 5 28 7
12 4 27 14
7 11 19 19
6 2 36 12
8 14 29 14
9 7 36 14
29 15 36 16
7 15 27 19
20 15 30 15
31 13 39 15
4 11 13 18
21 12 29 17
12 21 28 21
15 18 27 19
13 4 32 9
35 8 35 15
6 13 36 19
35 6 35 15
11 2 18 10
6 2 8 9
13 2 23 10
36 8 37 10
31 3 35 14
35 2 37 16
17 9 26 13
7 18 34 20
28 4 38 18
32 8 38 20
33 14 35 21
20 11 21 18
8 16 36 19
28 2 37 11
8 14 13 16
18 17 27 19
2 8 30 17
26 10 27 11
37 18 39 20
39 19 39 19
11 19 28 20
12 3 39 9
34 17 36 21
33 17 34 17
22 14 30 16
31 6 37 18
39 10 39 13
24 11 33 16
7 18 19 21
20 9 30 9
21 12 36 17
24 9 24 11
7 12 17 14
11 3 11 11
33 2 37 2
18 10 21 18
8 16 26 17
23 9 31 12
18 8 32 10
3 10 3 14
17 6 26 16
10 9 23 17
13 3 26 12
32 8 34 13
17 9 29 19
1 3 37 20
7 9 33 12
35 9 37 20
4 17 36 21
31 6 32 17
13 13 32 13
29 12 37 17
11 11 38 16
34 5 38 8
13 5 23 18
20 8 29 11
25 19 27 20
35 19 39 21
30 20 30 20
36 5 36 7
28 2 36 11
19 10 27 12
29 20 37 21
20 11 21 20
37 15 37 20
14 18 37 18
9 14 11 14
1 20 37 21
36 6 37 12
19 8 31 16
36 7 38 15
29 5 32 9
21 9 24 12
19 19 29 21
29 14 32 19
37 4 38 16
18 9 19 13
32 3 37 3
2 11 32 14
1 4 9 6
14 6 24 15
30 21 38 21
26 14 37 20
38 20 38 21
33 18 36 19
3 6 4 11
36 7 36 20
12 12 33 19
4 5 10 16
15 5 31 5
14 5 25 10
18 6 33 19
13 14 25 21
31 12 31 12
2 19 6 20
26 13 26 17
16 17 26 18
15 2 32 6
30 6 38 14
14 21 18 21
11 13 11 17
18 16 20 19
25 7 34 17
4 2 25 10
9 4 19 15
22 5 36 15
19 6 23 8
25 20 31 20
27 7 28 7
35 11 38 11
3 19 24 19
14 4 17 17
37 3 37 16
18 5 34 6
12 2 26 6
23 14 31 18
17 12 27 18
23 9 29 13
30 15 31 21
8 17 38 18
2 13 31 21
16 4 22 15
33 10 39 10
25 8 38 10
29 12 38 16
35 8 35 20
2 6 15 8
6 15 32 18
19 19 32 21
16 8 20 9
3 11 4 17
5 20 33 21
5 5 21 21
28 7 33 17
26 14 36 14
29 11 39 19
16 4 38 7
20 4 20 18
7 16 16 21
21 19 35 19
3 19 10 19
9 12 29 15
12 15 12 20
2 15 14 16
35 6 37 16
23 5 38 15
22 12 31 16
20 2 30 8
10 16 37 17
36 13 39 15
32 2 35 14
19 3 26 19
10 9 16 17
28 5 35 5
21 6 21 9
4 15 36 20
32 6 37 6
18 14 22 14
5 13 18 20
20 9 37 12
3 20 37 21
6 21 37 21
13 18 23 18
6 6 6 16
29 6 34 18
14 18 32 19
24 17 37 17
6 16 28 19
10 15 25 15
3 16 21 19
29 16 29 19
29 5 37 9
39 19 39 19
15 8 37 14
16 16 36 18
37 13 39 20
6 15 12 17
15 6 33 19
39 12 39 18
10 9 38 9
26 11 33 13
7 3 25 12
13 8 15 17
4 3 38 8
10 14 12 19
5 18 8 19
16 15 29 19
37 21 38 21
24 15 26 15
1 17 2 17
33 18 35 19
26 2 31 14
28 10 38 14
15 19 23 20
37 21 38 21
28 18 28 20
28 6 39 17
27 19 38 21
38 9 39 21
9 12 14 21
2 16 37 16
33 2 33 7
39 16 39 20
12 9 22 16
32 16 37 17
38 17 38 18
6 1 33 6
23 9 35 20
3 17 32 17
36 15 38 16
5 14 21 20
23 20 26 21
17 8 22 16
27 15 35 18
27 18 29 19
32 21 35 21
9 13 28 17
12 7 15 13
10 8 10 10
7 9 9 11
32 14 36 14
34 15 34 17
25 11 34 13
22 16 28 17
27 15 30 16
8 16 20 20
11 18 14 18
6 20 12 20
26 8 37 18
18 21 36 21
34 11 37 18
8 5 30 8
36 7 36 19
28 6 39 16
39 4 39 17
14 11 25 14
6 19 38 21
25 14 32 14
24 20 34 21
33 5 37 17
32 15 32 15
12 9 19 19
14 17 29 20
32 16 35 17
20 8 32 9
30 20 30 21
25 6 27 8
19 2 31 7
25 14 35 15
2 17 16 17
1 15 30 15
2 5 3 13
30 19 37 21
22 21 32 21
31 5 38 13
18 8 19 13
14 9 36 12
20 14 35 20
7 4 16 4
4 5 20 9
23 10 30 15
21 5 24 19
5 14 35 16
10 12 29 15
37 15 39 21
28 6 31 17
27 3 28 4
24 5 36 13
31 11 32 14
31 1 39 17
37 4 38 16
31 14 37 21
31 6 34 20
7 17 8 18
30 5 30 18
14 19 33 20
18 11 20 16
37 12 39 20
38 1 38 8
25 3 35 16
29 10 32 18
8 16 30 16
27 11 39 20
23 21 39 21
22 8 23 21
23 17 38 19
13 9 26 15
25 8 35 8
38 2 38 4
12 15 37 21
9 17 31 19
25 18 37 19
34 15 38 15
21 5 37 21
30 1 30 17
30 5 31 20
11 11 20 12
28 9 30 21
21 12 39 17
36 18 37 18
9 6 33 10
27 2 35 6
24 10 39 16
21 14 36 20
36 3 36 11
24 2 24 4
18 1 39 10
27 18 35 20
29 5 33 10
25 4 34 17
32 19 36 20
16 9 28 15
35 20 38 20
15 13 37 20
10 17 14 19
32 8 39 20
19 4 19 7
7 4 28 15
29 4 37 7
1 6 7 7
37 7 39 17
22 17 22 20
18 3 28 10
1 18 21 19
15 14 29 14
4 21 4 21
21 1 30 12
7 7 33 10
2 14 11 20
14 3 16 20
15 15 30 20
18 2 38 3
15 8 19 20
10 19 18 20
31 19 31 21
7 21 31 21
22 14 28 21
10 2 17 19
25 2 36 12
23 7 36 17
9 15 39 16
11 21 39 21
18 16 25 19
23 5 34 14
29 16 30 18
2 15 23 19
28 3 39 21
33 5 35 13
9 19 14 19
12 16 31 21
1 4 24 17
6 10 35 16
34 11 38 19
31 5 38 18
9 4 29 8
10 10 15 18
10 1 21 9
24 8 29 14
32 9 32 19
10 3 30 21
37 2 38 5
14 6 35 13
4 8 6 21
37 14 39 15
22 13 26 14
20 8 28 12
31 11 34 16
27 3 39 13
34 15 38 21
19 17 21 20
14 17 20 17
36 8 39 16
2 17 14 19
24 11 37 15
6 2 21 18
22 1 26 13
35 2 38 18
28 8 39 14
1 8 5 17
5 9 6 14
7 17 10 17
13 21 14 21
1 7 35 11
33 1 38 1
1 19 35 20
39 6 39 6
14 11 27 13
13 11 23 12
3 5 35 14
34 12 38 19
36 7 36 14
6 7 36 21
9 2 30 15
37 16 38 17
14 11 36 14
26 17 39 21
27 16 31 16
8 6 14 14
26 4 38 10
30 7 37 8
25 15 26 16
35 3 37 18
17 17 28 19
8 14 17 17
28 15 38 17
18 15 26 16
4 15 5 18
21 1 36 9
22 9 33 10
9 14 31 19
31 7 36 8
2 9 37 9
30 16 39 16
4 2 27 5
36 4 37 8
29 9 32 10
27 14 27 16
23 9 39 14
39 18 39 19
7 12 9 20
8 3 32 4
12 2 31 10
39 8 39 20
35 13 36 18
35 8 35 19
17 19 17 19
39 21 39 21
37 13 38 14
9 12 31 17
6 20 14 20
20 18 34 18
37 1 39 2
28 5 28 9
7 16 16 20
38 5 38 16
10 15 19 19
37 2 39 13
22 1 37 12
15 19 28 20
34 16 39 18
33 14 34 17
10 16 32 20
37 6 39 9
36 21 38 21
19 11 35 17
20 19 39 21
12 12 20 15
38 15 39 16
39 18 39 20
16 21 18 21
33 13 33 16
37 3 37 16
3 3 4 7
38 2 38 9
26 11 39 16
33 14 34 18
7 16 22 17
31 3 35 17
7 19 16 21
21 11 24 11
32 20 32 21
30 13 33 15
34 19 39 20
20 6 38 11
35 15 36 18
31 20 36 20
23 5 33 8
12 21 12 21
2 15 5 15
26 7 30 10
16 11 32 12
2 6 30 8
18 3 31 18
16 5 19 18
20 5 31 16
32 5 37 17
24 19 32 21
35 12 38 17
30 18 33 21
13 6 23 17
33 16 33 21
9 17 28 17
37 13 39 13
30 8 35 9
39 21 39 21
9 12 36 16
13 18 29 21
34 5 39 9
37 3 38 12
14 7 30 7
17 10 38 17
38 11 38 20
27 20 34 21
16 19 37 20
32 14 32 17
18 11 23 12
31 17 34 18
34 2 34 7
13 12 26 20
21 20 22 20
36 19 36 21
4 2 5 7
2 18 4 20
21 21 22 21
37 5 37 14
19 16 36 21
33 9 37 19
23 14 23 14
14 20 25 21
26 13 37 15
12 8 22 8
19 9 30 12
17 12 35 12
21 17 35 18
25 20 31 21
12 16 15 20
20 10 32 18
33 13 38 19
22 7 28 7
4 5 4 8
29 14 35 18
17 3 37 17
38 16 39 18
27 2 28 19
6 12 37 20
25 19 30 19
31 14 35 17
5 19 13 20
30 12 38 20
11 17 33 19
21 15 23 19
37 3 39 16
28 9 36 12
39 5 39 20
8 21 8 21
18 1 38 13
12 18 19 21
8 13 27 15
35 2 39 18
34 11 37 14
13 16 14 19
10 10 13 13
18 19 36 20
21 15 29 18
21 9 32 15
31 17 32 18
39 14 39 19
1 2 39 16
27 15 33 15
28 14 35 17
18 15 30 19
1 6 30 20
35 21 37 21
24 8 35 10
35 7 39 12
25 17 35 18
29 4 39 6
33 14 33 17
33 13 33 14
37 18 39 21
7 3 31 8
5 2 8 19
9 2 14 6
12 9 18 18
16 8 37 8
26 18 38 20
35 20 38 21
10 3 11 15
37 19 37 21
38 17 38 19
29 8 34 9
3 11 19 15
37 19 37 21
20 21 27 21
22 4 33 17
2 16 7 18
17 3 22 15
15 7 30 7
3 9 15 20
31 5 36 5
35 7 35 13
4 11 9 12
26 15 26 15
23 13 36 17
14 18 31 18
17 20 33 21
23 14 23 20
10 21 29 21
36 11 38 17
22 6 35 17
17 19 19 20
30 4 35 8
9 4 13 13
10 3 24 14
31 6 36 20
38 14 38 15
14 20 19 21
8 12 19 17
22 17 37 21
31 4 34 9
9 2 9 4
36 17 38 21
20 12 32 20
1 6 2 14
22 5 32 19
18 12 38 21
39 17 39 21
19 12 35 21
36 15 38 17
37 18 38 20
25 6 28 15
18 3 22 18
32 18 35 19
37 17 39 18
36 3 38 13
19 18 24 21
30 5 34 19
5 7 15 13
35 15 37 19
20 7 29 18
10 21 14 21
25 5 31 13
34 9 35 15
36 15 38 15
15 18 35 18
37 20 38 20
6 19 6 21
6 17 28 19
34 1 34 8
38 18 38 18
4 1 33 20
38 2 39 21
11 19 18 20
12 20 12 21
32 2 37 7
7 5 31 11
12 12 15 20
24 6 32 10
27 2 27 12
34 17 38 21
7 9 22 9
29 17 37 19
3 18 14 19
6 16 38 17
38 15 38 20
35 10 38 14
31 1 33 10
39 3 39 3
19 21 27 21
5 8 38 12
24 16 30 18
25 2 29 21
21 6 34 13
27 7 38 7
26 14 35 15
11 17 35 20
22 19 32 19
2 2 37 19
14 13 17 16
1 15 30 17
18 6 30 18
32 2 37 19
37 11 37 18
8 10 12 13
18 3 21 20
33 18 38 18
6 1 31 19
26 18 38 19
20 13 25 17
27 7 27 7
11 7 30 9
37 8 39 17
4 16 10 18
39 5 39 20
1 4 9 13
19 10 20 19
13 13 24 16
2 21 32 21
16 14 25 20
22 18 31 21
1 9 38 19
17 2 36 7
3 1 21 8
1 17 10 21
33 20 36 21
19 19 39 21
39 10 39 14
16 19 37 21
28 4 36 10
7 21 32 21
39 20 39 20
8 5 17 10
2 20 3 21
16 12 24 14
22 12 39 17
20 3 32 10
5 18 31 19
11 19 33 20
1 14 25 17
7 19 18 19
8 5 34 16
22 13 38 17
14 5 16 21
8 4 20 9
17 18 30 18
30 14 33 14
29 7 35 16
23 2 25 2
34 9 37 19
12 6 37 8
24 14 37 15
37 17 38 21
5 16 21 21
32 4 33 15
25 3 39 10
3 6 5 6
38 15 38 18
33 8 37 9
7 13 21 15
22 11 32 20
7 20 7 20
21 13 32 17
1 4 15 10
13 12 22 14
11 2 14 8
10 8 35 13
36 17 38 17
2 15 18 20
23 14 30 15
19 5 21 21
12 20 37 20
24 11 36 13
36 13 36 17
36 10 36 20
14 20 21 21
2 19 24 21
4 17 18 20
10 2 10 2
3 6 22 7
32 6 34 14
28 10 37 20
27 9 38 16
7 10 12 21
38 17 38 17
18 16 26 21
26 3 29 20
9 16 34 17
7 16 35 19
35 18 35 21
12 19 22 21
17 11 26 20
14 17 26 20
8 18 8 21
16 20 29 20
2 7 27 18
32 12 33 21
1 3 21 16
8 10 18 14
37 2 37 20
3 16 10 20
15 7 29 15
28 11 34 11
8 4 38 7
35 9 35 17
17 14 18 21
11 9 35 13
34 16 34 20
32 20 35 21
34 13 38 18
6 1 11 4
26 20 38 21
24 15 30 18
14 20 30 20
18 15 39 18
21 13 34 21
16 5 27 9
13 16 38 20
34 17 38 20
27 18 39 18
17 7 38 14
19 5 37 15
20 3 20 10
31 8 39 11
3 20 25 21
21 10 27 20
29 21 39 21
38 20 38 20
4 6 11 13
26 5 28 15
28 6 37 11
38 7 38 18
14 1 29 1
34 16 39 17
19 13 29 17
17 3 28 19
6 5 6 11
17 10 27 19
8 11 28 21
17 21 20 21
26 18 28 20
32 10 38 17
9 7 25 11
16 14 39 19
27 4 35 15
3 19 9 19
23 15 34 15
29 5 36 20
12 7 21 10
39 19 39 20
12 11 16 13
10 8 29 17
36 19 39 20
32 21 35 21
15 14 36 16
18 1 35 1
12 12 19 18
15 14 28 15
6 3 8 14
33 19 37 20
34 6 39 19
25 5 38 7
39 7 39 14
25 17 26 21
26 7 26 10
14 18 20 18
33 18 33 19
19 2 23 17
20 4 37 12
25 10 25 18
17 2 20 10
30 14 39 21
27 14 27 17
11 16 16 16
24 9 34 20
16 20 16 21
4 8 9 21
23 7 27 18
35 5 39 7
6 1 18 15
12 2 31 8
7 6 23 16
28 5 32 20
19 19 28 21
34 3 39 8
17 3 23 7
11 4 39 8
8 7 12 10
37 7 38 10
11 18 21 21
1 2 31 17
11 3 15 15
36 10 39 12
2 12 7 13
16 4 28 8
11 13 23 19
39 2 39 6
7 7 21 17
5 12 26 17
12 2 30 8
4 8 23 9
20 2 30 8
20 20 28 20
5 10 33 15
19 18 22 18
34 10 38 10
27 20 28 20
8 1 38 8
36 6 37 21
36 21 39 21
24 21 31 21
36 14 36 15
16 20 38 20
1 4 16 8
12 8 27 14
8 1 34 12
30 14 36 18
37 3 37 20
37 21 37 21
29 21 37 21
15 14 30 16
9 5 21 5
31 6 35 11
6 11 12 16
13 6 21 10
1 8 5 15
33 20 37 21
30 21 35 21
20 21 34 21
19 15 22 18
36 5 36 21
29 18 34 19
37 3 37 6
13 18 27 18
10 7 11 9
30 6 37 12
2 10 16 15
37 3 37 7
13 21 17 21
23 19 34 20
25 21 31 21
33 15 35 19
2 19 2 19
19 17 24 19
36 21 36 21
16 2 21 19
1 13 22 13
24 21 32 21
38 20 39 20
38 14 39 15
9 14 29 20
36 20 37 21
39 9 39 19
23 4 32 19
37 18 39 18
8 19 35 21
16 7 23 18
28 19 38 20
13 9 26 13
14 5 29 14
29 7 32 8
9 1 9 18
39 14 39 17
23 21 23 21
30 11 35 15
12 6 37 12
20 18 29 19
1 16 18 18
28 7 38 11
31 13 35 14
24 8 26 12
2 17 16 18
37 8 39 10
33 11 33 13
30 10 33 12
22 11 23 14
23 15 33 20
28 17 38 20
36 11 38 15
37 18 37 19
39 12 39 19
24 10 25 11
20 6 26 8
31 16 35 18
23 20 25 21
14 5 26 11
17 17 17 19
29 20 38 20
16 1 32 10
10 14 15 17
3 8 20 13
20 9 22 16
38 3 39 17
24 21 34 21
32 5 36 10
22 11 39 18
29 19 33 19
20 21 22 21
22 11 39 21
17 4 17 4
37 5 39 11
9 7 10 19
28 20 28 21
14 5 35 18
36 14 37 16
12 13 30 16
16 8 34 19
20 9 35 16
4 19 21 20
30 17 33 20
18 20 22 20
1 2 18 12
7 20 23 20
8 8 24 9
26 14 26 16
32 6 39 6
22 4 35 18
16 21 34 21
3 6 34 18
29 4 33 16
17 3 30 11
16 2 23 10
31 19 33 19
2 1 6 20
20 13 31 15
9 21 11 21
18 13 37 18
36 10 39 20
2 6 9 21
21 14 36 21
24 3 25 6
35 11 39 18
2 14 7 19
29 3 35 16
6 8 11 17
22 11 32 11
22 18 39 19
35 17 39 17
29 3 33 18
28 12 39 12
8 6 39 6
38 20 38 21
6 20 38 21
38 3 39 10
12 19 20 21
19 18 30 20
34 15 38 16
4 10 20 17
28 10 39 21
23 21 25 21
35 14 38 21
36 13 37 16
2 16 14 18
1 12 16 16
34 11 35 11
26 1 28 12
27 21 37 21
31 10 33 13
2 6 15 20
34 1 38 13
5 20 29 20
23 17 33 21
33 18 37 21
3 9 29 10
31 18 35 20
14 16 14 16
12 1 37 7
3 8 19 15
36 2 37 11
29 7 34 14
14 7 36 8
7 18 13 20
14 15 39 21
16 10 33 14
8 4 17 17
9 14 29 14
10 16 23 17
29 20 34 20
36 11 37 11
25 12 27 21
18 14 28 16
31 18 39 18
19 6 24 11
26 13 30 17
3 9 39 13
5 11 29 18
26 3 38 15
21 21 34 21
8 9 8 17
5 4 10 7
15 1 36 4
23 5 29 20
1 15 35 15
31 8 33 17
21 21 33 21
12 7 20 21
3 4 6 11
10 3 28 13
27 21 32 21
39 5 39 18
4 4 16 4
2 21 18 21
25 20 34 20
22 15 24 20
27 2 27 19
22 1 32 3
9 4 24 18
2 21 19 21
13 2 29 17
30 12 31 20
30 2 37 12
33 7 34 14
37 12 39 15
25 17 39 21
24 20 39 20
22 11 27 19
18 21 30 21
33 19 38 21
35 14 35 19
24 1 29 16
14 13 38 19
12 20 30 21
34 18 38 18
26 14 34 21
16 1 35 16
28 21 32 21
31 2 34 21
23 2 36 2
24 6 29 18
6 4 14 16
5 15 28 20
11 19 24 21
31 8 33 16
20 18 28 20
20 3 30 14
18 2 18 21
13 16 38 17
15 18 31 18
25 5 35 11
22 17 32 18
33 10 33 10
28 5 30 10
38 3 39 17
5 18 23 20
25 16 34 16
25 17 34 19
5 8 13 20
10 15 18 20
22 5 30 11
1 12 3 16
1 18 13 19
17 10 32 18
32 11 37 14
13 6 30 20
3 21 9 21
24 18 28 20
12 2 38 16
26 16 39 16
15 7 20 15
1 17 23 17
38 16 38 21
26 20 38 20
18 16 37 17
16 11 39 12
1 16 21 16
5 20 22 20
34 10 34 13
2 15 20 20
34 1 35 12
37 12 38 14
39 13 39 21
17 5 20 6
14 17 29 19
38 2 38 9
35 10 37 11
19 7 23 17
10 12 22 20
37 15 39 16
29 3 38 8
25 14 31 14
21 10 22 19
23 2 25 9
34 3 38 6
3 8 35 16
34 5 37 18
19 19 34 21
25 16 32 17
36 6 36 7
16 11 21 20
37 12 39 12
34 20 37 21
34 3 36 15
29 3 33 9
22 4 28 9
31 13 35 17
13 11 16 20
30 21 32 21
10 6 23 15
34 15 39 15
5 20 12 20
32 5 39 11
36 7 37 19
13 15 29 19
22 6 24 18
9 8 16 19
37 21 37 21
33 4 35 5
39 14 39 15
11 18 26 21
28 12 34 15
32 8 33 19
33 12 38 18
24 8 29 21
9 7 18 12
5 5 23 14
38 15 39 16
15 4 23 16
36 20 39 20
28 10 39 21
14 20 25 20
16 6 16 17
1 1 8 16
1 17 5 18
30 18 39 18
21 2 31 10
23 12 28 20
29 6 34 8
13 8 36 9
3 2 3 5
16 7 36 11
33 10 37 15
17 17 23 21
10 19 29 21
25 12 37 13
33 5 39 15
1 3 26 11
3 20 14 20
27 17 33 18
34 20 39 21
5 3 24 8
10 21 27 21
3 5 17 10
31 6 39 15
16 7 20 14
22 11 37 19
36 5 39 14
27 3 30 11
9 5 21 6
1 16 33 18
35 5 36 16
19 20 24 20
3 2 30 17
26 11 29 16
18 21 34 21
12 12 30 19
18 11 36 14
39 12 39 21
11 13 12 21
23 9 26 19
32 11 39 15
10 9 34 11
19 19 21 21
7 1 29 13
23 17 28 21
27 3 32 9
1 12 8 17
19 11 35 12
1 7 30 20
2 16 38 21
35 2 39 9
8 12 33 21
20 7 29 20
6 7 34 15
37 18 37 19
9 3 16 15
30 19 31 19
25 21 25 21
27 19 27 21
24 10 25 15
25 11 27 19
35 10 37 12
34 4 39 7
9 5 15 13
20 11 25 15
11 13 25 13
16 15 27 17
9 19 21 21
34 8 37 21
10 3 39 5
39 7 39 15
22 8 36 12
24 11 28 13
36 20 36 20
13 14 16 21
24 9 36 13
19 17 20 17
24 3 26 18
30 15 32 15
6 4 37 15
18 10 31 13
36 10 39 17
29 13 34 14
38 20 39 21
27 17 35 18
1 18 20 18
13 8 28 9
33 19 33 20
35 21 39 21
24 11 31 21
2 6 24 18
31 9 37 11
38 1 38 21
37 7 37 16
26 1 38 9
39 8 39 21
14 1 39 8
38 7 39 13
5 12 28 21
34 1 34 16
28 19 31 19
27 17 38 19
35 12 37 16
21 1 31 2
22 14 26 19
13 16 35 16
25 10 36 16
2 4 37 8
10 5 34 20
27 2 28 2
9 10 17 21
31 9 34 12
19 21 19 21
22 4 24 14
24 14 31 18
21 21 36 21
2 1 8 4
2 15 3 16
11 3 19 13
10 11 15 18
7 1 36 20
4 2 21 11
2 19 2 21
6 1 27 17
12 15 38 15
36 20 39 20
1 13 15 14
14 20 29 20
33 20 39 20
38 2 39 20
18 3 24 11
29 20 32 20
10 18 34 20
27 6 27 18
35 20 35 21
15 8 25 21
23 13 27 13
8 16 35 18
32 16 38 19
24 19 34 19
17 4 33 9
16 8 27 18
19 12 36 12
37 20 38 21
18 6 37 11
7 2 37 15
6 10 33 14
18 9 30 14
31 20 36 20
12 8 16 8
14 12 35 21
10 20 26 21
33 18 33 19
20 20 35 21
10 6 17 8
27 12 39 16
38 15 39 19
21 18 32 20
18 11 24 16
22 12 23 18
15 19 22 19
21 11 23 17
5 6 17 18
26 11 28 17
14 4 19 12
38 3 38 19
10 9 10 18
39 18 39 18
30 17 38 19
31 5 37 19
7 5 38 12
5 3 17 13
15 3 33 8
39 16 39 16
2 8 13 12
22 15 29 21
6 12 6 12
29 5 31 13
9 6 19 15
36 11 38 13
15 15 23 16
8 19 36 19
28 1 33 16
14 19 26 20
20 6 24 21
31 1 35 10
16 20 21 20
21 4 22 15
27 11 28 14
7 21 29 21
28 3 37 6
28 12 37 19
5 9 28 10
18 17 31 21
13 2 32 16
4 8 38 10
36 5 36 8
21 19 28 19
39 1 39 13
37 1 38 17
7 19 10 19
22 3 29 9
26 11 39 14
30 14 30 17
29 16 32 20
31 1 39 2
34 11 38 16
31 5 39 8
36 3 38 14
31 5 32 11
10 13 18 21
6 10 34 14
2 20 22 20
6 20 27 21
25 3 25 5
19 7 25 11
12 15 35 19
19 7 30 11
5 14 30 15
11 6 31 16
30 4 31 5
19 20 29 21
25 13 30 19
22 1 30 10
4 19 10 19
30 19 38 19
16 15 23 19
25 20 39 20
34 16 38 17
39 8 39 18
11 21 21 21
16 20 29 20
13 10 15 19
37 15 38 18
6 6 7 9
5 3 18 19
10 5 21 21
22 17 38 17
26 21 29 21
19 16 36 20
3 1 33 5
34 1 35 12
1 21 1 21
25 1 26 21
31 6 32 19
3 11 32 13
17 4 18 5
27 16 35 18
20 9 35 15
19 12 27 16
35 16 38 16
22 4 30 18
10 13 25 16
3 3 6 16
26 6 37 14
7 21 10 21
12 9 27 11
23 17 29 19
35 17 38 19
6 17 26 17
26 13 29 21
22 9 28 13
35 9 37 12
36 16 39 19
23 8 27 13
13 15 33 18
16 17 24 20
18 13 29 16
5 4 33 11
8 19 28 20
10 1 34 10
25 16 30 17
14 8 36 17
28 10 36 13
10 15 13 18
2 19 12 21
7 5 35 12
17 6 19 13
5 1 21 1
4 7 26 20
30 11 32 17
10 9 10 12
34 17 37 21
33 15 39 17
1 6 21 16
6 13 21 21
6 10 14 10
18 15 34 21
27 17 27 21
28 5 30 5
35 9 35 16
6 17 37 18
20 15 24 20
33 1 35 1
29 8 34 9
5 11 23 15
27 10 32 15
26 18 27 18
17 20 23 20
15 19 17 21
35 11 35 20
11 3 18 11
19 8 33 19
2 4 14 12
30 19 38 21
13 19 32 19
6 20 8 20
24 9 34 16
29 4 29 4
36 21 37 21
20 15 29 16
20 7 27 8
17 14 22 21
36 10 36 17
29 15 36 19
8 15 18 17
14 12 20 16
27 5 31 8
34 6 35 10
20 2 27 6
8 9 23 11
16 7 17 18
5 6 24 9
10 16 19 18
28 8 31 17
36 7 38 8
25 5 38 10
37 21 38 21
37 15 38 15
6 9 18 20
12 12 21 21
36 14 37 20
8 8 22 10
29 9 39 15
14 1 36 7
5 12 16 18
7 20 22 21
10 5 12 17
17 2 39 20
19 18 37 18
6 3 19 21
9 6 34 7
20 11 35 18
31 20 36 21
24 18 24 19
35 18 35 19
32 9 32 20
21 14 25 19
29 12 34 21
22 13 34 16
20 20 36 21
25 11 37 18
14 2 23 3
18 17 21 20
10 12 29 14
26 8 35 21
1 10 1 11
22 7 24 10
22 1 38 1
18 9 37 17
13 16 37 21
10 19 36 20
35 18 39 18
26 2 36 19
35 20 35 20
3 19 19 19
14 2 19 19
36 20 39 21
15 1 32 3
19 9 25 9
7 10 36 20
7 18 31 18
10 10 36 13
26 3 34 16
27 15 38 17
33 5 35 16
4 1 12 16
23 2 28 16
35 12 35 13
35 3 38 6
15 12 33 19
9 3 33 10
29 19 35 19
21 12 34 17
39 21 39 21
23 4 25 11
19 10 32 14
2 5 39 12
26 16 38 18
8 13 9 18
1 5 19 6
16 7 38 10
32 18 37 19
14 7 38 13
7 12 20 17
7 11 31 12
6 11 36 12
16 11 38 20
1 2 5 13
21 20 31 20
27 16 27 19
33 17 38 17
36 20 39 20
17 10 36 18
35 6 39 13
16 8 19 14
30 14 39 17
1 17 32 17
5 19 35 20
32 20 38 20
2 6 39 19
26 9 39 21
11 1 39 9
23 14 26 21
10 7 12 8
23 12 37 19
7 10 36 13
25 2 30 16
34 15 36 19
6 17 25 20
29 17 39 18
37 19 39 19
8 7 14 10
1 21 20 21
38 8 38 11
11 14 27 16
23 6 36 9
19 2 24 21
3 13 26 15
19 18 37 19
1 15 29 19
34 20 36 20
1 5 32 5
4 10 8 12
25 4 25 11
7 17 20 21
20 11 38 19
11 8 11 13
37 18 39 20
10 14 31 18
31 16 37 19
20 12 23 12
13 15 36 17
29 4 33 8
27 6 35 14
3 5 3 12
2 17 21 18
16 3 38 11
23 20 30 20
32 14 36 18
27 13 34 14
8 5 19 16
39 2 39 15
16 14 16 18
11 5 25 9
7 7 14 15
5 1 15 18
37 7 39 9
27 1 28 11
27 14 34 16
25 5 31 9
31 1 37 15
17 14 38 20
12 1 14 21
14 10 18 13
32 10 33 13
4 12 5 17
25 14 30 18
20 20 26 20
18 8 20 8
2 21 15 21
39 12 39 17
22 1 29 9
33 18 37 21
2 18 39 21
20 19 33 21
16 14 25 15
3 9 18 15
5 20 6 20
39 3 39 9
13 19 34 20
21 15 22 19
30 16 39 19
13 6 32 7
18 15 28 15
36 4 37 9
34 17 38 20
13 21 31 21
13 3 22 12
12 5 22 10
23 20 24 21
18 6 30 19
2 14 31 14
28 12 37 13
9 3 23 19
19 6 31 7
18 1 36 7
29 7 36 8
36 17 37 17
5 4 8 10
14 14 31 15
17 2 29 7
35 12 38 21
9 9 24 14
14 13 37 21
35 4 36 15
18 1 34 16
4 2 9 20
33 7 39 8
23 2 26 14
20 11 39 13
22 2 35 11
14 17 25 20
16 19 22 19
33 21 34 21
36 15 39 20
29 14 35 18
32 16 39 18
29 8 30 16
24 15 24 15
9 8 17 13
17 14 30 15
11 11 21 14
20 21 20 21
39 12 39 21
13 20 27 21
29 5 30 11
37 6 37 12
14 10 36 15
16 19 23 20
16 9 20 19
5 8 39 15
7 18 9 19
15 1 24 2
7 19 31 20
19 16 34 16
39 15 39 17
32 20 37 21
30 2 34 8
31 14 39 20
36 11 36 20
15 16 31 20
16 14 26 16
20 3 38 15
5 21 23 21
4 14 29 14
9 5 39 9
4 3 12 5
12 10 38 16
33 17 35 21
2 5 28 7
26 2 31 18
21 17 22 20
19 7 26 21
29 14 38 14
36 1 37 20
33 20 35 21
16 5 29 18
37 6 37 9
39 9 39 16
12 4 14 4
27 21 30 21
3 14 23 18
25 8 38 11
38 6 39 10
2 10 6 13
1 10 20 11
27 18 39 20
5 19 28 21
11 4 38 16
6 16 35 21
35 18 38 21
27 11 39 21
12 1 32 10
32 19 33 20
35 18 35 18
33 11 37 21
26 17 30 17
38 4 39 13
37 9 39 14
18 13 20 20
25 14 26 14
1 8 33 12
6 15 24 15
22 16 34 21
32 10 37 15
10 10 19 21
27 5 33 9
11 13 17 20
36 13 36 14
6 15 26 20
15 3 35 8
27 13 32 13
18 18 26 20
34 7 35 18
35 14 37 17
37 16 38 18
1 20 26 20
35 11 38 16
12 18 12 18
29 15 32 15
3 16 21 18
27 1 32 13
5 7 5 14
10 10 20 21
16 18 32 18
22 15 28 17
36 10 38 13
8 4 13 21
4 1 6 12
4 19 29 19
39 14 39 15
13 1 18 9
29 3 31 6
37 16 39 19
29 13 34 19
29 11 37 17
21 14 36 18
5 18 17 20
20 11 23 20
17 15 39 18
7 3 18 17
6 16 17 17
14 14 38 20
15 13 28 17
14 11 29 19
11 15 34 15
15 5 39 12
19 7 37 11
6 20 17 20
1 18 24 20
14 17 33 20
15 2 29 21
5 8 26 20
18 19 38 19
26 2 31 19
9 11 17 11
13 7 27 21
34 9 35 11
24 7 27 11
13 20 35 21
30 19 31 20
19 17 19 19
7 20 11 21
30 19 30 21
10 7 36 9
32 18 38 21
7 13 31 15
2 3 31 6
26 11 37 18
31 11 32 19
1 5 2 5
16 13 16 16
18 12 38 14
17 13 39 15
20 1 36 15
17 15 26 17
24 20 26 21
11 5 20 14
7 18 30 21
1 19 17 21
10 2 20 7
3 3 20 12
5 9 25 15
6 15 13 17
6 16 33 17
18 17 32 20
26 1 30 9
25 13 36 13
16 5 21 20
26 18 30 19
12 7 21 21
29 18 36 18
24 5 24 14
19 1 33 11
5 7 5 16
28 17 33 17
13 10 25 18
25 18 38 18
20 17 29 19
6 20 20 21
21 8 31 16
5 17 28 18
5 5 9 16
25 10 38 10
39 2 39 16
13 8 22 14
35 21 35 21
31 12 33 15
24 3 27 17
31 7 33 7
32 16 36 17
25 20 29 20
2 2 2 14
30 18 33 18
6 18 32 18
27 4 38 7
29 7 30 15
33 5 33 6
3 14 30 21
35 13 36 16
9 8 39 13
26 10 31 11
37 7 38 9
11 16 28 17
24 1 35 21
35 3 37 11
34 7 34 11
26 17 35 20
2 9 29 17
30 10 36 15
31 15 35 16
14 8 27 9
30 20 37 21
20 14 23 14
35 17 39 20
23 9 30 10
13 10 14 14
23 4 33 12
11 5 28 5
10 19 34 21
28 18 28 18
19 8 25 15
30 2 38 13
39 19 39 20
2 4 3 9
13 20 34 21
31 11 31 15
4 9 31 14
3 17 26 21
25 2 37 19
29 20 38 20
13 5 18 8
8 2 10 11
13 9 27 21
18 10 38 11
14 16 14 18
27 5 29 20
18 7 37 10
27 7 33 16
12 12 34 19
28 7 28 20
17 4 28 14
14 3 27 4
22 20 36 21
28 15 37 17
19 3 29 9
15 8 16 10
7 8 16 17
21 17 31 21
29 14 35 16
21 3 37 12
15 19 30 20
4 14 37 19
26 20 35 21
35 11 39 16
18 21 21 21
21 21 33 21
32 7 33 21
4 20 15 20
21 17 27 20
28 11 38 18
6 11 26 13
35 2 36 11
7 3 20 6
34 1 38 15
37 18 38 18
22 11 24 14
34 18 34 19
18 12 35 17
24 11 24 19
26 12 36 12
17 7 36 13
5 15 6 18
9 11 16 12
25 17 33 21
30 13 32 20
25 7 36 12
14 9 38 19
38 21 38 21
26 8 27 11
32 3 34 15
3 20 15 20
4 16 22 19
1 16 2 16
12 2 38 8
39 13 39 20
15 1 24 8
34 3 38 14
11 1 19 5
38 4 39 16
19 14 36 17
11 18 24 19
3 2 25 10
14 16 28 18
11 10 27 12
29 21 31 21
28 21 31 21
38 20 38 20
13 20 29 21
12 18 27 18
18 14 20 19
1 4 28 5
3 17 3 19
13 14 38 20
7 20 18 20
36 20 38 21
29 7 29 10
37 7 37 11
3 21 34 21
25 5 32 14
20 15 34 16
39 19 39 19
34 17 38 19
38 4 39 14
36 8 38 19
34 4 38 15
30 18 33 20
33 21 33 21
29 20 39 20
13 15 37 15
4 4 11 8
24 7 33 8
35 14 35 15
8 6 13 21
4 2 30 15
14 4 17 17
33 1 35 3
23 14 26 20
4 21 19 21
18 10 33 10
5 4 23 5
2 8 19 13
3 3 13 7
31 7 36 20
8 13 29 18
33 20 37 20
18 6 38 7
10 19 26 21
8 17 22 20
23 5 26 19
34 20 38 20
39 2 39 11
21 5 35 11
33 21 37 21
23 13 36 18
30 6 36 17
4 6 5 14
10 8 33 16
18 14 33 17
5 8 27 18
11 4 19 4
14 5 15 15
28 16 30 16
1 12 18 12
39 2 39 21
27 17 32 17
39 8 39 17
4 14 23 16
33 7 39 13
20 10 38 21
12 18 39 19
30 3 36 14
27 17 39 17
17 16 24 20
30 16 37 21
2 8 23 14
35 14 39 14
3 6 38 11
35 15 37 17
5 7 8 16
18 9 23 15
25 2 30 4
11 3 39 9
3 12 34 15
14 16 34 17
18 11 20 19
26 21 33 21
10 12 13 13
18 15 35 20
36 20 37 21
28 5 32 7
15 15 39 16
9 19 22 20
4 4 24 13
28 1 34 19
16 16 25 17
32 21 34 21
7 9 30 9
19 1 32 9
22 20 36 20
37 19 38 21
7 10 11 21
34 13 34 21
32 5 35 5
20 11 32 19
14 4 33 21
26 5 28 9
16 18 38 18
15 8 34 18
21 4 39 17
37 9 38 10
27 12 34 12
15 3 31 21
18 19 29 19
22 13 26 17
21 17 25 18
9 19 29 20
9 19 37 20
5 21 32 21
10 2 28 9
4 9 4 19
26 14 35 20
33 5 37 16
12 7 26 15
15 17 28 18
18 14 25 21
16 19 33 20
23 9 39 18
31 18 38 18
35 16 37 21
12 21 19 21
12 19 16 21
34 4 39 7
16 17 29 20
31 10 33 20
2 19 12 21
31 10 31 19
32 1 36 12
1 17 9 19
21 5 28 20
8 13 25 16
33 14 39 18
15 7 35 15
1 5 6 20
11 7 34 13
38 6 38 8
26 20 30 21
22 3 22 10
6 5 12 16
18 14 27 14
25 12 39 21
34 10 37 19
34 8 34 18
5 17 21 21
10 10 32 15
14 8 16 13
13 11 16 20
32 1 33 16
31 18 37 19
31 17 36 18
15 4 31 7
36 5 38 9
4 8 5 14
30 3 33 16
29 18 38 20
28 19 35 20
3 16 4 20
29 12 39 13
6 8 19 8
30 18 34 21
12 15 30 20
4 16 37 21
35 12 39 21
26 16 39 20
37 9 38 17
26 14 26 21
26 10 29 11
19 19 29 21
23 8 32 18
21 19 27 21
32 9 35 11
16 17 17 17
27 13 31 21
20 1 20 5
7 4 12 16
23 4 33 20
3 6 24 11
28 5 37 19
26 3 29 16
5 16 35 20
34 8 34 18
7 9 12 18
11 5 35 12
15 18 36 19
5 9 11 18
31 15 31 18
2 18 9 21
12 18 32 19
32 11 37 19
33 15 38 16
31 1 32 4
14 8 24 8
34 19 37 19
1 1 37 20
31 11 34 19
21 2 30 5
3 15 5 20
16 8 26 10
1 5 31 17
34 19 38 21
27 11 31 19
28 10 37 12
22 14 30 17
25 19 38 21
11 6 14 10
17 10 33 14
10 18 11 21
23 18 39 19
23 5 23 15
6 3 39 3
5 21 36 21
12 16 15 18
26 15 31 16
4 13 25 18
15 14 24 17
33 18 35 21
3 18 31 21
30 13 30 20
2 14 28 18
21 16 34 20
13 1 37 15
5 3 31 9
9 8 21 19
5 2 25 15
9 6 14 6
32 5 36 9
38 10 39 11
1 14 26 19
34 5 38 13
20 20 38 21
2 13 32 20
2 20 20 20
26 17 29 18
7 5 28 15
11 17 32 18
30 10 39 17
26 8 33 20
1 7 38 19
13 17 39 20
16 19 28 19
6 8 21 21
27 5 39 17
26 10 33 16
27 21 31 21
21 16 32 18
24 13 31 15
10 20 15 20
37 7 39 7
22 18 35 19
12 11 34 16
29 5 34 11
32 3 36 13
4 12 22 14
36 18 38 20
33 10 35 17
30 5 35 19
39 12 39 21
7 2 19 17
5 12 6 15
20 4 34 12
5 20 31 21
20 20 30 21
39 14 39 17
9 14 24 16
27 12 32 19
4 18 14 18
14 20 32 21
10 6 22 8
16 18 35 18
39 21 39 21
39 6 39 12
27 15 27 19
31 2 33 17
23 1 33 8
30 19 33 20
20 14 28 19
34 16 38 16
11 9 15 17
26 16 32 20
24 20 39 21
37 5 38 11
21 8 22 17
7 20 27 20
7 3 33 8
39 18 39 20
33 4 35 16
10 19 14 19
34 20 35 21
5 7 30 14
3 4 29 10
14 4 19 5
21 4 21 4
11 9 14 11
32 1 34 14
9 13 33 21
37 13 39 20
22 20 39 21
21 5 36 7
20 1 24 3
1 7 7 17
16 18 30 20
21 4 31 5
39 21 39 21
11 12 36 14
14 17 22 18
24 13 39 15
19 6 28 7
21 11 24 14
26 2 29 7
30 3 39 3
6 20 22 21
10 2 30 7
16 20 27 20
1 8 11 13
3 13 28 16
38 5 39 12
30 19 36 21
14 14 20 16
28 17 35 17
7 9 38 13
4 3 24 14
33 17 38 18
27 16 37 19
26 6 39 7
38 11 38 16
19 21 22 21
16 11 38 19
8 10 13 16
31 10 34 17
34 10 39 13
3 17 5 21
1 16 37 19
15 17 38 17
23 6 38 13
18 7 38 13
23 8 24 9
29 9 33 18
12 8 19 15
15 12 18 21
2 6 10 14
37 19 39 20
5 1 33 20
18 21 19 21
11 7 19 15
11 3 22 16
1 10 20 12
3 16 23 21
39 11 39 21
18 12 27 13
19 13 26 14
35 3 35 13
39 5 39 7
10 16 31 16
38 14 38 16
13 4 37 11
37 14 39 17
23 16 34 21
29 1 39 1
25 9 36 20
39 13 39 21
6 21 25 21
21 12 29 18
14 20 24 21
2 14 10 15
4 10 30 20
35 15 35 17
22 18 23 20
24 15 29 18
5 16 32 19
11 2 20 19
13 21 19 21
21 8 31 17
32 16 36 19
24 13 31 18
30 12 35 19
13 10 39 11
27 5 37 18
6 20 8 21
22 4 34 10
37 9 38 13
6 11 11 21
24 16 30 21
36 7 39 14
4 20 18 20
33 14 39 19
37 15 39 15
8 11 10 21
23 1 34 11
32 20 35 20
37 2 39 18
9 7 29 19
18 10 28 12
13 7 27 8
23 14 24 15
18 16 19 16
34 20 35 20
8 5 37 15
27 13 37 16
4 13 5 13
24 7 35 19
30 3 39 6
15 14 19 15
30 8 35 21
21 9 33 11
39 11 39 13
25 18 29 18
16 10 28 20
28 18 28 21
21 13 33 17
24 5 29 6
26 7 35 13
32 14 33 19
4 10 15 13
18 21 25 21
24 8 36 14
22 20 38 21
27 21 33 21
35 21 39 21
34 9 36 19
10 16 17 16
10 18 19 21
23 15 28 16
26 19 30 19
18 14 23 16
26 11 31 13
26 8 30 12
9 14 18 21
33 5 39 19
30 4 37 17
32 9 32 10
15 7 27 20
17 8 20 16
35 18 39 21
39 21 39 21
16 14 35 15
17 13 38 15
16 9 39 12
8 19 39 19
19 21 28 21
38 2 39 19
28 5 38 21
10 9 15 19
10 4 32 10
38 21 38 21
30 4 38 13
4 17 16 18
24 13 34 16
39 7 39 11
22 5 34 12
1 21 1 21
25 21 26 21
9 17 38 18
36 9 38 19
31 4 31 10
16 11 16 16
30 7 30 10
12 12 15 15
25 14 33 18
30 14 31 16
17 20 36 21
23 20 25 21
35 9 37 15
31 7 37 12
1 14 37 19
15 6 24 21
16 19 21 19
9 3 30 13
25 17 29 21
13 14 29 18
7 12 29 12
9 16 33 17
33 18 35 21
16 11 24 13
36 7 38 21
16 17 27 18
28 3 32 14
24 9 32 13
9 9 16 15
21 16 28 20
20 19 26 21
12 6 15 11
29 5 35 7
3 20 23 20
8 5 21 12
21 12 37 16
34 4 38 5
18 10 31 11
22 8 27 10
32 7 38 8
23 7 35 13
19 7 26 18
6 16 9 21
32 2 32 9
7 7 20 15
25 17 30 19
19 5 35 18
26 2 35 18
12 16 32 18
9 7 25 9
14 13 30 16
30 17 33 17
3 18 32 19
13 5 18 13
8 3 22 13
21 9 22 14
37 6 37 14
1 2 21 2
10 20 36 20
4 11 20 18
5 19 19 20
25 13 38 19
16 9 31 12
9 12 24 20
21 6 24 12
1 21 35 21
33 20 37 20
34 6 35 13
28 19 34 21
4 2 14 8
36 17 37 20
20 21 22 21
10 4 10 18
18 1 21 20
22 10 24 20
39 7 39 19
37 3 39 12
4 14 7 15
8 4 36 5
23 7 39 19
35 20 39 20
20 20 22 21
30 4 38 11
31 2 34 9
12 20 33 21
39 18 39 21
23 7 31 11
31 15 36 19
37 10 37 19
22 20 25 21
17 10 37 17
17 11 25 11
9 10 29 18
6 18 31 19
18 16 31 17
29 4 38 8
8 13 31 19
14 13 18 13
33 5 38 13
21 11 39 21
16 21 18 21
23 19 23 19
24 12 30 18
24 1 34 11
17 4 29 8
16 20 25 21
38 7 38 21
1 14 35 21
24 4 28 18
34 10 39 16
7 18 31 18
20 7 37 9
2 10 17 20
1 20 26 21
6 15 27 21
35 7 39 16
29 16 29 16
38 10 39 20
23 20 25 21
19 18 19 19
18 18 19 21
19 5 34 6
19 5 29 5
25 12 30 18
17 10 34 10
24 2 32 11
35 1 35 5
29 15 33 19
39 2 39 20
31 20 32 20
18 12 39 15
25 21 27 21
35 7 38 11
26 6 27 8
2 19 15 21
13 14 21 18
7 20 37 21
11 20 22 20
38 16 38 21
26 3 27 16
16 10 17 11
7 1 17 18
11 16 33 21
10 6 36 16
37 14 38 21
34 19 38 19
26 13 34 13
28 6 32 7
38 4 39 17
37 3 39 17
27 19 39 20
2 12 5 15
1 18 9 18
8 14 32 21
34 21 37 21
30 10 30 18
31 3 35 10
4 14 30 18
30 18 39 19
23 13 24 15
8 6 14 10
6 6 17 6
1 7 12 8
23 18 34 20
29 9 35 18
7 4 32 17
26 10 34 16
15 3 32 8
7 15 31 19
6 19 17 21
19 4 28 6
33 15 39 18
15 14 32 21
25 11 34 19
18 8 29 18
29 1 33 17
29 15 37 19
12 13 24 20
10 21 23 21
13 8 13 12
30 4 35 14
30 10 34 21
17 14 22 15
19 14 32 15
34 8 38 21
35 10 37 10
2 6 9 10
22 9 28 18
6 12 22 16
11 13 14 16
7 9 39 12
20 2 21 12
5 4 23 19
24 13 27 16
11 11 35 13
13 21 34 21
11 9 33 16
4 14 20 21
7 5 32 15
33 13 35 14
30 5 30 12
31 5 35 10
17 3 33 11
17 10 33 16
27 16 39 19
6 20 28 21
2 16 37 17
11 10 16 13
37 20 38 21
19 15 38 20
5 3 21 6
32 7 34 12
8 3 17 6
23 15 27 15
34 5 38 20
2 8 5 20
19 6 24 20
4 19 30 19
27 16 28 19
6 18 30 18
16 15 37 21
12 11 13 11
31 13 38 14
26 15 36 20
31 18 34 19
5 4 16 6
21 16 25 18
4 10 19 14
24 1 25 16
6 11 33 15
27 7 29 12
2 1 8 7
34 16 38 19
9 11 23 18
7 12 15 15
16 1 26 12
10 12 24 21
11 9 12 12
27 17 33 18
29 11 38 18
2 6 9 10
31 11 39 21
25 18 37 20
7 3 10 5
33 18 38 19
14 6 38 17
32 15 37 16
33 10 39 18
11 2 39 18
30 18 39 19
3 10 32 19
27 11 37 11
30 9 34 19
4 19 11 19
25 2 32 4
38 14 39 18
39 4 39 11
32 20 39 20
37 11 37 14
21 2 30 16
24 4 25 10
17 8 39 20
28 11 36 16
26 4 33 18
22 2 39 4
13 16 15 17
23 3 37 3
14 4 38 10
10 9 35 18
17 13 31 15
36 10 38 15
29 13 37 14
21 12 38 20
27 6 35 6
7 3 14 5
26 7 29 9
18 12 23 16
8 9 30 21
37 2 38 13
20 11 23 18
34 18 34 19
6 15 10 15
31 8 34 12
11 8 28 13
32 11 39 11
13 13 37 16
34 5 34 9
22 15 23 19
16 3 28 14
33 17 38 18
14 18 23 19
10 15 32 17
13 12 16 21
39 5 39 16
23 3 32 4
29 15 39 16
38 5 39 15
7 3 20 6
35 19 37 19
25 4 32 18
13 3 36 15
25 16 34 19
38 2 38 4
30 15 34 15
6 5 20 13
34 6 39 18
24 7 39 14
31 11 37 14
35 11 36 19
34 20 39 20
15 18 32 19
15 8 16 9
5 11 29 15
6 3 33 8
32 9 32 17
16 13 39 20
11 6 19 17
25 6 29 7
21 10 37 10
27 20 31 21
25 12 31 18
33 15 34 20
8 18 25 21
26 5 32 12
35 7 36 10
9 14 15 15
7 15 16 17
35 1 36 14
13 18 17 18
35 1 38 21
27 11 27 13
