59 70 7448
.X....X.................X............X.......XX......XX.........XX.X..
.......X..........X....X.......XX....X..XX...........X...X..........X.
.....X........X.....X..X..X.XXX...X..............X.......X............
...X....X............X.X.....X..X..........X....X..X........X......X..
..........X...........X.X.....X......X.X.X.....XX.....XX......XX...X..
X...X...X...X.........X..X............X..............X.X..........X...
..X........XX..X.X..X.......X......X.......XX....X.XX.X.X...X...X.....
............X....X.X..X...X.X...............XX....X.X..X....X.......XX
X.....XXXX....X.....X..X..................X.......X.X.XX..........X.X.
X......X........X..X......X............XX......X..X.XX................
.X.........................X...X......X.X...X.XX...............XX...XX
.....X.............X...X...X....X.X....X......X...X.........X.........
..X.............X...XX....XXX....XXXX.X.X.........X.X..X..............
..X...X........X...............X...................X.....XX..........X
......X.........X.X.X...X.....X..........X.......X..X........X........
X...X...XX.......X...................XX........X......X..XX.........X.
......X....X..X......................X..X..X.....XX....X..X......X....
...................X........X..XX.X..X..X.....X....X.X.XX.........X.X.
.X........X.......X.X...X..X......X.....X....X...X.....XX...X....XX.X.
.X........X...X..........X..X.X....X..X......X.....XX.X.......XX..X...
..X.....X..X......X.X..........X..X.X.X..........X..X.X.......XXX.X...
XX.....X....XX..XX.X...X.............X.........XX.......X.........X.X.
...X..X..X........X......X.............................XX........X...X
X.X.......X.......X.X...X.....X..........X....................XX......
.XX............X.........X.X......X.............X.............X...X.X.
........X...................X.X............X..X.X..............X.....X
X...X.X..X......X.......X......X.XX.X...X.........X.........X.X.X.....
X.XX.XX.........X..X..X........X...X..XXX.......X........X.X..........
...XX.........X........X.........X.........X..........................
.....X.......X...X.X......X...X........X.X..X..X...X...X..............
...X..............X...XX.X........X.......X..X.X...X.......X..........
.....X......X.X...........XX...X..............X......X.....X..X..XX...
..X.....X..X....X.X....XXXX..X........X......X......X..XX.X.......XX..
.XXXX.X....X..X..........XX...X..........X.XX.X.X............X........
..........X...X...............XX........X.X..........X.X..X...........
....X......X..X..X...X.X............XXX.....X....X..X..X.............X
.........X.X.........XX..................XX................XX......X.X
.....................XX....................X.....XX.......X.....X.X...
.X.................X.....X...X........................X....X...X......
.SX.X...X.......X.X.X...X....X..X..X..XX....X....X.X.....X..........X.
..X.XX.XX..X.......XXX............X..................X.......X.X.X....
X....X.X..........XX.....X....X..X.X....X..................X...XX..XX.
X......X......XX.X.....X....X..X.....XX.................X..X.....X.X..
.....X.........X...X.....X..........XX.X.X....XX.......XX......XXX....
......................................XX..................X........X..
X..X...X..X...XX.X.X............X.....X......X...............X........
...................XX.....X......X.......X...X...........XXX..........
.........X...........X..X......X....................X.X.X...X.........
X....X..X.X..........X........XX........X.......X.X......X....XX......
..XX........X....X....X.............X...X....X.X......XX.......X......
.X.X.X.X........X..XX.X...XX...X..X.....X...X...X....X.............X..
........X...X.....X..X.X.....X.....X.....X.X.X.......X....XXX.....X.X.
.....X.......XX......XX..............X.X.XX.X.....X...................
..............XX.........X........X..X.X...XX......XX.....X........X..
..X.....X.X...............X.X.X........................X..........X.X.
...................X...........X...........XX........X.......X.X......
.X.........X...XX............X...X....................XX....X.........
....X....X.......X.X...............X...X....X.XX.X..X.............X...
......XX...XX.........................X..........X..X.X.....X...X.....
6 62 48 67
3 7 31 56
38 62 38 69
14 57 45 61
25 30 28 50
36 59 47 63
53 36 58 48
42 24 50 67
31 4 36 39
35 57 49 60
57 37 57 54
22 31 29 48
58 32 59 61
7 5 29 40
22 43 27 55
8 68 56 69
46 7 51 68
52 23 52 29
5 9 16 45
56 69 57 69
10 18 38 38
19 3 42 66
5 47 6 52
11 36 12 44
19 10 29 48
25 29 50 39
48 61 55 61
55 15 59 24
22 29 44 37
26 8 57 42
45 57 51 61
48 26 53 34
47 54 57 62
55 7 56 7
23 60 52 61
20 50 49 55
24 67 37 70
39 19 53 30
46 43 49 55
4 52 59 55
20 36 22 40
32 12 34 36
52 70 54 70
55 51 59 57
11 49 32 57
43 9 57 39
40 13 46 40
26 43 54 47
24 27 25 47
41 14 51 66
5 62 40 69
54 58 59 66
10 22 34 43
53 50 59 57
23 59 57 63
59 51 59 64
16 2 54 70
3 44 4 56
10 41 11 53
10 25 17 54
8 30 23 62
33 66 38 69
41 13 52 41
54 5 55 42
35 39 37 46
14 53 36 65
24 44 39 53
40 31 58 55
31 63 42 66
47 69 48 70
10 41 44 54
54 7 54 70
21 55 37 66
47 23 59 67
13 48 56 51
14 55 58 55
11 28 25 62
35 66 58 67
1 57 32 70
53 53 58 61
39 22 46 59
24 8 54 67
27 38 48 38
46 11 53 61
16 39 17 51
30 10 38 12
39 20 51 59
15 7 55 25
2 6 47 70
43 61 48 61
7 40 26 64
57 35 57 60
50 22 52 25
33 27 40 29
41 17 44 35
48 5 53 21
24 6 38 21
57 51 59 54
58 55 58 65
13 16 26 62
17 21 57 21
52 36 54 58
52 68 52 70
56 31 57 49
41 25 41 30
26 44 41 61
36 35 57 68
41 43 42 69
26 12 26 62
13 41 19 69
42 63 56 64
42 36 43 46
45 61 50 61
44 14 45 35
40 7 51 32
49 70 50 70
19 17 48 57
10 44 11 66
21 45 51 58
48 12 58 40
9 22 34 50
25 58 30 68
30 27 48 37
40 7 57 44
36 63 49 64
44 22 53 42
23 19 29 70
11 56 26 59
47 23 53 44
44 66 48 69
50 67 53 68
14 69 20 69
15 34 22 62
4 4 30 28
22 53 41 59
21 58 41 64
39 19 50 22
29 3 48 32
4 13 5 65
18 15 36 15
53 17 58 65
58 63 58 67
47 31 54 34
37 25 59 62
51 30 57 64
8 2 36 62
38 55 50 60
33 51 35 59
8 61 25 68
24 60 25 62
25 46 37 54
54 4 54 35
39 45 47 64
17 34 37 46
43 55 50 66
8 21 29 27
22 18 36 55
3 6 7 35
43 33 51 34
4 60 21 65
3 60 19 64
46 20 49 23
11 22 21 46
26 39 37 70
15 32 45 52
39 42 45 42
55 66 55 69
13 32 31 53
50 65 54 66
57 69 57 69
19 40 54 46
38 17 40 41
59 58 59 58
41 28 54 67
37 63 38 63
34 39 45 40
38 27 49 43
11 42 45 54
43 27 58 28
19 3 25 9
34 32 57 55
20 3 42 15
53 59 54 62
45 57 50 59
56 3 56 28
23 31 41 31
16 12 56 39
54 9 58 57
5 8 17 41
55 15 55 21
36 35 57 66
38 55 39 60
16 67 33 70
47 64 49 69
23 26 27 48
15 4 24 66
36 48 43 64
24 14 41 57
22 25 23 53
42 62 57 64
29 7 51 66
33 70 38 70
49 41 57 64
58 11 59 55
51 70 57 70
36 7 43 21
28 37 37 55
48 8 59 24
39 61 59 64
10 41 55 47
29 50 50 51
50 14 53 48
57 40 57 43
53 25 57 65
35 8 46 48
28 67 48 67
24 59 50 68
25 38 30 67
47 20 56 32
31 37 59 41
32 11 51 24
59 62 59 70
50 18 53 59
21 51 24 66
16 13 48 17
2 70 18 70
28 51 29 62
24 15 51 19
1 63 25 63
34 63 44 70
10 58 25 64
37 63 50 63
56 56 57 59
28 49 47 56
49 61 51 67
34 53 38 55
25 43 56 56
17 8 40 58
2 43 49 59
27 2 27 15
22 14 27 59
19 29 33 32
20 4 42 24
57 57 59 69
40 10 57 70
31 41 36 55
10 17 39 35
6 20 11 61
40 55 49 56
36 23 51 24
42 39 49 46
53 30 53 64
27 34 33 67
54 18 57 59
13 34 49 36
21 62 40 68
30 54 48 63
57 54 57 58
32 39 48 53
28 30 56 53
18 39 45 51
38 67 42 68
3 27 37 40
7 61 31 62
21 32 42 48
22 18 35 59
11 22 28 40
11 27 46 66
27 70 40 70
40 34 40 53
32 3 45 13
24 49 51 69
2 25 5 44
40 61 49 70
5 63 26 69
9 42 37 68
13 27 32 40
9 14 27 32
56 6 56 40
23 18 29 45
21 27 49 28
15 54 31 58
43 34 55 45
5 60 27 65
33 20 48 20
47 19 53 68
28 58 50 61
16 44 52 54
9 7 9 37
54 67 56 68
16 17 34 51
15 19 41 41
27 61 44 66
3 25 40 42
45 6 52 69
41 58 41 63
5 26 52 34
12 59 31 63
17 2 25 5
13 67 32 68
31 44 51 59
8 3 25 58
30 3 31 70
49 5 50 47
25 56 51 58
25 23 56 51
52 69 55 69
7 35 34 41
23 23 37 50
29 24 33 54
40 25 51 63
30 68 48 68
27 17 55 20
16 58 16 69
15 44 38 69
14 70 51 70
22 21 58 67
49 26 57 70
57 26 58 64
29 41 51 63
52 44 55 46
53 9 58 42
58 30 59 40
52 30 52 64
10 10 37 51
19 40 47 61
4 63 44 70
21 8 50 55
54 36 55 37
11 33 39 40
19 31 58 55
2 67 14 70
58 19 58 30
30 58 35 69
54 21 58 52
32 60 58 64
11 1 56 50
34 33 37 51
20 40 56 68
37 20 47 46
44 67 57 67
30 4 38 44
42 14 58 20
51 65 53 68
2 60 20 68
33 11 41 28
41 47 59 54
29 40 46 49
28 38 39 55
13 45 49 70
11 64 44 69
22 16 28 35
4 51 50 63
28 15 32 47
52 8 56 47
18 63 33 63
58 38 59 70
21 22 28 43
12 68 37 69
32 57 35 66
43 42 59 59
51 38 55 57
45 61 52 70
50 51 54 64
54 28 55 55
40 46 42 54
51 23 56 38
2 58 48 64
2 60 13 66
26 14 32 36
45 66 49 68
24 69 34 69
11 42 20 63
19 55 45 59
47 57 51 58
12 47 24 65
2 38 7 44
8 24 40 44
57 53 57 67
24 14 24 22
57 35 59 68
2 41 13 43
3 20 35 40
5 4 53 5
58 27 59 48
21 5 33 43
7 37 56 68
11 50 13 64
17 20 52 41
8 32 46 45
25 45 57 45
25 61 30 64
35 38 51 40
33 5 53 33
7 46 23 63
35 47 39 54
37 6 53 34
59 3 59 19
40 23 46 48
37 29 48 63
44 64 53 67
29 60 40 70
58 56 59 66
41 50 48 60
29 48 44 55
11 17 20 39
15 4 27 33
3 20 22 38
23 6 27 63
49 39 51 53
14 62 24 67
55 28 57 35
51 61 51 63
11 14 17 21
20 8 59 27
37 63 46 68
35 16 52 23
37 13 51 63
52 29 57 48
7 15 7 52
21 37 38 42
57 17 59 33
8 62 28 64
1 64 11 66
43 59 57 68
20 6 47 12
21 29 25 64
25 65 41 68
6 25 11 51
9 48 14 57
23 60 45 60
54 11 54 11
45 61 58 69
12 46 16 60
14 9 54 32
57 51 58 68
12 46 17 57
48 33 59 49
11 67 19 68
35 34 35 54
48 34 56 65
22 20 22 68
20 52 33 67
58 18 59 30
15 70 48 70
2 39 59 70
4 58 27 58
29 29 41 47
4 15 4 50
53 58 54 64
50 56 52 56
30 46 42 66
48 23 58 60
27 37 46 55
42 5 53 35
53 66 55 70
33 1 53 34
34 57 48 66
33 53 33 64
53 39 56 70
31 58 53 59
15 44 44 49
54 66 54 70
46 46 50 48
52 44 52 68
34 18 41 41
41 25 51 49
28 58 57 70
48 26 53 60
53 9 53 38
32 16 39 25
28 63 39 66
32 12 54 58
56 54 56 62
7 47 45 59
51 66 51 67
6 11 41 64
52 45 57 45
17 70 17 70
38 50 49 64
15 14 37 41
47 42 47 56
48 30 59 41
36 61 42 64
37 61 56 67
28 27 41 51
48 33 58 45
28 32 55 55
47 37 48 52
31 1 49 57
25 64 57 66
18 51 53 60
25 52 59 61
30 63 38 69
9 14 21 49
59 51 59 56
56 29 57 53
39 6 44 47
27 10 59 16
31 67 53 70
35 37 54 49
17 60 29 70
46 26 58 58
40 59 59 63
40 13 45 16
41 27 57 57
52 16 57 38
5 24 59 69
25 69 53 70
30 28 36 57
36 8 55 17
50 68 53 70
46 47 53 64
28 62 53 63
37 44 45 47
55 30 59 42
44 23 50 47
5 3 36 33
55 14 55 54
53 1 56 23
36 33 37 44
39 42 54 64
9 20 43 30
1 35 24 37
27 47 51 57
5 66 26 66
39 34 52 56
25 47 47 52
48 68 55 68
11 67 23 67
10 18 20 56
34 10 46 50
16 3 33 12
22 62 42 65
12 19 37 40
28 2 52 56
22 57 31 58
51 26 53 56
23 24 34 66
58 62 59 66
56 60 57 62
11 5 57 9
33 40 50 51
26 65 37 70
53 14 54 68
42 38 46 70
20 21 52 47
4 27 55 56
6 48 46 61
1 14 39 22
49 31 57 63
32 31 36 68
34 31 44 60
45 69 53 70
37 7 58 17
13 12 30 57
45 38 48 41
26 51 31 67
42 56 57 70
43 22 44 25
21 35 37 47
50 1 58 14
5 9 26 55
8 55 12 56
40 53 41 64
51 8 53 57
2 42 35 63
57 58 58 60
48 13 49 22
25 67 52 70
55 15 56 55
17 30 25 59
2 21 36 55
25 65 46 70
32 48 44 61
33 65 36 70
52 64 58 66
1 14 16 36
9 11 18 23
51 32 51 50
27 50 38 55
12 6 28 14
57 32 57 47
8 18 39 48
38 37 38 42
1 18 58 34
6 69 31 69
41 24 52 61
14 42 56 59
14 43 52 66
58 42 59 49
51 48 56 60
34 27 39 66
58 35 59 50
41 5 59 44
29 32 46 33
51 8 59 36
27 59 37 60
46 51 50 70
5 23 45 47
27 9 43 28
54 64 54 66
38 7 50 8
31 22 40 62
28 31 31 49
14 60 30 70
47 32 55 34
51 54 53 60
27 41 35 67
34 55 35 60
30 18 34 61
1 35 54 66
15 46 16 60
6 68 11 69
48 51 55 52
2 16 42 35
46 8 51 52
41 27 51 61
7 42 27 55
26 32 34 63
8 41 45 64
59 34 59 43
22 4 35 22
30 53 31 53
8 24 39 65
48 65 59 70
16 13 18 66
2 43 47 50
53 48 56 66
22 69 37 70
46 66 53 70
38 31 41 60
49 13 51 38
13 70 54 70
48 60 48 69
35 30 39 42
8 70 44 70
6 51 16 52
52 42 56 43
40 63 48 65
23 20 57 27
31 35 42 48
23 20 41 22
15 68 43 70
27 25 42 25
10 15 39 62
19 32 51 61
32 5 33 27
41 20 52 60
39 7 44 10
57 31 59 35
54 64 56 64
58 16 58 47
11 27 45 36
47 24 54 24
23 37 41 49
10 65 14 66
20 47 26 69
2 26 47 32
20 64 27 66
58 12 59 60
29 61 39 66
10 69 34 69
44 55 48 62
30 55 43 56
12 31 37 58
35 14 36 65
46 14 46 47
39 1 51 46
17 58 33 60
51 27 58 30
26 39 26 47
15 17 51 61
10 41 33 57
32 59 47 70
52 15 56 27
1 25 42 48
6 41 20 44
57 67 58 70
40 43 48 66
28 30 40 53
55 10 55 69
27 9 46 46
36 50 37 63
25 58 55 66
12 21 32 47
23 56 57 62
57 28 59 47
15 14 59 57
6 46 15 50
3 8 15 44
8 19 38 51
59 55 59 59
34 34 50 46
44 54 46 60
59 20 59 58
6 50 53 59
8 54 9 56
3 37 27 55
10 54 19 57
29 15 49 33
15 58 55 60
51 25 56 36
55 14 58 41
42 42 56 66
10 29 54 53
20 13 38 20
14 26 54 27
43 15 54 56
8 43 30 62
59 2 59 59
35 28 41 58
13 20 14 51
45 63 48 63
39 20 42 37
23 10 56 33
44 33 54 34
5 50 56 65
35 46 55 51
44 58 48 63
45 25 59 48
19 34 47 58
38 7 40 37
12 18 44 43
37 21 47 25
55 28 55 39
17 29 42 58
5 16 11 52
12 16 34 20
15 27 31 67
38 22 53 67
40 26 49 38
18 54 37 69
4 43 30 56
41 5 52 43
25 56 39 70
46 53 56 69
52 25 53 55
44 9 56 20
30 39 45 49
38 68 42 70
14 20 20 66
30 49 54 59
55 54 55 64
44 22 53 51
37 36 48 54
17 32 47 61
25 46 59 63
53 4 54 28
52 61 53 68
14 12 34 46
6 29 16 31
19 59 44 61
1 58 25 68
54 51 57 69
22 39 24 61
47 59 49 62
5 12 47 38
5 70 44 70
19 63 52 66
55 66 55 68
9 40 24 64
29 16 42 16
28 32 56 48
23 31 47 42
53 38 55 40
45 69 45 69
20 45 35 62
10 67 57 68
44 50 46 64
47 4 57 16
19 34 54 69
44 20 50 21
46 44 49 49
43 60 49 68
46 32 54 66
28 33 33 54
57 49 57 50
26 11 27 64
9 64 24 68
52 54 56 63
25 15 57 17
47 6 51 44
24 12 56 45
17 40 26 67
45 58 59 69
9 70 17 70
34 1 57 10
14 18 33 68
28 54 45 61
11 49 54 64
46 39 55 59
12 56 43 58
45 50 49 56
27 41 39 51
17 28 54 49
19 69 32 70
25 40 58 55
14 5 45 7
29 69 59 69
35 46 48 70
16 24 27 55
1 28 33 66
28 20 57 51
16 16 20 68
53 42 55 55
38 7 38 21
42 21 59 55
4 1 49 66
37 9 55 33
46 49 57 57
47 40 53 44
13 9 38 59
36 6 58 68
1 20 4 44
19 8 19 66
18 31 50 35
10 2 57 68
54 52 59 54
50 66 59 70
45 38 52 39
10 3 40 57
35 68 39 70
29 40 41 56
20 2 37 34
44 63 49 67
59 59 59 68
3 62 16 68
6 20 56 64
36 5 50 35
18 19 21 52
8 60 23 68
16 51 38 58
33 6 53 22
14 25 26 45
9 9 28 42
40 59 46 66
23 60 24 68
40 2 59 59
53 17 56 41
46 39 58 66
18 30 31 39
15 50 15 65
52 68 56 69
21 48 32 57
23 47 39 67
26 30 51 54
32 59 52 60
22 56 49 57
56 21 56 27
55 60 58 65
11 61 57 66
40 64 48 69
6 27 52 49
50 57 56 65
57 56 58 68
54 70 58 70
41 10 54 39
21 68 32 70
16 44 54 55
44 49 55 67
22 48 28 70
9 41 59 66
52 26 57 64
54 36 59 42
17 68 30 69
6 55 55 55
45 24 57 32
47 29 58 33
10 25 10 51
54 39 55 66
42 18 51 70
13 17 18 17
24 47 33 62
40 49 46 66
55 64 58 65
34 26 49 48
13 2 37 61
49 61 58 62
16 15 59 44
40 41 51 65
43 1 50 16
37 29 57 30
16 26 24 40
37 53 53 70
45 25 45 55
28 30 53 57
3 41 12 43
6 41 56 70
5 3 22 48
54 30 59 64
27 39 51 56
41 7 52 60
1 8 41 54
26 65 56 70
47 49 55 52
24 21 37 56
33 12 46 13
15 62 25 62
33 65 42 65
59 31 59 41
21 47 58 47
35 30 42 67
58 34 59 69
5 21 16 39
50 38 51 67
5 55 19 69
36 52 46 69
15 49 18 51
47 10 53 20
5 51 12 63
5 36 54 52
54 2 58 32
12 47 26 50
2 65 33 68
35 53 49 63
18 3 56 14
59 16 59 27
32 28 48 51
27 67 48 69
14 59 21 60
6 68 23 68
33 45 53 50
12 11 29 44
32 62 48 62
48 7 57 22
31 49 35 52
3 58 34 68
45 67 48 69
48 63 59 68
32 28 41 49
4 70 11 70
43 44 50 51
56 33 59 53
11 18 39 70
53 13 53 69
16 5 27 47
27 57 53 65
28 30 53 43
58 2 58 19
13 44 14 57
4 7 4 68
23 51 26 65
11 26 44 45
54 26 57 34
18 25 49 54
57 50 59 62
11 50 29 59
40 5 44 7
38 68 42 70
20 53 47 62
18 53 21 58
6 23 59 52
22 40 23 58
11 2 47 55
36 17 48 32
29 23 57 69
51 18 55 40
48 19 58 23
20 6 26 68
8 50 40 51
29 23 29 24
21 44 46 69
7 23 35 63
37 46 47 60
28 14 47 65
36 45 44 52
45 17 57 68
56 22 56 40
32 17 39 28
58 68 59 69
39 64 51 66
17 47 22 52
7 42 53 61
17 13 49 15
55 57 57 63
27 1 49 42
27 3 58 25
13 44 45 48
59 47 59 49
24 32 32 49
14 56 18 64
39 4 59 19
40 28 40 37
8 53 33 58
6 9 59 56
30 52 40 67
34 55 43 56
31 47 53 63
21 67 27 69
37 23 56 59
36 7 48 11
37 45 56 65
58 9 58 34
28 31 46 56
50 58 59 68
57 58 59 62
9 66 58 66
28 2 53 25
9 44 22 52
41 46 41 54
27 34 45 54
57 31 59 67
55 38 59 63
53 9 59 38
49 54 50 66
2 35 6 49
29 3 59 25
54 66 54 69
29 70 35 70
11 29 37 33
21 62 35 70
17 32 58 44
7 31 7 70
10 57 12 61
29 36 56 44
7 65 57 66
28 66 45 67
36 57 44 58
36 51 59 60
51 56 57 66
6 35 39 46
15 7 43 59
28 65 42 67
21 66 47 68
40 69 59 69
21 31 55 66
59 43 59 65
48 33 58 45
11 12 37 28
59 59 59 66
51 22 51 40
57 50 57 63
38 43 49 57
45 20 51 53
2 28 56 47
13 64 48 65
18 1 18 4
59 3 59 54
53 68 55 68
5 7 12 36
29 52 48 54
45 49 51 55
47 1 50 35
10 34 50 44
22 69 59 70
28 58 41 67
5 15 25 70
25 10 59 21
17 17 20 41
6 35 12 53
9 41 40 60
26 9 32 70
27 6 36 47
31 21 34 35
28 34 56 39
26 55 30 61
44 13 52 61
54 22 57 41
34 66 34 70
58 3 58 26
37 69 40 69
40 40 48 64
59 55 59 58
54 68 55 70
43 50 53 50
38 46 44 49
50 52 57 53
53 1 54 11
59 12 59 59
32 9 48 40
25 14 58 44
28 70 55 70
59 62 59 63
43 61 50 65
33 24 51 63
21 63 43 69
37 37 41 62
43 9 57 23
24 5 26 13
10 16 31 54
22 62 22 69
23 60 41 63
12 15 53 20
17 19 57 67
26 27 56 44
19 6 31 57
51 46 56 55
32 22 54 37
38 22 41 38
59 20 59 48
25 57 53 59
52 49 58 52
27 57 28 63
26 9 49 29
52 19 52 42
42 58 48 62
20 27 39 66
55 5 55 66
6 52 18 68
40 23 57 30
20 32 35 60
13 21 27 58
52 17 54 61
36 31 57 38
6 54 31 66
54 4 55 11
2 29 28 49
47 59 56 67
56 63 56 66
18 2 49 64
22 20 53 62
53 48 56 69
3 52 46 57
29 2 33 47
44 9 45 19
19 58 32 66
38 53 45 69
47 40 57 54
57 31 57 52
18 8 25 11
33 54 49 59
53 57 54 63
28 68 33 69
13 68 28 69
18 33 51 49
56 6 58 28
3 25 13 61
32 50 46 52
56 39 57 67
27 65 48 68
10 24 48 47
20 56 48 65
53 59 56 63
39 41 47 58
54 32 58 43
22 33 42 65
49 2 59 70
14 58 16 70
20 22 22 38
53 11 56 60
1 48 58 67
26 19 58 52
19 58 56 60
32 26 50 43
58 1 58 19
55 65 57 69
44 45 56 61
28 47 31 48
52 30 55 39
31 62 52 66
40 33 45 37
33 69 57 70
45 62 53 64
18 19 40 31
38 21 53 44
51 60 52 65
49 49 54 54
11 35 36 53
48 44 50 64
22 53 36 61
55 46 58 68
29 36 33 51
46 26 47 68
52 55 59 59
51 56 58 70
7 3 37 33
12 58 26 61
50 42 56 50
39 51 52 67
19 21 35 32
54 49 55 56
58 12 58 59
15 34 59 65
32 54 50 54
9 51 58 56
28 16 32 47
48 38 58 63
24 42 29 53
14 59 29 59
33 33 37 44
49 65 58 69
11 36 30 44
14 54 23 61
7 32 54 64
23 50 40 65
42 29 58 35
6 30 21 59
36 34 43 46
13 38 45 57
30 46 43 57
52 32 57 39
58 3 59 31
31 17 58 30
1 62 27 67
15 25 23 51
18 17 34 39
41 51 43 69
7 13 9 47
18 35 28 44
11 13 32 43
47 21 51 25
51 27 51 64
16 30 47 59
54 24 54 45
25 64 34 70
54 13 57 42
43 65 58 65
24 16 27 33
47 27 55 34
20 38 26 69
16 11 19 19
45 6 49 17
46 15 49 40
55 34 58 40
32 36 53 68
51 61 55 68
20 24 25 40
45 52 54 59
14 41 32 70
8 11 49 56
3 14 4 60
28 9 30 64
45 25 46 31
7 7 15 65
47 32 48 49
24 23 27 57
56 63 56 66
11 8 44 49
11 47 18 64
7 33 13 45
43 49 49 62
59 68 59 69
39 63 43 70
7 68 18 70
46 21 57 38
58 18 58 42
6 57 31 58
37 6 45 53
42 52 49 55
13 61 30 64
41 4 56 51
39 59 44 61
35 33 59 45
55 21 57 59
12 34 47 36
38 64 50 67
12 33 31 42
37 20 42 52
43 63 49 69
7 54 55 56
22 62 34 70
20 37 35 65
48 62 55 69
58 40 59 62
28 61 43 68
29 23 43 59
57 55 58 62
13 70 42 70
8 53 57 64
46 19 56 32
13 10 45 51
55 23 55 46
18 46 29 69
33 49 53 49
1 41 52 52
31 60 31 64
43 44 52 70
52 49 52 56
3 53 9 54
55 67 57 67
21 44 44 66
49 3 51 16
23 54 25 58
33 3 42 58
38 39 51 47
25 43 53 54
19 21 47 45
47 40 49 42
21 52 44 68
52 31 58 64
34 41 41 44
52 9 58 60
3 31 6 60
43 33 59 63
53 61 55 66
37 43 42 64
41 18 45 57
16 1 24 23
44 53 56 54
33 62 35 70
34 47 40 66
17 47 29 60
48 63 51 67
40 10 44 44
46 56 47 65
52 45 54 50
50 13 59 27
9 2 20 44
6 69 24 70
31 61 32 70
20 19 22 63
40 18 50 65
10 60 42 69
59 55 59 64
5 51 6 54
40 54 56 70
4 5 5 63
36 26 40 67
19 48 45 67
20 36 48 61
39 18 51 64
3 35 54 53
8 61 48 62
1 29 50 30
39 40 47 48
15 20 44 39
10 17 20 54
39 68 59 69
15 24 52 56
23 20 45 43
32 36 58 55
26 69 46 69
21 67 30 68
24 24 38 48
6 5 41 14
21 70 45 70
46 11 55 53
57 50 58 60
58 10 58 10
25 53 55 69
55 50 59 63
50 25 50 43
40 28 43 60
31 9 52 40
47 17 52 38
24 21 52 66
31 4 56 7
12 32 49 62
58 41 58 54
39 57 48 63
22 50 25 70
18 14 51 19
42 55 44 57
8 2 49 49
14 55 43 59
9 42 36 48
45 55 53 66
10 2 45 5
42 15 42 56
36 60 59 65
2 25 25 49
46 36 57 60
50 5 54 23
53 13 54 38
3 57 46 60
27 11 41 57
1 8 26 45
14 40 46 46
8 33 53 65
31 35 53 50
53 38 57 43
38 31 47 65
24 5 59 33
1 16 54 59
9 60 39 60
35 29 45 61
59 51 59 68
18 19 47 44
36 45 42 49
5 43 37 53
2 55 21 62
23 67 35 69
33 11 43 26
44 20 45 70
5 21 48 33
51 3 58 59
12 17 35 53
12 66 38 66
18 42 49 54
17 64 25 66
31 44 59 52
58 67 58 70
2 67 32 68
23 40 58 55
43 42 51 50
29 18 36 28
38 55 56 64
2 9 44 26
5 37 44 62
3 50 44 50
24 28 41 69
20 40 26 43
49 48 51 65
40 26 51 70
23 18 47 63
33 10 42 23
1 42 27 46
13 12 20 15
54 14 55 59
31 37 43 56
20 60 46 70
33 22 38 55
14 31 39 46
42 64 59 69
40 2 40 57
41 62 55 64
36 52 40 70
46 16 46 47
34 2 48 25
24 20 41 60
43 7 53 55
27 45 49 50
19 70 33 70
1 62 19 64
12 15 21 39
15 70 21 70
31 69 50 69
17 62 23 66
39 53 54 60
21 52 40 60
40 11 41 27
31 66 59 69
59 21 59 68
50 9 53 66
17 6 17 31
42 2 56 19
40 34 51 58
28 52 36 58
15 62 45 62
14 53 21 55
49 68 57 70
14 26 58 54
50 62 55 70
58 16 58 36
27 3 57 50
7 1 48 44
54 16 59 48
39 10 44 38
43 4 54 70
41 7 52 65
16 20 41 26
41 59 58 63
11 51 11 60
9 11 37 36
17 16 41 55
43 39 53 44
52 66 56 69
54 56 57 56
47 5 54 55
56 33 57 64
32 27 53 67
8 43 30 51
18 12 21 70
21 60 47 67
1 61 14 69
29 20 34 24
53 48 59 57
25 65 47 66
4 33 10 56
58 55 58 63
10 33 22 63
47 44 49 61
51 69 51 70
14 28 34 54
21 69 24 69
33 35 33 61
7 19 16 30
51 27 56 69
11 11 53 65
33 14 55 65
11 65 16 68
53 30 57 59
20 46 50 55
9 57 21 66
56 60 56 66
5 67 17 67
2 48 46 58
19 22 58 37
51 22 59 65
9 2 53 46
23 12 26 52
48 2 52 43
45 55 52 65
34 53 35 69
35 9 58 15
39 48 51 58
1 40 21 62
25 46 40 56
15 59 46 59
34 47 47 66
35 32 35 70
48 69 48 69
15 27 38 27
4 43 18 58
49 61 49 63
58 52 59 59
12 64 35 67
46 17 52 44
21 52 54 66
49 68 55 69
33 68 39 69
6 10 26 56
15 7 16 17
26 4 56 65
34 2 41 32
19 30 57 33
38 35 57 46
19 70 33 70
47 43 54 43
47 49 50 61
20 69 41 69
10 29 43 57
38 1 58 28
9 8 33 14
36 37 44 45
19 50 56 57
52 26 59 66
18 60 35 62
25 18 59 70
40 67 40 69
28 61 45 65
13 21 23 44
4 5 26 30
9 15 44 22
13 47 44 47
59 70 59 70
41 36 45 67
44 16 47 53
5 67 20 68
7 34 50 61
21 40 26 52
16 33 23 66
28 36 30 70
14 19 58 55
24 48 55 61
14 25 38 54
3 58 30 60
36 64 56 69
17 6 39 51
46 28 51 65
54 5 55 7
13 8 21 69
21 29 23 49
22 45 44 55
52 14 56 47
42 33 48 58
25 51 59 61
25 17 43 26
3 4 4 33
22 44 57 63
15 9 26 14
18 62 49 66
27 53 38 64
41 56 55 65
16 38 45 60
41 52 57 64
20 70 26 70
58 63 58 64
53 52 54 54
28 28 38 55
42 38 57 55
35 56 47 67
55 34 57 41
54 4 54 69
45 35 50 49
38 7 50 58
25 37 45 65
33 64 45 69
38 7 59 21
34 49 59 66
31 37 45 66
17 30 38 49
13 25 53 65
29 17 36 25
35 68 57 69
5 13 15 35
54 39 56 40
42 63 56 65
53 21 56 49
50 43 58 45
59 61 59 65
39 12 53 26
53 47 54 56
56 59 59 59
45 9 47 20
47 20 55 25
56 31 59 51
59 36 59 70
35 58 48 66
41 38 45 56
20 28 36 33
52 33 56 52
6 20 29 58
43 61 57 66
40 22 43 59
30 24 47 56
4 32 48 70
52 37 58 42
14 43 43 52
7 37 14 40
25 47 26 64
3 47 25 47
23 40 49 46
21 63 50 65
43 18 48 45
26 60 26 68
10 60 42 63
30 51 41 61
17 47 56 56
56 70 59 70
43 11 53 61
53 14 55 58
13 54 47 67
18 10 44 64
6 18 6 62
10 16 32 37
54 11 54 30
31 51 47 67
26 60 37 62
5 58 34 59
31 38 56 67
48 31 55 49
42 53 47 63
26 29 47 46
55 3 59 24
20 24 29 45
15 54 47 61
48 15 58 57
41 28 58 56
35 21 37 46
40 10 57 15
16 6 52 17
2 29 11 48
26 49 30 59
16 49 26 61
7 17 56 29
5 28 27 41
14 51 54 52
17 5 35 37
44 57 57 59
3 34 7 57
51 42 53 56
33 47 47 55
23 69 45 70
41 54 52 59
7 36 59 58
10 14 51 43
17 37 52 61
6 32 49 56
45 25 53 51
14 27 41 69
47 34 49 42
52 3 55 56
43 60 51 69
5 63 56 64
11 35 18 48
41 6 45 11
11 60 42 69
37 64 59 70
41 52 51 61
13 45 15 52
45 43 52 46
30 26 55 42
38 4 56 47
20 39 44 59
38 26 49 70
45 70 58 70
51 35 56 56
16 14 54 19
48 24 55 57
57 45 58 48
30 29 38 65
19 9 57 62
6 51 35 59
45 37 53 70
26 21 50 56
23 33 41 44
42 16 54 63
5 27 7 29
45 19 46 56
32 24 56 39
44 41 58 52
22 8 36 28
36 35 43 58
44 23 49 24
4 39 33 67
9 10 20 23
54 17 59 28
54 39 57 45
24 1 44 44
29 58 43 61
37 34 53 43
54 56 55 66
37 51 39 69
25 31 58 51
14 9 57 15
9 69 40 69
59 12 59 13
43 53 54 67
54 25 59 58
15 69 16 69
11 59 42 65
39 24 43 54
46 44 58 62
23 26 32 26
49 52 54 64
36 23 56 54
15 24 28 34
47 26 49 50
39 30 48 52
44 31 47 33
42 44 46 50
42 42 49 47
40 62 50 63
13 39 28 39
52 27 55 63
1 25 27 68
18 32 58 64
54 46 55 48
19 25 50 62
13 36 14 51
27 7 57 35
42 32 50 35
6 33 34 57
9 47 54 50
42 15 51 17
26 41 34 61
35 68 49 70
36 32 50 45
34 57 34 70
49 36 54 42
31 28 51 48
28 35 53 66
41 46 55 47
14 32 55 46
6 64 27 69
38 63 51 67
37 12 42 42
1 25 8 50
15 39 21 47
11 28 58 70
37 29 44 29
11 6 48 8
16 31 34 50
53 36 59 59
46 14 55 14
12 56 54 57
49 51 52 65
3 48 34 61
30 49 51 68
54 3 58 52
53 35 54 52
8 68 51 68
42 60 55 63
18 46 57 61
42 10 49 13
54 65 55 67
59 25 59 57
47 16 55 59
29 19 34 51
41 60 58 65
22 1 51 2
26 31 57 69
58 28 59 67
34 43 46 52
18 39 22 47
27 2 35 18
19 40 50 69
52 9 59 19
48 61 58 68
47 53 59 70
48 15 55 36
42 41 47 61
12 53 45 68
48 25 51 28
33 22 33 38
55 38 59 66
23 47 54 68
47 57 58 67
32 66 59 70
22 70 42 70
33 61 38 61
10 43 43 45
41 12 43 37
28 35 31 61
52 16 53 16
29 44 49 68
39 38 58 44
9 12 42 59
40 3 59 9
1 38 23 66
43 46 57 60
7 10 28 17
29 31 30 48
49 30 55 31
11 36 14 36
16 53 44 54
11 23 53 68
39 7 39 56
1 4 11 29
36 30 57 57
49 43 57 60
5 57 13 62
28 22 38 43
45 24 49 42
26 17 37 42
18 15 37 43
35 11 40 52
27 57 43 67
16 1 57 35
42 34 55 44
44 52 59 66
28 40 31 57
16 8 34 18
55 36 55 67
25 30 35 49
44 48 48 49
26 11 51 27
3 24 22 66
29 59 55 64
21 37 44 62
26 3 52 32
1 25 34 54
52 25 53 43
50 28 56 47
57 14 58 27
2 69 18 70
44 65 51 70
49 50 55 55
50 10 53 55
30 55 46 59
51 26 52 59
20 5 35 59
22 10 43 39
38 58 47 64
46 55 51 65
47 21 52 68
38 57 43 66
15 48 16 63
21 25 36 55
26 55 32 65
19 18 38 28
29 31 37 42
1 58 43 64
39 28 39 29
3 21 8 62
20 32 34 69
9 64 52 68
27 5 31 46
22 34 27 51
4 8 5 21
55 60 57 68
56 3 56 11
29 51 42 52
6 11 40 39
12 59 29 70
54 46 57 50
32 26 35 31
36 42 36 62
34 69 45 69
25 44 59 68
21 37 59 65
46 6 52 35
32 15 36 25
4 50 17 58
34 38 45 69
25 20 41 70
37 13 45 37
34 35 39 39
44 69 47 69
31 56 59 62
11 36 22 40
24 27 35 54
53 62 58 64
8 66 28 68
22 55 25 55
20 63 38 69
39 48 40 51
18 38 39 62
49 12 52 21
55 38 58 50
42 12 52 19
40 42 41 67
57 46 58 53
11 10 41 33
21 49 50 68
38 50 52 67
45 42 47 69
1 23 13 29
46 51 48 67
14 7 32 24
28 31 35 53
22 38 31 70
55 70 58 70
55 12 59 61
41 37 52 37
53 23 56 34
58 47 59 61
51 42 54 61
5 4 45 7
40 18 42 26
9 5 49 43
13 47 25 64
46 7 47 61
40 7 54 64
22 10 39 61
12 65 38 70
46 65 47 66
3 51 53 53
38 45 57 48
16 37 40 55
7 2 59 20
33 60 33 67
32 1 52 49
27 56 35 69
5 55 34 60
12 25 37 65
50 35 58 56
16 63 25 63
41 31 45 52
47 63 59 64
32 39 40 49
51 68 58 68
43 22 46 51
2 23 44 50
54 19 58 31
19 45 21 59
30 35 43 65
23 11 29 70
54 4 58 49
32 6 49 58
21 13 58 20
41 51 46 57
45 45 46 67
23 9 25 10
24 12 39 57
54 45 55 54
20 15 39 66
10 24 34 29
58 45 59 48
30 47 59 49
43 50 58 57
59 57 59 64
7 4 41 50
51 47 53 50
55 39 57 56
40 56 55 63
55 16 58 36
18 55 52 58
38 32 47 46
24 31 27 54
34 52 57 70
47 53 52 58
31 36 35 56
6 29 59 60
14 52 16 52
13 49 54 62
35 48 39 48
55 7 55 16
1 69 40 69
39 6 45 22
49 56 58 60
27 26 53 49
15 41 27 57
35 39 56 40
46 29 46 67
27 18 43 68
5 3 46 43
9 42 28 54
50 37 56 66
36 19 55 26
27 38 28 59
7 20 23 49
56 1 58 31
11 70 50 70
2 61 54 68
37 36 44 58
57 18 57 67
51 36 56 56
13 52 19 62
6 18 59 33
52 58 53 59
11 44 14 61
29 1 38 44
11 55 30 60
44 2 50 41
56 2 57 69
36 6 48 65
30 9 35 38
30 23 53 52
52 38 52 39
56 9 58 51
6 17 9 30
27 51 47 51
49 54 49 60
49 68 53 68
24 30 51 42
43 47 56 50
26 52 42 52
10 20 46 29
18 32 25 62
16 34 57 42
41 22 57 40
22 16 55 45
32 22 45 62
47 24 50 65
10 24 25 68
51 63 52 68
11 39 23 67
34 13 43 66
57 12 58 65
44 1 49 51
42 55 59 64
25 46 48 51
59 8 59 23
57 36 58 49
17 11 51 31
3 42 53 42
2 17 38 66
52 57 58 67
59 66 59 66
45 28 56 37
24 14 51 55
5 53 26 59
36 56 44 69
2 59 41 70
52 50 57 52
13 49 29 66
58 57 58 58
16 43 23 60
21 19 40 21
49 22 57 64
53 54 58 57
31 36 59 66
1 63 29 64
58 68 59 68
19 16 22 35
39 13 39 55
37 19 58 24
22 57 43 60
11 30 38 42
57 35 59 67
32 32 41 52
12 60 18 62
24 28 44 40
35 40 43 69
58 67 59 69
33 36 38 42
23 4 39 61
45 49 55 68
4 55 18 64
45 19 53 22
19 44 51 47
53 49 59 58
6 32 7 58
51 54 51 65
21 7 37 61
25 12 58 36
56 60 58 63
27 43 30 48
38 27 43 45
8 57 25 58
16 68 41 68
44 21 56 64
39 70 50 70
25 57 49 57
35 15 48 38
57 57 58 65
2 25 48 29
58 36 59 49
1 55 17 66
12 57 45 64
47 50 52 54
25 48 25 58
5 34 52 59
15 66 59 68
22 66 38 70
13 18 57 68
7 69 25 69
55 15 55 45
55 30 55 46
41 9 55 36
30 6 54 37
10 41 50 66
42 40 58 43
31 32 54 50
9 9 31 56
10 56 34 70
2 27 22 45
39 28 41 55
54 6 56 70
42 70 53 70
21 18 59 46
19 13 53 70
42 38 49 70
24 52 42 67
37 42 42 61
15 1 22 27
47 48 56 48
48 15 59 21
40 55 57 61
13 69 15 70
27 20 51 31
21 5 42 32
3 19 26 27
54 56 58 69
1 52 40 64
53 47 54 54
45 31 46 56
36 18 46 36
49 12 56 36
35 20 49 46
9 40 12 50
16 40 21 69
18 45 51 50
43 6 57 70
20 36 32 47
43 53 49 55
9 51 51 65
42 22 42 26
6 10 40 58
36 69 55 70
23 20 28 35
3 67 7 69
1 41 26 54
32 33 33 63
40 45 53 46
28 57 39 66
51 13 52 39
21 21 48 63
4 49 50 68
31 63 51 66
46 37 47 49
9 68 29 68
47 2 50 66
29 40 49 40
37 70 42 70
17 23 40 67
59 11 59 39
52 62 53 63
28 30 31 41
10 60 46 60
17 8 26 10
37 25 56 47
23 42 53 49
27 66 38 67
50 50 51 59
33 68 49 68
13 23 57 53
52 8 57 16
18 8 40 18
34 18 43 63
31 65 50 69
44 66 46 69
33 40 49 66
53 54 57 59
31 24 32 68
40 36 59 49
25 49 29 51
49 60 50 63
41 9 42 29
45 8 59 13
29 14 30 65
9 6 11 66
33 17 34 42
8 65 21 68
48 25 55 70
5 54 9 64
25 5 28 25
8 37 34 44
16 59 47 59
59 12 59 28
18 40 30 64
10 40 32 52
11 21 17 40
6 6 45 55
17 2 43 52
30 19 30 19
41 17 41 20
9 10 46 33
27 1 28 21
25 39 53 53
6 44 29 49
56 64 57 65
32 58 50 65
29 22 39 29
26 60 44 69
29 30 35 60
13 18 51 38
11 46 58 60
43 56 57 68
51 1 57 26
35 57 37 59
27 10 54 68
52 7 59 42
23 24 36 37
41 44 47 58
46 20 50 22
58 45 58 45
12 56 15 57
21 2 49 50
14 8 29 13
5 21 53 53
39 39 51 42
48 29 53 49
37 28 39 59
47 34 58 46
11 6 55 49
55 35 58 37
17 17 31 21
15 50 33 64
32 1 54 40
23 55 45 69
10 59 37 61
10 31 52 51
40 56 42 56
22 5 54 34
29 5 49 40
21 10 23 37
36 7 57 63
33 45 36 57
3 4 39 49
55 30 57 57
48 19 56 47
41 63 56 68
32 37 58 42
36 56 41 63
17 48 46 49
59 38 59 56
29 70 53 70
47 5 56 65
47 26 55 35
23 70 41 70
49 63 55 63
42 25 53 27
15 8 30 42
14 46 25 51
14 62 40 70
43 46 53 59
18 51 42 54
16 31 56 65
17 45 17 47
41 67 50 70
49 39 55 47
59 44 59 64
14 60 35 63
10 5 58 55
58 11 58 69
14 67 18 69
52 19 53 45
40 48 42 62
33 22 53 29
5 38 35 65
1 30 39 52
59 49 59 66
21 66 47 69
46 37 52 68
11 51 19 56
49 41 52 44
30 39 45 48
32 38 41 55
27 49 41 70
55 18 56 28
54 16 54 51
3 17 11 54
5 19 36 48
53 29 54 54
26 26 47 32
28 50 34 61
47 6 49 40
53 55 54 57
3 48 25 50
45 1 46 18
20 20 34 65
47 34 55 61
38 69 54 69
26 14 46 59
38 31 48 51
4 4 21 41
54 55 58 59
37 10 48 23
10 6 33 20
56 66 56 66
17 22 28 26
59 60 59 66
53 36 53 56
35 29 55 70
41 61 45 69
17 40 39 67
47 38 58 45
55 4 56 5
14 3 43 50
11 69 43 70
32 10 38 41
19 2 39 32
1 50 16 55
7 36 14 48
44 40 56 57
38 43 58 66
48 11 50 57
30 57 32 66
38 36 43 56
57 31 58 68
26 39 39 56
21 57 43 60
48 58 49 67
4 49 53 63
24 10 32 54
51 60 51 63
18 50 19 55
57 32 58 61
28 47 55 57
42 33 58 64
9 26 49 63
37 52 58 59
46 53 58 60
27 43 48 62
26 52 28 53
30 54 50 59
27 64 44 67
39 12 54 62
36 60 40 65
48 61 52 65
43 51 45 63
52 53 56 54
38 45 41 61
48 27 51 49
25 1 55 49
21 39 24 42
23 62 26 64
27 41 28 64
58 10 59 31
10 44 45 70
34 10 35 46
10 64 15 69
59 62 59 68
7 65 19 65
19 31 31 42
48 54 49 67
29 6 31 6
12 39 53 54
46 31 58 48
16 32 31 49
53 41 56 49
24 16 40 66
21 59 31 59
23 62 43 63
35 54 44 59
14 8 42 60
6 42 11 64
48 59 52 65
28 45 34 65
47 4 48 69
45 2 46 12
28 12 51 20
1 24 40 37
7 51 20 62
31 4 54 35
40 65 52 70
26 19 33 67
55 42 55 49
33 59 55 64
44 21 59 42
34 24 56 25
17 19 17 64
2 38 27 46
32 28 47 57
52 61 52 62
28 62 48 64
3 13 17 66
27 33 44 45
22 8 48 68
7 13 45 70
39 34 50 44
52 15 54 40
39 67 48 69
16 57 46 65
15 16 33 44
27 6 44 40
20 60 40 62
20 56 26 58
32 48 55 58
59 7 59 69
18 16 41 63
21 18 36 59
14 69 45 69
54 13 55 49
24 14 42 52
13 58 49 70
40 29 59 67
15 34 51 60
21 39 49 43
59 2 59 2
52 23 54 61
17 65 39 70
59 67 59 69
21 67 34 70
47 35 54 60
54 23 59 43
44 19 47 43
58 56 59 64
34 40 59 69
6 12 42 24
52 67 58 69
21 1 53 8
4 63 43 70
14 19 20 68
20 28 44 39
56 11 57 12
34 12 40 67
11 28 47 42
39 9 44 52
30 37 55 42
20 28 33 42
19 66 40 68
16 48 53 59
58 8 59 26
35 1 50 37
4 52 27 66
10 52 44 69
48 50 53 57
17 12 48 27
20 4 29 23
17 9 19 9
59 35 59 65
57 68 59 69
4 7 29 50
49 32 53 56
38 20 55 37
20 31 44 47
25 69 35 69
54 48 57 63
47 12 56 47
21 32 56 50
14 1 26 67
57 13 58 64
50 59 56 64
29 10 41 67
13 4 29 35
26 52 49 66
14 52 25 68
47 33 50 42
36 63 54 69
46 38 47 59
37 30 59 59
30 36 35 69
59 36 59 50
3 23 54 48
41 53 55 60
47 60 57 65
8 61 26 65
7 9 34 51
18 64 59 70
19 35 34 48
55 67 57 70
9 7 24 39
48 52 49 69
35 67 49 68
51 9 59 26
26 56 52 64
47 13 50 66
16 25 32 29
21 38 45 51
34 11 38 65
54 60 57 66
32 62 35 67
44 26 50 33
38 31 52 40
25 14 54 57
40 45 49 63
31 50 41 52
34 56 39 58
12 43 21 57
13 23 21 44
21 3 27 23
6 54 20 54
47 15 48 42
43 50 55 69
15 47 28 50
17 10 17 56
24 63 49 65
25 16 53 53
14 50 40 65
53 37 59 43
40 4 40 20
25 26 32 36
51 19 57 23
18 3 31 3
20 9 29 51
30 45 57 67
12 1 32 19
34 15 47 68
1 37 35 37
13 53 50 59
26 40 36 60
54 60 58 67
52 18 52 62
6 59 29 69
51 19 58 61
51 60 53 68
15 42 29 52
15 56 37 65
33 7 48 14
3 56 31 67
4 24 43 45
25 68 34 68
29 41 29 69
46 57 47 67
1 49 40 49
7 58 34 62
21 5 49 61
25 39 57 66
3 43 56 55
40 45 44 68
57 31 57 51
25 49 48 66
20 25 22 57
30 49 48 64
50 13 56 45
5 58 8 65
18 4 29 52
11 26 14 60
45 3 55 53
55 54 59 65
19 34 20 36
37 17 43 19
8 27 44 40
55 15 56 23
27 35 59 37
34 47 58 67
8 32 47 65
42 16 52 19
48 24 50 70
40 55 47 65
11 37 39 43
31 70 50 70
59 19 59 22
42 44 57 67
19 19 39 27
36 18 58 69
42 36 43 44
49 48 57 64
50 2 57 26
43 20 59 70
36 33 55 48
17 51 57 58
19 14 28 16
50 32 50 44
41 61 50 63
54 26 56 57
34 32 41 35
13 52 44 70
2 38 35 43
52 52 54 59
20 47 43 57
43 24 55 50
18 51 33 63
48 7 56 14
31 48 35 53
3 34 34 60
16 1 39 69
35 42 40 53
6 43 43 46
10 12 38 27
51 35 51 65
54 50 59 64
15 64 41 69
53 26 54 57
8 13 11 43
8 67 42 69
38 19 56 41
36 16 53 50
43 69 56 69
59 12 59 64
54 68 54 68
5 52 56 53
26 47 57 62
30 59 43 66
12 27 31 44
24 6 42 13
57 33 57 65
38 39 47 55
19 4 44 11
52 22 52 32
12 45 49 51
3 69 5 69
25 31 35 69
58 37 58 60
1 21 39 48
9 21 54 36
37 48 44 53
6 14 52 52
53 1 53 34
14 52 33 70
25 28 42 67
38 47 58 70
49 49 53 55
48 63 58 70
25 68 37 68
37 55 44 59
28 46 53 70
16 26 38 28
55 25 58 59
44 55 44 61
55 23 56 30
48 43 58 59
44 67 50 68
7 55 20 58
9 52 25 70
36 22 50 23
46 14 51 64
40 60 42 67
46 10 47 47
52 40 54 54
54 55 58 69
32 32 51 59
25 10 26 51
54 1 57 52
42 41 59 59
7 8 52 59
50 46 54 65
35 19 47 30
12 19 34 67
57 53 57 59
45 63 45 68
39 7 42 70
12 67 44 68
1 53 3 59
44 49 49 65
52 20 59 63
23 9 50 43
53 45 53 65
5 31 24 68
55 58 58 59
12 11 26 40
20 38 31 43
30 46 51 60
3 13 13 19
34 31 48 64
58 4 59 19
20 60 53 61
8 34 51 55
11 7 13 30
59 1 59 4
13 36 22 36
21 12 52 32
43 17 50 52
3 40 5 67
18 59 30 68
20 60 59 67
1 69 47 69
24 9 32 41
5 21 21 68
6 57 25 64
37 61 44 68
43 46 51 50
9 69 44 70
30 31 33 68
28 58 48 60
33 39 55 40
31 70 57 70
6 48 26 50
47 43 58 66
7 53 29 57
37 44 37 47
36 39 42 51
44 31 44 34
47 14 54 26
29 47 42 49
57 19 58 23
14 40 36 60
43 35 54 60
51 56 55 67
42 47 52 59
57 54 58 66
5 65 26 66
57 62 58 70
41 51 49 59
31 28 39 62
22 62 48 65
6 52 6 67
16 59 33 60
47 31 48 57
48 43 53 55
46 6 57 19
46 69 51 69
21 68 36 70
36 69 50 69
13 28 14 64
24 37 49 55
23 4 37 67
31 4 51 17
31 56 55 59
29 9 57 26
46 11 58 26
6 69 38 69
39 45 41 49
15 29 25 54
53 67 59 68
41 39 58 66
13 33 54 52
45 67 51 69
25 1 53 25
1 42 49 69
4 32 55 37
38 7 54 31
7 18 11 36
9 45 21 55
52 41 59 50
14 50 36 50
7 34 37 39
19 29 31 55
36 18 42 52
24 57 31 69
56 5 59 59
3 14 35 17
58 16 58 16
26 21 59 39
51 34 53 34
28 60 46 63
18 42 30 66
42 52 46 61
48 69 57 69
36 56 57 62
42 60 46 68
50 26 59 38
41 56 43 57
5 61 56 69
48 69 49 70
44 68 53 70
50 65 54 68
23 48 33 61
39 30 44 66
51 25 51 58
52 55 58 69
53 35 56 50
5 12 58 33
9 54 21 60
39 7 48 67
59 66 59 69
14 49 21 50
11 23 13 29
34 61 58 70
49 55 54 67
38 69 46 70
30 20 42 63
17 25 59 52
25 13 55 44
29 27 40 58
26 13 40 69
1 47 15 49
37 8 45 66
37 34 48 55
26 56 39 69
19 14 59 23
31 48 57 48
29 38 59 39
21 7 23 38
4 40 40 66
58 15 59 17
33 38 35 40
42 67 53 69
14 25 14 34
10 62 21 70
58 69 59 70
24 51 49 60
59 64 59 67
9 23 12 41
31 41 51 44
34 16 44 23
28 18 49 19
37 50 39 67
10 21 27 60
6 24 52 58
14 45 17 60
37 69 42 69
52 14 54 51
33 62 58 70
27 46 52 65
51 59 54 67
54 2 57 60
36 23 54 45
23 19 23 67
2 41 21 58
8 62 30 63
28 5 54 55
31 59 53 68
39 25 49 46
32 7 51 39
45 50 50 69
54 25 54 66
40 64 50 65
59 39 59 59
28 45 32 58
2 9 47 20
43 37 49 37
40 10 46 34
19 17 39 56
47 2 57 64
16 68 50 69
27 9 38 67
28 16 58 48
56 59 59 60
10 38 10 44
32 3 44 12
59 53 59 60
33 30 59 63
39 45 42 51
42 63 48 65
41 55 47 65
35 46 39 52
34 6 37 13
2 46 48 61
11 22 54 28
13 50 56 51
17 14 54 66
56 34 59 53
5 59 43 60
23 38 25 67
38 47 45 58
59 65 59 65
41 53 58 53
7 35 19 51
57 18 58 43
21 30 57 42
29 10 57 11
22 33 40 60
13 6 58 62
26 42 39 58
58 29 58 52
58 53 59 68
15 27 43 51
18 9 25 31
42 9 49 54
29 36 34 57
35 62 46 68
44 42 50 69
59 4 59 68
30 58 30 68
8 65 32 69
45 32 51 45
47 51 52 66
49 44 57 67
25 1 42 22
45 45 49 55
38 64 42 68
40 43 55 68
2 9 56 22
9 61 52 63
14 2 37 30
10 45 38 68
14 59 15 65
57 67 57 68
29 14 37 23
29 2 48 22
4 22 31 38
40 29 58 60
2 46 40 64
23 29 57 69
51 70 57 70
4 65 23 69
7 49 51 67
19 1 48 13
48 24 53 43
7 51 59 56
44 15 48 48
57 65 59 66
27 9 29 47
57 70 58 70
4 45 56 48
12 2 37 33
40 46 50 58
9 20 28 69
43 62 46 66
1 12 56 52
17 11 29 22
2 36 47 40
14 60 33 70
43 37 52 58
15 24 23 58
29 27 50 69
51 40 59 45
10 32 29 41
53 3 57 17
7 8 8 25
55 61 59 67
34 18 35 43
24 42 27 53
44 7 52 57
29 51 34 58
48 67 49 67
55 25 58 43
13 70 59 70
23 47 54 67
12 20 29 27
28 53 58 67
5 49 8 58
8 28 53 42
9 52 52 66
35 69 53 70
44 28 49 58
26 28 57 64
16 13 46 17
20 58 49 69
4 47 46 69
22 13 59 25
56 8 59 31
32 18 44 24
47 26 52 43
45 12 51 43
14 52 30 65
10 69 15 70
18 5 44 52
2 28 30 28
7 15 8 52
34 38 59 54
39 54 50 54
25 32 44 69
41 21 47 33
3 42 45 62
24 60 50 66
8 23 35 45
27 25 54 39
43 20 47 42
50 70 58 70
33 19 54 21
51 40 58 63
16 66 28 69
59 59 59 68
12 60 37 62
47 37 58 66
20 15 34 24
29 15 54 44
48 7 58 49
19 11 26 38
10 18 57 44
22 54 32 60
39 45 55 62
52 4 58 6
33 7 51 27
19 63 24 64
25 22 51 24
5 28 31 65
45 33 53 57
3 29 4 34
42 25 57 53
33 10 35 68
22 54 31 56
5 16 20 62
41 21 43 48
43 27 49 37
8 40 44 58
56 3 56 38
31 62 47 63
29 53 44 59
21 68 33 70
9 55 15 69
12 63 55 67
4 27 8 48
51 40 54 55
44 16 48 19
48 35 54 69
12 52 51 58
32 20 58 30
41 49 57 66
14 8 27 42
38 50 56 69
6 40 46 69
13 29 56 38
47 64 48 64
38 60 38 65
10 27 46 50
26 16 31 22
45 50 46 69
35 61 43 67
44 30 58 33
44 33 45 36
10 7 54 15
36 19 56 42
55 32 56 48
13 11 28 32
1 24 34 38
45 3 49 64
51 45 52 49
16 14 42 44
37 41 50 48
51 21 56 43
25 45 29 50
57 58 59 69
41 47 44 56
41 12 56 33
16 15 23 70
46 8 55 24
20 49 43 53
40 5 49 15
3 64 47 70
26 25 42 33
47 35 49 39
14 60 58 62
38 46 38 48
47 58 53 66
49 48 55 57
10 32 51 44
5 46 36 67
15 67 39 67
49 22 51 39
25 41 54 48
7 41 24 57
31 43 31 63
24 66 29 66
14 42 26 63
53 57 54 63
57 53 58 66
48 37 58 42
35 32 39 56
6 23 33 49
37 15 47 19
29 23 50 47
41 65 59 65
53 64 55 68
20 42 22 69
56 34 59 41
51 2 54 50
48 68 56 69
33 54 34 54
58 19 59 26
29 28 29 32
10 26 44 30
46 50 57 65
17 10 44 39
1 47 47 55
25 64 25 64
13 50 48 70
12 65 40 70
41 34 51 61
48 51 52 55
26 59 32 64
17 18 55 32
53 60 57 70
41 62 49 66
12 36 35 52
24 14 51 39
7 59 29 67
22 13 53 62
25 59 32 60
7 24 10 53
52 56 57 58
13 53 49 57
31 45 54 66
17 2 54 25
47 39 53 41
6 38 32 63
10 25 41 50
57 36 59 47
54 55 58 69
49 37 53 38
51 68 52 69
44 12 48 55
20 17 34 61
34 39 35 54
15 10 20 51
1 9 44 50
11 47 20 68
1 45 19 47
28 61 51 70
49 63 54 67
57 18 58 53
57 33 57 37
37 2 56 32
36 54 48 64
41 54 47 54
1 17 22 49
21 40 42 64
3 29 32 42
1 54 50 56
23 57 45 70
43 45 56 70
50 12 54 66
19 53 29 58
27 15 49 41
39 10 47 32
42 4 54 57
19 64 33 68
5 49 7 66
23 44 23 63
29 10 36 55
33 53 34 63
43 34 58 58
46 38 58 47
19 26 55 50
54 64 54 70
32 67 37 67
53 64 59 66
32 27 58 67
57 8 57 9
3 37 4 37
19 6 56 31
2 56 27 57
58 58 59 66
47 8 57 40
12 23 57 42
17 42 41 54
11 47 19 67
4 2 31 19
39 6 45 49
15 31 28 40
18 63 35 69
14 48 45 64
26 44 59 47
50 1 59 12
46 69 53 69
32 61 38 65
45 55 46 69
11 7 43 52
15 20 19 49
57 34 57 41
27 3 52 40
5 34 54 52
25 36 49 47
40 50 41 53
6 7 47 33
54 45 54 58
44 43 59 65
55 3 55 53
29 62 46 65
23 68 26 69
32 50 56 70
10 41 12 47
20 9 47 51
11 51 14 62
29 6 29 62
43 59 54 66
37 53 37 67
16 18 28 24
11 4 58 60
51 40 56 50
9 30 30 30
57 65 58 66
26 48 39 55
57 46 58 51
24 48 46 56
36 70 46 70
58 64 58 69
20 48 55 48
23 46 35 53
38 29 47 70
58 20 58 70
14 56 16 67
6 43 56 59
38 62 52 62
56 20 59 67
22 39 30 69
59 11 59 39
57 59 57 67
3 8 31 66
58 66 59 66
23 49 45 61
24 61 36 61
7 62 12 62
47 43 47 43
26 30 39 55
46 27 59 43
15 70 55 70
46 55 55 57
7 30 30 48
17 68 39 68
15 62 47 64
58 43 58 62
15 46 42 56
46 6 56 51
54 7 56 11
46 52 53 54
41 12 42 17
11 27 26 67
14 6 38 56
54 6 55 8
49 11 54 38
30 8 45 63
23 68 25 69
22 51 55 53
48 38 57 64
33 64 37 70
53 5 59 40
55 68 55 69
24 7 29 17
36 4 43 65
46 13 53 61
36 68 41 68
3 25 31 65
4 66 52 67
51 57 57 67
48 59 55 63
13 28 44 57
25 20 39 63
25 32 38 41
23 16 46 63
43 29 45 61
36 6 41 69
53 21 56 28
18 24 48 69
7 25 25 49
10 44 49 47
17 34 46 48
27 47 32 68
31 31 50 63
14 48 57 49
1 27 17 56
11 24 50 38
58 7 59 27
42 1 53 22
45 30 52 69
15 6 37 20
58 23 59 45
43 54 46 61
59 19 59 59
2 67 33 67
7 19 40 42
29 56 47 56
58 58 58 67
9 50 46 68
10 67 47 69
47 55 51 70
6 57 28 67
38 63 41 63
42 11 45 43
25 24 29 55
7 38 55 64
18 19 45 62
1 23 47 39
57 31 57 61
35 67 58 68
27 29 59 38
4 41 37 67
33 33 44 45
4 19 26 52
13 37 55 65
11 3 32 69
58 21 58 61
55 31 57 55
16 24 40 49
57 64 58 65
3 49 16 61
31 36 40 64
23 51 35 62
20 3 38 61
16 6 26 62
31 18 53 24
22 6 28 20
32 67 39 68
52 4 56 68
8 57 48 68
32 57 37 67
46 18 46 53
36 46 54 47
10 48 25 60
57 16 59 23
41 14 51 42
59 35 59 35
45 4 54 42
40 45 42 58
49 42 56 52
24 47 25 53
34 38 46 56
44 12 45 54
47 17 57 58
8 37 30 47
20 26 59 65
56 29 59 55
50 65 55 69
5 50 38 54
40 16 53 24
41 66 55 67
59 5 59 58
35 58 51 58
57 22 58 27
6 33 56 61
36 58 43 62
57 16 58 63
52 22 59 35
50 31 50 49
6 40 12 59
24 41 25 58
42 50 56 51
22 65 49 66
23 2 41 29
25 45 47 56
38 2 50 44
5 20 34 39
25 11 45 48
22 49 35 54
17 38 26 66
35 36 47 50
28 55 52 61
1 45 41 60
49 70 51 70
31 42 43 48
47 17 52 26
55 41 57 57
23 15 53 30
3 66 43 66
23 28 39 67
43 3 46 26
28 28 32 64
44 10 57 23
50 10 57 67
44 24 44 47
51 40 57 42
28 56 57 66
9 33 30 61
59 60 59 67
50 15 51 64
25 3 28 32
12 52 25 61
58 23 58 32
36 54 53 63
8 43 57 62
18 12 46 12
43 12 59 35
58 17 59 57
10 26 19 65
54 68 59 70
1 14 51 41
25 48 47 55
25 13 56 49
59 8 59 10
17 27 59 48
23 11 32 39
37 15 58 63
17 63 30 63
24 26 52 47
14 15 19 51
54 58 55 66
29 36 37 50
47 50 59 56
32 18 55 34
45 15 48 25
20 43 29 49
29 61 33 69
40 12 40 43
16 41 40 60
24 21 56 68
11 4 20 52
15 52 25 54
28 46 35 54
54 14 59 33
29 12 59 57
46 63 49 65
48 66 57 70
10 53 51 60
22 57 58 65
45 39 50 40
1 4 25 63
24 40 27 45
26 33 41 50
33 42 58 46
52 51 53 59
43 38 55 65
10 51 34 64
54 27 56 54
39 58 44 61
47 32 52 49
34 68 38 70
38 6 48 24
19 18 33 66
29 4 59 45
6 45 37 46
3 49 53 60
11 67 11 67
42 19 59 62
56 19 59 58
22 70 51 70
12 17 35 42
27 36 45 46
35 40 54 41
44 64 46 65
17 59 29 70
39 38 45 44
6 26 29 63
59 30 59 56
5 70 40 70
4 63 25 66
47 12 57 18
38 40 52 51
5 32 18 46
41 9 59 50
4 43 22 67
54 47 57 66
24 64 58 66
38 5 52 6
8 51 42 68
43 34 56 58
11 29 45 33
24 32 59 69
8 47 17 60
16 41 48 47
45 43 45 53
47 56 49 63
44 32 56 61
17 25 30 30
59 23 59 33
4 10 45 35
1 58 8 66
37 2 45 26
43 44 50 64
16 15 53 60
32 52 37 60
17 13 53 37
46 26 56 30
31 42 44 45
38 50 48 56
57 61 58 63
21 22 23 57
49 5 58 16
10 61 16 62
33 24 52 25
48 35 48 63
39 70 44 70
28 64 52 70
25 15 33 30
12 21 35 52
38 26 43 60
57 49 58 59
42 52 46 68
53 44 59 54
16 32 40 63
26 39 26 58
59 34 59 53
39 41 55 44
44 35 59 62
50 17 55 43
32 68 59 69
57 23 57 43
1 15 24 55
5 57 8 57
26 4 48 25
24 35 49 65
44 68 54 69
39 2 55 64
21 61 52 63
59 21 59 50
4 1 14 16
21 25 39 37
9 62 34 63
45 59 56 63
34 45 48 50
50 8 51 10
59 70 59 70
26 47 33 63
25 69 47 69
29 50 55 51
39 27 55 45
3 39 51 67
30 38 47 46
54 23 54 47
43 19 58 21
3 5 7 43
40 58 53 67
2 10 56 22
22 53 33 66
35 49 50 70
52 55 58 56
46 52 52 65
8 54 46 65
40 37 51 39
3 50 58 70
23 55 27 56
5 22 17 52
1 33 27 42
3 16 5 25
52 33 58 36
52 24 54 37
47 66 48 67
46 25 49 45
37 19 44 29
43 9 45 60
32 29 57 39
24 32 37 64
32 17 49 46
52 37 57 52
25 29 28 41
39 62 58 64
51 15 59 19
19 47 49 49
21 42 54 54
49 15 54 31
49 7 56 19
21 8 57 40
45 43 46 48
13 64 13 64
51 34 57 56
54 44 55 49
29 66 43 66
58 63 58 66
16 9 28 51
44 47 53 58
33 41 39 61
34 11 37 44
6 52 34 55
3 24 32 57
41 20 54 63
9 11 46 25
41 67 55 68
12 16 54 63
29 54 48 65
20 39 24 45
59 36 59 40
46 26 53 46
55 7 55 62
8 50 35 65
3 59 14 67
56 1 58 45
23 47 26 59
38 56 38 62
2 18 21 36
26 1 30 49
59 49 59 66
19 70 20 70
30 37 35 49
38 50 55 62
38 18 40 38
49 51 52 69
45 38 49 69
14 35 57 60
3 64 17 66
54 26 59 60
29 13 46 32
56 7 56 57
30 24 52 42
48 13 57 53
45 10 57 53
14 60 28 67
47 23 47 59
6 22 59 25
50 33 54 48
23 29 55 46
12 3 32 65
56 1 59 14
20 4 47 23
2 49 45 56
13 12 17 32
51 64 53 68
10 40 53 50
57 20 58 41
6 19 14 19
3 37 4 63
43 22 52 43
23 39 32 61
54 37 55 42
52 58 57 65
39 9 58 52
29 1 32 62
58 11 58 18
33 13 45 39
22 45 25 65
4 46 34 50
23 70 38 70
49 4 56 66
31 66 46 69
16 50 50 56
15 54 42 65
42 56 59 62
24 7 45 70
59 20 59 49
32 47 33 63
2 62 58 64
23 33 37 46
39 1 55 47
48 38 53 56
11 1 32 4
24 5 47 62
38 34 49 50
41 14 47 58
38 9 54 39
11 25 51 36
4 6 43 60
37 33 58 47
7 20 54 20
46 21 55 63
30 1 41 5
25 60 30 64
52 59 52 59
30 41 31 54
3 51 30 58
22 68 25 69
26 65 33 70
49 25 59 65
18 11 48 34
34 43 46 62
11 22 20 65
43 31 56 61
43 54 50 55
5 64 37 67
59 57 59 60
34 35 59 45
44 2 46 28
45 54 56 56
43 29 47 61
41 39 48 53
24 56 53 69
13 67 28 67
12 32 37 53
38 67 52 70
37 49 52 62
47 12 47 32
52 39 56 55
7 40 52 43
38 27 40 67
39 68 48 70
8 41 24 60
25 41 25 48
26 17 56 21
5 37 52 63
4 2 26 40
28 3 55 18
21 54 53 55
3 3 10 56
49 59 52 68
26 64 46 68
14 50 40 59
36 31 40 45
45 63 53 66
57 12 58 68
25 54 48 58
43 10 51 34
1 14 12 64
57 56 57 66
20 8 24 31
18 3 25 40
10 30 53 38
36 49 57 69
7 65 27 69
10 24 58 40
23 8 46 20
43 31 48 70
41 44 41 64
46 29 51 56
40 49 57 63
19 63 40 66
45 1 53 8
46 20 59 44
3 6 20 63
1 22 14 43
36 67 56 69
12 65 30 66
41 27 55 37
10 1 45 25
55 24 58 36
36 16 54 61
20 17 59 44
22 14 23 42
30 61 51 64
3 5 11 33
49 23 52 32
29 51 31 55
58 55 59 63
34 34 44 70
3 47 59 64
42 53 42 58
16 70 53 70
48 35 50 61
26 64 56 70
55 39 57 69
44 29 57 48
35 36 35 55
57 36 57 61
40 50 50 70
20 39 50 58
56 43 57 50
28 44 39 55
36 44 36 56
31 46 37 61
48 30 52 36
49 20 51 57
18 4 20 18
36 55 47 68
14 68 33 68
45 49 47 56
26 22 56 45
11 7 22 9
7 20 27 53
59 58 59 63
46 17 55 32
20 40 51 46
14 56 22 67
43 37 53 38
2 6 13 48
16 69 50 70
14 67 43 70
10 25 24 32
40 37 48 45
23 22 29 51
33 28 35 40
35 57 47 66
26 9 59 55
14 24 39 34
26 63 31 68
34 50 56 60
57 64 58 67
52 40 57 40
47 65 52 65
6 62 54 62
17 65 24 69
34 38 35 42
16 64 18 70
12 67 44 70
46 21 54 64
16 25 54 38
55 61 57 67
50 68 56 69
14 8 48 52
57 31 59 44
16 1 57 35
6 52 7 56
15 17 20 68
20 49 59 59
9 66 31 67
11 32 14 50
41 61 54 64
29 18 32 53
15 37 38 48
34 54 38 66
27 4 33 31
15 53 36 58
43 45 48 56
8 12 39 63
23 63 34 68
3 52 28 62
11 66 30 70
40 40 50 55
41 49 54 51
9 31 29 59
34 26 41 43
41 68 53 68
50 42 54 64
32 47 52 65
6 66 43 69
51 56 52 68
7 2 23 65
24 45 50 64
24 11 25 49
9 41 40 68
3 60 37 63
3 58 30 63
32 10 32 64
28 24 39 67
44 61 59 67
52 38 56 65
45 28 55 41
59 56 59 67
44 70 49 70
45 6 58 24
30 59 47 70
16 11 20 13
19 42 54 44
15 11 59 54
13 35 26 54
43 64 45 68
42 43 44 50
19 61 29 67
3 21 42 40
30 9 37 30
3 29 46 67
7 16 29 67
36 2 53 59
37 28 57 49
25 23 52 69
38 53 44 66
36 30 47 58
28 45 33 67
24 8 47 16
47 43 47 48
10 48 12 52
23 29 45 57
26 42 34 48
41 23 58 68
28 25 52 67
31 34 45 55
22 20 35 21
30 15 42 19
34 33 58 53
7 22 51 25
45 11 51 65
33 61 45 66
55 45 55 62
47 60 59 64
34 47 59 52
37 25 44 31
49 26 57 51
57 51 57 61
35 49 36 62
31 61 39 67
47 10 54 32
24 41 32 53
14 12 32 30
56 11 56 37
24 20 40 41
20 51 29 63
19 20 32 54
29 39 55 63
30 69 30 69
12 30 41 45
18 19 37 68
36 41 52 62
33 55 44 66
30 20 58 62
53 60 57 61
46 61 48 65
39 48 58 70
16 44 41 53
53 6 58 36
52 8 52 60
36 9 40 64
58 68 58 70
45 16 49 35
55 47 59 47
47 23 52 42
22 55 52 63
26 37 47 56
4 7 52 69
32 7 53 59
39 48 57 55
19 11 53 62
53 10 59 22
28 55 33 56
24 13 59 31
22 36 31 41
32 30 54 67
25 37 50 45
23 1 44 63
50 13 58 36
44 26 58 63
40 51 40 67
31 50 33 62
24 19 38 33
29 69 45 70
52 28 56 45
19 15 35 56
55 36 56 61
47 18 56 20
54 69 59 69
1 19 16 33
25 55 41 63
25 59 52 69
57 63 59 66
58 3 59 17
11 25 32 31
34 22 50 60
21 3 33 56
19 9 33 47
39 8 56 27
5 15 11 63
11 45 20 62
2 69 31 70
48 9 48 53
25 30 45 54
47 9 55 41
25 13 54 49
11 54 55 54
53 51 53 55
8 47 36 47
14 21 36 22
50 42 59 68
56 50 59 63
14 31 59 63
53 25 55 55
14 66 18 69
54 49 57 56
6 50 27 52
26 7 37 69
22 10 59 51
13 60 14 63
30 43 46 64
15 55 59 57
53 61 57 69
32 40 41 64
5 20 47 39
22 3 51 51
22 10 26 25
19 66 34 70
39 26 49 39
2 34 30 56
44 63 50 66
30 1 46 69
48 40 51 70
19 37 48 65
38 70 49 70
3 17 40 58
31 22 48 29
16 27 33 48
54 29 54 54
23 10 50 52
25 49 37 60
52 36 58 57
47 23 51 56
4 35 48 51
31 39 45 59
40 24 45 58
26 26 32 28
47 11 47 67
45 63 58 66
58 20 58 23
7 26 18 35
35 29 53 40
40 34 50 45
38 53 44 70
43 4 43 24
29 63 33 63
18 56 50 65
14 51 54 69
29 19 38 56
29 53 55 70
26 30 40 53
5 41 50 70
12 61 30 67
23 25 46 57
55 5 59 53
13 60 28 69
34 16 57 58
51 12 56 53
53 17 54 45
7 2 54 3
48 43 59 64
10 65 31 66
21 2 55 41
31 26 50 54
17 60 20 68
2 15 53 69
46 51 55 59
9 63 27 64
11 51 19 53
44 25 50 61
19 58 30 64
24 51 32 67
58 32 59 51
37 69 43 70
12 25 21 38
16 59 17 60
58 12 59 65
9 33 47 57
31 28 53 56
52 58 52 61
30 41 41 45
31 47 54 61
26 6 48 17
29 6 49 32
4 70 54 70
59 7 59 69
17 11 59 69
23 9 29 37
29 8 55 65
51 28 53 50
8 34 34 53
45 16 48 62
14 14 26 40
10 5 15 9
30 28 48 53
23 64 41 64
22 54 47 54
34 58 57 64
29 64 31 66
43 56 48 58
44 68 57 69
26 15 49 19
14 56 19 59
25 4 52 44
1 20 54 47
35 38 47 60
11 10 56 16
55 27 56 52
48 10 54 56
50 62 52 67
54 56 56 56
17 20 43 62
46 42 54 51
54 41 55 48
23 8 40 45
17 51 18 54
18 4 44 36
12 1 22 57
46 68 47 70
46 21 51 46
39 26 54 63
11 21 16 21
33 69 59 69
16 40 38 64
31 30 34 51
44 20 46 34
38 16 48 66
10 59 53 64
59 1 59 48
17 16 33 40
15 34 40 50
44 35 45 57
48 44 55 55
50 51 50 59
26 51 54 65
44 18 57 62
54 70 54 70
23 54 42 58
50 47 52 48
3 34 19 37
35 51 57 58
17 17 54 41
38 31 38 47
42 22 47 33
23 39 31 39
32 32 34 65
55 26 57 55
11 17 45 24
4 1 25 51
16 37 28 54
39 7 58 42
37 44 41 60
42 50 51 62
1 55 45 68
21 22 25 23
58 70 59 70
41 9 53 65
37 7 41 69
44 12 44 26
56 31 56 68
29 54 46 64
17 39 23 41
51 42 54 60
19 67 30 68
18 21 49 44
54 50 58 57
1 28 41 47
53 29 57 44
14 60 30 64
7 31 21 39
45 67 58 69
32 66 32 66
48 41 59 41
13 10 26 43
28 39 38 66
49 37 51 38
38 10 50 14
41 6 41 10
53 24 55 33
6 18 51 60
1 7 7 54
1 67 45 70
8 1 57 40
53 61 53 66
20 16 22 55
59 68 59 70
59 20 59 54
35 54 42 55
46 17 54 59
56 26 58 43
27 45 57 62
6 69 26 70
29 9 46 13
12 53 20 64
23 20 53 44
11 66 30 70
34 45 52 59
36 66 39 67
58 56 58 68
1 30 31 40
25 16 33 60
51 61 56 64
9 22 37 50
5 26 16 33
58 56 58 70
44 59 55 59
25 3 55 50
13 23 44 28
23 13 39 58
33 55 41 58
53 15 57 58
37 11 37 52
7 42 51 68
44 37 46 66
42 32 46 37
45 13 46 52
27 70 48 70
57 32 58 57
53 43 58 64
49 17 51 62
14 55 31 70
3 23 51 23
16 25 20 27
56 41 59 46
5 38 26 64
13 51 58 56
24 38 40 46
40 69 57 69
14 8 14 66
43 8 57 22
37 63 47 69
55 34 58 70
19 47 30 50
22 34 38 40
30 35 31 39
22 60 44 68
58 2 59 44
53 26 56 33
58 46 58 68
35 57 55 70
32 60 43 64
8 55 23 58
16 53 36 60
13 46 36 68
22 51 32 69
16 41 32 66
10 59 13 59
4 62 46 68
42 36 58 69
1 17 18 17
57 62 59 70
41 1 55 47
23 28 30 30
16 64 19 64
33 55 43 59
35 10 41 37
48 9 53 25
35 70 46 70
26 18 50 28
15 56 47 57
27 34 56 68
22 58 42 70
35 44 40 48
31 35 42 46
19 61 39 62
24 47 48 62
30 20 52 70
47 34 58 56
49 19 50 59
1 15 33 33
16 26 52 29
4 33 45 50
23 43 23 62
16 48 45 65
30 15 49 42
10 47 17 49
47 57 50 62
26 63 29 68
38 7 42 68
9 63 21 68
20 42 28 63
2 55 38 61
59 1 59 34
51 53 59 53
49 52 58 63
30 43 45 69
33 34 41 65
23 62 27 68
2 8 42 39
3 34 7 41
19 29 19 43
37 17 55 53
19 39 38 41
28 24 53 56
55 40 59 69
33 62 40 63
3 45 14 53
43 21 54 45
36 43 37 57
50 45 59 55
58 3 58 46
36 38 36 58
47 44 53 58
6 22 51 61
25 2 33 51
40 62 52 67
49 11 52 28
35 31 37 49
30 24 42 30
6 51 40 62
21 48 23 66
58 36 59 61
35 16 35 63
37 38 45 49
46 14 55 70
37 9 47 69
43 1 47 62
26 56 44 56
48 70 48 70
42 12 56 15
3 31 10 60
3 21 52 24
8 29 47 29
49 47 53 53
54 14 55 17
26 26 28 59
45 35 52 64
41 6 45 25
51 9 51 33
26 54 56 62
21 6 50 14
51 27 51 37
20 31 21 56
33 43 52 66
43 11 48 28
37 58 46 60
34 11 52 15
38 41 45 66
37 61 44 70
49 2 52 26
13 40 44 40
54 37 58 60
17 43 27 65
24 56 32 65
54 48 57 65
59 6 59 48
38 56 44 60
37 11 40 64
19 45 32 60
16 61 42 68
55 24 55 42
55 47 58 65
23 64 47 69
24 5 24 25
47 59 50 67
37 42 54 67
10 16 23 17
4 60 32 66
32 50 43 55
5 37 23 41
46 15 55 33
58 16 59 47
38 28 54 29
41 1 59 25
21 42 47 61
53 20 53 42
45 3 56 11
41 52 48 58
26 26 29 56
16 11 38 11
4 18 18 26
57 67 57 67
16 37 27 70
35 45 43 60
30 5 57 31
35 21 42 33
19 56 47 65
51 33 58 34
52 59 52 59
48 46 51 52
5 26 40 43
47 16 57 54
10 35 32 61
33 27 36 65
33 67 48 70
29 8 42 42
22 63 46 63
59 51 59 70
56 57 57 67
42 28 43 39
6 28 38 32
20 70 46 70
19 55 54 60
28 25 39 44
8 63 24 64
29 67 36 68
30 22 30 51
44 65 53 66
34 25 51 41
30 69 48 69
39 41 47 53
41 63 58 67
52 62 59 65
4 18 9 42
42 55 47 65
1 63 52 67
5 16 9 50
17 64 25 64
2 58 19 70
25 16 49 22
39 54 44 58
46 56 58 67
40 22 43 59
49 41 58 68
19 23 54 50
56 49 57 69
47 56 52 56
17 32 39 32
26 65 57 67
57 68 57 70
22 9 36 40
39 4 40 50
41 49 57 62
37 55 59 59
55 53 59 62
20 19 25 66
37 18 47 70
58 29 59 52
26 29 59 57
22 52 49 56
9 20 58 63
45 17 56 21
30 32 34 61
51 6 55 66
6 26 37 50
44 17 55 50
50 58 55 65
47 61 49 63
28 53 49 64
30 46 55 62
32 20 43 45
45 18 56 50
16 43 30 69
49 12 58 59
34 60 54 70
32 66 53 70
25 65 51 66
23 42 45 69
30 11 56 35
25 19 33 41
53 49 58 55
47 31 54 56
43 46 48 54
40 2 54 47
14 66 34 66
7 13 41 52
33 5 53 52
7 34 18 39
41 57 48 60
5 16 11 41
52 49 56 49
40 47 58 50
48 14 51 62
38 49 51 53
2 65 19 66
21 62 36 63
38 54 52 65
33 23 34 40
47 53 50 54
56 52 57 55
35 41 49 67
15 63 28 66
48 9 57 55
19 59 32 63
54 6 56 44
54 46 56 66
28 25 28 37
33 61 40 66
6 36 30 65
47 70 55 70
31 18 50 44
16 53 59 56
32 56 51 60
41 11 51 42
35 48 59 51
48 2 53 67
40 10 51 33
11 64 28 67
4 41 40 56
14 12 35 45
57 20 59 35
26 4 35 45
27 6 30 48
37 12 54 34
51 20 51 65
55 4 58 20
29 42 52 62
11 5 50 41
12 28 52 41
49 68 58 68
33 23 58 59
37 14 47 30
7 26 21 64
46 34 50 67
34 21 34 37
51 1 51 36
40 29 41 49
32 66 51 70
42 13 43 16
4 60 58 62
26 32 42 39
59 26 59 65
29 30 52 47
37 24 54 67
31 36 56 54
53 32 59 67
1 33 7 38
57 42 58 55
57 41 58 59
10 5 40 45
57 13 59 67
1 65 45 67
4 61 42 70
41 58 52 64
34 50 41 50
48 27 50 44
27 33 41 49
44 24 58 26
16 48 41 57
30 9 58 38
18 58 53 60
18 1 54 64
4 18 6 41
36 20 40 37
28 33 34 58
28 20 43 50
21 41 58 45
39 58 47 64
23 5 44 30
33 55 43 66
33 48 39 62
37 33 44 69
10 14 38 21
3 18 53 69
35 15 40 59
10 6 41 19
58 48 58 56
42 9 56 19
21 4 49 46
44 2 48 68
6 44 19 69
57 1 59 60
31 1 55 15
23 56 38 59
21 37 36 41
49 50 51 51
39 42 56 53
35 40 48 51
24 23 41 52
40 60 54 62
28 69 47 70
57 38 58 40
16 67 25 68
51 14 53 70
19 6 42 62
51 60 55 66
25 46 39 57
47 19 59 40
9 59 57 63
26 42 39 42
59 8 59 42
31 63 56 64
36 16 50 31
23 54 31 56
39 55 45 62
14 51 51 66
57 8 57 22
10 52 36 69
57 60 57 69
31 24 41 40
20 68 59 70
54 68 57 70
38 54 48 54
56 22 57 47
34 15 55 55
16 34 26 60
53 26 55 56
46 30 54 61
2 41 40 48
55 7 59 61
56 49 59 56
25 20 57 47
34 60 54 66
46 14 54 26
39 3 46 14
16 9 50 53
11 15 12 16
58 68 58 70
34 56 44 70
41 8 46 68
56 57 58 68
44 39 53 45
40 31 58 36
35 23 50 65
13 51 39 64
23 1 49 31
11 3 50 3
47 23 50 26
44 55 44 69
1 11 31 52
38 34 57 55
48 37 58 41
4 69 13 70
2 44 56 68
32 63 55 67
23 17 28 48
21 37 45 63
30 49 38 62
10 21 50 35
28 37 51 57
9 45 18 46
39 8 54 53
51 34 54 64
29 65 49 69
32 17 33 68
15 23 20 26
48 67 58 68
49 37 56 53
38 18 45 56
20 18 28 67
34 23 39 29
20 29 29 50
2 43 38 70
29 5 55 7
52 46 55 66
4 37 20 57
22 45 34 57
7 56 25 66
24 19 32 37
21 27 31 34
30 8 47 32
28 69 51 69
24 45 44 59
46 7 48 35
22 53 24 55
53 46 53 60
7 44 38 53
54 7 59 51
16 5 45 66
58 39 58 59
59 10 59 32
10 23 23 41
43 52 51 66
40 65 44 67
35 56 35 60
32 57 36 57
21 48 23 59
14 21 15 65
47 13 49 52
37 10 54 39
45 60 49 65
52 62 53 64
34 58 40 59
26 7 49 65
46 35 57 60
27 8 41 42
24 35 53 38
59 7 59 32
28 7 45 61
18 29 39 59
52 50 52 69
39 46 48 70
11 21 12 62
51 30 51 38
52 67 58 67
50 2 54 65
20 34 44 50
51 42 53 50
7 34 43 43
29 4 47 26
35 20 37 44
51 48 57 55
27 67 31 69
30 39 36 61
7 12 26 67
43 46 54 67
57 34 59 57
13 7 34 20
36 35 43 59
52 7 54 37
35 37 59 64
28 21 56 35
37 37 45 66
47 50 54 63
12 20 25 48
13 40 40 70
11 61 40 69
28 11 28 42
1 22 27 59
4 64 38 70
8 58 53 70
43 16 48 25
13 52 24 65
21 62 40 64
20 26 30 35
36 30 41 56
57 63 59 67
17 3 41 61
58 42 58 69
26 48 50 64
21 59 57 62
45 23 57 25
46 62 51 70
21 52 46 52
58 69 58 70
56 35 59 60
1 39 49 67
6 38 32 56
50 67 59 70
54 44 54 44
6 52 33 55
26 26 39 38
17 65 38 68
50 58 50 64
9 23 19 61
31 28 49 30
43 69 59 69
59 25 59 49
57 1 59 69
23 41 55 64
48 58 52 61
11 40 28 68
25 16 46 28
3 18 21 38
43 38 55 58
59 14 59 29
36 55 49 56
39 5 59 35
29 9 48 41
32 28 59 42
31 7 50 39
10 64 16 69
6 40 11 47
14 66 34 68
7 12 36 22
24 45 31 62
6 2 22 44
29 17 44 52
36 69 44 69
1 17 17 26
26 31 45 69
16 24 55 39
19 7 40 53
24 52 32 56
4 26 16 56
20 37 40 52
20 46 52 51
15 18 27 37
11 6 48 51
8 1 15 10
45 11 51 53
37 2 50 47
14 1 21 31
43 66 56 70
58 57 59 58
20 3 36 67
15 69 27 69
56 17 58 24
31 44 37 54
17 55 44 63
22 11 30 47
58 19 59 46
30 34 55 36
54 44 59 70
47 18 50 53
26 12 27 27
8 8 54 62
40 53 41 70
39 35 42 64
27 62 49 67
15 5 53 27
59 32 59 55
55 21 58 25
59 2 59 35
41 32 59 44
23 33 45 63
14 58 20 69
44 51 58 63
3 26 32 45
30 10 40 65
30 12 53 69
30 54 34 69
50 7 50 27
16 26 48 30
28 38 58 69
51 48 53 56
59 47 59 62
40 66 51 69
41 39 58 60
40 7 52 38
3 7 37 25
30 66 34 68
31 65 49 69
30 31 57 44
52 2 59 2
34 37 46 64
55 19 57 30
53 1 57 23
13 52 57 60
16 44 31 58
29 62 36 66
33 46 55 52
58 2 59 33
1 29 11 37
37 42 38 42
43 65 46 66
49 9 49 48
42 49 44 70
25 44 46 63
37 32 48 62
51 67 59 67
30 66 42 66
15 55 48 68
54 53 58 63
28 1 50 16
46 65 47 65
39 3 55 69
27 8 58 41
32 6 40 40
4 39 21 53
3 27 36 54
3 39 5 39
12 24 58 37
26 58 48 60
26 44 32 69
24 30 55 42
34 27 48 54
17 65 18 68
25 62 26 68
44 56 46 69
24 36 50 68
7 10 37 68
25 61 28 64
33 6 58 59
30 30 42 61
4 50 38 54
59 70 59 70
42 57 44 58
53 34 59 57
46 50 58 50
21 58 52 63
15 25 55 56
19 64 41 65
14 14 47 28
42 16 55 70
34 43 47 48
3 5 9 68
44 49 51 62
48 12 49 52
48 45 57 62
3 16 18 58
52 32 59 65
7 2 58 4
8 17 31 21
21 9 41 43
51 30 59 62
14 42 45 60
1 23 20 62
30 69 44 69
18 7 19 56
28 26 42 35
24 20 29 22
8 58 11 66
19 57 38 57
49 62 58 63
17 56 37 58
58 35 59 54
8 35 54 57
37 42 53 69
19 67 43 68
16 23 31 64
16 54 55 58
5 34 58 45
56 22 57 48
50 40 55 54
56 26 58 54
55 16 59 65
10 42 19 50
14 18 52 30
40 58 51 60
12 36 59 45
49 47 52 60
31 42 45 52
16 41 46 55
32 26 35 41
37 52 42 69
57 30 59 30
25 67 25 68
54 14 55 55
59 12 59 41
36 48 40 65
34 13 36 68
24 19 39 37
48 31 51 68
10 16 51 58
25 56 34 58
21 30 30 30
46 6 55 11
37 57 48 58
49 48 50 64
24 33 47 43
51 1 58 12
48 60 48 61
4 15 46 16
58 15 58 58
12 45 43 63
16 65 38 67
21 32 25 66
59 35 59 54
55 3 58 66
59 28 59 61
29 56 31 63
17 9 57 28
52 13 59 53
21 45 34 69
18 20 56 31
49 54 55 60
34 56 56 66
53 7 55 44
52 5 55 36
27 54 47 70
38 35 41 47
51 40 58 65
18 47 20 60
43 30 58 42
29 60 47 68
30 58 59 62
23 62 23 70
47 67 49 69
25 39 42 42
34 42 40 58
49 9 59 17
52 33 53 46
30 10 39 40
29 42 42 53
9 33 49 66
36 7 55 64
25 59 51 66
22 53 50 64
44 10 45 30
35 2 44 59
52 66 55 67
34 46 49 51
36 45 43 69
59 56 59 58
2 37 16 41
55 25 55 45
55 7 57 25
5 13 19 53
24 20 56 46
25 11 27 23
43 48 53 70
4 36 28 40
56 67 59 69
36 43 47 51
23 25 32 58
54 66 55 69
2 10 10 63
34 22 57 36
29 23 33 54
29 50 58 55
45 29 55 39
34 22 37 32
13 4 35 51
32 9 47 20
25 40 43 48
39 19 43 46
58 12 58 38
43 13 53 46
47 64 54 69
30 36 54 37
38 54 38 61
53 56 59 62
52 54 55 63
14 12 15 65
35 39 54 41
28 39 47 56
31 49 39 51
44 38 56 67
22 10 57 26
46 19 57 65
26 1 29 49
52 4 58 39
23 38 24 66
48 36 59 36
5 64 48 66
24 54 57 58
7 45 45 69
44 3 54 20
59 53 59 55
56 52 59 60
7 51 41 65
35 11 59 27
45 31 49 37
15 66 47 68
17 1 49 28
5 12 57 55
39 6 42 44
46 16 58 70
20 48 55 54
42 55 49 56
2 9 55 61
27 60 55 61
55 10 56 22
21 33 41 37
41 29 45 39
11 58 58 69
30 44 58 47
35 4 38 7
3 8 30 60
37 60 58 68
11 13 48 30
39 65 53 66
22 19 39 19
12 7 26 44
50 35 55 38
36 37 53 65
18 53 53 69
52 4 55 52
39 17 42 55
34 68 37 68
30 56 36 59
47 6 53 59
56 62 56 62
36 42 49 46
27 57 37 62
58 45 58 67
16 40 20 61
26 68 51 70
39 51 48 67
17 53 43 65
2 60 55 65
18 15 50 34
30 22 43 35
1 31 5 34
50 20 57 56
23 34 38 38
52 22 52 69
31 62 34 69
6 49 40 58
25 19 46 30
33 30 55 32
24 52 33 56
52 40 53 69
34 38 55 43
50 33 51 49
13 8 55 50
3 17 14 45
27 9 27 63
46 48 49 64
40 11 44 19
4 7 13 11
50 4 50 59
46 33 56 42
23 48 27 54
28 32 38 38
24 57 52 63
18 69 41 70
15 25 48 39
9 13 10 30
51 58 51 59
14 21 41 63
11 36 22 45
35 59 54 69
37 15 59 24
20 59 25 68
28 42 53 59
56 40 58 65
59 24 59 69
54 6 59 22
20 34 51 60
37 47 43 66
53 51 56 57
24 20 43 63
51 55 55 60
34 53 48 58
49 44 51 59
36 56 38 57
11 25 52 26
38 58 41 59
11 49 13 55
26 69 54 70
1 7 53 64
38 59 44 63
22 17 55 64
32 55 55 63
27 15 54 43
52 43 59 68
58 35 58 50
6 30 8 50
25 58 40 61
6 22 8 23
24 7 38 20
25 1 27 43
37 13 55 47
16 51 43 65
23 4 44 10
30 7 35 29
2 10 32 59
4 27 52 64
1 57 28 61
44 17 50 21
36 70 50 70
20 18 58 54
10 42 25 45
56 52 58 52
48 43 51 52
34 62 34 66
51 44 54 69
39 22 45 41
2 26 15 28
28 32 32 68
31 41 33 66
1 57 42 66
57 32 58 67
39 53 39 69
53 18 53 52
24 52 45 67
41 59 46 66
48 7 49 50
5 20 8 30
33 10 55 14
41 68 48 68
34 13 41 54
35 27 58 63
21 50 37 57
40 70 52 70
13 26 57 70
53 32 54 50
52 16 57 50
30 61 52 70
58 59 59 62
28 20 54 36
14 26 48 38
7 38 48 50
56 20 58 45
23 9 32 15
41 46 55 64
40 26 43 52
57 43 57 46
21 25 54 68
41 14 41 38
46 47 48 63
59 25 59 45
14 49 43 50
33 34 49 51
30 10 48 22
46 25 57 41
35 25 45 47
36 51 52 69
57 7 57 38
14 12 23 45
48 5 51 20
41 66 57 66
46 20 55 33
39 52 58 54
29 13 51 43
50 28 54 46
25 3 30 18
53 10 54 21
9 22 16 57
51 33 54 34
38 45 50 61
49 41 50 64
24 60 33 69
45 34 58 66
28 24 42 36
48 25 54 51
11 42 51 54
9 3 13 70
45 10 52 16
50 10 57 54
2 21 37 54
24 68 59 69
31 22 33 66
11 31 39 68
15 26 41 61
23 41 46 44
46 27 59 48
48 59 58 59
27 43 45 55
49 11 57 50
25 53 33 62
26 59 57 63
27 48 51 48
58 16 59 64
24 69 26 70
20 31 21 38
51 44 54 54
5 22 31 57
36 28 47 58
58 37 58 61
31 14 55 40
19 60 49 67
25 10 38 38
47 37 54 64
12 7 24 18
47 67 56 70
33 38 38 66
14 63 23 68
50 23 59 33
50 47 55 48
27 43 36 49
27 39 42 64
53 15 56 35
32 19 57 64
9 69 54 69
15 57 54 58
49 30 53 55
44 2 44 38
16 60 49 68
14 21 28 68
11 26 46 66
55 66 56 70
21 49 42 64
1 21 27 25
14 63 30 70
23 64 57 69
58 3 58 23
2 48 50 61
3 66 28 70
38 58 55 70
30 13 36 70
9 59 53 62
33 8 57 12
50 17 51 27
49 30 57 62
44 45 57 64
23 54 28 63
12 28 28 39
40 36 46 38
29 8 48 12
17 32 31 68
35 21 58 55
22 5 29 25
16 20 35 20
27 2 58 44
38 27 54 64
47 70 53 70
45 52 54 65
17 60 29 70
14 29 32 69
22 28 25 60
5 57 10 70
51 57 55 64
47 23 53 52
7 45 19 47
45 40 59 51
33 51 44 59
46 33 59 66
29 10 34 27
33 33 34 39
1 58 11 70
48 31 56 38
3 6 7 13
4 70 53 70
9 10 18 26
1 37 23 40
23 37 38 64
26 61 50 70
9 48 31 59
4 25 56 26
14 18 55 23
15 44 21 47
18 44 26 65
1 1 59 27
44 15 46 65
38 69 46 69
8 6 55 51
43 41 45 54
5 45 57 50
17 54 48 67
8 42 45 66
58 5 58 46
56 37 56 42
38 57 54 66
45 27 49 47
18 17 42 49
53 55 59 61
16 60 50 70
38 22 39 37
49 67 54 69
56 2 58 17
21 8 33 27
44 6 46 34
41 47 56 56
54 11 54 65
9 34 22 70
46 27 56 46
35 34 49 64
17 42 43 54
20 21 56 24
43 23 43 36
33 33 43 61
50 14 57 67
58 35 59 45
5 55 25 58
14 55 50 57
12 56 35 62
9 30 58 60
52 64 59 65
5 46 47 70
16 6 42 36
22 9 59 58
12 40 35 45
52 42 52 44
47 5 53 47
21 5 31 26
48 30 52 51
21 14 29 42
39 7 53 53
26 49 56 54
18 15 18 29
51 33 57 55
38 3 39 5
50 5 51 11
28 15 36 56
10 27 58 38
9 50 17 70
57 50 57 63
58 69 58 70
27 15 56 53
30 34 54 43
44 39 53 65
23 12 55 61
38 6 46 16
25 65 43 66
24 36 37 38
59 70 59 70
37 46 50 48
13 10 40 21
29 22 52 42
59 36 59 54
59 22 59 38
44 31 46 44
34 5 34 43
32 42 58 48
19 61 25 61
58 54 58 59
51 49 54 62
19 53 51 60
19 59 34 60
6 3 18 57
54 29 56 33
27 2 45 56
9 65 53 65
34 51 49 52
37 41 37 46
20 11 22 20
53 50 58 53
34 45 47 67
57 61 57 63
25 45 50 50
22 24 42 41
40 51 50 62
58 27 58 47
53 36 58 50
57 69 58 70
49 27 54 30
2 70 33 70
29 23 59 36
12 20 26 31
15 25 15 38
34 3 41 70
57 61 59 69
5 20 34 49
21 9 46 33
49 70 59 70
14 39 34 62
45 8 48 59
45 1 45 51
6 25 24 56
39 5 47 60
37 62 57 63
4 45 54 64
38 40 54 46
25 33 55 35
5 69 31 70
3 11 29 26
27 44 36 52
24 1 48 25
2 6 57 66
27 35 27 43
30 57 41 69
15 45 31 62
57 35 57 42
17 29 34 39
35 45 45 65
1 21 24 45
22 65 49 65
37 61 58 68
14 45 28 46
36 24 50 60
55 24 56 43
9 21 53 32
12 14 59 65
53 13 59 56
18 33 54 35
11 16 59 32
21 64 43 68
29 9 34 30
4 53 32 64
3 63 15 65
42 27 46 58
42 36 49 56
26 16 59 61
48 69 50 70
54 68 56 70
47 54 59 67
51 50 53 61
23 10 39 32
29 7 44 48
24 4 26 38
59 56 59 58
10 64 19 65
58 32 59 47
44 61 57 70
36 67 52 67
46 52 50 70
53 23 59 55
29 52 52 60
34 12 57 25
19 19 26 49
50 15 50 50
12 53 32 61
35 56 49 70
11 14 22 38
37 41 44 46
28 69 42 70
24 57 28 69
18 15 33 40
2 27 24 39
28 65 53 66
51 37 59 37
12 30 29 63
50 18 59 20
25 67 48 67
31 49 49 57
25 65 46 66
59 61 59 68
12 68 42 70
59 50 59 59
57 28 59 48
14 60 28 63
49 38 55 51
56 63 58 70
33 13 47 63
57 52 59 52
27 8 36 12
10 40 34 50
10 2 59 11
25 37 46 61
47 32 54 57
13 25 39 59
50 27 52 47
52 28 56 59
4 39 9 56
21 30 52 53
21 40 26 41
12 56 44 70
43 16 55 31
50 25 57 33
22 38 45 57
9 65 33 69
17 65 31 68
38 62 49 69
51 28 52 57
46 44 58 63
33 7 44 10
7 8 55 60
4 33 54 56
14 32 53 69
16 63 53 69
36 56 41 67
1 43 40 60
19 21 39 21
51 30 56 59
19 17 49 68
29 14 58 49
57 35 58 49
19 54 24 60
36 43 36 52
2 57 45 57
30 25 46 35
18 49 55 49
11 11 47 30
50 49 58 51
40 42 52 52
49 66 57 70
29 67 40 70
12 20 19 38
50 35 52 69
20 54 30 57
46 9 49 17
59 43 59 50
26 55 44 70
7 15 13 30
37 69 42 70
13 9 23 58
31 14 54 37
57 36 59 67
24 52 48 55
41 53 51 53
24 6 31 23
31 64 37 64
6 14 54 35
59 51 59 67
21 36 32 42
22 29 40 33
45 41 49 66
51 35 55 46
30 67 34 68
49 4 52 49
13 32 47 62
49 18 59 59
56 17 57 25
43 64 59 67
13 16 41 32
13 51 44 51
27 37 47 57
46 15 56 58
58 3 58 44
31 49 33 61
28 22 28 57
16 26 26 32
37 14 54 69
44 20 45 66
2 70 55 70
58 17 59 44
16 24 45 30
9 13 13 23
42 40 49 59
48 43 50 55
14 65 23 70
34 12 39 36
5 61 38 65
24 51 24 59
31 34 43 68
34 54 48 62
37 51 54 67
17 37 39 60
53 43 54 53
59 2 59 61
5 34 23 50
25 56 26 68
10 55 50 65
14 4 32 39
2 37 56 38
31 46 50 55
24 13 58 58
27 17 45 38
22 63 44 68
26 40 45 70
28 51 41 58
22 67 58 68
33 25 52 61
31 3 38 4
35 18 35 59
34 17 44 69
19 56 37 69
10 66 13 66
51 1 56 49
41 8 49 22
42 52 58 54
47 57 48 57
25 30 28 61
14 4 33 16
38 55 59 55
3 38 6 43
43 53 43 58
36 70 46 70
18 32 19 36
43 49 59 60
9 64 48 68
1 7 1 60
7 18 17 48
3 20 32 69
15 59 53 66
15 39 24 45
38 1 40 36
59 53 59 60
7 20 29 38
45 25 58 46
15 4 29 61
59 41 59 68
25 29 43 65
26 68 49 70
45 18 54 66
47 37 51 51
5 16 6 57
58 42 59 68
4 47 56 70
7 46 55 63
52 33 53 40
30 17 45 32
9 40 29 56
42 44 54 70
25 32 54 44
4 34 7 58
4 6 9 11
51 57 55 63
29 11 57 13
28 30 33 63
1 41 29 53
19 66 34 70
49 68 50 70
14 48 52 49
52 11 56 50
37 44 38 59
30 62 30 62
37 25 54 62
20 33 41 56
5 58 21 59
30 12 59 48
3 25 21 46
1 22 28 28
44 63 52 67
48 25 55 25
7 16 31 49
37 65 57 69
41 31 58 39
45 29 50 45
59 7 59 44
54 23 57 68
16 50 36 59
57 24 57 27
13 19 24 61
21 6 39 41
6 11 11 58
55 15 59 26
25 42 53 42
36 42 51 44
4 19 11 26
1 61 37 63
21 25 39 48
37 16 58 29
2 56 32 61
12 50 39 65
45 55 47 65
3 7 21 22
53 63 59 64
1 25 30 59
13 64 47 70
45 3 53 60
2 24 13 69
12 41 31 44
29 51 29 62
10 37 21 51
32 64 42 64
16 66 18 69
19 37 47 48
17 40 36 47
49 64 59 70
35 51 39 66
12 64 18 69
25 22 26 45
7 54 23 61
25 21 28 61
54 2 59 20
7 54 48 57
47 61 56 65
55 58 56 67
18 56 52 58
2 31 54 54
46 14 54 16
6 1 51 29
23 53 32 58
38 67 42 67
48 24 58 34
53 43 54 69
24 24 57 66
50 17 56 29
40 19 49 66
1 10 37 10
40 18 43 35
17 21 23 60
32 35 44 37
30 12 50 18
41 1 48 37
11 16 59 62
41 33 56 43
46 36 47 68
41 9 54 45
55 31 58 47
59 14 59 14
38 37 56 54
24 51 29 54
24 30 43 67
2 62 55 67
28 34 53 56
51 70 55 70
37 26 44 47
54 28 55 60
30 55 38 56
5 50 19 61
24 19 42 45
55 23 58 32
29 43 30 68
30 42 39 51
43 68 47 68
35 53 52 56
9 65 43 67
56 67 58 67
52 6 57 21
52 59 58 68
18 1 19 34
19 43 22 70
57 51 57 56
12 12 39 14
45 8 47 37
34 63 56 69
29 66 49 70
18 36 57 44
19 48 47 62
34 3 48 45
10 20 16 53
3 70 46 70
55 56 56 63
46 30 58 32
8 65 24 68
39 2 49 9
39 9 52 70
51 25 59 63
53 10 53 58
8 65 28 68
2 25 12 25
43 46 50 68
27 4 28 30
3 2 31 67
4 40 57 53
58 52 58 60
37 39 53 68
49 11 54 49
27 43 30 65
40 6 59 70
26 26 58 51
4 43 50 58
55 57 59 69
47 8 52 37
7 50 46 70
23 7 26 38
3 5 50 65
21 44 55 46
41 67 50 70
13 3 57 11
21 6 23 7
43 62 45 69
31 11 58 20
35 9 53 15
4 40 59 55
37 29 37 61
56 47 57 57
4 41 18 46
1 39 4 63
49 25 51 54
55 28 55 51
4 41 13 70
57 60 59 65
9 46 20 52
56 36 58 54
33 61 50 70
56 34 58 38
16 3 43 53
12 70 47 70
38 61 56 67
13 24 51 61
13 41 23 68
29 5 47 29
20 59 30 68
38 22 57 30
28 64 58 70
33 42 51 63
40 51 49 59
30 16 40 59
34 58 36 63
30 55 40 70
58 8 58 49
5 62 45 67
14 44 55 64
10 66 59 67
53 57 53 64
55 68 58 68
23 36 41 64
9 17 35 24
16 31 48 38
46 24 49 51
41 50 45 57
6 6 44 35
30 52 58 61
23 9 30 57
22 46 35 63
9 47 26 48
11 55 12 59
29 30 57 57
6 41 11 51
53 27 59 70
46 8 47 63
31 66 40 66
58 27 58 29
26 31 37 55
29 59 30 62
46 19 57 42
57 15 59 48
44 62 45 68
14 68 42 69
50 8 56 30
27 48 58 56
35 30 54 59
57 42 59 54
33 17 59 36
8 9 22 59
25 57 58 60
43 51 53 60
15 23 40 26
8 44 22 69
33 20 44 43
10 45 35 52
3 25 50 36
2 9 47 49
48 36 57 60
54 1 55 25
15 69 42 70
32 12 53 47
36 48 42 51
43 18 52 51
30 22 33 37
36 7 52 29
38 34 52 62
32 20 59 50
9 18 59 55
33 70 58 70
3 60 22 65
25 20 54 49
36 4 59 59
59 67 59 67
42 36 52 49
30 35 43 68
5 1 23 22
28 46 56 68
12 46 30 53
7 17 49 26
46 15 57 40
2 33 5 56
52 22 56 31
51 54 52 57
52 69 52 70
28 61 49 66
22 52 43 65
50 59 57 70
22 32 52 57
35 1 40 32
50 68 52 69
50 67 52 68
1 14 39 22
15 12 54 24
17 18 56 39
56 53 59 59
37 30 39 31
24 18 55 66
21 17 53 66
27 50 28 57
3 66 49 67
59 29 59 47
2 52 13 69
37 60 54 64
42 29 51 35
31 62 54 62
43 62 56 66
27 9 40 58
56 20 59 28
38 70 59 70
49 41 52 67
13 16 27 42
38 67 48 70
31 50 58 59
25 45 37 46
37 34 39 51
19 31 35 54
16 52 28 65
58 43 58 58
1 33 23 50
15 5 47 63
7 48 11 56
46 16 46 58
4 12 33 22
15 41 19 54
22 16 37 47
32 61 49 69
43 38 59 47
31 7 58 10
58 20 59 67
20 32 57 56
26 17 47 31
57 15 57 24
36 34 53 53
16 15 54 49
10 32 30 62
13 41 33 50
54 20 57 50
14 66 25 70
38 40 47 44
23 51 23 67
41 60 54 67
22 65 44 66
14 7 17 70
22 39 33 39
4 34 52 42
58 16 58 58
10 38 52 49
6 7 39 38
23 5 41 15
15 1 20 50
25 44 36 65
35 33 50 56
46 32 46 40
47 42 47 52
10 53 32 63
13 63 34 64
19 36 20 63
38 51 57 61
21 33 43 63
32 59 40 62
39 31 49 68
58 29 59 33
9 19 30 30
28 53 32 68
2 65 25 70
35 15 40 68
29 60 57 60
5 30 20 68
38 63 45 68
51 6 53 33
42 39 50 53
34 51 59 66
50 30 55 65
14 58 58 63
51 22 52 69
40 69 50 69
40 22 41 33
43 5 51 57
8 41 26 62
8 18 17 49
27 14 45 18
18 26 28 39
37 48 57 70
11 14 46 41
5 7 26 66
33 52 59 61
18 53 33 63
30 6 52 32
26 5 40 54
56 50 57 63
58 24 59 66
52 13 53 69
58 67 59 70
5 58 18 64
25 47 35 70
51 41 54 46
36 54 36 62
3 35 31 63
35 24 44 27
49 21 55 47
11 30 47 49
5 36 28 57
43 3 50 26
42 46 51 63
55 50 55 65
46 63 47 68
52 27 56 44
41 44 52 68
8 27 26 27
21 37 44 46
6 41 50 45
2 16 56 21
4 7 46 27
23 12 59 36
14 2 59 57
19 51 57 61
35 17 49 25
47 44 52 46
30 10 48 52
52 25 59 54
58 31 58 43
46 62 55 63
2 8 39 32
30 35 40 61
21 28 57 31
28 70 42 70
7 26 27 68
4 40 19 68
12 17 45 37
35 16 55 29
38 56 38 60
50 38 59 47
44 38 52 50
7 44 25 63
3 24 37 44
21 19 21 52
16 6 35 65
8 69 29 69
4 21 22 63
44 16 48 20
34 13 36 59
25 46 28 50
37 69 41 69
48 18 56 28
5 58 37 69
55 35 55 68
35 34 57 52
34 56 58 58
48 30 52 50
58 20 59 68
5 27 29 56
27 5 46 29
50 69 58 69
34 11 37 20
34 43 44 46
26 37 39 48
44 24 48 57
3 59 8 64
30 6 35 32
49 6 53 40
34 36 50 50
47 66 59 69
22 65 28 68
41 5 55 10
24 17 32 62
50 28 56 43
50 23 55 59
51 55 58 59
10 70 12 70
48 54 53 54
56 6 59 37
37 34 48 61
33 4 46 17
1 13 5 48
1 20 9 65
59 65 59 69
3 47 20 52
49 7 54 21
14 4 18 31
41 61 54 62
20 67 29 69
55 65 56 69
9 55 32 67
5 70 49 70
15 19 34 51
7 33 13 51
59 24 59 48
24 50 40 59
14 62 21 64
33 62 56 65
41 46 41 70
19 40 34 69
23 13 26 29
54 61 54 67
47 15 58 58
21 7 30 11
6 45 8 45
4 26 32 27
35 21 51 23
46 22 55 48
37 16 37 39
51 66 53 70
53 17 53 31
33 24 58 32
52 54 52 68
33 22 56 39
13 16 23 47
19 41 45 69
19 4 42 57
32 40 57 58
47 38 57 55
45 29 51 69
30 43 59 63
20 47 32 47
9 30 29 30
53 53 56 63
14 65 44 69
29 10 55 29
41 55 46 68
48 4 53 47
6 45 12 65
32 29 51 56
44 39 51 44
41 49 56 57
35 52 49 54
11 43 19 45
12 39 15 64
13 30 50 44
13 44 57 57
4 6 5 68
26 68 37 70
22 15 40 45
43 36 45 65
44 11 45 42
15 70 23 70
9 26 41 54
13 17 24 18
21 15 42 40
13 70 26 70
2 17 51 51
4 21 11 56
5 20 26 34
29 11 59 22
22 42 38 59
13 54 35 56
41 69 56 69
56 15 56 36
29 14 48 21
7 25 14 44
42 3 54 55
2 44 56 60
17 44 59 45
1 55 2 61
18 22 39 59
5 41 7 65
28 65 41 67
23 65 39 68
50 48 54 57
57 37 58 56
4 65 30 66
52 53 59 62
46 60 52 60
18 41 32 60
50 23 52 44
50 40 56 62
12 25 29 52
56 13 56 33
47 41 47 45
14 17 47 64
40 30 45 56
28 61 54 61
33 28 46 52
16 46 58 70
21 18 49 39
28 35 31 58
23 29 31 68
4 54 6 57
54 31 58 42
26 47 31 66
28 44 32 64
50 17 53 28
35 15 49 38
39 45 44 56
30 34 53 70
17 26 35 34
32 13 59 16
31 9 47 67
48 67 49 69
38 34 47 34
45 46 51 59
8 33 16 48
50 56 50 63
55 19 57 67
10 56 36 61
46 41 53 51
14 18 19 18
35 28 37 61
39 36 51 65
9 69 26 70
16 27 23 68
45 7 53 40
31 1 36 53
58 1 59 34
41 50 52 58
35 29 45 69
45 55 54 67
13 47 43 70
16 6 34 32
19 31 41 62
11 51 50 54
36 26 54 49
25 17 39 68
24 19 47 50
47 44 56 61
53 19 54 19
9 28 49 42
55 2 57 66
50 66 58 68
32 54 33 66
12 13 44 29
30 1 34 54
25 29 57 37
14 40 30 70
52 63 54 70
30 2 36 68
44 24 53 70
16 50 36 56
32 29 53 33
41 61 46 63
59 14 59 29
52 28 59 57
32 3 55 22
52 30 55 65
11 16 35 36
31 1 58 23
25 68 39 68
13 16 54 34
8 45 16 56
47 59 59 66
10 27 24 47
54 17 56 58
4 7 21 14
41 25 52 61
7 28 47 33
41 67 57 70
51 2 55 53
39 42 51 58
57 33 58 52
7 25 12 70
47 13 53 67
16 58 59 60
4 26 28 39
28 59 37 67
21 3 58 22
33 62 57 68
40 21 40 52
14 66 42 70
20 52 26 54
48 65 51 70
37 26 48 53
59 37 59 57
17 21 58 37
20 41 20 62
12 27 26 51
59 50 59 59
48 23 52 27
36 12 49 26
18 70 21 70
47 18 53 64
22 4 47 26
16 1 51 20
9 21 56 28
32 68 36 70
49 3 53 54
32 61 44 69
47 64 56 64
39 1 44 65
1 49 43 49
49 39 56 69
6 11 43 26
47 69 49 70
14 28 32 50
20 32 53 38
39 12 46 36
3 38 6 63
10 44 33 47
21 66 44 66
10 46 18 55
52 21 58 23
24 62 28 63
4 49 45 62
57 10 59 49
55 35 57 55
35 28 53 37
4 6 34 62
34 33 43 39
59 17 59 19
50 64 54 66
15 26 50 67
16 21 53 34
16 41 55 53
33 54 38 59
6 33 17 52
32 58 47 69
48 13 57 22
17 3 47 14
38 6 38 14
47 65 57 66
18 17 46 65
58 31 59 31
17 40 36 41
28 55 52 61
27 19 53 32
50 69 53 69
55 37 55 49
16 46 23 63
56 35 56 64
57 6 58 26
18 6 22 60
41 39 59 43
9 49 33 64
51 24 55 28
30 12 46 56
11 21 57 62
56 17 59 54
53 36 57 40
56 17 59 66
19 68 20 68
22 67 31 69
49 27 50 29
54 8 57 46
17 57 53 60
52 64 58 69
42 45 45 62
43 14 57 56
34 3 37 39
9 5 31 43
22 11 35 34
38 5 53 58
20 52 33 61
8 61 52 67
39 10 55 64
54 45 55 67
14 29 31 57
59 30 59 50
26 68 59 68
19 57 19 68
18 41 29 65
53 28 54 40
55 42 56 46
25 42 46 58
17 50 45 52
27 6 33 7
42 56 54 60
17 27 36 59
17 46 42 51
29 3 34 50
55 53 57 64
7 64 24 70
50 36 59 44
55 64 59 64
34 8 47 14
39 67 44 67
57 45 58 46
13 53 59 63
13 25 59 36
44 6 50 65
29 48 36 57
19 2 32 40
34 29 48 40
42 22 42 27
35 64 50 69
29 21 46 69
23 18 30 50
15 35 43 68
47 3 52 17
31 40 58 56
13 69 22 69
58 23 59 40
59 43 59 45
53 65 57 66
44 21 58 64
6 34 9 58
9 5 45 7
18 57 27 65
29 28 56 45
40 33 58 50
51 30 54 64
55 55 59 64
16 45 31 55
14 28 30 52
2 30 26 49
43 50 57 50
30 37 47 55
31 65 47 67
49 32 59 61
1 62 11 64
34 60 48 69
5 46 30 59
5 3 41 16
22 40 54 55
51 47 54 57
12 48 23 62
39 67 46 67
33 25 56 64
55 5 58 28
10 8 44 23
22 2 47 22
24 33 54 53
25 62 51 69
22 50 31 52
5 59 45 60
55 20 57 44
32 19 56 23
22 67 53 70
39 53 54 65
11 21 39 36
36 37 57 69
43 32 47 69
4 33 25 57
26 41 32 44
20 26 43 69
43 27 48 43
31 28 40 37
9 36 30 58
11 54 58 67
29 57 53 70
37 64 53 64
24 29 28 46
31 30 59 30
42 6 45 6
36 19 51 67
16 39 28 63
11 15 37 33
24 7 36 14
9 70 58 70
16 26 44 69
48 37 59 55
31 27 46 66
16 66 32 70
46 39 47 49
16 51 38 54
41 26 49 36
50 8 59 38
16 29 49 45
15 10 50 59
11 15 27 16
41 34 43 40
49 38 58 52
9 45 48 67
54 47 56 57
5 62 24 69
58 55 58 63
6 6 7 61
15 4 23 14
32 6 52 61
59 59 59 62
6 5 12 18
30 52 41 64
46 14 57 60
12 28 47 38
48 6 54 52
39 70 48 70
57 62 57 69
50 11 52 36
35 61 53 69
58 44 59 55
39 31 46 65
38 26 45 67
45 68 47 70
21 26 51 46
50 8 53 56
48 66 51 70
20 10 42 63
44 22 45 61
30 46 55 47
26 46 56 54
11 44 22 63
34 15 48 58
4 11 39 14
30 52 38 57
17 25 35 51
51 49 51 55
37 34 45 51
28 47 50 69
48 33 55 52
2 21 18 25
9 49 16 69
38 33 58 50
14 48 58 62
31 8 59 45
29 9 45 70
47 3 50 20
26 3 59 63
59 1 59 34
54 25 59 42
59 8 59 30
39 21 55 69
57 12 58 50
42 31 52 58
8 28 57 45
34 63 38 65
35 67 40 68
53 60 58 61
3 36 4 50
43 17 44 34
37 4 43 46
39 8 54 60
13 27 46 65
57 37 59 59
25 41 31 65
55 62 57 68
45 15 56 16
27 57 43 59
43 36 49 59
24 27 27 47
24 55 48 63
13 67 59 70
50 34 50 70
23 9 40 68
27 58 52 67
46 29 46 70
48 52 57 63
49 47 58 52
15 28 37 47
8 31 32 36
54 7 56 66
51 66 58 68
50 57 57 69
23 55 39 65
27 9 27 35
35 50 40 54
50 4 59 41
37 9 44 56
19 20 52 69
26 50 57 66
35 16 41 56
15 52 36 61
3 51 4 57
45 8 53 51
16 54 20 55
17 51 26 65
41 65 48 67
50 63 51 64
4 51 24 51
25 53 42 64
15 17 34 54
23 62 43 70
45 39 59 69
26 30 45 36
11 25 40 31
19 25 25 54
9 2 56 65
54 6 55 8
44 20 45 49
3 25 42 45
21 51 33 57
1 38 55 68
48 29 57 70
54 63 59 69
52 9 59 66
10 13 56 23
13 4 16 68
6 11 39 13
1 32 54 52
32 70 58 70
25 62 50 70
47 45 57 62
37 1 47 34
32 47 35 70
33 17 52 55
19 25 51 62
21 29 44 34
5 62 15 70
31 65 34 69
34 19 35 24
36 18 59 36
26 55 30 60
43 61 49 63
53 35 53 65
17 55 20 62
46 42 54 65
17 19 43 34
52 7 52 32
3 19 33 35
50 19 55 32
33 23 51 54
53 15 57 17
12 58 52 60
50 52 57 53
46 43 59 62
2 69 15 70
27 60 42 66
8 3 22 65
20 56 41 65
46 69 47 70
53 34 59 61
17 30 35 45
47 19 50 43
21 29 52 38
33 33 50 57
25 44 26 68
59 69 59 70
31 17 52 20
56 32 59 39
34 26 43 62
33 52 40 56
54 64 55 67
23 15 32 21
18 45 37 54
1 26 16 40
43 17 59 26
4 13 35 48
56 13 58 31
9 48 35 54
36 25 44 69
58 7 59 67
46 34 55 39
32 25 53 51
5 40 23 62
32 63 43 67
16 27 50 28
31 63 41 66
8 64 47 67
7 62 9 70
50 25 57 61
4 13 18 33
52 70 56 70
44 30 58 52
32 49 58 51
4 4 38 10
29 67 54 69
30 6 33 67
53 32 59 49
47 66 58 69
54 67 59 70
21 63 31 67
24 66 40 70
8 8 30 68
56 1 57 26
25 27 53 52
13 67 49 68
55 27 58 32
32 28 41 31
13 58 47 67
7 46 50 50
7 33 56 54
20 2 47 16
57 57 58 57
39 8 57 25
7 7 22 45
32 50 38 66
36 24 46 55
10 35 47 38
39 63 58 66
31 15 51 17
2 47 30 60
34 31 54 64
20 52 31 58
52 1 55 68
38 22 44 47
27 53 36 61
40 15 50 57
9 9 22 49
33 8 38 45
43 5 52 34
26 40 54 52
56 22 58 33
9 26 57 34
57 47 58 58
45 2 45 61
26 60 57 67
58 34 58 48
31 25 40 52
22 9 45 56
53 41 59 56
53 52 54 67
57 60 59 66
27 30 39 59
23 8 33 36
53 16 59 64
42 21 54 24
48 64 57 66
3 40 21 56
6 50 57 70
29 66 48 67
29 32 32 42
27 32 29 35
12 15 50 65
41 59 55 68
31 38 34 52
42 7 55 13
8 32 54 53
21 70 54 70
50 28 59 37
49 37 49 51
13 2 37 68
58 22 59 43
5 70 52 70
27 20 38 43
21 16 48 58
22 21 56 31
30 2 35 21
16 13 21 35
22 14 48 50
17 41 41 42
19 60 58 61
7 51 47 65
53 40 54 57
2 57 4 58
45 27 56 42
26 36 43 54
30 64 59 65
53 8 57 60
44 42 45 51
38 49 41 55
36 67 40 67
57 64 57 65
24 66 33 68
34 3 56 51
25 28 38 68
57 10 59 11
30 57 53 58
43 30 56 38
18 14 46 34
53 46 58 48
42 63 51 63
27 28 32 45
56 63 57 66
50 51 55 66
11 55 16 70
2 58 56 63
56 13 56 62
11 12 30 70
27 50 36 70
50 27 57 39
49 55 55 58
52 29 58 66
58 1 59 61
19 44 28 56
38 50 38 55
43 39 44 65
52 47 58 61
9 4 23 36
3 57 33 66
38 23 55 58
40 44 53 59
36 27 39 49
3 48 37 53
52 39 54 54
19 4 54 11
51 65 58 69
48 23 57 31
2 60 32 68
19 16 47 26
2 69 28 69
25 34 43 58
51 57 54 68
59 33 59 48
26 56 33 58
6 11 10 24
13 24 33 44
11 1 33 28
33 37 46 41
45 54 55 66
25 22 59 66
33 27 58 27
22 68 47 69
35 3 51 69
8 57 52 67
22 29 36 68
26 51 51 63
40 40 58 45
22 2 27 54
21 44 23 53
33 30 41 68
22 67 25 68
1 36 25 53
45 33 52 33
55 39 56 69
57 5 59 56
20 41 54 45
41 32 42 68
9 24 51 30
29 35 47 65
52 42 58 43
1 62 53 65
48 40 53 52
56 70 59 70
17 66 43 66
15 46 43 61
25 14 59 22
39 8 44 39
53 27 55 64
19 9 28 21
42 65 51 67
36 59 42 67
34 49 38 63
28 27 41 33
13 53 28 63
8 16 13 18
52 69 57 69
56 16 57 44
26 65 56 65
21 48 22 64
9 32 35 48
21 61 34 63
19 45 43 51
41 41 52 63
27 33 48 36
24 1 41 62
18 8 26 35
45 56 49 58
49 61 57 65
20 4 40 37
28 15 28 26
52 50 57 50
22 64 37 65
47 11 56 48
41 70 41 70
11 66 46 70
25 42 37 66
38 61 55 66
20 2 37 9
4 36 49 52
15 16 34 41
5 8 17 64
25 29 40 59
48 46 59 47
3 7 4 7
14 35 25 47
39 54 47 57
36 9 57 64
37 43 43 55
10 5 16 63
9 14 26 44
39 4 48 6
42 45 53 68
31 44 44 57
58 5 59 18
55 30 55 64
57 16 57 40
39 43 45 62
42 70 54 70
48 69 49 70
34 36 56 51
49 50 55 51
16 12 28 50
17 58 38 64
34 4 38 70
9 22 30 63
52 67 58 67
10 61 19 67
2 45 28 49
57 30 59 53
27 32 48 52
6 63 50 66
49 47 51 70
5 18 15 19
48 57 48 67
32 61 32 65
49 38 50 49
47 29 50 61
46 3 52 22
34 1 41 23
38 39 54 49
15 53 26 63
12 17 53 57
1 12 1 31
17 59 28 70
37 35 57 61
5 25 27 38
41 10 46 54
27 11 32 38
12 18 49 44
37 42 48 46
22 50 36 54
59 42 59 63
33 61 54 70
46 49 52 60
32 69 56 70
29 12 47 32
8 58 34 58
33 28 55 40
2 11 33 60
28 35 28 50
55 9 55 44
55 21 55 26
45 63 45 69
25 30 48 34
35 46 38 58
45 48 52 50
55 58 56 70
47 60 47 62
41 55 53 63
55 63 56 66
44 30 52 41
10 59 49 63
57 52 57 56
50 22 58 29
3 46 53 67
29 20 53 34
40 68 41 68
19 59 57 64
13 63 29 65
2 14 26 49
11 64 44 65
18 48 35 52
13 41 23 53
31 35 56 41
9 15 28 66
23 19 26 42
44 24 54 37
24 12 47 68
51 47 51 47
1 62 4 65
57 43 59 48
59 70 59 70
9 50 26 70
2 67 4 70
32 49 57 61
43 21 54 43
38 65 38 67
51 4 54 28
16 33 47 36
6 50 58 58
55 17 55 39
20 12 40 24
29 22 41 40
57 33 57 63
46 1 57 26
57 14 58 52
28 42 29 62
20 45 48 55
30 52 41 55
11 13 59 53
51 49 53 50
29 33 50 51
34 4 41 27
10 41 34 46
28 58 51 69
22 17 45 62
16 17 26 38
18 20 52 55
51 22 51 45
51 70 55 70
21 64 43 69
14 9 34 56
52 53 56 56
52 10 52 58
37 36 45 58
39 25 44 28
43 38 47 54
44 18 51 56
28 9 42 26
51 6 56 14
6 4 38 18
20 21 24 28
7 22 56 62
11 59 50 60
16 61 36 67
37 55 37 59
53 62 53 68
35 57 44 70
4 32 31 32
7 43 48 63
34 43 44 62
57 16 57 23
14 34 15 44
59 6 59 41
39 45 44 46
55 37 56 68
41 9 47 31
38 26 53 33
36 47 49 70
45 13 45 65
29 39 42 68
19 2 32 59
29 28 29 46
36 60 36 61
37 57 43 58
22 53 22 69
4 53 56 55
7 13 12 17
8 30 15 56
3 45 42 49
47 1 51 10
52 41 58 56
57 17 59 34
27 59 56 68
43 40 58 55
21 32 40 58
25 67 59 68
49 25 58 52
8 40 27 59
43 44 52 44
46 40 56 69
32 66 32 69
7 24 9 69
43 68 55 69
35 32 59 48
46 41 47 49
9 13 12 65
4 13 28 34
21 46 27 63
21 40 57 56
45 67 55 70
25 70 31 70
30 51 31 57
3 44 35 53
52 57 54 69
38 22 39 35
39 33 56 59
10 63 24 63
36 38 56 44
34 65 52 69
29 51 49 70
47 48 58 62
11 44 59 50
18 39 20 60
41 64 48 69
56 26 58 42
13 22 16 61
16 23 58 29
4 4 11 11
10 48 44 52
40 57 42 59
34 22 42 61
58 10 58 60
48 68 52 68
5 57 43 62
49 40 53 62
33 40 40 55
33 30 56 47
47 17 53 69
52 70 53 70
22 63 22 66
16 7 57 34
35 30 54 63
26 51 58 65
11 34 32 41
35 54 44 69
55 10 58 15
18 29 52 67
57 37 57 39
58 54 59 66
24 53 47 55
23 14 53 58
49 9 52 32
23 19 34 47
50 62 58 62
56 21 57 30
27 47 51 53
28 50 29 69
1 30 40 36
35 61 35 65
43 57 49 57
57 54 58 62
7 34 16 55
36 15 36 43
56 39 58 64
33 45 43 56
30 46 40 60
41 48 54 64
7 11 10 19
53 5 56 27
21 22 57 27
45 62 57 64
58 6 58 49
7 65 49 66
27 36 59 69
7 41 15 45
28 48 30 65
15 34 50 61
12 58 19 66
2 2 44 8
33 67 58 67
49 61 54 70
12 16 43 26
4 22 30 32
33 30 58 69
46 6 55 62
24 68 46 69
9 66 36 66
14 62 17 65
19 21 19 30
14 64 23 66
36 44 38 57
10 61 15 64
40 30 57 33
26 38 41 66
30 44 57 52
9 51 41 66
18 29 22 69
39 13 48 70
48 6 50 8
6 9 50 35
27 60 58 65
3 16 45 35
22 12 34 32
38 23 59 60
22 13 33 69
41 44 44 68
35 2 47 62
46 47 58 65
2 22 19 34
45 65 54 68
14 31 57 56
32 5 41 60
55 53 58 64
12 34 14 61
53 22 57 60
54 22 55 59
39 57 43 69
46 55 48 56
56 66 57 68
20 28 50 31
48 33 59 49
15 8 56 50
6 31 12 39
7 48 59 48
6 50 6 68
51 27 51 67
45 60 45 60
26 1 26 48
35 70 53 70
12 7 35 49
27 53 57 53
27 20 32 53
10 3 39 5
49 6 52 34
44 5 50 57
28 1 58 28
12 20 32 41
58 28 59 70
25 17 29 27
8 42 46 44
35 30 58 38
36 10 41 57
38 33 49 33
33 47 39 70
10 2 17 18
6 29 12 50
44 32 44 45
4 54 56 67
59 34 59 39
32 41 50 53
8 34 48 52
14 57 37 65
19 66 31 70
9 9 52 17
22 10 44 52
57 12 57 62
24 24 27 60
16 28 53 57
37 59 39 61
8 1 49 70
38 50 59 60
56 68 57 68
25 19 47 25
11 68 16 68
10 36 47 48
30 1 56 29
58 13 59 23
43 6 48 24
28 64 40 66
29 62 33 66
57 54 59 62
59 14 59 68
1 40 45 59
53 42 55 60
11 54 58 67
37 47 44 66
19 12 33 34
28 30 33 43
15 8 17 14
44 61 51 65
25 1 35 52
16 35 20 35
4 70 36 70
6 56 8 67
17 10 21 42
49 53 56 67
52 63 56 68
47 15 55 36
55 24 58 53
48 56 48 69
10 66 41 70
46 65 59 65
56 67 59 70
13 65 51 69
52 33 55 58
58 21 58 21
59 33 59 36
3 5 26 28
12 35 41 55
12 53 45 54
36 31 53 69
27 22 48 44
54 25 59 60
29 41 30 61
3 42 53 61
44 5 47 40
57 49 58 65
43 41 45 70
11 69 30 69
53 3 58 6
6 5 16 37
15 9 36 21
48 30 54 30
30 40 52 46
3 11 37 28
39 35 46 45
7 13 26 51
4 29 59 31
26 67 32 69
6 49 43 61
12 32 22 62
8 47 23 60
52 43 59 51
50 35 53 61
42 3 53 70
3 54 26 57
50 15 50 16
31 29 49 52
37 24 58 58
26 37 54 56
31 55 50 59
9 64 11 69
54 29 56 36
39 21 58 56
54 49 59 62
35 9 55 40
27 42 42 59
41 42 56 44
26 1 35 68
50 43 56 69
40 33 48 60
37 58 37 63
59 27 59 30
5 66 43 67
11 25 55 38
27 8 55 23
26 11 55 50
18 70 41 70
1 45 44 67
15 25 32 41
37 66 58 70
22 22 39 51
51 22 59 37
33 48 38 54
2 39 50 58
34 39 45 39
12 62 19 66
5 41 58 65
24 23 53 33
37 29 55 58
47 16 54 52
36 68 56 69
47 46 49 54
1 35 35 37
31 2 37 64
17 3 53 26
59 40 59 54
9 30 13 33
20 56 24 68
21 58 42 62
28 44 36 63
15 15 21 21
41 32 59 59
5 15 35 64
20 1 40 40
36 34 43 57
42 3 49 37
16 42 34 54
21 49 31 65
33 21 42 28
57 5 58 68
44 67 55 67
49 69 52 70
2 49 3 63
2 6 7 35
53 20 53 44
9 58 34 61
54 25 57 65
21 43 36 67
16 57 31 64
38 48 42 56
36 56 38 57
32 15 42 63
42 22 56 43
45 54 56 67
59 38 59 56
8 22 52 62
25 21 51 40
22 55 51 70
59 20 59 64
51 42 54 58
2 39 18 69
16 63 46 66
40 58 54 68
20 34 24 61
46 59 57 65
52 17 53 57
32 65 58 66
49 38 50 59
34 17 58 39
55 62 55 64
55 6 58 43
24 66 48 69
38 32 52 58
47 38 49 57
15 25 46 30
53 28 56 49
11 43 14 62
18 67 49 68
35 45 42 70
47 53 53 69
13 26 58 59
26 36 35 47
11 20 36 47
7 22 57 26
10 26 52 38
56 46 59 59
53 41 59 55
43 55 48 66
11 13 31 50
47 34 55 51
13 43 46 50
40 48 46 62
40 22 55 25
50 27 57 59
28 70 50 70
33 33 35 69
5 60 29 67
11 23 13 49
6 1 32 6
38 63 45 67
47 9 56 50
24 26 42 69
34 65 42 70
13 26 59 29
26 2 58 63
25 13 36 31
53 62 53 62
44 8 51 13
32 50 47 67
51 41 57 61
44 35 50 56
6 46 34 49
36 63 58 66
51 64 59 68
1 67 30 69
53 45 53 57
44 19 52 38
20 51 25 51
40 52 53 55
34 69 55 70
23 13 37 66
4 19 37 63
6 46 56 67
58 43 58 49
8 38 16 57
20 36 35 55
22 48 46 69
41 21 43 29
3 61 31 67
32 36 51 40
46 47 47 62
1 30 51 39
42 27 47 36
30 60 31 69
51 26 51 40
3 47 35 64
33 24 54 59
22 7 25 20
25 64 49 67
37 22 55 54
7 66 47 69
3 50 26 69
39 67 58 70
40 30 46 62
45 60 47 70
50 38 57 42
10 13 30 19
4 46 13 52
6 31 54 35
49 37 52 66
56 51 56 56
19 34 32 40
4 3 9 46
42 65 57 69
52 64 59 64
49 41 54 43
12 61 41 67
44 63 54 66
55 16 55 40
52 54 58 63
23 24 47 37
29 38 38 67
17 8 36 50
55 43 56 48
7 68 50 70
2 23 49 45
54 19 55 53
21 63 53 63
28 2 33 38
36 16 47 48
49 33 54 34
11 68 16 70
47 19 49 63
29 9 45 20
35 11 35 60
44 5 54 50
28 51 49 68
29 24 43 29
9 58 12 67
3 57 32 68
35 11 58 25
48 49 48 52
42 62 53 64
48 40 55 61
14 10 29 52
18 66 45 66
7 49 34 67
25 5 36 11
23 68 59 68
54 12 57 68
21 60 47 64
27 21 55 22
15 69 30 69
38 44 38 68
8 16 33 65
5 46 49 60
47 44 56 63
7 55 11 55
59 62 59 66
5 46 33 67
10 56 40 69
32 21 37 39
32 43 47 57
9 6 27 60
1 46 23 64
54 17 59 51
3 59 9 69
50 45 52 51
52 50 54 58
12 35 16 63
40 26 45 50
17 32 20 44
29 42 33 54
59 62 59 69
11 23 32 54
43 8 53 13
51 8 55 31
3 45 46 51
16 29 51 39
23 29 45 45
2 32 11 39
56 20 59 52
57 60 58 62
23 47 42 52
31 54 49 64
35 64 37 69
47 9 55 11
50 21 51 42
1 10 21 45
11 11 16 37
8 31 39 43
5 28 28 46
17 50 55 61
5 52 42 55
36 28 51 49
39 14 48 66
17 66 20 70
36 52 40 60
44 69 51 69
34 14 34 27
59 28 59 70
53 23 53 53
17 60 54 62
13 37 50 70
44 22 44 52
41 12 53 32
40 26 41 67
15 13 28 47
16 40 48 65
51 18 51 19
32 64 32 70
12 61 23 63
17 35 56 52
10 47 26 61
15 60 43 62
23 70 29 70
50 34 58 51
17 50 41 63
40 3 46 47
20 52 29 68
51 31 58 66
14 5 30 11
19 2 41 3
49 25 58 37
10 9 47 11
36 53 49 66
5 53 47 54
26 36 30 38
51 17 53 55
52 43 57 47
28 48 57 68
50 36 59 70
34 27 59 57
55 15 55 62
2 51 35 58
42 10 47 50
5 14 43 67
43 46 47 60
23 35 49 67
14 7 40 7
59 12 59 34
41 31 42 32
4 4 58 6
21 47 53 57
58 12 59 59
34 70 48 70
3 44 47 62
49 32 59 34
56 35 59 44
31 65 50 69
48 60 53 68
21 5 40 6
42 11 45 49
36 64 59 66
44 3 54 48
47 65 47 67
7 27 18 43
9 65 59 65
20 45 22 61
23 12 42 28
14 48 17 55
8 44 41 56
25 40 51 52
42 53 57 60
11 8 21 49
42 67 53 68
24 21 36 48
5 41 14 56
31 55 48 63
11 60 53 64
59 3 59 66
18 24 38 33
21 44 40 52
23 51 47 70
22 49 44 56
53 37 56 67
8 33 50 65
36 38 39 70
38 30 38 41
31 29 49 41
6 40 43 53
49 37 55 42
56 8 59 33
37 42 59 66
53 25 55 31
48 24 55 49
15 67 17 69
58 47 58 56
52 3 52 69
43 26 54 33
9 4 27 14
35 26 48 43
20 8 36 58
30 24 58 32
32 64 45 64
43 54 43 64
12 11 20 67
4 67 36 70
7 64 13 70
48 38 59 53
15 65 40 68
24 33 52 36
56 48 59 64
15 4 29 62
20 13 27 50
37 38 48 57
6 62 54 62
27 9 51 26
6 1 43 32
31 37 31 44
6 42 30 57
53 33 56 58
2 67 36 70
54 45 55 56
11 10 54 46
49 7 49 34
39 60 41 62
38 40 56 62
12 16 28 29
7 46 13 68
8 51 56 59
57 47 58 52
57 30 57 49
40 18 50 59
3 51 41 62
44 55 58 64
58 16 58 67
43 10 48 63
22 64 33 66
21 14 51 23
48 70 57 70
22 37 34 37
33 27 49 37
44 39 54 52
37 43 44 48
22 63 56 63
