87 22 4898
.X..X.XX.X........X...
............X..X......
.XXXX....XX....X....X.
....X....X............
...X.X............X...
..X..X..X...X.......X.
...X.X...X............
.X......X...X....X...X
....X..........X.X.X..
...X...........X.X..X.
XX....X....X......X...
..X......X.X..X.......
..............X.......
...........X..XX.X....
......X.....X.........
..X....X............XX
...........X....X.....
....X.......X.........
.XX...X....X.X..XXX..X
XX...........X........
..X...X..X.X...XX..X..
.........XXXX........X
....X.......XXX....X..
....XX..X..X.X...X.X..
X..XX.............X...
.X...X.X.....X........
.....XX.....X.XXXX....
......X....X..........
....X.X..X.X..........
...............X..X..X
.X..XX................
...........X.........X
................X.....
XX.X..................
X.XX...X.......X.X...X
.......XX....X...X....
X............X...X....
.X............X.XX..X.
......X.X.............
....X..X..X.X.....X...
...........X.X......X.
..........X.X.......X.
XX.........X........X.
.....X.X...XX....X..X.
........X......XX.....
.........X.X..........
.......X..............
..XX..........X......X
..X..XX......X.X......
..............X...X.X.
...........XX.........
X.............X..X....
.....X..X.......XX...X
X.X..................X
......X.............X.
.............X........
..X........X.....X....
................X....X
...X..........X.X...X.
....X......X.....X....
...X.......X..........
.....................X
............X.........
.........X.X........XX
....................X.
.....X.....X..X.......
.XX.X..............X..
X..X....X...X..X.....S
..XXX.........X..X..X.
.X.............X..X...
................X.X...
.......X...X..X..X.X..
....XX...X..XXX.....X.
X...........X......X.X
........X.......XX.XX.
..X..X..X............X
X....X.........XXXX...
..X.......XX....X.X...
..X..X....X...........
.X...........X......X.
..X.....X...X..X.X..XX
.X.X.......X.......X.X
.....X................
.X............X.......
X........X........X.X.
........XXX..X....X...
............X.X.......
84 2 87 17
77 21 83 22
19 4 54 9
20 5 54 20
30 10 43 11
19 19 49 21
27 1 78 6
23 12 74 14
2 21 76 22
5 15 12 22
47 10 84 12
44 2 68 6
4 21 21 21
84 6 85 8
20 20 36 20
78 4 84 14
3 18 85 18
29 21 41 22
80 20 84 21
57 22 68 22
85 11 86 21
65 17 71 19
11 2 82 20
62 21 69 22
61 1 76 4
42 21 56 22
14 21 72 21
30 8 67 21
24 5 69 22
57 9 73 11
69 19 86 19
68 2 73 3
31 10 71 19
30 6 52 17
51 20 55 21
9 14 34 20
55 4 83 11
87 14 87 22
87 7 87 16
26 17 40 22
54 21 74 22
13 12 18 19
20 21 61 22
63 4 64 7
38 20 58 22
22 4 42 22
29 14 42 21
36 20 48 20
4 13 23 21
9 8 50 10
65 14 78 20
47 2 76 10
87 11 87 13
53 14 68 18
7 10 47 13
62 22 63 22
72 1 86 21
33 11 40 15
13 7 61 16
45 1 65 16
82 18 86 20
67 13 80 13
27 7 34 19
33 20 58 22
42 5 63 7
26 6 46 8
61 1 72 8
29 14 66 18
42 8 79 15
74 5 83 14
78 16 86 21
15 16 78 22
56 18 61 20
44 18 50 19
69 3 72 15
33 8 54 9
33 3 55 3
13 2 34 17
46 5 50 20
16 9 39 11
75 18 79 19
19 4 78 11
28 6 71 11
25 11 35 17
85 21 86 21
12 15 47 16
72 4 80 12
54 21 77 21
13 9 24 15
51 20 79 22
16 14 17 14
2 3 83 10
52 3 67 4
77 11 81 15
61 8 85 19
43 6 86 12
85 7 86 16
87 1 87 2
42 7 87 16
36 9 63 17
74 12 75 16
13 14 64 18
57 22 75 22
8 10 69 19
9 12 18 18
73 22 73 22
12 20 30 21
30 10 70 18
85 12 85 19
17 16 84 17
83 6 86 6
20 1 54 7
51 8 73 16
35 1 70 11
86 15 87 17
61 22 64 22
3 13 32 19
35 10 72 13
25 10 57 16
4 11 47 12
4 10 67 11
59 8 60 9
7 7 71 17
63 3 69 3
27 16 63 17
6 9 47 11
36 19 65 21
24 19 53 19
20 14 72 19
40 13 73 18
21 7 28 12
57 10 64 15
28 4 79 17
10 22 69 22
56 10 57 19
69 11 79 16
65 9 68 14
33 13 83 20
81 19 86 20
47 11 63 22
74 21 80 21
15 22 82 22
7 5 41 6
19 7 76 8
87 7 87 12
40 21 45 22
26 11 78 11
19 17 43 18
66 21 74 21
22 10 47 15
80 1 80 2
53 2 83 13
73 8 83 8
44 17 76 20
51 14 79 20
32 15 44 21
41 1 60 20
72 3 74 11
15 20 55 22
82 11 82 14
53 22 64 22
46 6 80 20
21 20 44 21
20 21 43 22
8 14 79 22
40 5 45 19
31 18 80 18
77 18 83 20
2 13 52 22
69 1 82 22
40 11 43 17
32 17 34 20
12 14 53 17
25 10 51 19
69 18 74 18
5 4 53 6
35 9 53 11
78 14 87 20
37 5 72 11
12 2 29 20
24 21 44 21
63 15 68 21
1 5 61 18
25 5 67 13
67 15 71 21
20 9 32 12
85 18 85 21
41 7 56 15
23 16 46 22
61 13 63 17
52 5 79 16
26 17 42 22
12 1 71 21
34 5 36 10
26 6 40 22
54 2 85 4
45 21 73 22
30 18 59 19
16 6 21 22
57 6 79 12
72 12 86 12
27 18 63 18
1 2 85 4
30 21 67 22
49 7 69 7
30 5 65 5
30 15 64 21
66 10 66 22
11 18 31 19
82 10 84 22
42 14 59 21
26 17 49 20
43 5 80 13
75 8 75 21
16 1 32 1
74 15 84 16
12 1 34 7
45 1 61 20
29 17 69 18
12 12 21 17
70 9 70 22
80 17 80 18
60 13 86 21
84 10 85 12
51 12 53 14
52 3 61 22
4 22 38 22
49 12 69 15
4 13 18 20
62 17 79 19
79 8 86 9
20 13 74 15
8 14 23 14
60 2 66 22
30 15 64 22
83 19 87 21
58 6 59 17
25 15 65 21
84 13 84 20
65 12 80 12
56 18 87 21
4 15 8 18
17 4 86 4
62 19 69 21
76 17 76 21
28 17 83 21
78 13 86 17
36 6 44 18
38 10 82 16
9 22 15 22
16 20 70 20
34 6 70 10
37 22 78 22
37 1 63 4
11 4 43 21
29 6 50 8
86 6 87 18
39 12 71 12
6 1 37 15
70 7 72 15
27 21 47 22
68 8 79 21
5 11 59 18
24 22 60 22
24 4 27 15
15 15 80 19
34 7 55 11
37 17 76 19
14 7 18 17
80 7 81 11
73 22 78 22
14 9 38 15
71 9 71 22
48 1 75 13
48 10 65 22
39 16 41 21
33 17 63 19
85 22 86 22
37 5 45 9
35 21 51 21
58 16 79 16
62 10 83 14
13 12 74 19
59 14 83 14
38 19 40 22
31 1 38 16
10 3 69 13
13 6 78 6
23 17 69 17
33 16 55 20
39 11 66 18
43 22 54 22
20 5 86 8
27 9 58 20
83 17 83 18
52 15 82 17
65 9 65 22
80 19 83 20
7 22 82 22
85 10 86 16
42 6 59 13
33 21 60 21
18 11 72 21
37 9 45 20
57 5 85 19
49 2 84 12
22 5 56 6
78 1 80 21
47 3 70 17
5 3 79 10
50 9 71 21
78 15 87 20
64 21 73 21
30 1 72 21
54 9 73 12
45 18 69 20
74 16 80 20
67 21 80 22
66 2 74 8
48 7 48 21
84 7 84 7
20 17 86 22
1 3 80 6
74 9 87 9
3 5 46 12
2 6 65 19
23 21 70 22
54 5 76 9
12 13 84 17
27 13 85 16
73 7 76 17
65 2 79 12
84 5 85 19
14 5 49 16
57 14 60 22
49 13 71 20
57 10 81 17
25 19 58 22
57 17 81 21
65 2 80 11
74 7 75 21
81 8 82 15
74 20 81 21
13 22 70 22
35 9 70 17
9 15 73 20
34 10 86 20
51 22 59 22
51 1 76 4
29 5 31 8
86 9 87 20
76 17 82 20
22 6 31 14
10 7 83 21
23 19 51 22
38 22 61 22
49 19 52 22
36 11 61 22
69 13 72 14
31 2 75 2
23 16 85 16
83 8 86 8
60 12 67 13
58 20 76 21
70 4 84 6
7 11 64 14
68 9 72 9
29 10 58 21
18 13 19 20
73 9 74 18
82 3 85 3
39 7 71 13
14 21 41 21
75 1 84 22
87 8 87 9
69 1 86 17
55 19 61 20
61 22 67 22
7 20 62 22
81 15 84 22
61 16 73 17
10 19 13 20
8 1 42 11
65 5 80 20
76 10 83 12
86 12 87 16
58 6 68 16
65 17 77 19
27 9 84 18
11 18 62 21
2 3 53 11
25 17 79 19
61 22 70 22
87 16 87 19
66 22 73 22
73 12 82 14
71 5 81 17
10 9 45 22
50 11 75 16
87 8 87 20
18 1 28 6
62 4 81 14
9 13 59 15
29 19 37 21
70 15 77 17
71 10 76 14
46 16 67 21
15 9 77 13
81 18 82 20
67 2 76 21
48 11 71 14
30 19 64 20
8 9 47 16
64 9 66 12
40 4 57 20
77 8 80 12
52 13 82 21
76 11 86 18
52 2 59 18
47 19 77 21
65 3 70 22
7 9 40 20
4 8 81 21
64 19 87 19
40 9 61 12
81 13 84 21
26 3 80 15
8 6 32 16
76 14 80 20
57 19 69 22
81 10 87 15
80 2 86 16
45 4 81 7
46 22 54 22
26 14 47 21
53 12 65 22
26 5 81 13
31 19 57 22
82 10 85 12
3 18 86 19
52 12 86 14
48 22 68 22
79 16 81 19
63 3 72 22
79 14 79 21
70 6 75 13
68 21 80 22
80 10 85 10
41 9 68 17
5 3 25 15
45 12 77 14
7 8 27 8
53 1 86 22
70 18 81 20
75 2 79 5
48 10 69 12
51 11 84 15
74 17 78 22
55 10 75 18
16 12 86 13
10 15 41 15
58 13 77 14
83 3 83 11
55 1 62 18
34 16 77 18
21 15 33 16
84 18 86 22
46 7 51 7
82 6 87 11
67 8 87 20
31 4 49 13
40 11 46 11
66 5 85 5
57 7 80 19
19 14 44 16
36 17 87 18
70 11 85 20
12 16 56 22
65 20 76 22
63 8 82 21
19 22 82 22
69 2 74 2
66 21 78 21
28 9 48 15
43 11 57 14
41 21 83 22
19 16 50 16
80 7 80 18
67 17 74 21
18 6 32 18
12 2 21 4
32 5 41 9
26 22 32 22
20 17 34 22
11 14 24 17
23 19 55 20
78 13 86 20
54 11 83 11
51 10 62 16
2 20 74 22
22 8 64 9
21 7 75 16
35 17 41 21
85 1 85 7
14 9 49 10
62 21 73 22
9 13 47 18
43 21 44 22
52 16 56 17
62 14 75 17
76 9 82 20
66 11 74 20
86 17 86 20
13 16 57 18
74 13 86 19
84 2 86 3
69 9 73 14
22 10 58 17
72 6 82 6
49 13 51 13
26 8 82 21
2 14 57 18
75 11 77 13
9 5 14 16
70 9 74 15
49 1 69 14
64 5 85 11
21 7 73 20
56 3 87 14
1 8 41 10
27 1 63 14
81 9 85 21
16 6 24 21
44 6 63 9
61 3 73 21
29 6 67 7
46 18 55 21
59 4 67 7
63 22 75 22
26 7 45 12
61 12 87 19
38 10 38 22
38 2 43 17
16 13 61 14
75 11 79 13
46 17 80 20
73 19 73 20
59 9 71 17
37 3 75 10
17 3 64 9
1 22 62 22
3 6 49 19
12 20 26 20
45 12 47 16
6 8 18 22
10 5 31 10
56 5 87 8
34 19 66 22
60 21 82 21
75 3 81 21
34 22 55 22
44 21 50 22
75 17 78 20
26 6 30 14
86 18 86 22
56 5 67 13
36 19 87 19
62 21 83 22
70 18 84 18
49 4 76 20
10 13 16 20
38 12 79 12
8 5 29 11
21 8 29 11
20 16 49 18
81 3 83 12
56 16 87 20
52 11 73 13
75 18 77 18
27 17 33 18
38 21 57 22
85 18 86 22
32 13 86 18
41 19 86 20
58 17 72 19
1 9 25 13
83 12 87 20
2 19 9 20
39 12 60 13
5 1 85 19
59 8 75 21
37 20 70 20
77 14 83 22
63 19 77 19
80 13 85 21
7 6 30 6
4 2 40 6
42 8 87 15
28 5 73 20
56 17 71 21
78 11 82 11
75 17 82 21
60 21 83 21
27 22 60 22
4 2 56 11
18 10 74 15
1 13 50 22
77 9 80 13
53 14 65 18
55 14 70 22
66 4 85 21
72 10 75 11
66 1 80 10
19 6 34 21
3 15 67 16
10 11 50 11
23 17 73 19
76 13 80 22
51 9 77 15
65 9 76 12
30 13 51 16
15 9 82 9
26 15 37 17
56 14 70 22
55 15 61 16
86 8 87 18
32 10 46 13
44 7 85 20
78 10 84 22
45 16 72 21
5 9 16 12
30 2 87 5
5 9 6 10
77 7 78 9
18 18 29 22
69 4 70 13
75 9 77 17
8 12 49 21
14 16 57 20
5 4 53 8
68 15 70 18
43 6 72 19
80 4 84 5
54 15 73 18
67 1 76 6
54 13 66 20
53 11 82 21
41 14 75 22
45 14 64 14
58 2 62 16
18 2 44 19
11 20 25 21
52 6 66 19
74 17 80 21
61 20 66 21
86 10 87 15
53 10 53 22
4 10 85 10
20 16 36 20
9 16 84 19
33 2 35 2
84 21 87 22
14 18 34 19
87 9 87 22
45 11 84 12
27 15 27 20
68 1 68 18
25 16 58 21
74 22 82 22
48 2 65 14
7 17 83 20
29 10 72 17
64 9 65 17
40 11 42 19
48 17 52 17
21 6 59 12
51 7 69 22
56 18 60 21
72 9 74 13
56 21 73 22
18 8 81 9
59 16 78 17
62 22 65 22
21 16 48 22
66 9 67 14
69 2 70 5
17 5 32 12
61 21 79 22
78 4 82 16
34 13 36 15
32 20 69 22
1 19 46 21
34 12 70 13
24 12 27 14
34 6 64 16
69 12 84 17
58 14 79 16
42 22 70 22
10 19 78 19
56 4 84 7
36 17 77 17
13 18 57 20
24 6 85 12
11 2 14 21
7 12 47 15
31 16 34 19
30 19 82 19
31 7 69 11
87 19 87 20
74 9 74 22
34 5 56 5
6 15 51 17
51 9 67 15
35 17 85 19
4 7 57 18
5 16 75 16
4 10 4 10
27 10 71 17
50 3 54 9
49 17 81 19
2 17 11 19
46 19 70 21
82 11 83 11
30 12 44 15
83 22 86 22
55 9 58 22
20 4 74 5
18 6 54 8
31 14 51 14
74 6 78 10
70 16 79 21
31 9 50 17
46 16 47 18
66 22 75 22
20 18 48 22
79 13 87 18
79 20 87 20
72 10 73 21
28 11 59 19
22 20 62 22
73 22 77 22
35 10 76 15
45 16 46 20
16 14 65 15
7 13 42 13
30 15 56 19
31 20 87 22
38 20 71 20
78 13 86 18
2 2 39 14
28 16 29 20
38 7 46 7
2 5 11 20
73 6 76 7
41 17 52 18
24 18 28 20
20 8 73 21
39 14 68 20
52 4 80 7
69 11 72 12
55 17 67 18
66 5 67 11
66 3 86 4
79 9 81 19
8 15 50 17
49 4 85 9
11 17 46 18
60 5 86 15
76 1 83 20
72 15 78 21
86 11 87 19
33 22 81 22
81 10 82 19
22 5 86 20
9 22 48 22
64 17 64 18
61 9 82 12
32 13 40 21
14 15 80 15
39 10 68 20
15 22 40 22
37 18 40 21
14 11 58 19
39 22 50 22
75 6 87 6
61 15 69 15
20 17 74 22
22 17 22 18
71 14 84 15
4 17 55 21
18 20 80 21
73 4 74 22
43 1 44 6
7 5 61 5
81 9 86 11
4 17 74 21
19 16 73 17
73 6 86 13
75 6 80 15
60 13 67 17
41 22 76 22
45 15 64 17
26 18 54 19
17 19 46 20
75 6 85 9
45 16 83 20
51 12 60 15
61 11 79 15
30 18 79 18
81 20 83 22
31 3 77 4
11 4 70 10
83 5 85 12
39 4 83 22
25 22 41 22
53 22 77 22
18 20 87 22
3 15 7 21
9 3 56 16
68 4 76 9
3 16 76 21
69 6 84 8
71 5 81 20
56 12 56 22
25 18 75 18
62 12 70 16
83 8 83 20
36 3 87 17
78 3 82 11
12 10 50 22
16 21 25 21
65 22 84 22
84 22 86 22
78 18 81 20
27 16 31 19
7 16 66 16
68 22 79 22
26 5 86 15
83 20 85 21
85 8 85 11
15 18 23 19
57 6 86 16
6 6 10 22
73 13 73 15
84 14 87 18
2 20 68 22
84 19 84 22
58 14 84 21
46 13 69 17
39 12 47 20
30 14 55 14
13 15 53 18
56 8 71 13
59 19 71 19
78 1 86 4
68 3 69 4
20 2 85 18
23 20 67 20
2 15 63 17
25 3 37 11
70 6 81 11
48 4 59 18
60 2 64 17
54 6 59 6
36 11 69 20
79 6 83 19
28 16 46 22
39 7 68 14
12 10 75 19
70 18 70 22
83 18 86 19
37 5 74 10
36 3 61 3
41 17 67 20
67 7 84 13
47 5 68 21
8 13 44 18
81 8 85 17
58 10 75 12
60 9 79 17
7 17 30 20
54 18 71 19
62 6 65 6
3 18 82 22
73 4 74 20
10 22 21 22
68 3 76 18
15 10 31 16
66 5 69 14
30 14 70 19
32 19 34 19
59 7 69 13
11 9 62 13
18 8 68 12
39 12 66 22
83 22 83 22
26 11 50 18
63 21 69 21
7 5 82 10
35 18 43 20
67 16 75 18
26 3 30 5
54 15 67 19
1 19 30 21
24 1 58 18
58 15 70 19
45 3 80 18
63 7 75 7
33 12 84 22
33 18 80 22
5 16 73 19
64 7 87 17
87 8 87 12
3 11 80 17
63 6 67 6
50 7 57 16
14 14 52 21
56 13 79 17
11 7 31 8
26 8 81 10
42 3 47 16
41 11 73 13
68 20 77 20
58 6 65 22
60 10 61 13
48 11 57 18
49 7 53 22
65 11 78 11
27 2 84 19
70 22 84 22
36 13 57 21
72 4 72 10
33 6 79 18
44 8 52 19
45 15 74 15
24 6 43 6
8 20 18 22
27 14 50 21
3 4 82 20
11 13 16 13
4 1 17 2
39 16 87 17
9 17 65 20
22 11 26 13
30 19 31 19
63 15 69 16
26 11 38 15
74 11 75 20
43 20 81 22
38 12 79 21
19 17 75 21
82 7 87 8
82 3 84 13
37 21 48 21
30 19 47 21
39 8 81 17
28 3 87 15
3 13 81 15
81 4 85 14
75 7 75 13
13 14 50 18
84 4 87 15
38 17 80 21
60 17 70 22
31 8 38 16
67 1 82 9
34 7 85 7
79 9 87 22
11 18 45 21
82 8 83 17
36 5 86 16
65 3 79 19
26 20 34 20
76 18 86 19
64 22 81 22
79 10 84 13
70 9 72 19
67 16 78 16
73 11 73 13
15 12 41 22
32 12 54 17
66 15 77 15
38 5 87 5
39 18 49 22
25 2 83 22
24 16 52 16
68 16 78 16
85 12 86 21
83 14 84 18
77 19 83 19
26 13 79 21
85 1 87 5
15 3 74 22
34 13 67 13
79 16 86 16
25 8 72 21
68 4 87 4
62 20 74 20
39 17 63 19
61 20 83 21
76 1 83 5
60 13 86 18
71 3 83 8
15 22 47 22
76 3 87 22
56 8 81 19
77 9 82 14
23 18 43 22
29 8 78 9
84 11 87 21
67 5 85 18
48 15 82 22
26 3 72 5
36 20 39 21
80 16 85 22
55 12 58 18
41 6 61 18
39 12 49 12
87 6 87 14
56 4 80 13
11 9 33 11
3 17 79 19
75 16 86 20
20 22 55 22
82 7 82 12
47 3 51 14
66 4 72 15
56 17 77 22
63 2 66 2
32 11 82 13
22 3 29 16
73 18 83 20
24 5 51 8
27 17 71 18
85 20 85 21
47 20 82 20
41 22 66 22
27 18 69 18
81 6 84 19
24 10 27 20
66 22 81 22
58 21 78 22
18 6 61 13
79 4 83 12
42 11 42 13
39 13 77 20
85 14 85 18
82 17 86 22
56 21 71 22
61 17 71 20
76 17 79 21
33 4 74 19
6 16 36 18
57 21 65 21
26 4 81 7
84 2 85 9
59 22 69 22
4 2 72 14
65 8 68 15
12 12 35 19
74 8 80 19
45 8 53 21
63 7 68 8
16 21 36 22
51 9 75 18
1 21 61 21
18 17 50 18
82 18 86 22
6 19 33 20
47 18 67 20
9 14 26 15
65 15 66 15
82 3 84 21
69 20 80 21
71 12 71 19
19 17 55 22
54 21 58 21
56 2 67 22
76 12 81 22
21 6 39 20
35 9 61 19
40 3 45 16
22 18 27 18
48 5 69 10
50 4 67 10
58 1 82 13
64 5 82 11
28 2 54 12
32 19 76 19
37 22 72 22
25 19 56 20
41 21 65 22
63 16 78 16
83 2 83 12
11 16 24 17
65 6 71 11
53 2 63 9
78 10 79 17
73 7 76 19
51 18 61 18
25 3 29 3
14 14 36 15
18 1 43 20
1 9 21 11
15 21 63 21
81 4 82 7
31 20 62 20
82 13 87 15
68 3 78 9
20 12 70 17
2 10 77 15
67 12 67 12
56 6 64 13
52 4 54 18
59 12 69 12
63 3 73 22
4 3 26 16
49 15 70 19
86 16 87 20
70 11 85 13
25 21 82 22
12 1 47 18
67 9 86 12
80 19 86 21
86 20 86 20
26 11 30 17
17 12 43 16
68 14 80 20
73 8 84 9
39 14 84 20
31 16 85 18
46 8 46 18
53 18 73 22
29 18 83 21
24 2 70 6
49 1 67 10
13 16 60 21
5 5 75 8
48 7 56 9
77 12 80 17
48 19 55 21
80 13 86 19
55 18 77 20
32 9 47 20
37 4 55 4
79 22 85 22
77 1 86 5
6 9 34 18
18 22 28 22
50 5 64 13
10 3 62 9
44 9 84 21
70 16 83 16
1 2 59 9
5 11 76 16
86 12 86 22
63 18 81 20
44 8 70 16
29 20 41 22
78 5 78 17
1 21 39 22
21 1 72 20
14 1 61 10
17 15 62 22
65 1 71 5
30 17 76 19
50 5 59 22
27 19 35 20
42 13 80 14
12 17 16 22
35 9 55 13
44 3 57 3
87 17 87 17
36 20 86 20
35 5 65 16
46 18 69 21
75 2 79 21
67 16 79 17
54 10 71 18
47 13 79 21
80 15 83 22
29 21 48 21
10 22 39 22
8 17 53 20
30 20 86 20
73 14 87 16
20 22 70 22
6 13 58 13
18 2 32 22
50 1 66 21
25 20 44 20
72 12 76 18
60 1 65 12
61 15 85 22
84 20 86 22
43 11 44 22
3 6 43 11
73 19 73 21
33 22 71 22
41 2 54 14
67 11 77 15
31 8 83 18
69 5 74 5
2 6 32 10
14 21 27 21
50 17 50 17
74 1 87 19
74 8 85 14
10 11 73 21
14 3 71 14
85 2 85 14
70 17 70 19
15 10 68 10
1 17 28 18
82 16 86 19
82 5 83 8
58 9 68 21
43 17 74 20
11 22 45 22
25 16 55 22
2 10 76 21
61 22 80 22
64 8 72 21
25 8 26 11
43 18 68 22
17 16 47 21
30 12 55 19
31 17 84 18
47 5 84 5
31 1 32 17
84 18 86 18
76 8 79 20
39 6 85 20
38 4 55 15
52 13 76 13
87 3 87 20
64 21 69 21
35 10 63 17
11 11 59 11
84 5 87 18
44 1 49 19
51 19 60 22
5 19 57 22
14 15 41 17
13 5 47 6
80 17 87 20
76 9 82 17
55 4 72 9
63 19 68 22
64 1 64 20
86 14 87 15
45 15 48 16
7 22 12 22
33 9 74 15
10 19 16 21
16 9 53 17
38 10 40 15
57 10 57 14
71 15 81 15
19 5 86 12
49 4 85 13
9 13 13 15
17 3 24 6
64 8 86 9
36 18 82 19
8 9 43 12
22 6 30 22
6 16 6 17
27 17 85 17
6 17 66 19
60 9 86 9
50 4 57 16
8 6 83 16
53 14 81 15
73 2 84 3
63 10 76 21
46 16 76 16
75 5 76 16
59 6 84 14
15 14 70 22
6 18 71 22
21 22 81 22
7 2 38 13
48 7 75 11
2 1 49 8
10 22 62 22
34 7 74 22
5 2 72 8
48 17 86 18
12 8 64 12
59 12 87 14
83 13 85 15
57 3 77 22
33 15 39 15
38 4 84 18
85 3 85 6
25 9 80 12
81 14 86 19
14 6 48 12
36 8 67 19
12 11 61 21
46 14 84 15
71 9 74 11
4 15 16 19
16 2 50 2
26 6 59 15
27 2 79 2
71 20 75 22
83 1 87 19
51 11 79 20
8 9 40 10
76 18 78 21
79 3 79 13
61 10 74 19
15 3 38 10
8 12 21 21
63 11 66 14
78 5 80 8
57 15 86 18
64 12 77 12
66 17 72 22
81 11 81 20
50 20 52 22
20 17 72 17
12 20 20 21
72 13 75 16
24 17 49 17
16 19 64 22
23 17 53 21
64 14 78 21
53 4 85 15
6 19 63 19
57 11 58 21
15 21 37 22
22 18 68 19
15 1 46 17
3 1 12 13
61 5 79 13
68 11 86 18
84 16 87 16
22 2 86 20
22 11 60 16
82 8 83 16
2 21 58 22
12 17 51 19
15 7 20 20
76 3 80 6
15 5 40 5
13 19 37 20
41 14 80 15
71 19 86 22
17 9 71 11
12 1 55 9
4 19 21 22
42 7 55 9
87 14 87 22
77 11 87 12
29 17 57 18
53 12 87 20
49 15 68 18
9 6 9 16
3 19 55 22
62 1 79 4
17 22 41 22
83 5 87 11
59 14 73 22
19 16 47 18
68 16 76 20
87 5 87 21
62 11 78 12
11 2 77 14
66 18 67 22
87 13 87 21
62 13 81 18
58 11 84 12
44 9 53 22
52 2 75 14
9 18 38 20
83 13 86 22
15 10 55 15
55 21 79 22
44 13 84 20
20 21 60 22
33 22 56 22
5 14 65 18
45 8 62 22
71 12 76 17
74 14 85 19
34 6 79 22
64 5 69 16
83 8 87 8
14 16 67 18
13 12 28 18
54 17 87 21
73 5 77 21
44 21 67 21
20 11 34 17
66 9 78 16
79 22 82 22
60 19 68 19
54 8 73 18
52 19 70 20
79 21 86 21
66 22 66 22
17 4 69 6
38 22 66 22
45 1 73 21
19 1 38 8
81 8 87 18
20 10 44 16
13 12 56 14
76 21 82 21
15 15 15 20
23 6 29 19
67 10 70 10
87 14 87 14
11 4 31 18
47 10 71 11
68 8 74 12
13 22 68 22
26 21 34 22
8 3 68 12
34 5 78 18
69 6 73 19
23 13 81 18
6 12 62 16
78 7 82 21
23 6 42 14
68 15 72 17
81 18 85 21
45 2 50 4
78 11 79 13
42 10 61 10
33 14 63 17
40 1 82 18
40 7 73 8
84 1 86 19
24 14 33 22
75 20 83 21
28 8 31 19
77 19 79 19
78 19 81 22
80 4 82 20
51 8 82 9
85 9 87 12
72 21 76 22
7 6 39 6
84 1 86 11
42 3 58 12
18 1 30 5
39 3 63 7
10 18 33 18
74 14 77 22
46 3 51 14
45 6 51 11
7 10 32 18
42 10 52 16
51 2 61 20
13 14 43 22
79 10 86 14
75 5 83 19
59 21 85 22
84 6 86 7
59 16 65 18
63 22 85 22
54 4 59 17
64 14 69 22
78 5 80 14
87 2 87 6
12 10 42 14
11 17 76 22
16 4 20 11
42 11 43 17
68 13 83 15
71 10 79 22
41 18 50 19
24 3 36 16
67 14 81 22
28 22 57 22
4 10 68 11
45 7 70 19
26 9 65 22
85 14 86 14
81 2 81 17
85 1 86 8
11 3 17 8
35 5 43 19
21 21 64 22
10 20 76 22
46 5 67 14
49 6 66 10
81 5 81 13
53 5 87 7
74 16 84 21
72 17 84 21
49 3 53 11
87 7 87 13
33 3 36 19
53 7 83 16
76 5 78 22
10 21 78 21
81 4 86 4
2 10 36 21
45 16 83 17
50 4 86 8
60 12 84 20
72 5 78 13
53 15 76 15
27 17 62 22
41 1 63 6
23 6 62 15
36 4 67 6
20 16 28 20
63 5 78 10
51 8 63 20
53 19 61 21
60 16 73 16
1 15 17 18
49 8 68 18
17 15 62 16
20 13 53 22
21 14 43 16
40 4 67 5
29 12 64 19
31 7 37 9
75 9 85 10
5 19 87 19
41 13 86 19
16 19 70 22
26 9 68 22
64 15 86 18
71 19 82 22
63 16 87 21
25 12 36 18
29 15 49 20
31 7 61 12
7 8 7 9
21 16 38 16
36 21 41 21
37 4 79 22
29 17 38 18
48 10 58 11
31 12 70 17
29 5 66 17
12 4 77 5
16 10 60 20
47 3 61 21
39 21 74 21
59 15 69 18
54 21 76 22
62 16 71 20
80 11 87 17
35 5 83 10
86 20 86 21
54 17 84 20
30 21 85 21
70 14 71 15
81 22 85 22
6 3 80 9
70 12 81 17
72 22 76 22
26 2 64 22
5 2 73 18
78 7 84 8
46 7 66 19
50 8 67 20
52 15 77 16
46 15 70 22
38 17 77 21
57 9 61 15
6 13 71 18
25 3 47 9
28 17 28 18
85 2 87 3
41 13 43 14
44 22 59 22
10 12 37 12
60 2 86 2
8 4 77 6
84 9 86 22
6 22 32 22
44 5 67 5
26 9 28 19
55 4 87 5
69 8 72 17
46 9 55 18
5 17 50 20
8 4 25 15
77 18 77 20
54 4 70 15
9 19 19 20
38 19 50 20
32 4 87 12
2 4 23 11
76 11 79 16
78 11 85 22
3 20 11 22
7 18 81 22
41 4 81 22
51 5 59 15
57 18 60 21
22 21 77 21
57 10 73 11
50 10 54 10
57 5 68 10
69 5 73 14
57 13 78 18
10 5 19 16
21 13 59 21
14 17 57 21
2 1 24 13
62 5 82 6
3 7 74 20
72 7 82 9
29 22 85 22
16 2 73 8
35 2 62 20
86 7 87 15
71 7 83 12
86 18 87 22
67 16 87 16
75 17 80 20
70 21 79 22
11 15 66 21
74 15 83 15
12 2 61 14
61 15 63 19
22 16 33 19
42 10 81 20
30 20 47 22
28 15 31 18
23 12 85 22
62 6 87 14
12 4 14 16
19 22 84 22
40 2 50 5
82 5 86 14
72 12 76 20
23 5 70 12
36 19 40 19
83 17 85 17
72 3 87 9
55 21 86 22
11 11 33 20
32 11 40 11
52 22 53 22
19 3 47 5
34 18 77 20
26 19 41 20
7 10 58 18
6 13 71 19
79 5 80 20
15 8 40 18
19 4 23 22
52 10 63 19
79 18 82 22
63 17 77 20
87 17 87 19
47 4 68 16
86 20 86 22
60 19 74 22
14 14 82 16
40 8 70 18
38 14 64 16
33 17 80 22
75 21 83 22
11 6 60 20
31 7 72 22
40 15 79 20
41 5 46 16
57 7 87 17
65 18 73 22
13 2 70 10
22 16 76 16
35 10 74 11
9 21 72 22
36 6 77 13
76 14 76 19
62 14 71 19
8 7 36 10
1 21 79 22
64 4 84 7
64 4 71 8
73 20 76 21
3 22 87 22
71 5 72 16
36 22 73 22
11 9 45 22
51 20 64 22
60 13 70 19
80 13 87 16
8 6 63 16
60 20 69 22
83 10 83 16
24 3 53 9
1 18 25 22
51 3 53 15
49 15 53 19
53 14 85 16
43 8 60 11
5 3 49 6
84 8 87 11
9 5 84 5
82 7 86 22
27 22 34 22
13 10 38 10
40 11 40 17
30 2 39 21
10 3 40 13
11 10 16 21
34 13 78 22
85 11 86 14
33 2 72 2
64 5 87 17
20 12 24 12
74 3 78 18
50 4 59 14
74 18 80 22
63 12 63 17
40 13 55 17
48 14 80 14
45 14 66 18
22 21 37 21
84 10 87 13
57 9 60 22
62 12 76 21
50 3 74 4
47 19 56 22
71 18 83 20
61 4 77 20
49 19 71 19
30 3 31 3
70 21 73 22
3 17 68 20
62 11 75 13
16 11 70 13
74 9 79 19
83 10 86 10
77 5 85 10
64 2 83 10
10 2 11 22
59 20 79 20
68 19 83 21
33 9 69 21
86 1 87 9
83 16 83 18
41 2 46 2
10 8 44 8
22 6 63 15
36 1 86 14
10 10 35 20
48 18 87 22
63 22 87 22
79 4 83 4
36 16 36 16
23 12 25 17
23 12 26 15
56 10 87 21
33 14 61 16
17 3 67 4
33 16 80 21
58 10 58 14
70 3 70 11
62 10 71 15
77 7 79 22
19 22 31 22
71 16 87 16
47 16 81 18
40 21 71 21
33 19 45 19
75 10 81 17
12 16 46 20
54 17 64 21
77 18 86 19
50 20 56 21
48 16 66 18
85 7 86 14
19 16 45 20
3 5 77 8
74 7 77 11
49 2 78 6
84 10 86 16
46 14 85 21
53 15 73 16
25 1 35 4
20 1 28 19
13 3 62 16
34 3 85 9
22 5 39 6
4 12 76 13
14 1 46 2
25 9 55 15
44 5 82 8
11 17 85 17
66 7 84 7
57 22 64 22
21 13 56 14
56 7 65 9
76 6 86 10
81 5 82 14
47 16 81 20
85 7 86 17
8 17 33 21
39 12 75 22
31 4 62 8
35 18 67 18
20 11 81 15
77 4 83 16
70 12 77 12
66 3 80 15
53 21 75 22
51 5 81 16
40 18 74 22
52 1 54 13
27 6 51 16
64 3 67 13
27 1 50 20
54 3 64 19
65 2 68 19
10 9 50 19
32 14 68 14
71 22 83 22
14 16 83 21
16 17 46 19
85 19 85 21
55 9 76 16
81 2 87 12
20 5 20 10
73 15 77 22
54 12 81 19
19 6 31 7
64 5 65 9
70 4 72 4
45 10 55 14
40 7 82 8
35 14 51 14
31 21 65 21
71 22 75 22
81 2 83 3
41 16 51 22
16 12 79 16
71 3 82 9
12 17 67 22
49 12 68 12
33 6 50 22
52 14 70 21
52 17 75 18
54 16 67 21
62 18 80 20
79 2 86 15
86 6 86 13
30 21 50 21
77 1 77 4
55 2 71 10
38 1 84 3
63 16 87 17
67 22 77 22
14 22 54 22
35 20 83 22
57 4 83 14
84 4 86 15
32 9 57 19
82 12 82 17
72 20 79 22
76 22 80 22
37 4 44 12
66 20 79 21
5 19 18 19
15 10 65 22
14 18 43 19
65 19 72 22
23 6 58 13
15 11 24 21
27 10 42 12
1 18 21 21
86 15 86 22
10 22 46 22
55 13 76 15
24 9 37 22
32 11 48 16
37 18 53 22
20 2 25 14
42 13 64 17
63 7 87 15
66 2 76 21
51 21 69 22
51 5 62 18
1 16 74 18
84 21 84 22
54 1 74 13
9 20 28 21
87 9 87 12
3 22 38 22
84 14 87 22
48 20 50 22
78 11 85 14
52 9 61 21
15 19 67 22
49 5 64 12
15 3 44 15
28 9 67 21
67 18 75 20
10 3 51 15
22 9 65 9
17 19 60 20
64 6 80 11
27 10 62 20
54 16 56 20
85 4 87 15
79 8 84 12
65 3 69 10
71 8 73 22
40 11 42 20
81 14 84 19
10 4 13 11
73 19 80 21
69 15 75 22
29 19 86 22
11 10 12 16
78 14 80 19
46 17 85 18
74 9 81 13
59 17 76 22
63 4 78 7
61 20 72 21
41 21 71 21
65 17 67 19
2 19 28 22
28 21 77 22
64 13 65 19
32 15 52 18
44 21 52 21
51 14 76 18
10 6 37 19
50 20 76 22
50 13 62 15
83 10 85 16
37 3 49 13
12 20 36 22
45 7 52 12
75 22 87 22
31 17 61 21
6 9 74 20
32 16 68 18
35 13 46 22
25 19 39 22
14 4 64 21
49 2 67 21
65 10 70 19
53 3 79 19
53 19 56 19
49 11 54 15
40 2 55 17
77 4 81 8
87 1 87 10
68 17 71 20
66 8 80 19
78 8 79 20
7 17 22 17
1 14 43 16
39 14 68 21
61 16 65 16
39 10 86 11
55 13 80 19
64 21 77 21
17 12 58 16
59 1 78 16
6 1 69 15
19 22 43 22
48 5 83 20
34 1 83 21
52 7 70 21
7 22 11 22
4 18 46 20
10 21 26 21
77 19 80 20
80 12 83 15
45 17 50 19
4 13 30 21
10 20 15 21
72 17 83 18
20 9 53 13
21 6 55 20
61 1 74 7
43 22 49 22
75 6 76 11
83 13 87 19
63 1 83 14
10 16 56 18
42 11 87 11
31 11 65 15
79 5 83 22
71 8 84 21
53 20 73 20
71 19 78 20
58 7 63 7
52 6 57 8
35 2 40 18
83 10 85 12
1 18 46 18
64 13 65 13
5 12 58 15
67 9 75 11
54 8 87 19
38 10 65 11
14 3 86 11
86 2 86 21
34 22 71 22
59 6 73 10
76 8 83 16
22 10 67 16
33 10 68 15
70 22 83 22
71 9 86 15
65 5 77 7
51 3 61 20
87 19 87 22
80 3 84 21
78 14 79 17
20 6 67 21
17 22 78 22
34 4 65 6
13 5 53 18
8 21 18 22
15 15 62 17
44 2 45 9
57 14 70 21
76 3 76 3
80 5 82 7
80 8 80 21
17 3 44 20
87 20 87 22
24 18 83 22
55 7 83 13
45 11 48 14
21 3 82 6
84 2 87 2
21 10 46 21
65 2 86 2
9 6 12 22
56 20 76 22
63 16 74 17
33 18 81 19
28 2 35 15
8 3 68 14
49 21 74 21
30 16 69 18
63 8 82 13
49 19 81 20
52 11 61 22
80 20 83 22
10 11 50 12
26 14 44 16
14 16 15 22
36 13 78 16
30 16 72 19
16 21 38 22
33 19 38 22
84 20 86 20
16 20 34 22
40 2 71 18
69 6 74 15
20 19 78 21
37 4 84 9
58 2 86 8
64 3 85 12
11 1 39 12
25 8 69 22
57 22 69 22
22 2 62 2
22 20 26 20
47 13 69 18
73 7 80 11
77 3 83 12
14 17 26 19
5 8 38 15
2 18 33 19
63 9 71 15
47 4 72 8
82 20 82 22
48 6 52 10
36 2 59 12
38 2 76 10
84 8 86 9
79 8 83 12
64 5 75 13
84 6 87 7
34 7 71 7
28 14 79 21
16 9 46 17
44 1 47 4
82 22 83 22
35 13 77 19
10 4 70 4
57 22 62 22
82 1 82 13
27 13 63 18
27 20 71 22
78 10 82 16
1 13 43 18
33 10 79 10
19 21 84 21
19 18 68 22
31 16 32 16
45 1 70 5
17 11 48 12
32 4 81 20
14 16 38 21
85 13 87 22
54 13 73 15
7 5 57 9
18 16 39 21
54 12 84 19
12 13 36 15
4 8 42 13
50 9 76 14
30 16 51 21
10 12 43 22
62 4 73 17
60 21 85 22
42 4 57 6
70 14 86 20
85 22 85 22
63 12 81 14
68 4 81 10
54 9 87 11
6 11 56 12
61 19 82 19
2 5 11 17
9 20 29 22
5 14 64 19
79 20 82 21
41 15 57 21
6 14 64 21
78 18 86 22
46 20 67 21
8 12 11 14
21 9 67 19
68 18 87 21
7 19 39 22
44 18 61 22
69 13 69 19
24 20 76 21
53 11 54 17
3 17 17 18
13 13 77 16
30 3 47 8
50 17 84 19
24 22 41 22
21 7 35 17
74 20 79 20
43 14 46 17
5 6 49 21
17 22 75 22
54 14 80 18
74 14 87 16
78 17 80 21
32 13 68 17
73 12 73 21
78 1 86 12
44 14 52 19
66 1 70 6
13 16 51 18
43 8 85 18
70 7 85 17
52 3 54 3
52 21 68 22
14 1 84 22
7 12 84 14
85 10 85 11
76 5 86 11
18 1 46 2
71 16 71 19
78 17 85 17
19 7 69 13
60 19 79 19
72 14 74 21
86 2 87 10
77 5 80 14
5 14 34 17
10 22 55 22
55 18 84 22
53 14 62 21
84 21 85 21
77 19 86 22
86 3 87 16
64 3 81 12
28 16 61 16
72 19 83 22
66 15 85 19
27 15 53 22
27 6 59 11
75 22 82 22
58 15 71 18
77 21 77 21
82 3 86 3
30 19 80 21
52 16 74 20
71 5 83 18
83 4 86 15
24 1 51 17
8 22 10 22
54 18 86 18
64 15 82 22
18 13 38 19
30 9 76 16
13 12 87 22
55 5 71 18
65 16 87 16
48 16 49 16
76 13 77 14
79 9 81 13
52 4 57 5
9 21 11 21
10 10 21 13
11 16 81 21
80 9 80 20
33 13 58 16
21 22 66 22
36 15 68 18
78 18 85 19
51 13 72 15
9 3 12 20
37 12 52 17
10 13 17 16
65 10 71 21
49 15 51 17
30 6 87 22
14 9 56 21
76 3 78 13
38 15 60 17
54 8 62 16
23 13 62 15
43 9 48 20
15 11 65 11
42 15 51 15
69 2 72 18
54 13 79 20
51 16 54 16
12 8 54 14
31 11 79 21
80 11 86 22
59 20 61 22
3 22 48 22
85 22 87 22
47 14 59 22
11 1 17 5
21 16 78 18
73 6 86 11
20 3 26 4
53 20 60 22
44 9 71 12
87 3 87 12
78 3 81 11
38 18 65 18
3 18 59 18
40 10 76 17
83 5 87 12
26 17 64 21
59 3 68 8
2 1 58 11
7 2 73 15
57 11 62 19
16 7 50 17
70 19 72 22
39 17 58 22
66 7 78 18
59 15 85 21
4 21 36 21
4 13 42 16
66 7 83 11
68 14 79 14
24 11 44 18
40 15 48 18
83 10 83 18
27 19 53 20
77 2 82 20
83 9 85 22
71 1 71 20
49 1 72 9
6 20 21 21
80 4 81 18
17 9 64 9
5 21 66 22
2 12 43 15
47 5 62 5
29 13 74 18
59 21 87 21
22 6 29 8
38 21 50 22
48 2 65 18
44 18 63 18
55 17 77 21
61 3 69 4
31 15 69 17
21 16 57 22
28 2 54 9
4 20 15 22
77 16 84 20
78 10 80 11
27 22 56 22
34 11 75 20
67 22 71 22
29 12 45 17
48 12 72 15
21 18 24 22
16 18 63 18
5 14 26 22
75 10 80 14
79 16 83 21
31 19 69 22
11 16 34 21
78 15 87 16
48 20 63 22
86 22 87 22
9 13 48 16
10 13 30 22
44 19 51 20
49 12 53 14
33 13 44 14
71 5 74 10
61 16 85 21
47 10 63 12
50 2 51 16
38 3 84 9
21 16 40 21
76 4 83 11
76 6 79 21
15 14 36 17
85 14 85 16
40 1 67 21
56 8 69 14
75 21 86 21
36 19 76 20
43 19 56 22
18 15 56 15
43 22 68 22
86 17 86 22
51 19 69 19
33 8 78 16
56 12 60 15
29 17 46 18
55 15 75 18
16 18 76 22
52 17 61 22
22 7 57 16
59 16 59 19
13 21 71 21
61 18 77 18
66 15 68 22
75 5 81 21
12 15 64 22
10 1 12 18
80 8 85 15
80 2 80 17
55 9 69 21
42 3 54 5
68 1 69 16
5 22 74 22
73 19 74 21
24 15 63 15
62 8 70 9
5 19 26 22
32 2 42 5
41 22 74 22
66 18 71 19
59 20 67 20
33 17 51 22
24 7 66 7
21 21 42 22
84 21 87 22
63 7 81 9
86 2 86 19
60 4 69 21
50 11 83 22
41 13 50 15
23 2 26 21
72 13 80 18
39 17 73 19
77 3 87 5
68 5 76 22
6 9 85 12
40 6 41 20
65 12 67 14
30 4 74 20
31 5 41 20
47 21 63 22
82 8 84 14
63 5 82 9
16 12 41 16
17 22 75 22
11 2 87 3
28 5 81 18
72 17 81 20
36 10 76 12
51 22 68 22
65 21 75 21
65 6 70 6
79 14 81 22
54 7 62 8
52 22 62 22
36 22 57 22
36 19 38 22
76 10 83 17
69 15 72 15
49 19 66 22
31 10 60 21
42 18 69 18
19 8 43 18
56 6 66 18
74 22 79 22
15 22 52 22
74 20 86 20
80 9 84 12
6 16 38 18
70 2 84 12
19 2 23 3
52 3 84 21
85 7 86 15
70 11 70 13
59 19 83 21
39 21 81 22
17 12 66 19
78 18 83 19
54 4 80 6
14 9 49 22
70 11 77 12
38 6 53 12
4 18 86 22
79 16 80 21
9 5 71 13
45 17 66 22
46 6 59 14
83 4 84 16
80 8 86 17
77 21 86 21
11 5 34 19
53 4 67 7
28 12 44 21
17 6 21 22
80 2 82 5
58 20 69 22
33 15 35 22
34 18 77 19
40 11 73 22
65 3 70 12
3 5 68 5
58 8 77 9
46 15 86 16
48 4 79 15
58 5 85 17
44 16 73 16
38 5 39 17
51 18 71 18
71 16 80 19
10 13 70 19
57 14 62 18
19 16 31 22
79 9 86 18
52 6 76 17
22 11 75 19
42 6 66 9
84 2 87 18
4 4 86 9
63 21 74 21
12 11 72 18
77 8 86 17
38 22 49 22
77 9 82 9
14 13 63 20
51 8 70 20
47 17 84 21
41 11 53 16
5 2 19 14
77 19 77 19
65 8 78 8
62 8 64 14
68 13 78 20
16 18 56 22
52 4 77 9
12 1 26 20
79 17 86 18
28 18 43 18
8 15 57 19
19 7 71 21
64 9 73 14
43 22 80 22
49 14 52 19
26 5 77 5
46 8 46 15
15 8 83 13
45 1 59 20
60 12 84 22
42 4 81 9
30 17 30 18
70 22 80 22
66 5 82 7
56 19 58 19
60 8 73 11
37 2 49 5
71 5 74 21
4 2 69 19
48 16 52 18
23 8 81 13
78 19 81 19
71 19 72 21
17 6 59 17
70 12 73 19
24 19 31 20
55 7 78 12
55 5 83 9
87 9 87 22
76 4 87 20
15 19 79 21
3 10 8 21
84 5 85 19
54 19 65 21
81 22 84 22
3 3 61 17
83 17 84 20
9 11 15 22
75 9 86 21
48 7 62 8
87 19 87 20
22 7 59 21
87 8 87 22
67 12 83 13
67 10 69 18
49 6 86 17
15 2 71 16
28 12 69 13
80 17 82 19
39 1 86 5
31 14 69 22
50 8 78 21
74 14 76 19
24 14 64 18
44 9 64 22
18 5 55 11
68 14 75 22
39 14 86 17
25 21 77 22
44 10 59 17
6 19 69 20
41 17 44 17
13 2 16 5
27 14 79 17
57 2 59 11
86 15 87 17
37 22 37 22
71 17 85 17
49 17 65 21
17 9 59 20
22 1 83 1
86 5 87 13
27 9 47 16
41 18 47 18
10 16 79 20
14 18 59 21
40 21 42 22
85 22 86 22
48 4 73 17
35 5 84 17
79 4 86 8
44 9 83 15
57 1 71 8
47 12 53 18
33 9 71 17
13 2 18 4
13 8 24 21
82 5 82 19
65 1 68 5
70 15 71 18
14 1 87 1
22 4 38 21
46 1 68 13
39 9 67 18
86 6 87 9
24 12 68 15
66 17 82 19
36 11 51 17
70 17 71 20
72 5 80 13
54 20 77 20
75 10 81 10
62 17 62 20
37 8 47 10
31 9 71 16
74 15 81 19
65 4 85 9
27 9 45 10
66 11 87 22
31 13 69 21
7 7 84 13
39 3 64 9
28 1 86 17
66 9 79 15
51 2 56 14
23 19 44 20
55 18 74 19
73 13 86 18
5 8 34 18
83 12 83 16
10 9 69 15
71 22 84 22
47 10 79 14
78 19 81 19
5 12 67 12
78 4 81 12
79 11 85 13
22 9 73 18
39 22 53 22
79 1 87 19
7 14 82 22
13 9 20 12
50 3 85 8
71 22 83 22
58 6 70 22
85 19 86 20
41 21 72 22
79 22 87 22
41 20 66 21
60 16 63 19
30 21 55 21
78 3 79 19
73 12 79 21
37 3 76 8
83 4 85 10
33 11 70 21
2 15 79 18
65 7 83 12
14 14 28 19
30 1 53 3
72 11 84 11
31 21 61 21
26 3 68 20
73 9 74 16
28 16 85 16
55 10 67 20
67 18 78 20
70 2 86 11
77 1 86 21
7 13 84 22
17 21 66 21
79 3 81 9
39 3 82 14
72 7 72 22
43 17 75 17
65 21 81 22
18 16 62 18
71 2 72 16
63 2 78 5
48 21 50 21
59 18 84 21
58 21 84 22
12 10 50 13
4 22 12 22
56 12 57 19
1 4 6 14
52 9 53 9
23 11 56 19
82 12 85 21
10 19 64 21
23 7 52 15
41 8 85 16
69 15 85 21
47 9 68 14
65 19 67 20
59 12 66 16
36 2 80 16
73 1 83 13
51 2 53 22
44 21 66 21
62 20 67 20
74 9 76 19
62 3 68 4
21 8 53 15
20 12 69 22
70 14 84 19
80 12 81 22
70 5 87 16
57 17 82 19
37 22 70 22
69 16 79 17
18 2 43 20
48 20 71 20
37 16 81 21
50 10 85 11
25 3 62 14
13 7 35 11
84 18 87 22
86 15 87 18
81 21 86 21
44 13 65 18
9 13 38 15
53 2 71 5
3 8 51 16
53 21 61 22
61 20 75 20
57 21 87 22
19 15 26 22
71 20 86 22
58 10 86 13
7 9 86 16
28 15 59 20
78 21 87 22
28 4 46 11
38 8 53 8
57 4 80 16
32 7 69 12
8 22 16 22
35 1 81 4
49 2 69 22
51 3 66 17
48 19 74 20
1 8 41 13
81 16 83 16
59 12 64 17
49 10 84 12
83 8 86 22
20 3 35 15
5 15 64 15
27 12 58 17
64 2 81 8
53 13 58 13
34 16 43 19
22 19 30 21
75 14 80 18
68 12 70 18
47 6 84 21
12 1 83 5
77 22 80 22
20 21 77 21
26 12 42 13
21 6 67 19
11 7 37 11
82 10 84 15
86 13 86 21
26 22 68 22
40 3 87 22
12 6 52 16
15 18 26 22
70 14 82 21
1 1 12 21
79 6 81 21
9 6 74 16
26 22 31 22
70 20 75 21
62 17 85 22
49 8 52 11
28 17 51 18
74 3 81 22
34 10 65 18
78 6 86 14
43 7 43 11
35 7 46 20
76 3 82 9
46 11 67 18
65 10 78 16
43 5 82 11
30 13 50 19
50 20 86 20
78 9 79 12
14 2 58 6
78 16 82 22
2 12 35 12
31 3 60 5
30 7 86 19
80 20 82 20
79 16 87 20
49 20 64 20
44 8 51 16
81 16 83 22
13 5 29 7
75 14 77 16
55 2 75 13
31 9 43 10
59 6 76 22
44 10 87 21
33 2 76 10
69 2 73 4
13 8 24 15
20 20 58 22
45 7 71 13
77 16 85 16
54 2 59 11
72 13 77 17
56 22 56 22
3 3 9 15
63 8 81 16
68 20 81 20
66 6 66 14
24 1 82 19
35 5 55 13
66 16 70 18
10 20 31 22
66 19 77 19
67 4 74 8
80 6 87 21
68 20 77 20
7 15 30 15
19 20 87 22
32 9 67 9
28 15 42 15
9 18 11 21
30 6 63 16
15 20 18 20
49 9 84 22
29 7 47 18
39 11 84 16
38 1 70 5
6 22 64 22
78 7 87 18
12 12 31 15
52 9 85 20
2 3 56 11
79 13 81 22
40 1 61 17
37 5 48 19
74 17 84 21
42 11 66 13
73 19 81 21
12 2 21 21
34 15 80 20
67 4 69 5
63 15 77 21
57 17 84 21
65 20 70 22
18 4 73 13
43 8 57 20
70 5 70 12
21 8 79 9
12 18 16 20
61 13 64 21
66 7 82 10
50 6 60 6
85 10 86 16
66 19 83 21
51 17 57 18
86 13 86 19
10 9 80 9
82 11 85 19
46 16 78 20
44 9 65 15
68 2 71 19
57 5 78 16
83 16 84 19
85 12 86 22
36 21 37 21
82 22 86 22
66 14 73 18
80 9 80 14
81 3 83 3
48 14 74 15
81 8 87 9
83 1 83 14
28 12 75 18
23 2 51 12
54 17 87 22
83 10 86 10
67 13 83 17
39 4 63 4
52 8 86 22
30 14 31 21
33 4 61 13
34 15 40 22
11 5 44 6
7 6 15 14
63 12 83 18
4 14 5 16
1 3 14 10
54 14 63 22
77 4 85 18
33 15 47 19
81 6 87 18
34 13 77 13
32 15 66 16
29 3 51 22
77 19 80 21
37 10 83 21
29 12 58 21
72 18 84 19
4 4 28 11
15 16 65 22
43 21 60 21
32 1 72 13
52 16 61 18
16 12 38 21
2 3 59 9
45 14 54 20
66 4 84 4
52 8 53 11
17 8 74 18
17 14 57 15
81 4 86 8
43 3 63 4
26 15 45 21
69 16 71 18
37 20 83 22
57 1 60 6
11 14 72 15
45 1 49 3
21 5 35 10
31 21 49 22
14 20 61 20
28 22 64 22
86 11 86 17
38 7 58 11
23 10 75 18
84 5 86 20
24 3 39 4
66 2 82 3
87 8 87 11
5 5 35 19
53 10 82 15
35 21 44 22
57 5 71 11
48 12 50 19
63 21 68 21
54 11 82 22
17 11 51 19
16 3 50 6
84 15 86 22
40 5 72 7
52 9 86 17
72 10 76 21
74 13 82 13
68 13 78 19
84 9 84 19
18 10 21 21
43 8 69 21
52 20 53 22
37 4 83 17
57 18 76 18
82 15 87 22
7 13 19 16
30 3 47 4
15 8 24 16
39 16 55 22
43 15 86 21
70 17 70 18
59 13 68 17
12 10 66 17
47 17 63 19
65 9 74 22
54 1 74 16
58 2 61 17
7 2 22 7
16 16 25 22
44 19 64 21
44 3 45 11
59 17 82 22
23 21 82 22
76 21 76 21
52 16 59 20
8 15 31 15
37 4 41 21
76 12 83 19
39 8 62 17
57 17 70 17
49 2 62 6
44 7 79 9
74 16 83 17
36 15 45 16
51 2 70 11
35 13 59 15
33 3 53 13
79 8 85 17
48 17 76 17
52 5 85 10
38 22 77 22
81 15 85 19
28 10 79 21
14 11 82 19
15 19 46 19
14 9 76 13
4 16 74 19
71 20 77 22
75 21 86 22
77 21 87 22
28 22 69 22
18 2 84 13
71 7 86 15
21 8 84 15
41 16 85 19
86 11 87 17
72 18 80 22
24 15 73 15
26 19 48 21
81 8 87 20
58 19 76 22
8 2 16 5
10 22 17 22
71 16 81 16
6 12 32 19
66 8 79 17
60 18 87 20
80 14 81 18
28 14 47 14
61 3 66 12
13 18 21 20
53 21 58 21
60 9 85 21
26 20 44 22
10 17 72 18
6 15 84 19
57 8 61 9
11 17 17 21
80 4 85 8
50 8 55 9
11 9 70 15
72 20 84 20
16 6 53 10
45 4 72 16
24 11 53 11
54 5 69 10
9 4 33 11
60 22 73 22
7 17 21 22
59 15 72 19
41 16 78 21
54 16 72 18
83 14 84 14
52 10 71 10
64 13 84 17
60 16 74 16
17 9 54 21
67 8 83 15
86 2 86 22
34 14 49 21
60 12 61 22
12 17 24 20
8 4 68 13
76 12 82 17
69 12 81 14
68 14 85 14
71 4 81 21
16 9 85 11
74 21 81 21
46 22 60 22
23 1 64 6
62 15 83 17
71 3 76 5
14 16 52 21
72 20 77 20
72 5 74 21
79 9 85 10
35 19 84 20
17 11 17 17
52 12 68 22
11 4 23 21
17 15 36 19
39 7 78 19
2 22 51 22
46 6 48 7
17 2 32 10
83 1 84 3
34 17 73 19
52 7 76 11
86 17 86 22
38 14 58 15
41 13 67 15
58 12 81 17
15 4 18 21
8 11 39 14
38 12 55 12
7 14 51 15
40 16 46 20
41 15 68 18
74 7 84 7
47 13 65 20
5 16 17 19
28 15 72 20
45 6 50 7
34 16 40 19
84 9 84 14
49 2 83 2
50 2 64 10
41 14 50 18
10 6 72 14
77 3 81 20
65 21 69 22
6 8 19 9
11 14 15 19
20 2 22 9
64 9 86 11
53 21 54 22
67 22 77 22
27 20 29 21
31 19 39 20
24 21 61 22
1 16 43 17
80 6 84 13
72 18 85 22
24 10 65 13
10 21 76 22
26 17 63 17
58 22 77 22
32 11 73 17
66 12 80 20
56 8 86 18
16 15 67 15
57 4 71 10
58 12 63 20
81 16 85 20
7 10 43 22
7 12 36 18
63 10 67 22
52 4 73 14
10 9 18 15
34 20 58 22
37 1 83 15
29 20 58 22
47 7 56 8
69 19 85 22
34 10 68 18
30 7 47 21
67 17 69 21
87 16 87 19
44 1 65 19
73 19 76 22
46 8 64 19
68 18 71 19
71 5 84 14
37 20 48 22
38 21 61 21
47 20 52 21
72 4 72 5
59 17 66 21
49 5 77 20
60 4 72 6
5 14 79 17
64 15 65 16
65 3 74 15
17 7 81 11
10 16 64 19
8 4 83 15
52 1 79 15
35 6 74 6
61 19 79 22
78 22 86 22
18 22 86 22
37 16 60 22
26 11 48 14
35 20 77 22
34 16 83 22
32 8 63 14
24 10 43 21
26 2 62 15
43 3 49 15
79 17 79 18
32 11 44 11
3 15 3 17
47 12 84 12
56 14 68 17
14 18 81 19
56 14 60 21
10 18 41 19
67 19 80 22
34 16 73 16
78 6 80 6
48 19 68 19
60 19 66 19
41 16 59 21
51 12 67 16
78 9 83 17
2 16 9 19
52 1 73 21
15 19 23 20
61 17 74 20
67 9 73 10
16 10 37 18
74 22 84 22
86 9 86 9
82 4 84 19
1 2 4 5
70 17 86 21
17 2 58 20
63 14 69 15
9 16 67 16
69 21 86 21
13 5 74 21
24 14 76 22
82 1 83 12
3 10 71 13
13 11 44 16
14 18 70 22
58 8 59 14
47 2 71 4
50 11 53 15
49 13 85 16
49 7 76 21
57 12 71 19
44 8 44 21
34 7 53 10
18 15 31 20
24 5 67 22
22 17 70 20
29 19 73 21
43 11 87 20
43 7 75 10
37 2 71 3
34 19 86 20
5 2 9 14
7 4 33 11
80 20 80 22
86 10 86 10
12 9 64 19
63 17 83 18
83 4 83 5
34 3 42 20
17 2 18 18
57 10 57 11
14 1 28 9
6 5 74 5
1 16 51 19
74 22 83 22
14 22 20 22
8 1 60 11
86 13 87 17
10 5 83 11
14 6 17 13
16 5 73 15
50 6 61 8
35 13 47 15
8 10 41 16
63 18 76 21
63 13 66 14
62 10 66 19
11 21 23 22
64 21 82 21
84 13 84 14
24 14 29 14
15 22 61 22
81 15 86 20
47 15 75 15
83 2 87 2
37 15 70 19
60 18 82 20
64 15 83 16
74 5 75 22
57 11 70 22
32 22 68 22
81 2 83 21
18 1 27 5
44 13 45 19
57 21 61 22
51 8 52 13
77 15 80 20
60 4 70 10
35 3 55 9
46 20 57 21
36 19 81 21
47 21 62 21
49 15 57 17
83 16 84 16
22 11 23 21
46 9 83 12
54 7 80 11
25 11 66 12
35 15 68 20
60 9 80 16
17 8 77 10
64 6 73 6
77 21 83 21
45 3 80 6
75 10 86 10
59 10 66 11
47 2 62 5
19 4 27 5
3 21 36 21
8 2 41 17
59 16 87 18
28 17 29 22
34 20 47 20
35 3 51 10
55 13 80 16
37 19 50 19
15 12 37 15
12 18 61 19
21 5 46 15
30 13 65 18
47 15 48 15
58 21 74 21
4 17 7 17
35 16 58 19
34 3 62 15
1 17 40 21
15 20 43 20
31 13 79 14
82 17 83 18
33 5 42 9
51 5 59 15
20 9 41 16
13 13 82 21
26 8 84 22
58 21 81 22
40 16 63 19
70 6 77 12
48 13 76 15
53 16 73 22
34 7 48 18
70 9 72 10
44 13 55 13
73 2 74 11
87 18 87 19
27 9 64 9
3 13 14 14
67 18 83 19
14 19 61 22
38 1 75 6
48 1 52 19
65 18 80 21
49 7 55 22
82 10 82 20
71 4 75 11
14 15 69 17
31 3 42 4
46 1 54 15
32 10 54 15
35 6 73 22
2 1 36 14
31 14 87 17
4 13 20 15
65 14 70 17
2 14 68 17
84 4 87 4
55 2 64 5
52 16 67 16
38 4 64 17
57 2 83 16
66 20 83 22
79 14 85 15
43 4 46 9
38 21 52 22
68 19 73 22
28 17 48 20
23 18 62 20
81 16 82 16
1 17 32 18
51 1 55 16
22 15 68 16
15 6 29 11
44 21 68 22
64 2 86 4
46 12 74 18
56 4 58 17
31 15 44 18
83 21 87 21
17 18 49 20
37 4 72 16
48 10 86 19
2 12 6 14
66 12 71 13
39 3 63 15
12 2 20 4
56 9 61 15
70 18 87 22
6 15 56 22
9 5 47 21
46 2 68 9
38 17 62 22
36 2 82 4
57 4 72 21
11 12 54 18
50 11 66 16
18 9 72 16
56 6 76 20
72 9 85 18
23 3 79 21
57 11 84 16
14 7 42 22
39 20 40 22
9 11 52 18
73 3 75 13
23 21 28 22
5 1 75 4
22 2 48 3
44 2 55 17
65 17 75 19
15 19 40 21
78 19 81 22
27 20 30 21
44 21 82 21
68 7 78 7
29 16 33 16
21 11 21 22
36 18 57 20
40 20 40 20
55 8 87 9
52 5 81 7
64 11 86 14
18 11 49 11
34 19 87 20
67 13 83 22
1 1 54 21
60 10 87 12
71 20 85 22
36 5 67 12
53 7 57 13
73 22 86 22
80 17 87 18
35 17 49 21
2 15 53 17
41 17 66 22
8 15 56 16
49 15 83 18
33 22 84 22
18 4 51 10
71 5 74 18
42 14 53 14
45 22 67 22
72 11 75 17
46 20 47 22
80 8 82 14
35 4 82 7
49 3 58 12
78 11 86 13
2 14 73 15
7 16 13 18
20 11 27 13
87 8 87 14
65 4 69 22
24 9 31 22
82 3 85 8
24 2 45 16
66 7 77 22
77 12 86 13
30 14 43 15
34 21 86 22
14 4 37 8
57 17 58 18
41 12 58 12
66 7 72 12
17 8 73 21
37 18 38 22
60 16 80 21
2 13 43 22
14 16 19 19
60 20 73 22
24 2 70 21
8 2 15 4
11 1 70 18
31 11 75 21
51 9 52 11
23 15 23 16
62 18 64 20
76 6 87 6
69 2 81 16
35 9 66 14
75 19 76 20
51 12 55 16
71 14 87 21
20 20 66 20
11 3 55 16
84 6 84 18
26 8 80 15
10 2 66 6
52 3 81 6
11 5 62 9
68 16 71 22
86 2 86 7
18 12 85 16
84 12 86 12
45 13 74 16
42 16 42 17
87 19 87 19
52 20 66 20
50 3 72 18
67 9 72 12
46 3 64 5
82 16 82 19
21 21 80 22
15 2 69 19
78 7 80 21
50 10 69 19
49 17 62 17
64 12 76 12
16 12 50 19
4 9 47 17
24 12 65 12
78 16 87 21
35 7 58 22
62 2 87 14
4 9 56 21
45 2 67 9
79 20 79 22
31 14 43 18
8 9 23 17
55 11 71 14
76 10 85 13
52 18 58 19
28 21 87 21
8 10 26 15
23 20 72 22
52 19 68 19
36 1 42 16
13 20 30 22
40 19 73 19
43 6 84 16
63 2 72 11
16 5 85 8
63 10 72 20
12 9 60 14
2 3 63 12
81 17 84 20
39 15 74 15
74 21 76 21
51 17 76 21
35 12 46 12
74 19 82 19
42 16 81 16
36 15 84 17
13 6 59 18
6 18 49 20
45 9 49 13
26 6 61 17
40 20 60 22
42 21 48 22
57 2 73 17
39 9 74 21
73 15 78 15
2 8 46 9
70 3 76 5
1 3 63 5
69 19 80 22
62 22 71 22
81 8 83 14
4 15 50 19
54 11 55 21
23 10 47 22
11 8 31 10
43 1 79 4
49 3 64 12
28 13 69 15
36 11 63 16
61 2 87 15
69 21 87 21
15 2 70 5
1 19 40 20
51 13 53 15
41 15 84 18
8 5 10 17
5 2 79 2
75 9 75 18
33 20 56 20
64 7 82 16
42 5 69 20
8 15 58 21
17 6 80 18
22 12 75 21
4 21 84 22
45 10 86 17
79 12 83 17
23 18 34 20
73 9 78 20
53 5 63 7
14 6 42 19
64 10 71 17
3 6 16 20
29 20 52 21
79 15 80 18
71 11 81 17
78 18 82 21
44 8 75 12
58 8 59 15
70 17 80 20
4 5 86 8
13 12 40 18
1 2 3 7
1 18 50 18
80 20 84 22
62 3 74 13
72 4 76 19
57 7 63 11
25 5 49 13
86 20 86 21
56 19 78 19
79 12 83 13
83 17 83 20
7 16 28 20
59 18 85 19
68 4 72 22
43 5 87 6
32 8 62 13
49 9 61 16
19 9 79 15
40 14 71 21
62 9 72 21
72 5 80 12
43 13 61 22
48 17 59 19
57 14 67 14
81 18 81 19
86 19 87 22
15 6 68 8
24 9 64 18
45 12 78 16
29 12 81 13
59 8 60 20
86 3 87 10
35 2 48 18
84 14 87 15
68 21 71 21
9 21 28 21
24 5 52 18
14 15 85 22
41 4 84 4
13 14 48 15
19 11 69 14
5 18 63 21
26 3 44 8
31 11 68 15
73 14 78 16
51 19 79 20
68 5 86 18
82 3 85 17
13 11 66 13
81 1 82 9
76 17 77 17
87 5 87 9
32 4 42 20
81 19 82 20
49 20 62 20
72 21 87 22
80 18 84 20
86 22 86 22
4 17 4 21
4 22 33 22
71 6 79 6
65 3 83 19
64 14 73 14
55 22 84 22
38 15 70 21
42 11 74 22
36 16 83 22
33 5 42 11
19 12 74 21
35 13 69 16
35 16 80 19
25 2 42 15
81 22 84 22
4 7 13 20
59 3 67 10
28 16 79 18
50 14 64 15
41 4 68 12
25 2 28 9
87 5 87 9
29 12 70 12
43 15 77 20
46 22 61 22
6 5 78 9
22 15 54 22
11 3 51 20
5 14 27 19
27 21 80 21
14 1 43 17
9 7 75 15
47 17 80 19
87 19 87 20
64 8 80 18
37 16 60 21
44 6 52 12
31 20 81 21
73 10 76 16
49 21 56 22
3 3 58 11
29 1 76 21
10 3 14 10
57 22 71 22
84 17 84 21
13 19 39 20
50 8 84 8
34 4 82 21
13 15 54 16
65 15 71 17
3 20 57 22
82 1 85 14
62 20 75 20
82 8 84 9
60 4 84 18
72 16 74 19
33 1 58 5
34 19 46 19
15 14 25 21
80 17 87 19
61 17 64 21
28 18 68 20
40 19 69 21
83 21 83 22
40 11 41 16
82 14 86 22
69 22 87 22
75 21 85 21
2 2 67 3
9 13 60 15
59 16 63 18
54 17 85 22
51 4 68 9
46 21 57 21
70 10 82 19
42 8 71 17
6 10 32 20
56 7 78 8
81 3 82 9
85 16 85 18
83 22 86 22
49 20 80 20
28 22 74 22
55 14 56 20
3 6 38 8
36 12 87 20
62 15 68 15
16 12 22 18
42 21 42 22
60 17 74 21
21 21 30 22
8 11 84 21
23 18 54 18
18 14 74 16
30 5 80 6
26 10 47 20
76 15 84 20
66 9 73 10
50 14 56 22
6 21 67 21
2 13 76 18
64 15 70 20
31 15 67 17
23 8 43 15
28 18 58 18
28 11 73 17
36 15 48 16
61 18 73 22
16 20 81 22
5 8 76 15
12 5 37 9
23 7 33 12
7 8 38 10
69 7 70 15
34 14 83 18
50 18 83 19
58 22 85 22
4 15 30 15
39 7 72 11
19 20 66 20
9 22 72 22
87 11 87 19
37 6 49 10
83 18 83 20
54 4 72 19
11 5 78 18
70 6 74 18
72 11 78 21
78 9 87 12
69 2 85 5
28 8 45 13
23 14 59 18
41 9 45 17
84 18 87 20
25 19 78 19
13 20 53 21
80 5 86 20
10 10 87 18
63 4 79 21
81 10 85 14
10 3 15 21
49 16 51 17
65 4 70 16
18 10 24 21
67 20 86 22
86 10 86 10
17 12 74 14
64 17 78 20
18 3 37 22
84 22 86 22
79 14 81 14
65 14 84 21
13 21 52 22
61 13 70 19
73 5 74 15
9 16 80 17
28 19 44 22
87 13 87 15
56 2 85 12
44 12 82 13
4 14 42 17
74 5 87 8
44 8 68 18
70 21 85 21
82 19 83 19
29 14 84 22
57 8 65 12
63 18 75 18
64 16 86 18
5 4 66 6
60 15 76 19
53 22 60 22
83 10 83 11
35 21 60 22
45 2 66 15
15 22 30 22
12 10 14 19
77 13 82 13
77 5 78 8
25 20 60 22
60 11 62 13
79 16 83 19
42 1 78 21
21 17 85 19
62 16 87 19
67 21 81 21
52 16 78 20
7 2 87 9
52 20 79 22
60 13 61 17
43 1 61 7
28 6 47 22
49 4 68 8
15 15 86 19
36 22 51 22
73 22 75 22
10 12 16 22
57 11 67 11
9 8 21 10
19 4 42 5
43 1 76 10
32 6 67 10
8 6 76 20
40 11 69 13
45 9 58 20
33 17 37 18
37 4 51 7
28 9 53 13
76 16 79 20
76 21 80 22
53 19 77 22
68 9 76 19
19 3 67 11
47 1 67 4
59 13 59 15
6 15 16 15
9 15 55 17
69 5 71 13
69 5 80 15
28 16 36 22
84 12 85 18
37 22 44 22
81 3 81 17
48 11 80 20
68 12 83 21
20 14 67 14
32 4 78 13
59 3 69 4
73 4 82 15
2 3 53 18
4 15 24 19
28 15 43 18
13 14 78 15
76 6 84 16
58 17 78 21
56 21 67 22
48 13 58 16
20 14 49 21
62 3 78 7
28 20 71 21
33 15 71 15
36 6 63 13
50 5 61 10
1 16 15 20
76 10 80 18
39 7 56 13
30 22 41 22
55 3 87 11
5 20 47 20
65 19 84 19
1 16 38 22
82 12 84 22
54 5 59 16
58 4 86 7
15 6 54 19
15 4 42 7
66 4 86 7
68 13 87 17
28 12 29 19
40 14 57 17
23 16 32 19
11 20 19 21
26 3 53 6
32 11 77 20
57 16 67 17
55 2 64 3
56 6 80 11
45 15 87 22
43 12 62 20
43 16 64 17
70 15 85 15
51 16 53 20
83 13 84 13
45 7 73 8
80 9 80 10
12 22 35 22
58 6 73 7
74 4 87 10
49 6 62 18
81 18 87 19
76 6 80 8
26 9 55 21
38 21 40 21
75 19 85 19
63 18 78 22
53 13 63 13
69 6 80 20
85 6 86 8
63 6 82 16
59 20 63 22
69 10 74 22
78 6 80 14
5 7 38 9
68 13 74 19
44 14 51 22
50 11 73 14
82 5 87 22
55 18 87 18
34 1 40 9
83 11 85 12
9 17 57 22
23 22 57 22
46 6 47 22
70 3 81 17
86 9 87 9
57 14 82 17
63 7 80 15
28 15 74 20
27 18 61 19
30 22 84 22
42 5 48 19
32 10 71 13
64 21 78 22
17 9 56 19
84 8 86 14
53 9 86 15
50 4 82 14
1 5 25 9
66 6 73 9
42 13 73 16
1 20 21 21
51 7 53 15
53 8 54 8
78 21 79 21
63 19 75 21
16 21 28 21
48 21 70 21
57 14 73 19
41 8 62 17
8 18 58 18
59 8 66 15
72 3 86 10
25 17 44 20
65 15 83 20
7 16 10 22
65 16 79 17
27 1 43 15
83 19 87 22
12 11 66 19
38 14 51 16
39 15 78 17
16 1 78 6
1 11 18 12
7 6 76 11
31 4 69 14
78 7 78 21
75 11 79 21
25 7 76 19
21 19 36 22
87 16 87 22
22 21 30 22
87 6 87 8
24 3 38 15
44 14 86 19
45 18 49 21
87 6 87 17
10 3 46 9
75 2 82 7
1 19 42 22
58 16 82 22
26 1 66 18
66 22 78 22
26 10 40 19
33 19 49 21
85 6 86 14
45 11 67 17
41 19 65 22
49 19 85 22
69 21 74 21
48 20 62 20
44 21 79 21
48 7 52 15
86 13 87 15
58 1 63 21
14 14 81 22
55 13 66 14
40 9 62 20
51 9 79 11
66 1 76 12
70 15 82 15
67 18 73 19
67 18 70 18
46 7 52 13
15 10 67 11
59 19 72 19
6 3 13 17
87 12 87 22
50 17 53 20
84 10 87 11
45 6 45 12
11 14 28 22
65 22 78 22
10 8 84 21
36 4 42 22
17 21 67 21
5 22 5 22
63 11 73 20
21 22 60 22
10 11 49 21
68 15 80 21
67 7 73 17
72 1 73 16
69 9 84 15
22 6 35 22
50 15 54 17
24 22 24 22
8 15 65 17
58 7 76 18
23 6 40 16
38 14 70 17
45 12 59 12
69 7 83 16
2 2 16 15
70 2 74 8
3 22 33 22
21 13 43 22
42 11 83 15
38 6 84 9
28 7 56 19
81 8 84 19
15 14 60 17
28 15 80 19
72 20 73 21
33 11 75 21
73 1 75 20
26 14 28 21
5 12 47 15
13 16 31 17
56 15 87 22
43 4 43 19
22 11 45 13
49 6 65 13
70 2 70 15
15 18 62 21
28 1 77 11
1 2 21 8
28 18 84 21
25 7 68 18
50 17 60 20
1 17 49 21
5 14 22 17
9 14 74 22
9 9 47 19
20 9 73 10
7 7 80 12
3 3 47 17
41 4 72 14
23 18 66 20
24 13 34 21
11 21 76 21
4 5 47 21
18 6 37 6
57 20 65 21
4 19 41 19
40 15 44 21
75 19 85 19
36 5 51 9
74 10 87 16
76 19 84 19
87 14 87 18
49 18 54 20
31 21 49 22
74 10 74 21
67 7 72 15
38 6 75 14
37 19 64 22
5 7 6 11
76 1 85 21
11 4 25 22
49 19 68 20
41 22 59 22
27 20 42 22
20 11 87 12
57 12 57 18
33 2 61 13
74 8 75 18
85 10 87 14
21 21 57 22
25 15 45 22
32 12 84 15
71 7 83 19
4 10 37 10
81 13 87 21
30 19 52 22
1 15 76 15
22 18 30 20
1 3 64 12
48 1 48 12
60 16 67 18
84 22 87 22
13 4 46 15
3 16 22 21
62 7 73 13
57 11 67 11
62 22 62 22
14 5 36 9
81 8 87 15
64 8 73 19
6 21 29 21
69 12 76 18
25 14 35 14
27 16 77 16
63 22 80 22
16 14 41 18
31 14 36 15
67 16 68 21
56 21 73 21
14 6 85 6
5 3 40 11
36 18 37 19
33 15 55 20
11 17 70 22
23 4 40 16
54 7 62 21
64 1 81 1
40 2 81 3
80 19 84 19
44 18 60 21
62 10 87 16
35 18 40 22
74 11 75 16
48 12 73 21
85 3 86 21
83 8 83 17
71 7 73 10
59 4 63 7
45 7 70 20
42 6 63 14
24 4 42 6
32 9 52 14
24 5 72 17
35 7 42 19
8 19 27 19
26 22 72 22
42 3 68 12
67 8 85 19
78 15 82 18
82 16 86 17
57 2 69 14
68 14 85 22
9 7 35 14
60 6 77 22
69 7 84 21
18 10 28 12
72 6 82 22
35 4 84 6
9 11 41 11
21 19 29 20
14 5 57 20
21 3 34 13
63 9 74 19
22 16 35 19
80 12 82 19
47 20 55 21
19 16 78 19
44 3 80 22
70 18 74 21
42 6 71 15
74 1 85 6
42 19 69 19
55 14 57 14
42 4 75 9
28 21 80 22
10 20 13 22
33 13 80 17
20 13 21 17
35 19 38 20
74 19 76 20
36 4 68 15
36 10 39 15
62 7 63 9
85 12 86 18
48 8 57 17
30 3 42 16
76 8 77 15
61 13 62 14
86 10 87 14
86 13 86 21
25 7 69 21
22 10 30 11
10 20 29 20
51 18 78 21
19 13 73 16
12 10 33 10
22 15 78 22
57 16 77 17
86 15 86 19
44 13 55 16
24 19 68 21
28 22 51 22
76 20 76 21
23 1 53 12
87 1 87 20
40 13 78 16
23 1 79 18
13 21 36 22
68 19 78 20
6 5 84 6
86 14 87 17
49 1 81 18
79 5 82 20
3 8 4 10
5 10 87 14
37 6 57 20
80 1 80 11
40 7 62 14
54 22 69 22
44 5 55 11
45 8 87 15
28 6 53 17
54 1 71 3
47 2 65 8
69 6 85 12
50 6 68 15
21 4 80 8
44 8 87 20
46 19 72 19
56 16 63 17
3 8 60 18
15 1 52 1
30 17 84 18
18 5 54 21
79 2 80 3
70 4 75 7
75 7 79 14
30 18 41 19
51 11 86 12
8 1 77 13
45 4 87 6
52 10 80 15
43 18 50 20
24 13 47 18
71 15 82 19
20 10 67 10
55 3 76 4
24 19 37 21
55 19 85 20
72 18 86 20
70 1 80 18
47 2 83 21
62 20 86 21
67 17 70 17
80 17 84 17
31 5 85 14
50 12 81 16
65 17 83 20
63 8 85 12
9 1 41 5
84 8 86 8
77 14 79 16
12 1 68 6
23 7 61 9
57 18 72 20
60 17 84 21
20 4 61 18
49 5 83 13
65 17 76 20
3 21 29 22
6 16 15 20
10 12 10 20
87 14 87 21
80 4 83 12
85 11 87 22
67 7 87 16
61 4 76 19
19 6 22 21
60 10 67 17
68 1 73 16
37 2 43 9
2 12 59 15
42 19 82 20
51 21 87 22
53 3 83 14
9 12 38 21
81 7 84 20
66 10 83 12
35 13 84 21
58 15 64 15
61 19 63 20
1 1 7 11
11 19 84 21
41 11 46 21
29 12 57 15
55 1 55 7
63 1 86 1
72 12 82 12
85 19 87 22
24 13 64 14
60 15 62 22
44 6 54 9
20 18 24 21
48 13 71 19
81 14 83 19
65 13 77 17
60 14 82 21
43 6 84 8
25 19 79 21
69 4 72 10
47 11 51 14
40 17 81 18
29 11 68 11
47 20 48 20
72 16 79 18
44 3 85 11
52 9 60 22
79 19 79 19
45 1 76 2
10 5 26 5
59 19 65 21
61 14 76 15
40 19 56 22
33 21 73 21
30 8 31 10
19 9 82 19
63 11 66 20
85 14 85 21
81 19 85 22
62 20 73 21
42 7 83 22
61 6 65 7
27 21 86 21
45 9 83 22
34 14 35 14
77 8 84 10
32 22 55 22
44 16 62 22
27 10 49 18
53 2 75 18
3 14 26 21
63 18 63 19
72 18 79 20
12 1 77 22
48 19 64 22
23 1 31 16
69 16 76 22
31 22 80 22
62 3 75 10
18 17 62 20
22 3 37 12
77 8 87 15
3 19 48 22
71 16 73 16
34 22 37 22
46 8 47 17
53 11 54 22
40 15 46 17
21 16 63 16
24 12 69 12
4 2 77 6
14 15 31 15
71 10 76 13
22 9 45 12
38 7 73 13
16 19 24 19
78 6 80 16
78 5 81 12
6 13 16 14
54 22 83 22
42 19 45 20
65 4 70 4
47 21 53 22
75 20 84 21
59 13 79 20
30 15 42 18
4 4 59 11
63 3 80 19
20 10 20 19
31 7 38 20
82 9 87 12
11 16 75 16
74 13 82 18
85 2 85 12
22 3 32 18
77 1 78 6
37 1 76 20
85 2 86 9
21 6 80 11
45 3 85 5
74 19 82 22
86 2 87 6
51 7 62 21
78 19 79 19
63 14 75 16
73 14 75 14
43 4 65 11
13 4 80 16
22 6 75 9
42 21 44 21
28 1 53 8
7 1 82 17
5 21 11 21
68 15 69 15
56 5 72 21
1 20 33 21
57 8 66 20
41 2 58 12
8 13 33 19
48 2 84 2
31 21 83 22
35 19 48 21
12 3 60 18
13 9 29 10
12 11 47 16
63 19 75 22
2 4 75 17
28 7 72 21
27 3 27 22
43 12 55 22
77 20 79 22
42 5 86 11
24 12 64 15
17 18 73 19
81 4 84 14
40 1 68 8
10 19 69 21
86 18 86 18
4 22 25 22
51 9 61 19
80 16 80 22
7 20 75 21
37 13 83 16
36 21 72 21
54 20 66 21
60 9 77 12
76 10 78 13
49 8 62 10
48 5 73 8
41 12 46 22
49 3 63 9
9 12 27 18
53 9 62 14
40 6 79 6
39 17 87 17
5 2 18 10
57 9 77 12
18 4 32 5
59 4 87 4
35 16 59 20
23 18 84 21
46 13 70 22
22 13 38 19
16 1 48 3
3 4 9 14
6 2 51 21
74 14 80 19
24 18 54 22
53 17 56 22
30 3 75 8
16 18 86 20
75 10 87 14
15 20 82 21
66 3 80 20
56 10 75 10
54 4 67 4
47 2 77 19
60 17 76 20
7 3 59 11
65 18 77 20
3 19 71 19
8 8 22 14
3 18 37 22
44 7 65 18
16 10 47 14
28 7 64 7
49 8 63 8
9 15 47 22
1 1 10 4
5 11 18 21
82 12 86 22
55 13 57 14
79 6 81 22
35 5 41 5
64 2 76 20
48 3 85 17
6 5 10 13
20 1 73 7
67 1 84 17
86 22 86 22
9 3 15 4
24 2 59 13
27 8 51 9
17 15 43 15
61 16 72 19
72 18 86 19
51 2 87 14
2 22 67 22
57 21 67 22
71 22 81 22
21 4 56 11
55 20 78 22
37 16 46 21
4 20 14 22
10 19 58 19
42 9 71 13
24 20 50 21
85 13 86 19
45 16 49 17
80 6 80 21
54 18 66 18
45 22 46 22
43 13 74 22
22 7 82 8
14 21 53 22
79 13 82 13
28 21 63 21
82 13 85 15
55 14 55 19
42 17 49 21
25 18 50 20
23 15 81 17
29 10 33 20
11 8 70 8
85 8 87 18
29 4 82 12
32 14 59 17
11 7 12 18
14 14 76 20
76 1 86 1
32 18 56 19
21 16 29 19
63 17 78 17
78 6 86 20
75 19 82 22
71 16 78 18
30 15 80 15
21 14 59 18
28 5 36 7
50 12 63 20
60 6 79 19
69 15 84 16
42 6 61 7
25 20 72 20
85 13 86 18
48 22 69 22
78 7 84 9
51 14 69 22
54 16 85 22
63 5 78 11
69 13 75 18
78 11 86 17
78 22 78 22
27 9 86 10
68 18 85 20
43 11 70 12
65 9 85 11
22 1 71 19
68 22 68 22
74 7 80 21
42 1 83 14
2 20 31 20
21 2 86 7
25 14 73 18
4 2 77 19
10 19 44 19
85 12 87 17
14 13 28 14
80 12 84 14
22 16 52 21
20 5 55 20
63 15 75 21
82 6 82 18
81 16 84 19
2 18 24 19
23 17 25 21
69 9 85 11
35 2 74 21
7 2 22 7
78 20 80 21
64 14 83 16
52 19 71 21
34 14 46 15
79 21 87 21
70 7 87 9
77 18 82 18
37 13 86 21
53 6 69 16
7 5 68 20
27 2 87 19
15 14 22 20
5 8 78 15
12 3 60 4
35 18 51 22
8 1 47 6
71 13 87 15
51 4 58 10
8 7 73 21
14 3 15 20
67 11 87 20
56 1 58 13
69 10 71 12
59 8 85 20
18 10 50 13
57 6 64 10
87 11 87 18
24 4 69 7
86 16 86 22
76 10 80 11
9 13 58 14
41 19 65 22
36 8 66 8
10 5 83 7
8 1 45 5
15 11 35 20
32 1 46 6
68 20 71 22
28 10 46 10
54 21 76 22
22 18 34 19
75 9 77 16
41 13 84 19
54 18 62 19
46 3 72 16
61 11 77 11
86 15 86 18
76 17 76 17
4 13 54 19
18 19 42 21
6 15 69 15
86 22 87 22
19 13 66 14
54 7 66 21
81 19 85 19
48 18 51 21
13 8 83 13
49 3 74 5
37 6 77 18
48 12 48 15
46 13 57 15
63 20 68 22
86 13 87 20
7 1 25 11
48 14 59 21
4 4 54 13
38 5 67 17
58 8 79 21
74 22 82 22
38 22 43 22
19 7 48 11
42 22 48 22
70 1 86 8
32 7 38 14
11 12 44 13
46 18 87 22
45 2 75 18
64 22 71 22
14 7 29 19
35 18 83 21
78 5 82 13
70 20 72 21
5 1 76 17
53 9 75 18
74 11 74 21
26 4 73 7
29 11 78 21
31 10 34 14
79 19 87 19
4 17 46 21
65 19 72 20
16 8 23 10
49 2 53 18
46 14 59 14
8 20 43 21
48 10 70 19
77 13 84 20
31 1 83 7
71 13 80 19
26 7 27 10
12 12 22 16
59 21 79 21
29 1 38 18
39 10 74 18
72 20 87 20
49 1 52 4
4 11 29 21
19 10 43 17
32 13 84 20
82 14 86 20
79 16 80 21
20 20 71 22
8 3 29 12
52 11 87 15
26 9 37 9
73 16 84 18
82 17 87 19
45 3 75 20
10 14 59 21
85 7 86 13
61 2 75 3
42 7 56 13
11 8 60 11
60 6 66 7
65 17 75 22
7 5 31 10
6 17 16 17
42 10 70 22
9 15 78 22
14 16 74 22
5 5 84 15
30 2 63 22
81 4 86 22
59 20 78 21
17 9 30 10
51 1 70 1
21 20 32 21
78 3 79 22
69 6 82 22
78 14 83 18
30 3 59 18
83 14 87 17
74 10 76 16
81 7 87 19
75 4 76 16
74 12 79 20
21 13 63 21
74 11 79 16
2 19 35 21
14 14 39 18
54 8 86 10
84 21 87 21
14 2 84 19
27 5 50 16
10 11 42 18
32 4 57 13
16 7 78 11
42 1 59 14
29 21 44 22
81 19 82 21
34 9 52 9
71 1 74 15
79 1 81 7
54 1 59 3
35 18 54 20
24 4 48 7
9 14 76 20
49 13 53 15
66 17 74 17
70 6 76 22
82 17 82 21
53 11 58 22
74 8 80 14
50 3 60 20
56 7 61 16
4 2 50 16
66 14 84 18
81 12 81 18
55 19 61 19
43 22 53 22
16 16 87 18
73 16 80 21
74 17 86 21
71 8 82 16
48 1 81 21
70 9 72 22
82 6 85 15
87 10 87 13
4 2 31 18
54 3 79 7
68 8 87 14
85 19 85 19
73 14 85 16
53 3 73 6
26 15 36 21
32 12 71 14
13 12 69 20
65 19 84 22
62 22 82 22
5 21 70 21
41 22 49 22
63 16 80 22
64 14 85 17
67 11 70 18
7 9 14 18
8 11 76 18
29 21 31 21
65 18 76 19
72 12 76 15
24 21 69 22
39 13 75 13
71 3 75 11
1 14 31 19
45 11 46 22
8 3 72 15
53 2 70 13
50 8 72 10
45 13 73 18
54 19 62 20
44 4 83 19
80 15 84 17
4 2 40 7
62 16 78 20
82 22 86 22
23 14 51 21
53 18 73 22
74 3 74 5
77 9 85 21
9 4 73 21
48 14 76 22
32 17 32 18
78 12 79 20
76 13 77 16
2 6 84 22
65 9 84 17
6 21 32 22
45 10 82 13
42 15 59 21
85 20 86 21
40 17 69 17
84 21 84 21
7 12 62 20
79 11 79 19
16 8 41 17
60 22 87 22
83 22 87 22
49 10 61 19
76 19 86 19
26 8 68 20
9 14 46 15
11 14 63 20
18 10 32 20
58 14 76 19
49 22 73 22
9 1 34 17
70 12 84 17
87 14 87 21
79 21 81 22
13 20 79 20
63 2 80 8
79 7 81 22
5 22 72 22
56 5 74 14
85 16 86 20
20 1 80 1
12 12 14 12
71 22 76 22
3 5 55 6
17 5 19 21
58 10 74 14
59 7 64 16
35 9 58 13
54 1 69 3
34 19 38 22
30 9 56 13
1 9 33 19
11 14 34 16
40 4 60 19
67 8 87 12
50 1 79 17
80 11 83 20
83 20 86 20
74 21 82 22
73 4 80 17
45 1 69 2
66 12 68 16
77 5 79 14
51 21 57 21
66 1 79 3
47 8 51 11
41 14 78 22
42 5 53 13
29 1 72 2
86 11 87 18
12 8 25 8
33 5 42 19
48 2 75 6
65 22 74 22
53 11 81 19
16 19 26 22
49 3 66 22
70 4 79 12
22 7 41 14
19 18 73 19
