15 63 5451
......................XX.......X...................X..X......SX
......X..XX........X......XX........X..X...X.....X.X......X....
.X.......X...X...........XX.....X....XX.....X.....X....X......X
............X...X.......................X..X......X..X..X......
..........X....X......X..........X.X................X......X...
.XX...X......X..X.........XX.......X.....X..X........X..X......
.......X.XX.X.X.X.....X.XX........XX........X..X...X.X......X..
....................X...X........X..X.........X.X.X....X.......
.......X.........X.....X.........X.X..X.X........X.X..X..X...X.
X.....X.....X..............X..X........X......XX......X.X......
X..XX...............................X.............X...........X
......X.........XX.........X......X..............X.............
....X.....X...............XX................X....X...XX.X.XX...
..X.......X.....XX........X...XX..X..XX.............X....X.....
X..XXX.......X....X.X...XX.X.X...................XXX...X...X...
10 5 14 59
14 34 14 34
11 35 15 55
4 24 9 54
11 13 11 24
6 44 10 61
1 55 5 57
5 18 13 59
6 6 12 52
14 57 14 57
11 51 11 61
1 11 15 44
9 41 15 57
2 12 8 33
9 55 13 61
9 1 12 62
3 20 9 43
10 49 11 50
14 48 15 55
2 43 8 48
6 62 8 62
14 46 15 48
14 44 14 44
14 19 15 63
12 48 14 59
3 41 11 60
4 63 7 63
8 42 10 62
5 58 8 63
1 14 9 59
10 6 10 6
15 15 15 53
2 49 10 61
15 57 15 62
2 46 11 53
4 15 7 40
9 48 9 63
14 63 14 63
2 3 8 58
2 56 8 59
6 21 15 36
4 14 10 23
2 57 2 62
12 45 14 56
13 24 15 62
14 51 15 56
10 49 14 61
3 54 14 63
6 57 12 61
5 42 6 50
15 17 15 50
13 16 14 60
14 37 15 61
1 30 10 42
14 8 15 26
1 2 6 47
12 19 13 60
5 11 11 22
3 36 4 61
4 1 11 60
7 2 14 24
9 24 13 59
11 46 12 63
1 61 10 63
15 7 15 58
2 17 13 17
9 27 11 63
13 7 15 20
13 2 13 16
4 59 12 61
7 49 11 61
14 12 15 19
9 10 10 56
3 31 14 31
11 10 15 45
10 60 13 61
9 5 12 20
4 35 14 36
9 20 11 24
12 15 12 46
13 13 13 15
14 63 15 63
13 45 14 56
5 9 6 28
7 18 10 49
3 16 12 44
10 36 14 36
10 10 11 26
13 41 14 58
8 8 13 17
10 55 13 60
7 37 15 48
9 58 10 62
8 59 10 60
13 27 13 53
1 43 1 55
3 11 11 54
7 57 9 58
9 62 11 63
5 51 11 53
4 59 9 59
8 59 8 63
7 29 10 56
15 18 15 21
6 40 14 46
7 51 10 51
12 49 15 60
3 62 11 63
10 11 15 29
8 23 8 28
15 33 15 35
15 22 15 28
8 40 13 49
11 21 15 39
9 42 12 52
11 18 11 61
3 11 14 63
6 6 15 15
13 41 13 57
6 22 8 42
3 59 4 63
15 6 15 37
6 37 13 42
2 24 9 25
2 41 4 42
7 7 10 10
13 22 13 54
10 58 13 62
4 49 6 59
4 12 9 44
14 49 15 52
12 19 13 37
8 12 10 61
12 23 12 59
2 32 10 48
13 60 13 63
12 10 14 28
5 61 11 62
3 43 3 61
7 55 13 56
14 13 15 63
4 31 9 39
12 3 15 17
12 15 15 22
1 37 8 54
1 29 4 62
9 24 10 43
11 47 11 59
13 21 14 46
10 51 12 63
8 58 15 59
2 51 8 51
2 46 6 53
15 61 15 62
2 2 2 43
10 15 10 63
3 60 6 61
11 17 14 62
6 35 13 37
14 60 14 61
13 14 15 36
1 46 14 57
1 8 7 48
8 6 15 60
8 1 11 60
2 29 4 63
15 7 15 18
12 50 14 60
14 32 15 57
14 6 15 58
13 55 14 57
13 46 13 52
9 11 9 52
6 20 14 23
4 61 15 61
15 36 15 56
15 10 15 59
1 59 14 60
2 20 6 41
10 10 13 55
13 28 13 31
2 11 4 50
14 11 14 55
3 3 10 14
11 44 14 57
10 24 11 51
6 53 14 59
11 38 15 61
10 43 14 55
5 38 10 51
9 17 13 41
7 4 10 44
11 60 15 63
13 50 13 62
4 25 4 50
3 5 14 35
11 37 13 56
10 2 14 62
3 48 8 51
15 36 15 46
5 22 8 23
14 19 15 35
5 32 15 56
14 14 15 50
8 19 15 41
15 21 15 27
14 58 14 60
9 6 9 49
13 9 14 45
10 10 15 55
14 44 15 50
7 40 9 43
15 61 15 61
1 27 9 61
7 54 14 54
11 16 13 36
4 63 15 63
2 37 7 52
3 32 12 48
10 3 12 32
1 33 6 33
7 48 11 60
1 16 3 46
5 31 8 46
2 36 15 54
8 40 15 49
10 3 13 33
12 21 14 44
9 40 14 63
5 27 5 53
7 40 14 59
2 44 13 62
2 60 14 61
7 49 7 63
11 17 14 53
5 57 11 58
5 50 14 59
11 5 14 50
10 49 14 61
14 28 15 62
6 1 11 49
12 29 15 38
11 61 12 62
9 31 10 47
6 56 15 62
14 56 14 59
6 39 13 54
9 14 11 63
4 54 6 63
1 21 13 62
8 21 8 58
3 45 14 51
1 62 3 62
11 14 14 36
14 53 15 55
4 59 8 61
1 62 11 63
7 38 7 46
2 13 14 60
5 14 9 36
3 40 13 46
14 39 15 44
5 14 9 46
3 21 3 39
4 37 8 63
6 47 11 53
4 17 10 63
1 19 1 42
13 19 15 41
13 5 15 25
8 18 8 28
12 38 12 40
3 24 6 38
8 40 8 59
2 25 5 31
7 27 8 62
15 14 15 50
15 38 15 49
9 45 12 50
8 52 14 59
5 41 10 59
5 62 6 63
3 47 14 50
10 56 15 60
4 8 8 39
5 50 11 53
13 47 15 58
8 17 9 48
5 23 13 44
14 61 15 62
3 31 7 40
7 57 13 61
11 50 13 50
5 29 10 57
14 25 14 61
12 36 15 54
9 62 14 63
5 13 14 36
9 21 13 58
2 46 9 53
6 44 11 53
2 18 14 62
2 23 8 31
7 15 14 16
3 50 6 63
13 34 14 58
5 12 11 25
6 31 11 55
2 43 13 55
1 7 13 18
10 4 13 47
7 27 9 59
13 63 15 63
2 41 11 58
4 23 7 56
12 33 14 33
11 17 15 47
12 11 12 49
7 25 11 45
12 18 15 51
15 7 15 61
7 34 11 34
15 52 15 63
5 30 5 49
1 23 4 40
7 48 14 49
11 58 12 58
8 34 14 59
8 41 11 49
9 3 15 51
2 31 2 48
9 28 15 63
6 53 13 55
1 12 13 34
4 32 5 61
10 60 15 60
1 15 3 45
4 42 12 57
14 56 14 62
5 60 15 60
12 43 12 56
3 62 3 62
14 47 14 59
13 36 13 43
8 57 13 58
15 51 15 59
8 31 13 34
9 34 15 59
7 51 10 63
3 21 9 35
2 23 6 48
14 22 14 40
6 50 13 60
1 42 4 59
4 47 6 53
14 29 14 35
7 58 14 63
14 33 15 47
5 39 13 50
15 1 15 33
14 58 14 59
2 28 10 50
1 43 14 62
13 25 13 45
11 23 11 32
12 6 13 51
15 45 15 50
7 8 11 9
6 13 15 61
9 17 14 59
3 18 12 56
4 41 10 43
9 62 11 62
3 48 11 57
6 36 14 59
6 23 9 44
1 37 11 60
3 51 14 61
2 20 9 55
13 39 14 62
7 7 14 30
2 24 11 24
7 63 15 63
4 53 14 60
1 16 12 36
12 15 14 53
10 20 11 34
1 54 1 59
13 58 14 60
14 16 15 36
8 52 12 53
11 49 15 58
15 56 15 61
15 53 15 63
9 39 14 40
12 36 14 60
8 23 15 36
3 6 5 49
13 25 13 26
1 23 10 61
11 52 15 53
14 15 15 48
11 10 15 31
13 55 14 61
4 45 14 55
2 13 13 47
7 40 15 60
13 16 15 34
15 16 15 58
12 22 15 35
9 22 10 45
12 20 13 25
1 19 7 51
13 16 13 55
9 50 14 60
15 63 15 63
4 31 6 41
8 12 9 52
7 57 12 62
6 54 6 58
13 36 13 40
2 60 15 63
7 44 8 49
14 18 15 37
6 8 7 41
13 25 13 56
6 4 9 41
10 43 15 55
1 51 12 55
11 5 11 25
13 36 14 63
8 8 13 46
4 53 10 62
1 57 3 63
2 22 12 44
1 55 4 57
7 21 7 61
7 3 8 61
9 48 14 62
6 45 8 58
9 43 12 45
3 8 6 27
10 5 10 15
1 3 5 27
4 25 8 35
7 22 8 63
6 5 7 28
4 50 8 56
8 59 15 62
7 30 13 57
13 34 14 60
11 14 13 32
9 48 10 55
9 59 14 63
10 46 14 48
14 56 15 56
6 17 11 63
9 42 11 60
11 63 11 63
2 19 14 46
1 46 2 47
3 39 7 46
2 27 14 60
15 20 15 27
5 16 10 23
15 19 15 56
13 1 15 12
2 23 12 58
9 60 14 60
10 15 13 54
1 5 13 18
1 14 11 14
7 40 9 50
11 53 11 57
9 35 14 63
7 16 9 54
4 49 4 51
6 56 12 56
14 29 15 32
15 17 15 23
8 61 11 62
5 53 5 56
12 40 13 59
1 63 14 63
2 8 7 10
14 53 15 60
10 35 11 49
8 2 10 40
10 18 10 21
7 19 12 48
7 7 7 39
11 56 12 60
2 4 3 8
12 1 13 63
10 10 14 38
10 61 14 63
11 17 12 36
3 61 4 63
15 41 15 41
9 56 11 58
9 48 10 50
6 60 15 60
10 5 15 57
4 47 12 56
6 7 12 28
9 28 14 47
13 5 15 19
11 60 12 60
1 1 13 46
2 27 7 61
1 5 4 26
15 15 15 56
15 24 15 56
15 2 15 59
1 9 13 35
3 25 12 55
6 61 8 62
14 23 14 38
8 39 9 61
3 47 7 58
4 27 4 51
2 10 8 58
1 19 15 31
7 57 13 57
4 35 15 52
11 39 11 41
8 59 10 59
5 20 10 37
5 1 14 21
2 21 3 51
14 12 15 25
11 44 14 59
8 41 10 62
3 13 14 21
2 6 14 37
15 42 15 43
9 37 13 46
6 63 7 63
2 14 10 49
15 61 15 63
12 60 12 62
8 22 10 25
2 43 10 44
14 14 14 36
10 13 12 53
2 52 8 60
8 19 15 22
10 20 11 38
10 32 13 53
1 9 3 27
10 58 14 63
7 63 13 63
10 5 15 43
6 43 6 43
1 24 11 62
5 26 13 53
4 50 9 55
14 5 15 54
5 51 12 52
1 37 15 41
7 20 14 42
5 1 9 6
14 53 15 53
11 57 14 62
13 50 13 56
10 15 15 19
6 34 7 42
6 32 13 63
11 25 14 43
1 24 9 52
2 62 5 63
12 35 13 46
3 21 11 46
2 31 5 34
5 9 6 10
6 46 6 55
7 44 14 54
11 50 13 63
9 9 10 34
10 34 13 53
6 38 8 47
3 47 4 55
5 41 6 55
5 40 9 40
14 56 15 56
14 6 15 32
8 60 8 62
9 28 10 61
12 29 15 34
13 14 15 38
3 55 9 61
1 38 13 46
8 56 15 59
4 29 13 56
15 40 15 56
4 31 9 32
14 30 14 48
6 32 15 52
8 39 12 53
12 30 13 37
14 32 15 42
6 1 15 55
12 38 15 50
15 3 15 8
1 50 14 55
2 25 7 34
14 6 14 44
13 12 13 20
13 9 15 33
6 27 9 31
2 63 6 63
3 48 8 48
12 43 13 53
9 16 11 60
11 52 12 58
9 25 12 43
12 46 12 50
7 9 15 23
9 49 13 49
1 7 13 52
5 60 12 61
5 54 10 61
10 6 11 21
7 5 7 45
1 52 1 60
13 59 14 60
3 52 13 53
15 21 15 45
13 44 15 63
3 24 6 54
6 52 12 56
3 44 14 63
8 42 8 60
3 5 7 7
5 28 9 32
1 18 14 43
8 46 8 63
9 8 10 37
4 48 11 49
2 50 9 55
9 26 11 56
15 20 15 41
5 51 13 54
4 45 15 56
3 19 14 45
1 47 3 50
11 29 15 51
1 35 13 42
5 42 5 44
4 14 10 22
8 44 11 62
10 40 11 46
13 18 13 32
4 45 11 63
14 51 15 61
14 55 15 60
3 18 8 47
2 53 14 61
6 19 12 23
5 9 14 9
9 7 10 57
8 36 10 55
7 16 15 25
4 59 10 60
4 23 12 50
15 11 15 49
12 31 15 44
9 38 13 54
9 46 13 62
13 31 14 32
10 36 13 52
11 27 11 48
12 6 14 31
5 2 15 46
8 35 10 38
14 24 15 59
9 8 14 35
11 15 11 39
6 45 15 62
6 60 10 63
12 6 15 42
7 16 11 26
10 13 15 25
11 10 14 62
2 30 7 38
14 60 14 60
8 46 15 46
12 8 12 21
4 62 10 62
10 32 10 33
12 17 14 46
1 27 12 52
1 1 4 45
11 36 13 61
9 34 10 45
11 22 13 50
3 53 9 56
14 37 15 53
11 8 14 60
8 18 13 50
1 48 1 58
10 51 14 56
5 26 10 42
7 18 11 26
2 41 11 43
12 43 14 49
11 30 11 53
12 23 15 36
9 12 13 62
12 4 14 47
8 23 8 38
9 30 11 61
1 44 12 48
8 59 15 62
13 60 13 63
9 53 10 61
11 60 11 63
2 49 3 59
3 9 9 27
12 26 12 63
13 32 13 63
5 45 6 60
6 40 13 52
1 44 15 63
13 42 15 61
4 18 14 28
2 22 15 53
3 28 5 28
15 51 15 53
10 22 15 52
5 26 15 56
9 21 13 61
2 6 10 32
13 62 13 62
13 60 13 61
8 6 9 61
9 27 11 45
11 54 12 58
11 26 15 34
2 31 6 54
11 51 13 58
4 19 6 19
6 41 7 48
12 34 13 59
12 2 14 36
11 18 15 42
9 56 15 59
13 9 14 42
11 4 14 27
12 16 14 29
2 43 4 47
5 58 8 62
9 61 10 63
5 13 12 34
15 28 15 30
8 6 9 24
15 48 15 61
9 21 9 21
15 37 15 38
12 57 15 62
5 26 12 43
11 50 14 52
9 33 15 55
3 62 8 62
10 6 14 63
15 25 15 48
7 16 15 19
6 14 12 56
4 51 12 61
13 55 13 61
7 31 9 60
3 2 3 37
6 32 12 45
3 42 13 42
7 31 7 54
12 52 15 58
12 15 12 62
11 18 11 22
14 15 14 43
13 5 15 11
10 56 15 60
10 47 13 57
13 45 13 49
5 50 12 57
2 37 10 43
7 42 9 58
4 57 5 59
4 62 5 62
4 58 14 62
1 4 3 29
7 60 14 60
3 46 6 46
2 26 2 33
14 55 14 59
9 32 14 59
7 49 9 49
4 29 8 62
10 24 15 53
6 33 6 61
2 19 15 36
14 54 14 56
8 25 13 25
2 48 3 55
2 24 14 48
3 51 4 55
1 35 15 62
11 45 11 48
9 11 9 14
2 35 13 36
1 13 8 61
7 63 8 63
6 43 9 46
9 2 9 2
15 46 15 54
12 53 12 59
1 39 11 55
8 49 8 59
1 7 5 42
8 50 10 56
1 63 2 63
5 39 10 60
11 34 12 63
10 56 13 58
1 44 7 57
9 23 11 55
2 38 13 56
3 34 7 63
8 41 8 55
10 57 14 57
12 34 14 46
11 56 15 61
5 51 11 56
6 21 9 40
3 9 6 9
6 4 11 54
13 46 13 57
10 35 14 54
10 43 15 63
2 30 13 62
4 35 8 51
5 27 9 60
12 6 14 12
1 24 6 35
2 5 8 57
6 12 11 16
1 46 5 51
12 22 13 36
2 38 15 60
3 2 15 54
13 39 14 51
7 1 10 17
15 18 15 26
11 54 12 63
4 38 6 62
9 27 12 43
7 31 13 37
6 4 7 61
8 3 12 61
4 43 13 59
7 62 14 63
8 49 12 51
3 27 3 34
11 48 15 59
4 52 6 58
4 46 9 48
10 11 12 14
7 23 7 38
13 3 15 4
9 25 12 55
1 48 13 57
12 31 13 63
15 11 15 58
5 48 8 51
6 33 13 63
10 20 11 27
9 47 14 54
8 19 9 52
11 32 12 39
6 52 7 52
7 62 15 63
1 41 11 51
2 2 13 47
8 43 15 57
6 29 8 30
4 14 8 28
6 56 9 58
5 55 15 57
2 33 5 63
2 7 4 58
14 21 14 51
3 4 10 5
5 25 5 45
11 7 15 22
7 47 9 55
5 59 15 59
15 14 15 59
6 41 12 56
4 6 4 15
9 43 12 47
10 4 14 30
6 6 7 57
6 40 13 60
15 49 15 56
6 41 15 59
13 25 15 30
1 41 5 42
4 6 5 58
14 18 14 48
14 35 15 47
3 43 10 52
2 18 13 35
15 25 15 49
5 23 13 39
5 1 13 22
9 46 14 53
2 62 4 63
9 24 13 28
8 39 11 63
1 20 10 51
1 60 12 63
6 33 8 54
15 48 15 50
6 38 7 51
8 61 11 63
2 51 10 57
15 25 15 51
15 45 15 63
13 13 13 25
5 41 11 61
7 11 15 48
1 47 9 58
12 59 12 62
4 49 4 57
8 21 15 29
4 3 7 62
7 59 12 62
6 28 11 59
2 26 10 62
14 26 15 62
2 12 3 56
5 39 11 41
10 15 11 45
12 39 13 55
7 3 15 58
10 47 10 59
7 35 12 51
7 55 14 61
10 17 14 46
3 36 6 57
3 27 7 32
7 52 15 56
8 4 10 29
2 55 11 58
5 36 11 56
1 18 5 59
3 3 8 47
15 19 15 36
11 7 15 42
2 15 7 32
9 23 12 50
1 44 5 61
1 26 9 37
5 45 10 61
3 42 10 56
12 7 13 34
1 48 15 63
7 29 13 53
15 31 15 57
3 23 15 49
7 13 14 33
6 38 7 60
1 42 11 63
1 52 1 62
8 60 14 61
11 48 14 50
14 20 15 40
15 14 15 32
4 21 8 63
11 2 14 10
8 50 8 61
7 44 8 51
15 62 15 63
11 28 11 54
1 62 8 62
14 26 15 49
13 27 13 45
10 18 12 30
2 14 15 24
7 54 15 54
7 1 10 49
1 50 6 52
10 21 12 56
10 16 11 32
14 13 15 34
6 14 11 20
9 13 10 51
8 5 10 12
2 21 12 43
14 31 14 31
6 1 8 28
3 55 5 63
10 5 11 35
5 26 15 36
1 10 8 25
14 14 15 26
9 6 15 51
1 18 2 57
14 12 14 12
7 46 12 57
2 54 6 63
1 12 5 31
4 24 12 55
9 29 11 54
1 54 10 54
4 36 5 40
3 27 14 57
5 63 11 63
5 42 9 50
1 26 2 30
15 44 15 57
3 40 8 54
11 16 14 43
8 63 14 63
1 42 7 60
12 26 12 55
15 55 15 57
13 18 14 27
13 28 15 43
2 59 5 63
12 9 12 30
4 16 9 62
14 22 14 25
10 44 12 51
12 42 14 49
1 3 11 20
12 21 15 42
10 48 15 63
14 54 14 62
8 29 14 60
12 37 13 51
3 26 6 42
13 48 15 52
12 10 15 24
5 12 5 12
8 21 11 36
3 6 14 32
13 48 15 53
12 11 15 38
3 46 8 59
8 23 15 58
14 46 14 56
14 1 14 28
7 23 15 47
5 3 12 4
3 24 15 63
1 31 4 57
6 16 8 34
11 49 14 49
13 41 13 48
3 51 3 52
6 39 10 51
9 38 12 48
2 27 4 54
15 19 15 36
13 3 13 35
15 4 15 31
7 13 13 23
10 24 12 30
5 9 7 42
4 22 13 36
8 29 10 33
4 4 9 58
2 33 8 34
14 44 15 49
5 40 12 45
13 60 13 61
2 28 6 31
1 21 12 38
7 27 14 58
12 59 15 61
12 44 13 54
15 58 15 62
3 22 10 30
8 46 15 47
12 18 12 41
2 44 9 52
2 38 14 50
14 9 14 26
5 13 6 56
15 29 15 59
4 10 13 15
4 17 13 45
1 35 10 35
9 16 10 37
14 52 15 57
8 17 15 30
13 16 13 31
13 21 13 24
7 3 7 13
14 46 15 50
11 47 13 56
6 62 15 63
12 44 15 53
6 32 6 55
4 28 15 57
5 48 8 58
10 38 12 54
6 39 14 42
1 44 4 44
12 51 15 59
10 30 12 61
6 9 14 57
1 18 3 40
9 30 15 52
3 47 8 61
9 1 15 55
2 52 8 53
7 41 8 48
14 58 14 63
2 42 5 63
13 50 15 61
1 59 1 59
9 32 9 58
11 38 11 59
9 50 12 63
10 40 10 45
12 2 15 19
2 33 15 50
5 54 5 63
11 51 12 56
10 12 13 45
13 11 14 59
13 15 14 49
4 30 12 31
5 28 15 42
10 10 13 54
10 60 13 62
14 43 14 62
8 47 13 56
8 19 15 48
13 44 14 46
7 46 8 46
5 62 13 62
15 51 15 54
14 23 14 55
15 54 15 62
2 14 13 58
2 42 5 54
11 49 13 60
12 27 14 39
15 4 15 7
1 57 3 58
10 12 10 38
10 36 11 41
2 40 13 46
14 34 15 62
6 43 13 44
9 38 14 52
7 6 8 35
14 41 14 47
11 39 13 52
2 38 10 55
3 2 12 57
9 57 14 59
13 49 15 51
1 9 11 39
2 45 5 46
5 31 13 53
4 8 4 39
7 60 7 60
15 51 15 62
15 39 15 50
13 51 14 60
10 5 12 31
1 55 11 61
9 28 15 57
13 51 13 57
15 32 15 50
13 37 15 48
8 15 10 50
13 57 13 57
10 48 13 52
5 31 12 49
2 39 2 54
5 63 12 63
7 33 10 36
13 14 14 63
4 49 11 52
2 38 10 53
11 48 14 48
7 27 9 55
1 24 3 52
12 39 15 50
3 18 14 45
10 55 15 55
10 28 14 59
2 55 13 57
9 58 13 63
4 1 7 59
7 31 9 59
6 11 6 52
8 16 12 33
1 39 1 46
13 52 15 54
10 4 10 21
5 28 11 53
1 5 12 58
5 54 10 57
13 34 15 46
8 7 9 54
11 33 15 55
7 3 14 53
2 27 6 51
11 33 15 60
10 30 15 31
8 21 13 35
5 6 8 32
14 43 14 57
7 63 10 63
9 31 12 34
7 9 12 37
5 10 10 20
9 8 9 48
5 50 15 55
3 5 11 42
2 13 7 36
5 63 6 63
7 51 10 54
12 39 15 49
11 34 11 63
13 14 13 30
11 26 14 62
5 24 8 61
14 14 15 20
3 52 6 59
8 5 15 34
8 14 9 36
5 24 9 43
15 33 15 49
11 3 15 35
5 10 13 22
5 38 7 52
11 9 14 56
10 45 14 54
13 41 13 52
15 22 15 59
11 43 15 47
1 41 14 50
7 36 10 59
11 6 15 42
1 46 5 59
4 19 10 37
2 37 2 38
14 33 15 49
14 22 14 24
11 41 11 59
5 36 15 54
10 7 10 14
10 58 12 59
1 62 12 63
12 1 13 1
10 48 14 54
1 60 1 60
2 3 3 12
8 41 15 55
5 63 14 63
8 7 8 23
5 5 6 22
9 9 15 58
14 10 14 16
15 14 15 55
1 34 10 52
14 15 14 30
8 53 10 53
7 62 11 63
13 8 14 27
14 20 14 53
6 17 14 18
11 26 15 26
7 53 9 57
8 36 8 54
7 3 7 17
4 57 14 63
1 63 13 63
8 41 15 60
15 26 15 53
3 17 3 61
8 45 9 62
8 38 12 58
8 44 15 55
6 57 10 61
10 54 10 62
5 55 10 63
10 1 11 36
1 55 6 63
5 3 6 54
10 44 10 63
1 26 14 60
11 19 11 30
12 6 15 22
2 48 15 53
15 41 15 52
2 58 8 61
3 13 4 62
7 29 10 44
3 47 9 57
11 10 11 35
10 32 11 61
9 63 13 63
12 25 13 49
12 63 14 63
12 2 14 17
2 45 12 63
7 58 7 63
11 36 15 53
7 54 9 58
15 7 15 36
13 51 13 58
1 12 10 19
13 24 15 51
11 29 13 47
3 55 9 63
1 16 5 58
9 19 15 49
8 31 9 46
7 2 11 33
6 42 13 44
10 12 14 12
10 44 14 60
8 50 10 54
11 2 15 30
10 21 13 24
11 3 13 39
13 40 15 43
15 49 15 61
6 18 12 36
13 1 13 7
8 50 11 50
13 10 15 33
12 28 14 36
12 5 12 57
9 58 10 60
7 62 14 63
12 15 15 16
8 45 13 49
13 48 14 56
12 1 15 2
14 29 14 36
8 10 13 62
10 13 15 63
15 54 15 59
12 60 14 62
9 56 11 62
2 33 2 46
12 7 14 34
1 35 12 35
8 26 15 59
12 11 12 51
5 56 9 58
5 56 8 61
5 56 6 57
1 4 5 15
7 52 8 52
11 42 13 63
9 3 14 33
2 54 6 61
1 23 11 31
2 5 5 61
13 4 14 36
2 48 4 58
6 62 13 63
14 13 15 52
1 39 1 62
5 3 14 48
3 35 3 57
6 31 12 57
6 35 15 56
6 42 14 51
15 9 15 47
14 53 14 57
5 10 6 18
13 49 14 50
10 57 13 62
8 52 12 54
5 49 13 49
15 39 15 41
2 54 2 60
3 20 14 44
3 1 7 54
14 50 15 62
11 1 12 21
8 16 14 50
4 5 9 15
11 53 13 60
6 22 11 43
5 11 12 62
2 63 2 63
7 33 7 43
13 46 13 52
1 50 15 54
5 32 15 46
3 27 10 34
4 15 7 50
15 56 15 60
12 21 12 36
6 16 7 18
7 19 9 62
3 14 3 32
12 24 14 34
7 44 11 50
11 28 15 39
10 16 12 46
15 46 15 63
4 12 13 13
11 53 13 55
6 60 7 62
4 21 10 62
7 22 8 47
12 37 13 62
14 39 14 46
11 22 11 60
8 18 10 62
8 51 9 55
2 40 2 59
10 8 12 15
12 20 15 41
5 19 13 19
12 28 14 59
11 8 12 58
7 34 14 46
5 37 11 41
10 26 13 61
10 39 12 44
11 51 15 54
10 45 11 46
3 18 6 58
7 37 10 41
14 10 14 58
6 21 9 52
4 18 7 30
4 44 6 53
7 2 12 47
14 25 14 56
12 23 14 30
12 32 12 45
7 18 9 56
1 17 6 27
10 22 11 34
10 35 15 43
10 3 14 48
11 50 14 56
12 50 13 61
15 38 15 46
11 22 15 29
5 49 13 52
15 62 15 63
15 52 15 59
14 12 15 58
10 13 11 61
4 14 10 27
11 28 11 32
8 19 15 25
2 48 6 51
4 46 12 49
12 37 15 54
5 3 5 15
10 13 10 27
13 19 13 59
7 48 15 52
3 5 5 38
5 57 9 61
5 5 11 63
4 18 7 37
9 16 9 44
10 61 12 63
9 14 15 21
15 51 15 54
14 30 15 48
2 55 10 63
11 39 12 49
13 40 14 46
13 5 15 56
7 27 14 28
9 46 15 47
14 53 15 57
11 30 11 61
8 38 14 45
13 17 14 55
11 39 13 54
10 62 14 63
15 41 15 56
9 50 15 60
6 31 13 44
5 55 5 57
4 60 7 61
2 42 4 51
10 45 11 52
15 13 15 19
9 13 13 35
2 43 9 58
9 55 14 63
2 62 8 63
15 32 15 57
8 52 10 58
15 44 15 46
9 23 13 46
8 19 13 25
15 7 15 37
11 28 11 55
3 60 6 63
8 52 10 57
12 33 14 37
2 61 2 61
15 52 15 55
11 46 13 53
15 29 15 29
13 59 13 61
12 33 13 33
15 29 15 43
14 10 14 23
4 59 15 60
14 34 14 34
4 11 10 56
13 44 15 63
5 45 14 60
15 58 15 63
15 12 15 34
15 26 15 61
2 27 2 45
11 30 14 45
3 25 12 31
15 51 15 56
2 31 4 46
13 30 15 56
9 10 14 45
8 40 15 49
11 23 14 43
3 26 10 34
6 10 12 41
12 62 15 63
13 26 13 35
5 25 12 57
9 58 11 61
4 52 8 57
15 62 15 62
3 52 13 63
9 58 11 59
12 18 13 40
12 31 15 45
13 29 14 34
3 17 5 26
1 11 8 46
2 41 4 52
5 41 5 58
6 21 15 60
5 42 11 55
13 12 13 48
11 44 12 46
15 53 15 56
7 48 7 59
11 12 15 51
4 38 10 47
9 44 13 58
5 12 14 48
13 8 15 31
2 43 4 56
1 17 15 38
2 46 11 56
13 38 14 46
12 34 12 63
3 5 8 49
3 42 12 59
1 12 4 54
1 4 1 46
3 37 10 59
4 25 7 32
1 28 4 54
1 1 15 56
13 8 15 11
6 4 14 18
4 49 9 53
3 62 11 63
11 63 11 63
9 48 9 51
15 37 15 43
1 15 9 25
4 41 4 55
3 18 4 30
9 40 12 62
1 4 1 20
9 4 11 58
8 46 9 46
8 1 13 21
6 32 14 37
13 29 14 40
12 55 13 63
15 51 15 58
12 31 14 41
5 8 7 37
4 51 6 56
10 60 15 63
15 62 15 62
12 25 13 34
1 47 13 49
1 54 1 60
14 5 14 46
6 16 13 28
12 41 13 55
15 20 15 33
14 50 15 63
11 27 12 61
2 12 5 14
5 50 10 60
2 26 7 61
6 43 11 62
13 15 14 34
5 63 7 63
4 27 5 44
1 30 1 63
13 57 13 63
4 63 13 63
6 41 10 42
3 19 4 49
2 45 10 61
15 19 15 50
1 14 15 41
1 30 13 59
8 4 10 60
11 38 11 54
8 63 9 63
12 46 12 57
7 45 10 53
6 8 10 10
4 17 7 63
14 43 14 54
9 2 10 13
8 24 14 61
7 44 9 62
13 19 14 40
15 49 15 57
3 5 4 29
5 25 7 46
3 4 3 27
1 52 12 55
12 16 13 47
12 42 14 52
8 22 11 32
12 63 14 63
1 25 13 59
12 26 14 48
8 30 9 42
11 44 13 56
9 17 15 57
12 16 12 39
7 14 14 55
10 30 12 38
15 57 15 58
14 9 15 46
6 11 15 52
13 58 13 62
2 1 10 10
5 40 15 54
6 22 9 32
13 50 15 54
5 27 10 59
12 34 15 54
7 28 9 36
10 35 11 35
7 27 13 43
9 23 11 61
14 27 14 43
11 33 15 35
6 2 6 15
6 33 14 36
13 58 15 62
13 8 15 39
6 41 15 59
9 22 12 39
12 42 15 63
7 36 10 41
8 23 8 46
5 21 13 22
11 56 11 59
10 47 11 50
6 37 11 43
8 48 14 60
10 34 13 61
13 63 14 63
6 59 6 63
1 23 1 40
3 15 15 54
7 41 9 62
13 24 15 25
10 29 13 43
12 10 13 41
5 47 11 55
3 55 9 61
6 42 8 63
8 11 10 54
14 3 15 16
2 30 12 38
12 33 14 47
9 45 9 47
11 44 14 48
3 60 14 61
3 37 5 63
8 7 11 42
3 11 6 32
10 22 13 59
10 42 14 49
7 57 10 58
2 10 8 48
13 50 14 51
11 41 14 62
12 26 15 32
14 58 15 63
10 47 14 62
8 30 8 30
9 4 10 28
6 50 9 53
3 59 4 59
15 30 15 55
13 5 15 53
7 41 15 46
6 54 12 57
9 16 13 55
11 30 12 55
4 55 15 57
6 6 11 21
4 8 10 44
13 1 14 9
14 7 15 25
9 43 11 58
14 43 14 43
4 51 12 57
12 59 14 63
5 51 8 61
3 25 14 47
14 49 15 61
13 32 13 60
12 5 15 18
12 12 13 26
9 31 9 61
8 32 12 46
10 60 13 60
14 53 15 59
4 21 7 30
13 22 13 36
4 8 13 37
14 22 14 59
4 9 9 51
5 43 6 51
7 62 9 63
1 59 14 59
2 35 8 52
15 44 15 57
15 6 15 22
10 15 11 16
6 5 7 25
3 9 6 27
11 55 14 62
7 59 7 60
13 50 13 58
7 9 9 52
10 43 12 61
13 58 14 62
13 60 15 62
4 49 9 50
7 45 10 57
3 42 10 59
6 50 9 56
15 12 15 32
12 35 13 37
11 34 12 48
8 46 12 51
9 4 9 11
6 51 15 55
8 36 13 48
7 60 9 63
15 14 15 50
8 4 12 62
10 43 12 50
15 43 15 58
5 58 6 61
3 25 11 36
8 16 12 53
6 56 12 58
3 49 8 61
13 47 15 47
3 22 10 48
9 25 15 34
3 30 3 37
12 9 12 45
8 49 13 53
13 35 13 46
15 48 15 62
6 22 11 54
3 39 9 48
4 33 11 56
12 38 15 45
2 12 6 21
10 40 15 51
7 20 13 24
8 25 9 63
4 10 11 45
9 16 10 35
9 6 11 49
10 10 10 50
9 29 12 58
9 21 13 22
15 44 15 52
14 25 15 40
15 37 15 38
11 55 14 55
12 1 12 24
8 54 8 59
14 43 14 59
8 8 15 43
5 40 6 40
10 46 13 60
9 62 13 62
13 13 14 18
1 13 14 21
2 63 2 63
15 5 15 7
2 51 5 55
2 54 11 54
8 37 8 59
9 59 9 63
12 50 15 61
12 53 14 53
5 30 5 47
7 44 8 53
15 55 15 63
2 13 10 56
1 53 12 60
9 11 13 13
10 27 13 50
4 43 9 59
10 15 10 28
13 27 15 51
15 4 15 50
4 9 14 63
10 9 11 39
15 9 15 47
5 18 13 54
13 51 13 56
2 27 10 33
15 44 15 56
7 39 13 40
11 18 12 56
2 46 12 62
15 1 15 50
9 35 14 41
8 52 12 58
6 16 15 49
8 16 13 22
2 54 7 62
4 50 8 53
5 19 12 23
2 13 7 44
3 45 11 57
11 13 13 34
7 29 14 38
5 14 15 55
13 54 15 63
13 34 14 60
5 28 5 29
3 26 6 37
9 52 13 52
15 5 15 52
12 30 13 60
8 52 11 63
6 45 12 45
5 15 6 21
15 38 15 41
5 30 7 58
14 36 15 62
9 36 11 57
6 55 15 59
10 18 15 22
13 26 13 39
14 12 15 36
10 42 15 50
1 23 8 47
10 39 14 42
7 9 7 48
14 60 14 63
12 5 14 55
6 34 14 61
3 59 8 62
15 23 15 34
15 31 15 40
8 13 15 24
13 55 13 61
8 33 10 49
11 49 14 54
8 28 11 32
15 7 15 10
11 51 11 59
10 31 14 55
15 28 15 52
10 19 15 32
7 42 15 44
9 55 12 61
10 14 15 48
4 34 7 49
6 43 8 60
7 22 12 54
9 30 15 61
4 6 8 12
1 58 15 60
6 42 13 60
5 43 11 62
4 1 7 5
12 34 14 49
13 36 15 58
8 25 13 43
7 15 11 32
8 24 8 42
8 37 10 58
6 56 12 58
9 33 15 36
1 51 12 54
4 54 11 62
13 34 14 39
14 18 14 31
4 26 13 37
4 40 6 49
12 25 15 45
4 5 9 31
4 17 12 44
10 29 12 60
1 25 3 60
5 7 10 39
11 47 15 60
15 7 15 30
1 46 12 63
10 15 10 35
4 52 12 60
14 63 15 63
11 33 11 39
10 29 11 43
10 7 15 19
2 27 6 53
11 30 13 33
12 7 13 54
4 37 7 59
8 50 8 56
7 2 8 59
6 10 11 20
5 49 13 53
6 56 15 59
11 18 15 55
14 49 14 54
9 3 15 29
14 39 14 51
10 15 11 62
5 25 14 29
15 47 15 59
8 41 15 41
6 60 8 60
5 8 10 37
5 8 10 14
1 42 7 61
1 10 13 33
15 5 15 13
8 42 15 44
10 26 10 52
7 25 11 51
10 49 11 53
12 19 12 59
12 54 14 54
3 53 7 57
7 38 8 48
9 13 14 34
4 9 4 46
12 9 12 44
6 49 8 49
3 44 3 45
15 59 15 60
11 55 11 57
5 61 13 61
3 22 10 46
11 16 13 58
1 30 5 56
7 7 12 26
11 33 11 37
13 56 14 59
12 36 12 48
15 46 15 50
12 60 13 62
3 21 5 21
13 47 13 56
4 17 9 50
11 56 11 62
10 51 10 52
12 43 14 62
13 54 15 55
11 42 12 61
14 36 15 63
15 33 15 54
15 15 15 15
12 60 12 63
4 23 9 33
14 33 15 59
14 31 14 53
6 31 6 35
10 38 15 46
5 57 8 60
5 20 11 25
5 60 8 60
3 43 3 50
4 14 10 52
3 24 8 35
12 10 12 29
10 28 14 45
13 58 13 59
11 50 14 51
6 38 14 43
5 24 9 38
9 16 11 16
3 20 11 32
5 30 8 48
2 48 2 56
9 8 11 40
15 19 15 47
10 7 15 56
6 20 12 60
2 54 9 62
10 36 10 52
1 18 6 23
7 48 9 56
11 54 11 58
9 57 9 59
10 14 12 62
11 24 11 61
4 20 9 61
10 5 15 22
4 20 15 25
10 6 11 30
5 26 10 35
4 21 6 23
10 50 12 52
9 35 9 52
12 49 13 57
2 44 14 50
9 63 15 63
4 12 4 48
8 12 10 50
1 43 13 57
9 33 10 51
2 24 7 45
8 47 12 51
2 36 7 39
13 22 13 32
5 10 11 10
11 26 11 36
7 7 13 17
12 2 12 44
9 41 14 47
10 58 12 61
7 28 15 33
1 44 10 46
2 39 4 39
3 25 7 47
1 6 14 25
4 45 4 57
6 63 7 63
3 52 14 63
11 34 13 61
9 41 9 49
7 53 7 60
3 4 8 59
1 58 11 63
9 63 13 63
14 25 14 59
8 55 8 59
1 31 7 51
12 31 15 38
15 32 15 47
6 45 14 52
8 20 11 57
4 9 11 17
13 12 13 25
12 60 12 63
12 22 12 35
13 52 14 53
9 2 15 30
4 55 6 62
14 32 14 62
12 10 14 11
5 38 9 40
5 38 9 56
1 24 4 53
3 14 13 27
11 41 11 56
7 18 12 26
15 60 15 62
15 10 15 56
13 37 15 57
1 3 9 32
14 22 15 42
5 31 12 54
15 38 15 40
12 35 14 53
5 43 14 43
4 51 11 57
12 8 12 60
15 27 15 30
10 54 10 59
9 21 9 36
3 43 13 52
14 44 14 60
2 57 6 60
8 38 9 39
8 42 13 56
14 37 14 52
13 2 14 47
10 25 13 54
15 9 15 10
7 63 8 63
13 17 13 18
12 21 13 26
12 53 12 54
12 51 15 52
9 61 9 62
6 45 12 50
13 39 13 61
11 58 11 61
9 39 13 57
1 3 14 56
8 26 13 33
6 29 8 42
12 54 13 62
10 47 12 58
12 8 13 13
10 41 15 54
5 42 11 51
9 48 15 53
10 19 14 48
1 12 11 40
5 39 9 49
11 48 14 58
12 22 14 29
1 49 7 51
5 25 13 45
9 19 9 54
11 22 14 42
6 59 14 60
5 45 15 53
6 16 15 41
4 25 8 27
1 27 13 47
4 20 4 26
3 48 3 51
1 2 10 51
11 15 14 21
13 61 15 61
4 5 12 22
15 2 15 32
6 25 10 38
13 4 14 61
9 61 15 63
3 29 5 38
14 48 14 63
3 31 7 47
7 7 14 51
7 30 8 31
9 25 14 41
9 7 12 23
9 40 9 59
1 30 4 49
10 7 14 43
10 56 13 57
11 8 15 41
8 4 14 31
6 39 13 57
12 11 15 38
9 17 13 38
3 48 11 59
1 37 7 50
3 34 14 58
2 54 4 55
4 58 10 58
10 40 12 60
7 18 7 34
6 59 7 61
10 8 14 14
13 52 15 53
5 48 5 55
5 61 11 61
9 56 11 60
11 28 13 49
3 53 8 53
6 62 7 62
13 30 14 42
12 23 12 39
7 37 7 39
10 6 12 6
4 63 8 63
6 25 10 51
1 31 1 44
11 34 12 35
8 20 8 39
8 6 13 47
13 2 14 29
3 46 13 59
7 49 15 51
12 58 12 63
4 13 6 28
1 36 7 56
5 57 12 63
7 9 11 33
7 25 12 37
1 32 5 61
10 14 13 62
1 47 8 49
11 57 12 61
10 47 10 54
9 4 15 22
7 55 14 61
1 22 1 50
3 54 3 58
5 57 10 59
4 23 8 42
10 53 15 57
10 22 15 38
14 2 14 26
12 10 14 30
5 28 9 51
8 56 9 60
5 61 10 61
8 21 13 47
5 2 13 14
10 27 13 44
12 57 12 57
13 28 13 31
15 23 15 25
2 20 6 34
10 50 13 55
12 58 12 61
7 44 10 49
4 47 5 52
8 42 9 44
11 40 13 45
2 47 14 52
6 48 12 60
1 52 7 60
13 18 15 40
1 5 12 47
1 44 1 44
6 36 12 58
9 26 15 34
1 45 12 59
8 19 10 47
10 57 13 63
11 14 11 42
9 10 12 20
8 5 11 61
12 62 13 63
11 55 15 57
6 22 8 36
7 61 11 63
1 26 3 33
9 47 10 57
7 44 10 54
7 62 14 62
15 21 15 34
4 18 11 52
8 22 9 23
1 46 12 53
3 33 7 62
3 2 6 40
15 49 15 50
11 41 11 52
2 24 6 57
10 42 15 60
1 15 12 56
2 38 15 48
11 30 13 48
15 43 15 54
12 19 15 51
1 6 12 18
7 53 15 55
1 45 12 58
4 57 4 63
9 33 9 44
14 53 15 56
15 21 15 61
5 60 6 61
15 61 15 62
7 47 7 48
13 37 14 55
1 55 5 58
3 29 11 39
7 9 10 60
4 27 6 57
11 3 12 8
15 40 15 44
6 26 14 53
10 9 10 52
4 10 12 33
14 38 14 46
2 41 8 58
1 49 5 53
7 24 8 63
7 45 7 46
13 36 14 41
3 41 15 41
12 22 15 50
1 2 14 42
14 40 14 55
8 36 11 56
11 29 13 51
6 9 13 40
2 10 2 59
14 22 15 23
14 6 14 42
8 30 12 35
7 8 13 40
6 53 9 61
11 9 13 43
5 37 11 49
5 31 13 42
15 10 15 29
3 59 7 60
9 11 10 54
8 25 10 44
9 42 15 60
13 63 13 63
3 56 15 62
3 28 7 49
7 15 13 20
4 3 6 58
9 51 9 58
11 60 14 62
2 53 9 62
7 27 9 53
7 33 10 61
5 12 15 52
15 63 15 63
15 35 15 59
5 9 9 28
8 21 9 50
6 35 7 48
4 6 6 39
11 4 13 49
5 15 9 54
5 43 15 48
3 14 10 31
9 20 9 29
12 10 12 23
8 37 14 62
15 58 15 60
7 52 9 53
4 51 14 62
7 54 14 55
3 4 8 53
8 58 10 59
7 38 11 45
5 46 10 48
11 49 13 60
2 60 4 61
5 43 5 56
14 16 15 18
2 19 10 34
15 26 15 45
8 52 13 61
2 9 3 22
6 24 8 26
12 52 12 61
4 51 9 60
2 44 5 59
2 26 13 28
14 39 14 63
8 11 11 34
14 44 14 52
4 57 6 58
8 32 8 41
5 34 13 42
7 24 7 40
6 12 7 47
9 57 13 58
8 53 11 54
8 62 8 62
11 16 11 33
2 34 11 52
11 58 13 63
3 3 10 15
8 12 11 51
5 22 11 43
8 38 13 39
6 29 8 41
6 34 13 63
2 1 7 32
7 11 11 33
5 48 5 48
3 10 9 61
12 47 12 56
14 19 14 49
11 32 13 32
10 58 10 61
14 12 14 36
7 11 10 48
9 30 14 48
15 26 15 29
1 56 9 63
1 2 8 27
9 37 11 45
14 36 14 47
3 39 11 45
13 32 13 40
6 5 15 38
15 1 15 28
8 48 11 59
2 53 3 53
15 48 15 61
3 4 9 14
13 32 15 63
4 27 4 36
2 59 11 63
12 63 12 63
3 17 13 56
11 6 15 23
11 39 12 40
3 32 7 45
9 58 15 61
9 4 13 20
15 46 15 47
13 48 15 54
12 4 14 23
4 5 6 13
12 59 14 59
5 6 9 6
5 19 6 35
15 24 15 46
9 8 13 46
14 56 14 63
15 36 15 43
4 39 10 53
11 37 15 46
4 31 9 42
4 51 10 52
5 4 12 5
3 44 4 45
10 56 13 61
9 25 12 48
7 36 8 56
12 33 15 37
15 29 15 30
7 32 12 33
9 62 13 62
9 5 15 21
8 6 9 8
8 45 15 56
4 6 8 41
7 57 7 57
12 42 13 49
11 37 12 53
3 29 8 43
4 48 14 57
14 42 15 44
5 14 9 54
4 61 7 62
4 37 9 49
9 1 11 35
8 12 14 59
10 22 14 54
9 52 12 53
9 36 9 51
8 59 9 63
15 38 15 39
11 25 13 58
13 37 13 53
15 56 15 58
8 61 10 63
15 6 15 14
13 19 14 37
12 32 13 32
11 24 13 25
2 44 15 63
15 20 15 60
14 52 14 62
6 61 8 61
11 4 13 7
5 19 8 29
9 2 15 14
4 18 12 46
6 28 8 58
7 8 13 13
10 47 10 56
2 54 12 61
12 3 13 24
4 33 13 39
14 57 15 58
8 62 15 63
9 38 11 49
5 29 12 49
11 5 11 45
10 40 15 57
5 43 15 63
4 27 10 56
3 10 8 31
5 14 11 23
1 46 2 50
11 19 14 25
9 41 15 45
9 44 10 50
8 12 12 30
6 51 6 61
2 3 13 37
15 5 15 61
11 42 12 58
1 45 5 55
15 53 15 61
14 22 15 44
5 24 5 40
7 17 11 36
5 20 8 20
5 1 14 37
15 62 15 62
10 54 10 57
1 46 8 60
3 40 7 43
13 34 15 54
5 55 14 62
12 63 14 63
4 35 4 59
14 18 15 26
10 35 11 37
8 56 14 61
2 54 4 61
3 55 7 57
10 15 12 47
11 6 11 62
14 12 14 43
6 40 9 48
7 3 10 50
6 55 11 63
4 38 6 52
8 29 13 31
15 36 15 59
7 11 15 38
7 21 7 41
14 1 14 35
2 24 8 62
14 45 14 45
2 55 14 62
15 63 15 63
1 20 10 39
12 36 13 58
2 17 3 23
6 56 11 62
15 5 15 19
12 14 12 28
2 51 8 63
5 33 15 51
15 36 15 48
7 63 13 63
4 61 4 63
1 62 10 63
6 61 10 62
8 36 8 45
12 59 15 60
2 47 14 51
5 10 12 62
1 46 2 48
12 26 12 57
10 48 14 52
8 30 12 34
13 18 15 27
15 13 15 14
12 54 14 54
2 63 8 63
14 57 15 63
8 32 14 47
1 37 4 38
6 20 7 52
10 38 10 52
1 4 15 21
6 53 15 56
8 39 14 52
10 32 11 36
1 63 12 63
6 17 8 29
9 40 11 52
5 13 9 19
2 5 2 45
13 19 13 35
15 63 15 63
8 24 13 45
12 2 13 29
11 37 15 52
1 54 1 54
6 55 9 58
15 45 15 50
15 48 15 52
9 54 10 57
15 63 15 63
1 8 13 11
2 26 12 46
1 5 6 18
9 11 12 62
5 41 5 57
5 52 7 52
4 39 7 45
3 62 14 62
8 34 12 50
4 15 11 52
13 37 15 50
15 17 15 55
2 9 12 57
6 53 6 53
12 16 15 55
13 49 14 59
2 29 4 56
4 42 4 44
2 52 6 62
4 58 5 63
8 5 12 42
2 8 14 38
7 55 12 61
13 8 15 20
2 49 11 63
12 9 12 18
13 51 15 62
11 22 13 53
11 1 14 53
2 33 8 49
8 24 11 41
1 7 9 51
9 46 12 49
1 22 13 46
6 31 12 53
5 51 8 59
5 58 8 63
14 58 15 63
11 37 14 62
10 23 14 57
9 31 14 61
3 52 7 52
6 48 8 58
5 36 8 52
4 57 13 60
11 3 13 33
15 18 15 54
5 61 11 63
2 10 11 28
1 23 11 53
1 24 9 36
4 27 10 38
7 6 9 49
5 45 10 58
10 43 13 54
8 31 11 55
7 10 7 63
13 8 14 24
12 61 12 61
13 19 14 24
7 58 12 62
5 37 10 56
15 10 15 35
5 43 7 52
9 63 9 63
12 23 14 51
4 59 12 62
10 19 10 48
13 35 13 54
13 27 14 50
7 24 15 61
2 8 14 9
8 54 13 60
10 14 15 43
8 47 9 51
2 43 8 43
14 16 14 57
1 51 9 61
12 55 14 58
7 24 12 57
7 2 14 58
10 5 12 15
14 13 15 42
7 20 10 36
15 12 15 55
10 26 12 43
9 20 15 47
6 28 13 57
2 2 12 20
12 42 15 61
5 63 6 63
9 12 15 34
4 41 11 48
12 56 14 58
5 28 9 36
6 5 6 36
9 30 10 46
1 29 7 39
9 7 11 8
10 49 11 52
13 62 13 62
9 4 9 30
6 13 7 49
12 57 13 57
2 49 6 57
4 63 8 63
15 34 15 50
11 46 14 47
8 36 15 59
7 20 9 53
11 49 12 60
7 14 13 59
7 51 10 56
15 17 15 38
6 33 15 56
6 30 12 46
11 55 14 61
12 18 15 23
13 51 15 57
5 51 15 57
5 41 8 41
5 63 15 63
14 47 14 47
3 58 7 61
6 54 8 63
9 11 12 42
14 47 15 60
9 14 12 21
13 27 13 29
14 26 15 26
12 20 15 37
11 3 12 6
4 7 10 14
6 57 14 58
5 23 5 31
11 59 15 63
1 28 8 28
13 3 14 38
4 53 7 60
10 43 13 45
15 60 15 60
1 62 15 63
12 19 12 54
15 35 15 60
2 52 4 54
11 60 15 62
14 7 15 61
13 10 15 24
11 46 15 58
1 53 1 63
10 22 15 60
11 9 14 18
10 9 11 32
4 17 10 53
13 2 15 40
11 57 11 63
8 8 9 20
14 16 15 53
10 57 14 60
3 24 7 49
13 4 14 30
5 29 13 51
14 1 15 54
12 44 15 61
4 1 8 10
7 36 15 63
12 61 12 62
13 21 13 57
8 35 9 51
3 60 9 60
14 30 15 37
7 50 11 63
6 9 13 41
5 28 10 33
8 23 10 40
3 36 6 54
3 33 9 43
14 55 15 56
2 44 6 45
15 5 15 13
13 49 14 50
4 11 9 59
15 40 15 43
1 60 3 61
7 34 7 43
15 41 15 45
1 39 13 52
9 21 13 39
9 34 13 56
11 32 15 37
4 38 4 63
14 14 15 17
5 11 15 58
11 35 13 62
8 35 15 35
3 22 10 23
7 53 13 62
12 7 14 20
14 31 14 43
9 61 13 62
5 40 6 46
3 51 11 56
3 2 5 6
11 48 13 55
2 3 4 50
12 19 12 29
6 63 15 63
6 40 8 56
5 22 10 44
15 9 15 36
2 37 12 50
8 10 11 13
13 14 15 19
5 17 13 31
10 50 14 60
6 56 10 56
2 10 2 26
9 12 12 59
15 24 15 26
12 40 15 63
8 22 15 29
10 4 11 44
7 40 12 43
8 38 11 61
15 13 15 55
4 11 13 18
5 24 9 25
4 30 9 45
3 37 3 56
7 43 7 53
7 2 8 5
15 38 15 47
7 49 11 55
1 46 3 52
13 39 15 45
12 62 13 62
1 36 1 57
3 20 7 60
13 1 13 59
3 45 7 63
8 30 10 33
15 40 15 60
12 19 14 42
10 51 12 56
14 34 14 43
5 20 11 60
12 54 14 56
5 52 7 63
8 33 13 55
3 38 5 40
8 49 13 51
2 50 14 54
10 2 14 31
9 58 9 60
11 38 15 51
6 63 14 63
10 23 15 63
9 44 12 45
2 57 4 59
4 27 4 58
8 26 10 56
11 11 14 13
1 54 4 63
2 62 4 62
9 60 14 60
2 60 2 63
15 35 15 52
11 56 13 61
12 13 14 54
1 6 9 21
11 31 12 58
4 7 4 51
9 51 14 53
7 45 8 45
10 51 12 54
1 43 14 44
2 3 4 37
4 25 15 55
1 35 5 63
12 12 13 50
3 40 6 51
13 60 14 61
11 52 14 56
9 35 14 39
6 1 15 29
6 53 15 61
14 35 14 45
1 57 12 61
4 63 7 63
9 41 9 52
10 13 10 54
3 63 12 63
6 44 6 55
1 18 6 23
9 3 10 60
15 45 15 59
1 51 4 54
1 30 10 32
2 55 3 62
12 7 13 42
13 34 15 51
9 2 12 27
8 19 15 31
13 20 13 54
10 60 15 63
10 35 10 40
5 60 6 61
10 48 13 60
1 56 12 56
3 3 6 51
11 4 15 10
9 34 15 45
11 18 11 18
1 10 13 62
8 9 14 19
13 60 14 61
12 35 14 57
5 9 12 48
14 38 15 52
14 37 14 38
1 15 11 47
6 29 9 41
7 57 11 60
7 37 9 40
10 22 14 55
15 12 15 49
9 62 14 63
13 61 14 62
11 4 13 25
12 55 12 59
12 2 15 12
2 7 7 9
15 9 15 17
8 46 13 46
14 30 14 39
10 32 13 55
13 18 15 45
15 56 15 62
4 32 11 47
15 42 15 54
12 2 12 59
1 36 6 51
6 1 7 9
4 1 8 26
9 62 11 63
9 39 14 40
6 18 15 40
14 23 14 23
10 33 15 40
3 33 9 46
2 51 6 61
10 2 15 32
5 6 11 40
5 5 14 37
12 4 13 6
1 51 6 60
10 21 10 39
11 31 14 39
8 35 13 63
12 59 12 63
12 24 12 50
12 38 13 48
6 52 12 62
6 12 10 17
13 11 14 21
1 45 7 61
8 45 13 60
5 36 8 57
14 43 14 50
14 59 15 62
14 24 15 45
10 59 13 59
14 48 14 49
5 46 9 58
11 44 12 55
1 61 2 61
9 5 9 15
10 21 12 57
9 3 12 51
15 31 15 48
12 38 12 38
3 39 3 42
9 35 11 59
9 30 15 39
11 30 15 62
8 11 12 56
13 10 13 60
2 14 7 63
12 38 14 54
2 41 9 59
3 57 11 61
14 58 15 61
11 3 13 34
5 28 5 39
5 4 14 11
9 24 10 50
13 48 15 60
13 61 13 62
13 59 15 60
1 47 2 50
5 21 15 63
12 30 12 42
5 15 10 47
9 48 13 50
4 39 12 55
1 2 11 28
8 34 13 48
4 15 15 58
2 30 9 59
13 10 15 41
3 4 14 49
1 29 7 33
4 53 9 55
15 12 15 50
12 50 15 57
5 37 5 43
5 20 15 41
9 47 12 62
3 28 5 38
8 37 10 49
2 50 14 54
12 39 14 52
14 10 14 33
3 52 8 54
4 18 9 32
8 55 8 59
10 5 10 34
13 2 14 18
14 34 15 57
13 60 14 61
5 7 9 28
8 35 10 43
10 9 15 43
1 61 2 62
14 47 14 58
15 42 15 61
13 36 15 58
3 19 3 32
10 43 14 48
10 60 14 60
1 57 14 61
12 7 15 42
12 44 13 56
15 43 15 56
7 53 11 54
4 20 12 53
5 38 10 43
12 8 12 59
4 16 10 37
4 51 13 59
2 6 7 54
11 24 15 27
9 32 13 41
6 1 13 34
4 42 6 53
4 23 10 38
11 45 14 47
13 50 13 63
7 42 7 45
12 35 12 40
9 61 15 61
9 18 13 46
9 62 9 62
13 49 15 61
6 1 9 26
5 35 8 61
4 47 10 53
1 30 13 55
9 19 15 45
1 21 13 49
5 46 10 55
7 28 7 39
5 36 7 45
9 16 10 47
8 63 12 63
11 60 14 61
2 62 3 63
15 1 15 44
8 61 13 63
1 40 10 59
3 47 9 55
8 29 10 58
5 20 13 27
6 39 14 59
4 29 12 47
8 52 13 56
14 5 14 15
6 9 8 47
6 4 8 18
9 63 13 63
8 15 15 39
12 14 12 44
5 19 7 39
3 23 3 62
14 19 14 31
12 55 15 62
8 26 14 33
1 55 6 56
8 56 8 62
14 20 15 25
12 21 12 27
4 21 5 33
2 35 6 60
3 51 6 51
13 3 15 55
8 51 10 59
4 24 11 34
7 24 10 52
14 54 14 56
3 15 4 61
14 13 14 55
7 41 14 60
9 54 14 57
6 57 11 62
5 13 6 54
1 31 8 57
15 1 15 39
8 9 14 27
13 50 15 59
10 49 13 61
15 40 15 51
15 39 15 52
10 34 10 57
9 59 14 59
1 17 13 57
15 55 15 56
8 3 15 6
6 5 11 11
13 41 14 41
15 27 15 57
9 1 12 17
5 57 14 58
5 60 10 61
15 9 15 48
1 9 4 46
8 55 8 57
8 54 9 59
12 11 14 58
2 7 4 11
9 39 11 62
2 59 11 62
4 20 4 52
5 12 8 12
2 9 7 10
6 18 15 37
9 51 15 63
12 13 12 57
2 5 15 11
2 12 6 26
5 62 14 63
11 32 15 39
12 31 12 60
8 27 15 46
14 46 15 47
8 9 13 21
15 55 15 60
13 48 15 51
3 49 11 51
15 46 15 47
7 42 9 50
13 29 14 36
13 49 14 63
3 46 15 54
1 52 13 58
14 60 14 60
5 63 11 63
4 63 13 63
10 28 12 51
11 63 15 63
15 41 15 42
12 8 12 61
5 26 13 37
3 8 3 49
2 41 14 48
10 53 15 62
6 34 15 58
2 44 4 45
4 62 12 63
6 14 8 33
1 13 10 61
6 51 6 55
10 54 14 56
2 42 11 44
9 39 15 55
11 63 13 63
10 42 13 58
1 29 7 42
6 46 12 48
10 55 10 62
4 48 10 48
14 24 14 41
9 37 9 62
2 37 11 59
11 46 15 54
3 32 11 49
7 42 15 58
13 13 15 31
2 26 8 41
1 2 13 26
8 10 15 38
4 29 6 48
14 53 15 53
14 49 15 51
3 60 13 62
14 5 15 40
2 44 10 51
3 18 9 43
12 46 12 54
2 36 4 57
9 41 12 46
4 45 7 51
11 23 14 26
4 28 12 59
10 55 15 60
3 40 15 52
15 8 15 63
5 6 15 34
9 33 15 60
3 3 9 52
6 59 10 59
13 50 15 55
5 3 11 45
6 20 13 50
12 7 13 27
1 39 2 41
9 17 13 53
3 16 3 55
14 45 14 51
14 56 14 60
11 29 15 57
14 52 15 60
15 34 15 56
1 47 4 52
9 24 15 59
2 33 4 47
2 50 11 60
2 19 14 40
14 7 15 21
11 33 12 59
6 36 6 54
14 41 15 52
7 3 7 40
12 22 15 27
11 17 13 32
3 25 7 63
13 28 13 59
9 6 9 45
1 4 6 47
10 38 10 44
1 6 9 42
14 33 15 61
15 15 15 60
9 38 10 61
9 40 12 48
9 45 14 48
8 29 13 62
2 24 8 56
9 8 15 47
7 31 13 55
3 18 6 29
8 15 12 53
7 51 11 59
15 12 15 47
3 60 14 63
8 17 11 38
4 1 12 25
2 1 3 19
2 6 5 41
3 10 10 37
14 14 15 16
9 16 14 18
15 38 15 62
1 53 2 55
3 12 15 61
15 44 15 44
3 17 12 32
4 36 8 56
5 26 9 27
7 22 10 54
14 9 14 19
13 49 15 56
6 35 7 49
2 9 12 48
12 60 15 62
5 28 9 60
3 35 11 49
1 61 9 61
12 45 13 50
12 13 15 57
2 41 10 49
7 39 11 50
12 27 12 39
1 17 14 62
5 9 5 14
3 52 14 58
5 43 12 50
11 51 14 60
6 37 12 59
10 32 15 41
8 60 11 60
13 25 13 56
10 4 13 41
3 47 5 63
2 39 9 63
9 19 9 28
15 47 15 48
9 34 13 58
8 37 8 49
4 49 14 63
12 14 12 50
7 53 10 60
15 59 15 61
9 8 10 44
14 41 15 47
9 31 15 40
5 23 10 27
7 56 7 62
11 32 15 63
8 56 11 63
11 3 15 9
6 5 7 53
11 46 15 63
9 39 9 63
9 59 12 60
12 25 12 48
7 14 12 28
15 13 15 36
4 39 12 41
2 34 14 60
7 62 10 62
1 46 12 50
2 57 5 59
9 45 14 57
11 18 15 25
5 37 8 42
5 55 11 59
6 57 6 58
8 61 15 62
13 8 13 60
10 22 13 60
2 34 6 36
10 39 14 53
10 7 15 29
9 9 11 55
12 11 14 56
1 25 5 30
8 7 13 9
5 19 7 58
15 62 15 63
3 45 12 61
13 1 13 28
13 5 15 50
10 54 12 60
14 47 15 56
5 41 7 63
6 43 8 44
2 3 8 4
13 40 15 48
8 25 10 58
7 50 11 58
15 46 15 57
6 23 13 39
2 44 3 52
1 10 6 23
2 31 4 47
5 15 13 17
10 4 12 45
7 37 8 59
15 3 15 54
3 40 13 45
4 24 10 44
8 29 10 39
3 55 7 57
14 45 15 49
15 15 15 46
12 57 12 60
7 51 9 51
2 23 4 31
6 7 6 56
5 61 13 61
8 15 14 42
2 39 11 54
2 19 7 62
11 42 14 58
15 25 15 49
5 6 9 21
7 31 15 49
4 28 11 42
12 18 12 34
10 39 13 51
5 34 11 60
6 63 13 63
12 44 13 62
1 51 9 53
10 15 12 57
4 56 8 62
8 46 13 47
4 44 9 44
14 45 14 45
13 62 13 63
15 44 15 52
5 11 6 42
6 32 12 32
1 51 5 59
4 54 8 59
5 10 5 49
13 58 13 60
11 24 13 31
12 11 15 25
2 41 2 42
15 13 15 43
6 60 9 63
9 20 12 34
12 60 13 63
8 47 11 50
13 60 15 62
7 33 13 61
8 26 14 63
5 34 9 52
12 30 15 34
7 46 14 53
5 62 12 63
4 39 15 51
8 44 13 45
7 22 7 33
6 48 8 49
11 33 13 58
4 2 10 41
13 31 13 46
15 60 15 63
9 34 9 61
13 49 14 63
6 57 10 59
13 34 15 35
6 14 12 34
4 61 11 62
15 11 15 12
10 34 13 62
3 18 9 45
12 53 15 56
6 43 7 58
10 22 12 34
1 39 7 56
6 59 15 60
1 33 1 45
2 30 13 53
4 38 4 62
6 62 9 62
11 43 11 55
5 1 11 53
14 24 15 50
8 6 12 40
13 12 15 37
7 51 11 61
4 61 5 62
7 37 10 57
12 35 14 38
14 21 14 47
7 57 11 60
14 29 14 49
11 20 11 32
8 14 9 29
9 8 12 52
15 9 15 56
1 24 10 52
2 41 7 57
5 53 6 57
2 41 6 47
12 62 12 62
1 30 12 33
11 52 12 62
11 2 14 7
15 50 15 51
15 32 15 59
14 48 14 60
8 24 11 26
7 34 13 61
6 62 11 62
6 5 7 16
12 35 12 50
11 20 14 38
8 57 15 62
7 19 14 33
13 56 14 57
8 39 8 45
1 36 3 62
2 21 9 48
2 59 5 62
8 31 15 37
10 7 10 19
7 62 8 62
10 33 12 33
14 26 14 63
3 3 4 55
2 51 13 58
13 45 15 55
7 25 9 48
7 36 13 37
10 60 15 61
10 57 15 57
2 39 8 63
8 37 11 38
1 45 11 51
3 53 12 53
15 18 15 42
11 39 11 50
2 55 7 59
2 43 10 49
4 18 6 30
13 31 15 43
15 53 15 61
11 60 12 63
12 62 12 62
13 40 13 63
7 6 11 60
3 28 5 39
3 12 13 58
1 28 13 49
15 6 15 38
13 57 15 63
14 39 15 58
7 50 11 50
10 45 11 45
1 7 1 58
3 55 4 58
2 57 4 62
7 53 10 59
8 49 12 49
8 4 9 28
14 17 15 53
8 56 9 57
1 25 3 30
12 55 12 62
7 14 11 22
13 19 13 56
13 54 15 56
6 17 11 54
7 47 10 50
1 21 11 46
4 2 10 16
9 2 11 20
10 62 15 63
10 14 10 23
2 51 6 57
13 62 15 63
15 24 15 29
3 57 15 60
1 6 11 37
12 41 12 63
9 63 12 63
1 60 3 63
9 35 12 41
4 39 4 51
11 58 15 59
11 33 13 62
4 27 6 54
7 27 8 35
10 17 10 45
7 27 10 46
12 55 14 59
3 17 12 41
3 7 9 20
4 28 5 49
11 57 11 59
12 16 14 63
6 61 9 63
10 51 10 61
6 25 12 56
12 58 15 62
8 41 8 51
7 35 11 53
2 33 10 53
7 56 10 57
1 46 11 57
13 2 13 19
1 30 14 37
7 21 15 62
12 59 15 62
8 20 14 39
6 16 12 48
14 16 14 55
10 52 12 54
9 20 11 22
2 51 3 53
1 16 9 16
10 21 10 26
14 52 14 58
4 54 4 62
11 35 13 50
8 55 10 63
12 53 13 61
15 18 15 27
8 18 8 48
8 11 12 38
2 23 7 29
6 26 14 46
2 13 12 49
12 16 15 33
9 44 14 52
11 5 12 55
12 58 14 62
12 54 14 61
6 45 9 51
6 56 6 63
10 51 13 54
8 57 14 57
15 39 15 52
2 14 15 27
12 26 14 55
2 33 6 50
2 46 6 63
7 46 12 50
14 9 14 11
5 29 7 32
4 51 4 52
4 28 5 30
9 52 15 62
9 6 9 59
9 60 12 61
9 16 12 41
2 42 6 43
2 44 14 61
11 31 15 40
14 5 15 42
7 53 15 60
9 8 13 45
14 47 14 62
3 59 13 62
8 38 10 54
5 7 6 59
14 59 15 60
1 52 7 53
13 47 14 53
5 5 12 47
3 3 3 41
11 3 12 27
13 17 13 52
2 57 4 57
13 31 13 38
4 59 13 60
7 62 15 63
1 19 14 60
1 19 8 51
15 1 15 48
7 41 12 41
15 57 15 59
3 44 7 47
9 59 11 61
11 27 11 50
8 59 12 63
6 54 8 58
15 54 15 54
4 33 9 50
2 42 12 56
14 26 14 50
1 10 3 49
10 48 13 56
13 21 13 32
12 17 12 37
14 57 15 61
4 27 12 54
11 63 15 63
3 59 12 63
11 60 15 62
9 36 13 58
13 10 14 49
14 43 15 43
4 45 6 46
11 48 12 57
3 10 8 48
15 9 15 51
15 28 15 44
15 57 15 61
11 46 15 59
15 40 15 49
1 25 5 29
2 57 4 60
15 50 15 54
5 37 5 53
14 2 14 35
12 43 14 56
1 16 10 57
8 3 8 39
7 10 9 16
13 55 14 60
9 36 15 40
8 49 15 51
9 31 12 57
9 55 14 59
9 39 15 43
2 3 12 62
4 50 10 53
14 56 14 57
14 5 14 15
5 41 12 42
2 2 6 18
1 33 1 36
9 63 13 63
2 5 9 11
12 7 14 51
7 6 7 11
4 28 4 45
15 61 15 62
15 42 15 42
4 17 13 19
7 9 7 37
11 4 15 31
6 8 9 33
10 32 12 41
8 14 12 16
5 54 14 56
13 56 13 62
8 31 14 60
7 58 13 62
10 39 15 44
6 59 15 60
3 14 5 57
14 45 14 50
2 60 2 62
15 34 15 45
7 17 11 43
8 34 15 34
1 49 9 61
15 10 15 37
11 31 15 49
15 31 15 51
12 40 12 63
4 8 9 59
13 49 14 56
6 30 8 55
3 30 5 39
3 46 3 48
5 28 6 56
10 11 10 38
4 15 11 29
9 3 9 40
7 23 8 56
3 11 8 41
2 54 3 57
6 1 12 57
15 37 15 58
10 15 11 27
15 61 15 62
1 41 8 44
3 55 15 56
10 38 15 61
14 45 14 50
6 48 15 62
13 33 15 42
14 24 15 59
12 52 13 61
15 57 15 58
2 49 2 53
2 19 11 22
13 11 14 44
10 11 14 43
5 60 9 62
1 7 11 56
1 35 13 43
15 45 15 47
12 21 15 63
14 61 14 62
8 51 15 53
6 57 9 61
12 1 14 63
12 26 12 48
8 45 8 62
14 6 15 56
8 52 12 55
13 25 14 27
6 10 7 29
1 16 9 25
3 53 7 54
15 6 15 17
7 11 15 38
7 22 8 24
3 3 7 49
4 32 6 54
3 45 3 59
10 1 13 62
3 58 11 62
8 57 15 58
10 51 13 62
1 6 1 8
7 45 13 58
15 20 15 22
10 11 11 60
11 47 12 52
3 9 14 39
8 19 9 44
13 60 13 60
6 22 6 33
13 56 14 62
3 27 8 27
3 17 13 32
5 20 6 63
11 7 13 19
3 56 6 62
11 19 13 30
2 8 3 52
12 37 15 55
15 43 15 53
14 36 14 50
2 38 6 44
11 54 11 54
15 8 15 40
4 5 6 41
8 10 13 39
10 33 12 37
2 20 8 29
11 31 11 36
14 36 15 57
14 50 14 53
15 48 15 54
12 55 12 62
5 9 6 15
8 27 11 46
12 2 12 4
14 31 15 59
7 4 8 18
6 35 6 35
8 30 11 58
2 38 10 63
8 10 15 61
8 28 8 31
3 32 12 50
8 20 12 45
10 10 15 18
13 39 14 43
11 40 14 63
3 55 12 61
14 19 14 26
7 29 8 29
8 37 12 44
12 8 12 44
9 22 9 24
9 61 13 61
13 35 14 41
15 46 15 55
6 33 8 48
11 62 14 63
10 24 11 48
11 22 15 45
15 10 15 30
8 45 15 62
10 20 11 49
1 14 7 42
4 9 15 45
8 54 12 59
14 26 15 42
2 60 13 62
15 52 15 54
7 62 9 63
2 61 4 61
11 6 13 16
5 36 5 38
10 44 12 56
2 19 11 40
4 50 9 62
1 4 15 13
11 40 12 62
14 45 15 62
7 21 13 58
8 43 8 60
15 58 15 59
12 42 15 55
6 2 8 30
8 21 12 27
2 16 8 45
6 12 12 17
2 51 6 53
6 8 6 44
4 32 13 34
11 61 14 62
11 23 13 32
11 8 12 43
15 34 15 38
6 24 9 41
15 52 15 60
2 12 4 21
2 9 8 24
4 1 10 7
15 6 15 43
13 42 15 43
12 49 14 54
3 34 9 37
6 59 13 59
9 23 14 26
1 50 13 57
14 46 14 50
2 44 2 47
3 44 9 46
2 12 6 51
14 38 15 38
6 20 10 45
15 63 15 63
6 11 6 27
1 17 15 24
1 47 14 61
14 36 15 58
5 28 9 51
11 26 13 51
14 21 14 54
12 32 13 35
13 9 15 34
11 27 12 29
14 42 14 47
6 33 14 52
15 11 15 15
8 44 15 49
8 49 14 63
4 10 8 33
2 17 15 26
14 54 14 60
11 54 13 63
13 8 13 55
5 16 5 16
10 43 12 56
10 40 15 47
15 40 15 52
11 51 14 54
3 6 13 31
2 23 15 62
6 25 11 43
3 39 9 59
9 23 14 29
3 55 3 61
9 7 9 49
13 20 14 60
15 15 15 44
5 18 12 52
8 34 9 51
7 46 13 57
5 4 13 38
4 57 15 57
15 57 15 62
4 11 10 53
6 2 6 39
12 19 15 22
8 63 8 63
7 10 10 35
2 13 9 53
2 8 13 59
9 32 10 45
4 57 5 58
12 42 15 50
9 48 10 51
11 21 11 62
6 44 14 44
11 12 12 55
8 52 13 56
1 3 5 54
13 32 14 54
6 29 14 50
6 47 7 56
8 51 13 63
10 50 14 54
11 26 11 63
10 33 14 35
6 35 11 62
8 6 13 14
6 33 9 38
11 59 12 62
8 3 10 7
11 48 13 60
3 51 10 53
12 29 13 52
13 32 15 44
8 38 10 62
9 42 15 46
7 16 13 36
3 3 4 22
15 46 15 50
2 57 9 63
4 54 8 57
5 44 6 61
3 11 10 28
7 56 9 62
2 39 8 54
5 57 11 61
8 19 8 39
9 6 12 11
13 2 15 40
8 14 12 45
7 31 12 36
6 29 13 43
10 55 12 59
15 37 15 58
5 23 8 42
6 32 7 43
10 21 15 44
13 49 13 51
12 47 12 63
11 33 15 57
11 42 11 43
8 13 15 29
9 12 14 50
4 49 4 63
12 45 15 48
7 27 11 61
12 5 15 60
11 40 14 59
1 51 11 51
7 54 15 58
12 55 12 63
15 46 15 57
15 6 15 34
8 16 11 17
5 19 5 57
3 27 12 30
9 2 10 51
4 32 7 40
2 59 8 62
12 18 13 42
14 43 14 52
6 32 12 38
3 2 7 20
5 23 8 52
14 58 15 60
2 15 6 61
5 40 7 41
4 63 13 63
8 45 11 56
12 4 14 56
12 40 12 62
5 44 9 47
9 55 15 60
5 31 11 35
7 47 13 56
10 54 13 55
5 17 9 28
3 16 13 54
10 39 13 50
13 57 13 57
13 37 13 55
13 43 14 56
12 24 13 61
2 8 14 27
14 49 15 55
3 25 10 46
7 1 15 14
7 53 8 63
1 36 4 39
11 21 15 25
13 2 13 39
6 52 10 56
15 12 15 62
4 27 7 53
15 53 15 56
3 48 11 50
10 45 12 62
9 18 12 25
12 43 13 48
13 61 14 61
11 43 12 56
1 40 4 42
11 38 15 48
10 55 15 60
10 44 10 47
10 41 15 50
5 49 5 50
14 25 14 36
6 48 12 61
8 6 8 39
13 44 14 47
4 23 7 62
15 52 15 53
11 44 14 63
7 41 11 46
13 2 15 30
4 39 6 47
5 16 10 20
15 59 15 60
10 13 13 45
11 5 11 48
12 10 13 54
1 59 3 62
9 60 9 61
3 13 5 40
8 60 10 60
3 2 13 38
15 12 15 43
14 22 14 58
8 56 12 58
1 34 1 58
11 60 11 63
12 43 13 56
3 25 10 56
14 22 15 26
8 23 9 27
15 2 15 43
11 4 12 24
8 24 8 29
13 32 13 46
14 26 14 56
7 28 7 32
12 60 12 62
11 4 12 45
3 39 10 60
11 3 13 58
8 55 15 59
7 5 15 48
3 3 11 21
11 30 15 56
9 2 13 34
9 20 14 26
4 54 9 58
12 27 12 47
12 38 12 54
13 56 13 57
2 59 15 59
3 8 3 37
11 36 12 51
13 60 13 60
15 46 15 49
6 19 12 63
4 27 7 32
3 2 7 9
7 33 7 40
1 18 11 61
13 56 14 56
6 27 8 38
12 61 12 62
4 10 11 10
14 47 14 61
5 36 14 45
4 22 8 51
6 40 11 58
15 8 15 9
3 57 11 57
4 47 7 47
3 59 5 61
15 4 15 51
3 53 11 60
3 34 12 53
9 10 12 36
13 41 15 51
12 31 15 34
4 47 8 52
3 41 14 48
4 41 14 62
3 18 11 42
14 5 15 19
8 3 13 30
4 63 13 63
12 18 13 61
13 61 13 63
15 4 15 17
8 59 14 59
9 24 11 35
1 58 10 60
7 60 14 63
9 57 12 60
1 51 11 60
6 54 8 55
10 5 14 51
12 9 12 11
15 7 15 8
4 43 6 47
2 7 6 56
11 11 12 43
15 13 15 49
8 10 14 37
2 32 13 53
6 51 11 51
4 56 12 57
4 12 8 29
11 52 11 60
1 6 9 50
7 60 10 62
2 4 10 44
15 26 15 59
1 50 1 59
10 17 11 26
14 48 15 60
8 10 12 62
12 63 15 63
4 40 11 46
5 43 10 48
1 30 12 60
12 63 13 63
1 60 9 60
14 38 15 44
6 61 12 61
10 39 11 57
11 31 14 41
6 25 11 29
1 50 15 55
15 62 15 63
14 37 15 58
2 29 15 49
1 54 6 56
11 21 12 29
14 9 15 36
7 53 13 57
4 55 11 59
5 20 7 50
10 46 12 54
8 54 11 54
10 61 12 61
2 9 11 12
6 62 12 62
7 30 14 50
4 44 8 54
5 60 10 63
7 53 14 55
3 46 11 55
5 6 6 49
14 19 14 61
1 55 10 61
8 61 13 61
4 57 8 62
11 17 13 26
1 7 14 24
5 53 10 60
4 53 8 55
13 5 13 44
4 33 12 61
14 62 15 62
7 5 10 31
2 20 12 27
2 41 8 47
11 63 12 63
12 8 15 35
9 5 11 56
9 31 10 38
3 44 5 53
2 49 15 58
7 62 9 63
9 24 11 28
6 37 10 44
12 58 12 61
10 44 10 54
6 61 13 62
15 30 15 52
7 42 14 50
13 15 14 53
6 42 7 61
12 49 12 63
4 36 7 52
5 5 12 26
7 32 13 36
3 47 4 63
7 4 13 61
12 19 15 26
8 28 8 35
6 40 15 59
7 52 7 60
12 8 12 40
15 28 15 54
8 16 15 44
11 1 11 54
14 55 14 55
1 15 13 60
6 12 13 49
8 35 12 38
14 14 15 17
1 8 2 36
13 23 15 23
8 61 15 63
2 28 4 37
7 54 12 59
4 59 9 62
10 56 12 63
8 63 12 63
10 32 11 62
14 45 15 48
10 9 12 35
13 4 13 24
15 17 15 18
9 49 15 56
1 35 15 41
2 49 15 53
4 24 4 37
4 55 15 58
15 63 15 63
7 14 12 18
15 63 15 63
9 17 10 59
12 1 13 31
8 14 12 23
10 6 13 14
2 23 13 31
14 56 15 62
15 12 15 32
7 12 9 30
3 17 12 35
2 1 4 12
1 46 10 48
9 14 11 57
11 7 12 50
4 58 13 58
11 20 15 40
11 62 12 63
6 49 13 58
1 5 14 19
12 24 13 46
13 11 13 49
4 31 11 39
12 61 13 61
2 1 10 19
6 54 13 60
5 50 13 55
5 32 5 45
10 45 13 57
7 30 13 58
14 10 14 50
11 17 14 56
7 58 7 61
10 47 10 56
14 36 14 43
4 26 13 56
13 50 14 51
7 32 13 62
5 18 11 60
2 12 6 44
1 41 2 49
15 19 15 56
9 23 12 63
8 3 11 4
6 47 14 59
11 15 12 32
6 27 8 61
7 13 7 38
10 1 10 5
5 2 11 2
11 4 13 7
2 17 5 34
12 23 15 25
13 51 15 61
11 17 11 29
14 46 14 49
10 6 12 21
6 35 7 36
9 11 13 18
12 62 13 62
5 49 7 55
8 45 15 58
8 27 8 57
3 49 14 58
13 17 13 34
8 19 10 63
1 45 13 53
1 52 15 54
9 32 14 37
2 40 10 40
1 2 6 20
11 14 13 38
2 6 4 43
15 56 15 59
9 16 14 29
13 9 14 49
14 36 14 57
2 15 2 27
7 22 10 30
11 53 14 63
6 25 15 36
9 17 14 41
13 39 13 44
2 17 11 39
6 51 6 56
14 14 15 62
12 34 15 35
12 55 15 61
2 21 6 34
8 18 10 30
5 20 7 52
15 24 15 27
9 10 14 48
13 22 13 28
8 34 13 61
14 49 15 49
8 35 11 45
1 16 7 21
10 46 12 62
12 12 14 56
5 22 11 51
14 47 15 62
10 35 12 43
9 5 10 25
2 4 12 7
3 10 7 11
13 19 15 28
4 35 6 58
3 62 3 62
7 52 7 60
13 44 15 49
1 10 8 18
3 21 15 51
13 61 15 61
3 3 15 50
10 50 12 58
6 62 10 62
14 19 14 63
9 45 10 57
8 43 14 54
10 2 10 60
11 25 15 27
2 18 3 47
12 14 12 18
15 54 15 59
4 32 6 33
5 15 14 20
6 33 15 61
10 57 14 63
4 50 11 59
12 48 14 52
4 49 7 57
5 33 14 36
12 6 12 36
9 43 14 46
9 1 9 59
2 23 10 23
10 21 11 50
4 13 9 15
7 24 8 63
11 45 14 56
7 13 10 19
8 2 12 28
6 61 10 61
3 16 14 22
4 33 9 48
6 10 12 38
1 19 2 38
6 57 9 60
11 10 13 10
9 7 14 15
8 45 9 53
2 39 4 43
14 14 14 61
3 25 13 58
7 52 13 60
11 33 11 36
1 33 9 42
12 21 15 36
12 14 15 44
14 2 15 31
2 48 5 60
6 24 7 57
12 9 15 14
15 34 15 35
15 51 15 53
1 16 13 37
13 53 15 61
15 59 15 62
4 49 12 58
14 9 15 28
10 44 15 50
5 10 13 36
4 32 10 34
5 22 15 55
3 23 8 51
11 25 11 29
7 41 12 57
14 32 15 38
6 59 7 60
12 11 13 27
9 11 11 27
7 28 7 53
8 24 15 40
10 13 14 49
1 17 1 40
8 60 9 62
10 63 15 63
6 58 14 61
5 7 12 62
9 33 14 43
15 62 15 62
1 47 3 63
11 22 15 48
15 8 15 27
4 28 15 33
8 49 13 60
10 56 13 56
3 15 12 56
2 58 6 61
13 41 15 42
9 4 11 9
6 52 11 60
9 20 11 53
13 16 15 57
9 13 9 58
13 16 13 38
12 44 12 50
8 51 11 59
4 63 6 63
6 9 12 25
5 8 15 17
7 47 12 54
10 12 10 14
15 40 15 58
4 13 6 17
3 24 15 43
8 2 14 2
13 59 15 60
6 58 8 58
11 55 13 60
15 19 15 57
1 37 12 52
10 21 15 43
7 19 10 45
10 49 13 62
14 27 15 41
9 6 12 59
13 26 14 45
1 20 2 42
8 29 13 29
14 17 15 27
13 12 14 17
5 53 5 60
11 38 13 51
11 59 15 59
8 53 15 59
15 11 15 22
3 28 3 53
4 47 10 58
13 9 14 58
8 14 14 62
15 35 15 41
15 48 15 61
9 24 15 29
13 5 14 31
1 17 7 30
5 34 12 60
10 49 10 59
11 27 12 51
5 60 15 60
2 37 12 55
6 30 13 63
15 13 15 50
13 13 13 63
1 27 5 51
3 45 15 45
13 11 15 25
9 44 9 46
1 55 2 63
12 14 12 31
5 4 7 44
10 39 15 43
14 7 14 23
7 5 10 10
1 53 15 56
13 5 14 48
11 13 13 17
8 34 15 45
13 21 15 60
2 46 15 55
6 48 12 52
15 45 15 61
11 30 11 53
15 31 15 37
6 62 8 63
13 31 14 59
9 58 11 60
5 46 12 54
6 22 14 55
4 28 12 40
7 50 11 63
14 41 14 60
1 5 8 58
10 20 15 20
11 28 15 34
15 13 15 23
2 35 2 45
2 50 7 51
12 13 13 14
7 20 15 24
7 29 15 57
11 59 13 60
1 53 5 59
3 54 7 55
14 57 15 61
5 3 10 26
9 55 11 62
4 24 8 32
15 36 15 53
10 29 12 37
5 57 5 60
8 53 14 55
1 16 15 32
4 46 10 51
9 30 10 63
2 33 10 55
12 27 14 52
11 29 12 48
7 36 11 54
2 7 7 9
13 37 15 51
1 37 11 43
10 33 14 43
14 48 14 53
4 17 8 36
13 62 15 63
15 60 15 63
5 6 9 51
5 22 5 45
14 5 14 36
11 28 15 60
4 45 13 61
8 52 9 56
10 55 13 60
15 51 15 60
3 44 7 52
9 26 9 37
13 6 14 50
12 52 12 59
10 2 10 13
8 9 12 52
9 58 14 61
9 53 10 56
12 24 12 35
1 58 10 61
12 61 15 63
13 16 13 46
13 22 14 24
8 43 9 55
8 63 8 63
7 30 15 63
11 61 12 62
3 7 10 34
3 39 6 55
2 11 9 48
2 52 13 58
5 1 8 20
2 25 6 27
14 39 14 40
15 41 15 56
9 57 9 61
4 44 7 63
7 15 14 54
7 14 10 23
11 27 13 58
5 61 10 61
6 39 12 56
9 62 14 62
14 7 15 59
2 62 6 62
15 58 15 58
5 25 14 27
13 19 15 31
3 13 4 53
6 40 14 40
11 55 14 58
11 8 11 10
6 13 6 15
13 14 14 44
15 31 15 45
5 15 11 16
4 61 14 61
3 50 12 57
5 12 5 22
13 38 13 40
7 13 11 48
11 7 12 47
1 23 9 55
3 39 11 52
7 29 12 29
9 29 9 32
11 26 11 45
12 28 14 61
8 39 14 55
7 50 9 53
8 10 12 49
7 42 7 60
14 6 14 8
9 34 11 52
10 30 12 32
5 26 14 43
7 38 9 45
5 9 13 21
7 58 8 62
13 47 13 54
4 18 13 42
6 32 14 35
13 63 15 63
5 25 13 27
7 41 8 49
13 34 15 63
8 42 12 47
12 35 13 42
1 22 14 39
14 5 15 22
12 25 12 57
13 35 15 45
15 20 15 54
14 31 15 60
13 12 13 59
6 37 7 60
11 45 11 59
12 44 13 50
1 52 13 60
2 54 8 63
8 45 13 51
3 37 15 56
8 4 13 7
4 41 10 61
10 38 11 48
15 49 15 50
13 55 13 55
11 26 11 59
4 14 4 39
3 47 8 63
9 48 15 59
8 41 12 63
11 1 12 27
8 10 11 58
8 31 9 51
11 32 15 37
15 35 15 50
3 47 6 50
6 23 11 43
7 33 10 34
15 57 15 63
9 34 13 39
8 35 8 61
11 32 12 58
3 57 13 62
3 29 14 58
14 30 15 38
4 18 10 59
2 37 4 61
8 55 11 63
8 62 9 63
7 20 7 20
11 11 13 36
7 36 7 62
1 61 6 63
6 45 12 53
12 5 13 51
14 37 14 56
4 63 5 63
1 22 15 30
12 30 12 46
4 16 4 41
7 14 14 39
11 34 15 43
4 18 6 56
12 52 15 57
15 51 15 59
7 3 11 11
9 25 13 52
5 20 6 48
11 10 13 43
4 22 10 36
9 58 9 61
4 14 15 63
9 7 10 52
9 29 11 32
15 33 15 39
2 44 11 56
14 25 14 49
4 47 5 52
8 59 8 59
12 2 12 12
3 2 8 39
1 63 6 63
10 29 11 48
10 7 12 13
12 29 15 44
1 46 2 49
1 62 9 62
14 30 14 50
3 32 15 46
4 7 12 29
1 53 8 56
3 60 14 60
3 49 5 56
4 62 6 62
15 58 15 63
10 34 13 56
7 38 14 45
14 28 15 31
13 62 15 63
3 50 13 54
8 35 9 54
2 9 12 63
5 28 9 53
3 28 7 47
1 1 4 20
8 51 8 51
15 36 15 63
15 34 15 56
8 58 8 63
3 4 14 53
14 51 15 56
7 50 7 51
6 48 7 52
13 2 15 22
15 12 15 63
9 2 12 13
15 25 15 40
14 44 15 51
13 36 13 60
6 63 11 63
7 3 10 59
12 16 13 18
9 32 12 63
4 25 6 45
7 39 8 51
7 20 13 25
6 20 7 46
11 4 11 43
13 20 15 46
2 48 3 63
2 24 15 63
4 2 7 30
4 15 13 35
3 18 14 31
2 18 5 18
7 30 13 35
10 36 13 43
6 16 15 39
6 2 6 61
12 48 14 49
10 52 14 62
4 57 4 60
7 17 13 56
14 57 14 57
2 30 6 47
14 32 15 60
6 10 11 48
7 60 10 63
4 30 6 53
6 62 15 63
13 52 14 62
10 33 10 41
15 12 15 15
3 45 6 52
6 31 10 52
11 30 11 57
8 52 14 57
6 60 9 60
10 30 10 55
4 8 14 30
4 39 4 63
15 12 15 42
8 53 10 61
14 44 15 55
12 21 12 46
6 50 13 55
4 7 15 54
4 50 5 63
8 54 15 57
7 45 14 48
8 44 10 48
1 60 12 62
5 32 8 42
11 13 13 24
7 4 14 36
4 58 9 63
11 1 11 6
7 54 7 63
11 47 11 54
13 60 13 60
15 43 15 44
9 19 9 60
6 11 9 47
8 14 8 44
9 48 12 57
5 47 10 53
4 28 12 39
10 49 11 56
8 54 12 56
7 6 15 62
11 20 12 20
10 52 14 53
12 61 14 63
6 37 13 50
8 54 15 56
3 49 4 54
10 46 11 51
15 46 15 49
10 9 10 27
13 38 15 39
8 8 11 52
15 52 15 60
15 11 15 51
15 59 15 63
6 34 11 47
6 16 15 23
7 43 11 51
12 39 15 57
14 34 15 43
4 60 13 62
12 46 15 59
10 45 11 63
9 22 13 37
6 5 14 26
3 21 13 37
5 40 13 54
8 17 10 60
5 48 15 61
11 40 15 58
12 18 12 20
4 48 10 55
3 31 15 50
4 14 13 17
9 26 13 46
8 51 13 51
10 2 11 10
3 50 9 57
14 27 15 56
8 32 15 53
13 31 15 59
11 16 14 20
4 13 6 32
15 22 15 26
12 9 12 23
2 50 12 60
10 41 13 60
12 11 13 11
3 48 4 52
1 13 1 33
11 10 11 59
8 53 10 53
12 1 13 29
10 26 10 36
9 51 12 57
13 38 14 58
7 31 15 60
1 20 12 48
12 46 14 52
3 23 9 41
12 2 13 43
1 17 2 18
5 55 9 62
4 54 13 59
3 57 8 58
14 62 15 62
14 59 15 61
6 37 6 48
10 54 15 56
9 8 14 60
2 34 7 58
13 28 14 45
3 36 12 38
3 34 6 40
9 50 14 57
15 48 15 56
6 57 11 59
8 27 8 45
13 21 14 34
11 7 14 52
8 40 14 61
14 44 15 47
4 17 14 60
3 6 13 48
1 55 12 58
12 61 13 61
15 48 15 53
7 42 15 62
15 41 15 61
14 56 15 62
14 46 14 56
7 32 9 39
12 36 14 38
9 17 12 51
13 55 15 59
9 11 10 50
9 31 15 36
4 59 6 63
7 46 7 49
14 50 15 58
12 53 12 63
13 31 13 50
6 49 9 54
3 40 9 56
6 50 7 56
10 53 11 54
9 37 10 43
7 12 15 28
11 39 11 44
12 39 14 61
7 56 7 60
8 31 13 32
3 23 15 56
14 42 14 54
1 24 12 40
9 59 14 63
6 10 9 52
8 43 8 60
8 37 13 49
6 35 10 63
5 36 8 46
12 35 13 63
5 33 5 39
14 29 15 37
11 22 11 28
2 5 6 11
15 20 15 45
3 5 13 29
5 23 7 56
2 32 4 56
14 31 14 63
14 1 15 18
10 11 10 60
12 42 15 59
10 4 12 33
5 55 7 62
10 54 15 58
5 6 8 8
15 17 15 31
2 63 2 63
14 8 14 61
13 12 15 14
7 53 14 54
15 59 15 60
3 42 9 55
7 44 14 57
1 31 14 41
5 49 5 63
7 21 10 50
12 44 15 44
4 14 15 16
15 44 15 59
10 62 12 63
8 4 8 29
11 44 14 54
7 30 12 54
10 53 11 60
6 10 10 51
8 32 8 36
9 29 15 35
7 12 8 12
13 49 13 59
10 28 12 57
10 20 10 32
3 17 3 25
1 4 15 31
14 9 14 55
13 9 13 61
14 49 15 56
5 40 5 60
6 7 12 57
8 61 9 62
4 40 15 49
8 62 10 62
7 16 11 25
14 42 14 44
4 35 12 40
6 48 11 57
12 7 15 30
12 54 13 55
12 1 13 7
10 51 12 58
1 24 14 62
11 52 15 61
2 42 8 53
4 51 4 61
15 24 15 24
10 24 15 26
9 5 10 26
1 22 3 34
10 56 13 63
14 38 14 48
4 3 7 47
12 24 15 57
15 19 15 51
11 24 11 27
2 58 2 61
13 45 13 53
15 28 15 40
1 9 3 26
13 10 15 16
7 39 12 40
13 14 14 37
8 14 13 20
11 28 11 57
1 6 14 50
15 55 15 62
10 5 12 62
2 30 13 34
4 44 13 62
4 36 5 51
4 50 6 50
2 23 9 47
5 9 9 24
2 36 13 51
1 30 15 49
9 1 11 63
11 12 14 29
10 63 15 63
6 32 9 40
4 23 5 43
13 40 15 52
6 7 15 31
9 29 9 52
12 6 12 24
12 42 12 52
12 63 15 63
14 28 14 50
9 26 15 30
14 29 14 36
12 45 12 55
13 57 14 60
12 12 12 29
15 61 15 61
10 50 14 51
9 41 15 63
9 48 11 54
8 15 10 55
10 3 12 37
4 28 14 35
7 17 14 60
13 2 14 41
8 29 14 47
15 41 15 46
10 30 14 47
8 23 12 61
2 44 2 61
12 13 13 34
4 31 15 40
12 14 15 59
4 34 13 59
1 36 3 62
6 56 14 61
5 19 10 54
3 37 7 41
10 21 12 22
10 16 12 25
9 57 15 57
12 12 15 18
6 62 14 63
8 16 14 19
9 47 9 49
6 40 10 55
2 60 3 63
6 24 7 37
7 17 11 36
11 15 15 21
12 19 13 35
8 53 12 56
11 30 14 57
8 39 13 42
7 21 12 33
1 2 11 58
8 14 14 42
14 28 14 37
14 5 15 41
3 13 5 16
8 9 11 19
6 21 10 21
14 38 14 42
5 17 11 19
1 33 2 59
3 11 11 45
2 36 4 40
6 61 15 62
1 56 5 61
14 8 15 62
12 61 12 63
13 39 14 56
1 12 9 30
13 63 13 63
6 8 15 29
11 13 14 42
12 4 12 20
12 13 12 42
1 27 9 51
12 54 13 63
15 54 15 61
5 15 11 40
13 20 15 21
1 11 11 56
4 15 10 61
1 14 14 43
10 43 11 54
6 14 7 42
15 8 15 45
11 28 12 38
13 20 13 30
8 48 12 58
12 6 14 53
14 44 14 60
1 26 14 62
14 31 14 48
2 52 6 63
4 13 7 18
7 25 13 55
9 45 14 57
10 5 10 22
5 43 5 52
9 39 12 58
2 32 12 34
8 49 9 62
13 23 13 56
5 27 11 31
9 54 11 56
15 26 15 36
12 23 12 42
9 50 13 54
6 44 9 53
2 49 11 52
14 8 15 43
6 24 6 33
8 41 14 42
9 10 10 14
5 58 14 63
11 62 15 63
4 57 13 63
5 53 6 62
12 1 15 54
11 35 15 38
4 19 8 36
12 52 13 53
7 23 12 37
2 50 15 59
15 15 15 24
2 62 7 63
9 62 9 63
1 11 9 61
14 1 15 17
15 41 15 53
9 6 15 49
7 20 12 41
7 44 7 45
1 30 5 40
4 40 10 59
7 3 12 22
11 36 15 45
15 23 15 60
6 19 9 42
5 5 8 20
9 44 12 48
4 3 5 7
8 48 12 51
5 25 9 36
13 43 13 46
12 57 14 63
9 40 9 48
2 26 3 38
14 61 14 63
13 21 14 48
12 34 13 34
1 11 9 27
3 55 11 60
1 6 13 12
3 16 5 35
10 28 10 55
8 1 8 21
9 21 11 61
9 3 10 56
13 31 15 38
1 32 7 62
3 9 5 57
13 30 15 48
13 62 13 62
4 34 7 36
14 15 14 40
11 52 14 62
8 17 15 61
4 20 5 41
9 39 13 51
4 1 5 47
8 52 10 57
13 39 15 58
6 59 10 59
13 57 15 61
8 26 8 63
14 11 15 53
7 44 15 49
4 25 9 52
3 33 5 38
1 24 9 49
9 22 10 32
12 37 14 46
11 20 11 57
3 31 4 50
14 5 15 39
6 51 6 53
4 42 11 51
4 39 13 52
9 59 9 61
5 7 5 9
1 43 8 57
11 44 14 49
13 38 14 59
6 52 7 60
7 36 9 63
8 10 9 45
8 54 11 56
12 35 13 49
5 23 13 45
2 36 15 60
7 23 7 35
5 60 8 61
14 1 14 37
3 61 13 62
11 3 14 25
3 41 8 62
12 8 15 62
4 52 14 55
1 32 3 33
5 34 5 55
1 55 6 59
7 41 12 57
3 31 5 48
10 55 14 55
6 25 9 34
4 45 8 54
14 10 14 47
13 1 14 17
13 19 13 36
1 43 14 49
14 59 14 63
14 32 15 57
5 8 11 27
10 23 11 31
12 56 12 61
3 34 10 49
11 7 14 23
3 54 6 63
13 51 14 62
11 7 13 36
5 28 5 52
2 46 5 57
9 18 13 43
15 27 15 39
11 60 13 61
5 24 11 24
10 60 15 63
12 39 14 47
13 37 15 54
1 11 10 15
5 18 13 26
2 24 4 50
8 16 12 60
11 21 13 39
14 43 15 53
10 27 12 53
15 34 15 37
3 22 12 50
8 58 9 59
14 52 14 59
3 26 13 54
14 32 14 33
5 43 5 60
5 40 9 55
5 5 13 12
4 39 8 40
8 50 12 55
1 56 10 57
3 26 7 32
1 26 7 54
9 45 9 48
14 24 14 47
4 62 4 62
14 7 15 44
12 31 14 58
9 1 12 46
14 44 14 56
14 60 15 60
13 55 15 55
7 9 12 42
12 40 15 42
2 49 10 61
6 21 6 54
1 6 9 36
1 31 9 56
7 58 13 59
13 15 14 20
4 38 7 52
10 1 13 1
15 41 15 58
8 5 12 38
13 22 13 59
6 47 11 50
3 13 10 52
12 45 15 47
5 63 11 63
14 62 14 62
14 43 15 57
1 28 10 34
3 33 3 59
8 27 8 41
7 43 11 44
1 10 4 14
13 54 14 58
14 59 14 61
15 61 15 62
12 4 15 56
10 30 13 57
4 37 11 50
5 59 5 59
9 54 13 55
10 37 11 59
10 56 13 62
10 12 13 28
7 63 10 63
7 30 13 63
11 2 12 49
11 46 13 60
5 21 5 33
9 60 12 61
15 53 15 54
10 6 15 7
1 33 4 34
14 42 15 54
1 22 11 45
9 56 13 57
4 4 6 32
1 54 13 55
9 7 14 48
14 45 14 55
6 59 14 59
8 59 14 61
6 14 8 43
2 18 8 42
11 18 11 39
5 24 8 49
4 44 9 58
6 12 9 13
13 6 15 28
9 24 14 43
10 38 15 42
6 17 14 55
1 25 12 37
15 8 15 31
12 7 15 42
12 27 14 58
6 2 6 27
10 11 13 40
6 43 7 45
1 45 14 47
12 49 13 62
13 17 13 36
2 27 10 59
9 51 14 59
10 51 12 54
12 5 15 5
12 58 14 59
11 44 14 63
5 35 8 35
4 5 8 63
3 42 3 50
8 24 15 24
1 20 14 63
3 49 9 55
1 32 7 52
6 1 9 49
3 28 5 60
12 53 15 55
12 13 12 36
13 40 13 56
1 48 12 51
1 35 4 35
4 2 10 9
2 56 4 63
12 8 15 51
1 14 11 57
9 26 13 52
