39 7 197
.......
.....X.
.....X.
.......
.......
X..XXX.
....X..
.......
..XX...
X...X..
...XXXX
.....X.
.......
.......
X..X.X.
X..X...
.......
X.X....
X......
.X.....
....X.X
X......
..X....
.......
.X.....
..X....
...X...
......X
..X....
X......
.......
X...XX.
...S...
.......
.......
.X..X..
.X.....
.XX....
.....XX
14 7 31 7
1 3 39 3
24 3 38 3
34 5 34 5
5 4 11 5
16 5 18 6
23 2 23 5
5 3 28 5
12 4 25 5
33 4 35 4
9 1 24 1
15 3 17 5
4 3 14 4
18 6 29 7
19 4 19 6
1 2 8 5
19 4 37 5
8 7 18 7
17 7 28 7
25 2 33 4
20 3 36 6
26 4 35 7
11 7 19 7
14 2 29 6
13 4 37 7
31 3 34 3
8 1 10 2
14 2 39 2
3 3 26 3
1 2 9 4
3 4 13 4
10 5 15 6
8 1 31 2
20 1 28 4
17 6 35 7
26 7 32 7
28 6 28 7
28 1 36 5
36 1 37 5
6 7 22 7
12 7 22 7
12 5 14 7
35 7 38 7
36 4 39 6
20 6 37 6
32 5 32 5
32 7 33 7
36 7 37 7
23 4 35 7
10 6 34 6
15 1 28 1
20 6 25 7
33 6 35 6
15 1 21 5
33 2 35 7
35 2 38 6
8 2 34 2
11 2 19 7
12 5 32 5
11 6 11 6
3 7 3 7
20 1 28 5
9 2 17 2
7 1 28 6
30 6 34 7
16 6 32 6
2 4 10 6
37 6 37 6
11 3 14 5
10 6 34 6
1 6 3 6
16 5 37 7
13 5 20 7
12 4 27 6
26 2 30 4
37 2 37 4
32 7 36 7
36 6 38 6
13 7 20 7
18 5 35 7
37 3 37 5
32 7 33 7
9 6 28 6
18 6 34 7
38 1 38 1
20 5 34 7
28 3 35 4
26 6 37 6
34 2 36 4
25 1 38 2
6 1 6 4
28 1 28 4
18 6 35 6
36 4 37 4
21 4 29 4
30 7 35 7
4 7 22 7
6 2 17 6
22 6 34 7
14 6 25 6
31 7 34 7
4 4 11 4
7 5 35 6
38 7 38 7
35 7 38 7
36 4 39 4
14 2 22 2
20 3 34 4
28 6 35 6
13 2 31 6
8 2 9 7
14 2 23 6
17 1 31 3
26 3 32 5
39 7 39 7
37 3 39 4
11 4 24 6
27 3 37 5
37 1 38 3
9 2 32 4
20 4 31 7
29 7 37 7
17 4 39 7
11 7 39 7
25 4 26 5
13 2 36 3
23 1 33 4
23 5 37 5
28 4 33 4
35 4 35 5
15 6 25 6
32 1 32 1
23 7 38 7
32 6 33 7
32 4 33 6
10 6 19 6
24 6 35 7
27 3 39 7
24 3 38 3
38 2 39 7
37 6 38 7
30 2 30 4
22 7 22 7
13 6 18 7
15 4 30 4
6 7 33 7
32 2 38 2
27 1 30 3
29 7 35 7
33 2 34 6
15 5 38 7
38 5 39 5
32 6 33 7
6 2 34 7
35 7 36 7
28 6 39 6
9 3 15 6
20 5 30 6
38 5 38 6
28 5 31 7
10 2 39 4
20 2 21 7
14 2 30 6
36 5 38 7
26 2 34 7
36 6 39 6
20 3 34 5
30 4 30 4
19 5 39 6
10 1 11 7
36 5 38 7
25 2 30 7
29 5 29 6
28 1 34 7
6 5 32 6
32 7 36 7
14 5 32 6
22 7 22 7
17 2 39 4
5 4 5 7
6 4 35 6
17 2 17 2
19 5 21 5
12 2 32 2
36 2 36 4
19 1 39 4
27 3 35 4
2 2 26 6
12 1 24 4
3 2 28 3
11 2 30 7
32 5 39 7
1 1 19 1
34 7 38 7
30 7 33 7
30 5 38 6
13 1 30 4
