70 11 2074
X..........
....X.XXX..
.........X.
...........
..X.XX.....
..........X
........X..
...........
.X.........
X.X.....X.X
.XX.X......
....X..X...
....X.XXX..
X.XXX...X..
...........
....X...X..
....X......
XX..XXX.X..
X.....X....
..........X
...X.......
.X...XX...X
..X........
...........
...X..X.XX.
.XX.X...XX.
X.....X.X..
S..........
X.....XX...
........X..
X..X.....X.
......X...X
...........
....X...X..
...X.......
..X......X.
..X........
....XX.....
......X..X.
X..X.......
..X........
...........
X...X......
........X..
....X......
.XX.......X
........XX.
.......XX.X
...........
...........
......X..X.
...X.......
X.....X....
........X..
..XXX....X.
.........X.
.X.........
...X...XX..
.X...X.....
X..XX......
...X....X..
......X....
XX.........
.....XX....
.....XX....
...........
....X......
.....X.....
.X.........
X......X...
5 10 63 10
21 1 44 10
8 10 69 10
34 4 39 6
37 8 49 9
26 8 35 9
46 2 64 5
22 8 67 10
39 4 48 8
37 7 65 7
44 11 57 11
32 5 66 9
29 6 54 11
30 11 63 11
10 4 36 7
52 4 54 7
35 2 55 5
31 10 56 11
47 1 68 2
40 10 52 10
53 8 55 11
46 7 55 11
51 3 51 7
60 3 69 8
15 11 42 11
9 8 13 9
39 9 60 10
30 11 37 11
67 9 68 9
66 1 67 4
11 10 41 10
60 8 67 11
50 2 55 5
47 3 58 11
58 8 67 10
50 10 65 10
62 8 67 9
30 5 53 6
36 10 53 10
70 10 70 10
43 2 64 3
51 1 54 8
33 8 45 11
34 11 39 11
67 4 67 6
3 1 15 9
33 8 36 10
1 4 61 7
50 3 58 5
62 10 70 11
20 6 69 6
67 5 67 8
5 8 63 9
39 5 57 10
57 8 59 8
16 4 43 11
65 6 70 6
31 11 54 11
24 9 58 9
26 1 61 4
42 8 66 10
31 7 67 11
20 4 46 5
37 4 61 5
51 9 65 11
66 9 70 11
33 2 37 6
38 11 59 11
30 5 68 10
12 4 27 7
42 10 66 10
14 6 35 11
55 11 61 11
66 5 66 11
63 4 70 6
59 6 61 6
32 9 40 11
29 5 49 10
42 7 58 8
34 4 64 4
43 7 58 11
33 4 52 6
20 1 33 11
49 7 55 9
60 7 70 10
49 5 58 11
13 8 58 8
46 11 70 11
38 7 66 7
43 1 65 8
62 11 65 11
43 4 69 8
15 6 42 7
29 9 35 11
61 3 62 5
10 5 69 9
64 9 69 11
66 10 69 11
19 5 69 7
17 7 34 10
44 3 66 5
70 4 70 8
40 4 63 6
54 5 57 7
63 8 66 9
50 3 51 5
42 3 70 8
6 5 65 9
17 6 45 6
50 10 65 10
25 3 57 10
39 7 40 11
16 6 68 11
11 9 46 11
55 1 70 1
36 9 39 10
66 11 68 11
63 9 66 9
27 4 38 9
58 5 61 7
18 3 65 10
10 10 18 10
34 6 63 7
35 1 40 9
30 7 60 8
56 10 57 11
10 11 27 11
61 3 70 6
28 3 28 8
43 8 70 9
64 10 68 11
55 7 66 10
51 5 58 5
60 6 60 11
50 10 63 10
54 2 64 10
39 9 59 11
58 9 58 11
58 1 69 8
12 8 22 10
4 8 32 8
69 9 69 9
36 6 59 7
30 7 48 11
28 9 66 10
30 7 37 9
62 4 68 9
10 5 60 6
22 9 62 10
67 10 68 11
43 7 57 7
36 2 43 7
48 8 68 10
42 1 66 4
53 8 68 10
34 7 58 9
40 9 41 11
13 7 40 11
55 4 59 4
30 4 54 4
11 2 36 9
4 10 58 10
42 11 63 11
58 10 70 10
47 10 50 11
63 1 67 3
50 8 68 10
57 2 57 11
8 5 60 10
39 7 69 9
41 4 51 6
13 6 33 8
56 1 62 4
30 6 43 6
21 3 36 6
29 5 29 7
19 1 55 4
43 6 53 6
44 11 61 11
38 7 53 8
40 9 62 10
45 5 49 5
63 4 67 5
58 5 61 5
48 3 57 9
58 4 70 11
19 7 23 7
45 2 57 11
45 2 48 3
62 4 63 9
50 8 68 10
61 4 64 6
56 8 56 8
18 7 52 10
31 6 61 10
6 3 6 3
21 9 53 10
35 6 56 7
32 4 35 5
27 5 63 11
52 8 58 11
23 10 46 10
33 9 44 10
11 2 22 2
1 6 31 8
53 4 58 4
26 6 48 6
64 9 70 9
38 11 53 11
27 11 51 11
43 10 64 11
3 1 22 4
55 5 68 5
35 8 37 11
9 9 34 9
8 8 17 9
51 3 54 11
25 2 42 4
14 1 38 2
69 4 70 7
8 5 21 5
25 9 50 9
15 7 62 9
48 8 68 8
43 8 44 8
59 4 66 11
37 1 57 9
8 10 51 11
29 1 49 2
31 8 40 8
16 3 22 8
39 11 44 11
60 4 60 7
39 6 59 8
62 8 70 11
60 1 60 9
36 8 62 11
18 3 55 8
23 5 35 8
47 4 55 5
9 8 25 9
10 9 64 9
21 10 28 10
9 8 46 8
43 5 55 8
5 10 54 11
11 4 36 9
56 8 64 11
27 7 61 9
39 11 67 11
14 3 41 11
24 7 59 9
59 2 67 9
32 8 55 9
16 7 44 7
41 8 59 11
50 7 57 10
66 8 68 11
12 8 16 10
23 1 42 9
36 11 52 11
33 4 38 10
4 4 57 5
35 1 53 1
60 4 60 4
20 9 53 10
6 3 7 5
65 10 68 11
56 3 68 9
17 2 39 6
48 7 59 9
62 7 69 8
55 6 57 8
41 2 69 9
20 6 62 10
20 5 24 9
33 5 51 7
36 2 37 8
25 1 35 9
48 6 69 8
65 8 70 11
31 1 70 4
29 5 49 10
24 1 53 10
59 3 70 4
18 3 52 8
13 11 57 11
37 10 43 11
56 1 62 10
34 8 38 8
38 9 60 10
67 11 67 11
16 4 52 9
57 1 69 11
42 8 50 11
9 5 31 9
55 5 59 7
56 10 57 11
23 7 42 7
37 3 65 8
59 5 69 11
59 7 67 10
11 2 30 3
4 5 49 7
24 5 37 6
67 7 69 7
56 2 59 10
12 11 39 11
38 11 70 11
2 8 30 9
19 10 49 10
4 8 14 9
41 3 51 8
30 5 50 11
43 8 52 9
51 9 51 9
10 3 54 5
17 2 63 11
22 9 61 11
36 3 62 11
41 8 67 10
9 1 15 7
65 8 67 9
44 6 49 10
36 4 36 9
29 2 49 8
18 1 52 11
13 3 16 4
27 4 64 9
12 6 12 6
13 11 39 11
40 10 65 11
12 5 29 8
44 1 56 10
4 7 28 8
41 8 68 10
13 6 28 9
68 3 68 5
19 4 40 11
62 8 63 11
12 5 28 7
12 5 43 7
53 1 62 7
21 6 50 7
35 7 53 8
20 11 52 11
2 3 19 8
68 7 69 8
15 8 61 8
58 10 59 11
35 10 68 10
27 2 28 2
26 1 64 3
56 6 64 7
5 1 13 5
14 9 44 9
22 1 23 5
9 3 30 3
18 4 66 8
17 2 23 5
53 1 60 1
21 6 59 6
34 6 45 6
42 3 55 11
11 11 28 11
9 2 17 11
35 5 54 6
22 1 41 7
16 3 26 9
51 6 69 9
19 10 27 11
45 5 66 10
30 6 46 6
60 8 62 11
5 7 13 7
31 7 56 8
58 5 59 11
26 7 27 9
44 7 46 10
52 1 70 5
11 3 40 8
31 2 66 11
24 9 61 11
20 8 43 8
21 3 55 5
50 7 54 10
38 1 59 4
66 10 68 11
11 10 20 10
12 9 17 11
20 6 49 6
19 10 63 10
15 11 17 11
17 3 60 5
30 6 43 9
65 7 65 9
41 4 57 4
58 6 62 9
58 6 59 9
69 5 69 5
65 6 68 6
49 10 69 10
46 7 64 9
13 11 33 11
70 10 70 10
54 10 60 10
60 8 66 10
21 1 45 6
14 4 67 9
43 1 54 3
67 9 69 9
33 5 63 11
34 4 38 6
30 3 58 10
9 11 47 11
17 1 35 4
53 9 60 10
13 5 13 11
49 9 69 9
41 6 59 10
47 1 53 5
50 3 68 10
50 11 69 11
11 5 44 6
47 1 54 9
25 7 65 8
16 4 32 11
64 2 64 2
68 5 68 5
3 4 60 7
37 5 59 9
22 8 22 11
19 9 26 10
22 4 45 10
52 5 68 11
54 9 68 10
13 4 22 8
54 4 54 5
40 1 43 3
11 9 30 10
36 2 60 6
63 7 65 10
27 11 60 11
13 5 22 5
7 11 62 11
63 9 68 10
24 1 25 2
60 6 65 11
56 7 57 9
24 8 45 11
67 1 69 8
19 4 43 9
59 9 65 9
22 10 44 10
24 11 51 11
45 9 57 11
52 3 53 9
70 7 70 7
1 6 45 8
16 7 36 10
21 9 46 9
62 7 65 7
6 9 37 11
49 10 52 11
4 10 35 11
66 7 67 8
11 5 13 5
46 3 51 3
9 4 44 10
35 3 69 8
54 10 56 11
49 5 56 5
56 9 65 11
37 2 70 5
42 4 67 5
28 7 41 7
42 10 58 10
34 10 62 11
31 5 66 5
65 7 65 10
29 8 70 11
10 10 27 11
50 7 50 7
6 8 61 8
66 1 68 5
20 2 28 11
6 8 56 8
22 1 47 11
64 6 66 7
50 2 63 4
21 9 44 10
23 5 48 11
45 6 51 9
26 9 28 11
33 9 38 9
6 1 25 5
33 6 59 10
27 6 32 7
29 1 29 11
18 7 57 10
3 1 9 8
33 9 53 10
16 4 38 11
7 3 59 9
59 10 67 10
70 2 70 6
4 4 53 5
67 8 70 8
24 2 41 7
24 10 45 11
4 3 19 6
34 6 38 11
62 5 70 9
1 9 27 11
2 6 45 7
18 10 64 11
16 7 56 11
36 10 46 10
6 4 53 6
44 10 59 11
8 1 25 2
49 4 61 4
20 4 21 7
63 10 69 10
42 11 42 11
45 5 52 9
30 8 44 10
21 7 62 8
6 11 34 11
40 11 45 11
26 5 33 9
43 5 55 9
43 1 63 7
51 10 61 10
10 1 69 5
1 9 28 11
9 7 52 11
64 11 65 11
49 10 61 10
27 3 65 7
67 10 68 10
25 9 67 9
7 7 29 11
39 7 46 7
3 4 33 6
34 4 35 5
67 5 69 5
17 4 52 5
6 1 57 5
10 3 15 7
42 7 49 11
12 5 35 10
34 8 64 8
67 9 68 9
2 9 32 11
48 3 57 8
23 6 51 7
2 2 6 5
43 5 43 9
60 7 69 11
2 11 27 11
18 4 57 4
10 11 10 11
9 9 17 9
50 8 65 8
45 2 68 7
46 10 65 11
21 2 46 6
3 5 9 8
11 9 60 10
17 9 44 11
6 1 62 8
18 8 63 9
6 9 27 10
36 7 69 11
50 2 54 10
31 5 65 7
52 8 52 9
69 6 69 7
21 4 56 4
22 4 41 8
63 2 64 8
20 11 66 11
70 4 70 10
7 4 10 4
31 1 41 11
35 10 47 11
47 8 52 8
68 5 70 6
63 3 67 10
20 9 36 10
47 8 57 9
15 7 39 7
17 7 66 11
33 10 63 11
14 10 14 11
68 2 68 2
63 6 66 6
46 10 50 11
3 9 63 10
29 8 32 8
17 1 27 4
4 6 34 10
26 2 32 3
69 11 69 11
31 4 37 10
15 10 25 11
54 7 61 10
4 6 9 7
11 4 69 10
4 10 33 10
69 5 70 10
7 7 66 9
35 3 49 6
22 2 66 5
62 2 62 3
41 3 53 10
18 11 40 11
29 5 48 8
33 7 59 10
4 9 63 9
50 4 68 7
9 5 58 5
41 4 53 9
60 9 61 11
46 5 67 6
65 8 67 9
44 1 47 10
50 11 70 11
27 2 45 3
14 4 48 4
7 7 46 11
17 5 60 10
67 2 70 3
10 10 51 10
3 7 55 7
11 8 46 11
52 10 65 10
4 4 49 6
27 11 65 11
5 10 61 10
42 10 44 10
58 1 65 2
38 10 42 10
1 4 51 4
29 11 43 11
50 7 55 8
70 6 70 7
15 5 39 5
70 3 70 6
34 6 55 6
52 1 70 6
21 5 25 11
41 7 64 9
6 9 33 10
36 5 50 11
7 7 38 11
16 4 50 8
22 3 35 10
62 11 66 11
35 8 48 9
67 9 67 9
70 4 70 4
32 3 39 9
52 9 58 11
14 2 33 6
69 11 69 11
26 11 37 11
62 6 68 6
47 3 64 7
25 7 32 7
42 10 46 11
32 9 60 10
54 1 57 9
55 1 65 5
50 10 70 11
21 7 35 8
29 2 38 3
48 6 49 11
62 7 69 8
3 5 20 9
24 5 25 6
58 7 63 8
48 7 50 11
40 2 43 8
56 9 66 9
55 11 61 11
5 3 26 4
4 6 60 7
67 4 68 7
60 10 65 10
23 2 38 8
61 4 62 7
64 2 64 7
20 5 57 9
42 10 42 11
20 4 53 7
52 7 54 7
53 10 62 10
34 3 50 4
15 1 65 11
44 10 57 10
30 1 52 1
21 2 62 3
48 2 57 11
3 4 4 7
49 11 69 11
65 2 65 9
64 11 65 11
65 5 70 7
60 6 64 10
42 11 54 11
41 1 65 5
59 11 69 11
59 1 63 7
31 5 56 7
25 5 46 5
54 1 63 7
14 6 15 7
20 8 41 10
60 10 61 11
42 11 54 11
47 4 69 8
43 11 64 11
57 5 59 8
40 7 52 8
16 7 48 7
68 8 68 11
12 8 48 10
12 2 60 5
27 10 31 10
61 9 66 9
23 8 44 11
38 9 47 9
45 6 49 6
58 6 66 9
13 10 52 11
34 10 54 10
48 5 57 9
7 4 49 10
2 11 39 11
49 11 55 11
64 6 67 6
70 1 70 1
6 4 63 6
17 4 28 7
5 4 68 10
36 11 50 11
67 11 67 11
17 3 68 11
23 9 60 9
37 6 67 8
69 9 70 9
48 6 63 10
6 6 17 9
50 2 62 7
59 4 67 7
52 5 59 11
22 6 54 10
50 9 67 11
36 11 43 11
39 3 50 8
60 1 69 7
57 3 62 6
38 1 67 8
67 6 70 10
16 10 18 11
53 5 56 8
66 5 66 9
52 8 55 9
44 6 65 9
47 11 61 11
22 7 63 10
17 9 35 10
14 6 59 10
26 3 29 7
64 5 67 7
65 9 67 9
54 1 54 11
42 10 52 10
56 6 64 9
18 7 41 11
36 6 67 11
20 1 46 4
52 4 65 9
49 5 68 11
70 8 70 11
46 6 50 6
60 4 67 9
8 4 52 7
22 2 38 11
50 4 52 9
33 4 66 6
9 7 11 7
62 2 64 4
34 10 52 10
19 10 27 11
8 7 40 10
17 1 56 5
14 7 65 9
11 1 64 8
69 6 70 11
3 4 29 10
18 11 31 11
40 2 42 6
42 4 60 4
68 4 70 10
57 10 68 11
48 4 63 11
26 9 69 9
40 3 49 6
21 8 62 10
37 10 58 10
41 8 59 8
63 10 67 10
49 6 65 11
11 3 27 8
14 11 33 11
69 6 69 7
42 5 47 7
44 8 70 11
26 11 60 11
44 1 66 5
8 10 46 10
35 2 39 5
21 5 30 8
25 9 48 10
41 6 66 6
18 8 35 8
23 1 37 8
62 10 64 11
11 4 23 4
60 1 61 6
1 9 32 9
17 10 52 10
20 11 22 11
33 4 40 8
20 4 28 9
50 3 50 6
9 3 39 8
44 9 58 11
34 1 64 4
49 5 63 10
23 6 29 6
61 1 63 10
42 1 67 9
38 11 51 11
64 6 65 7
9 6 21 8
46 6 64 9
37 7 63 11
49 5 59 5
28 10 65 11
20 8 47 9
60 6 62 7
2 1 20 5
51 1 70 2
50 2 54 2
15 2 23 11
53 4 63 11
18 9 63 10
22 9 51 10
39 5 53 5
14 1 26 10
62 9 70 10
32 6 35 6
14 3 23 8
13 6 61 10
45 9 53 10
12 3 49 5
36 1 44 10
19 3 49 7
31 6 53 8
62 1 66 9
25 8 64 9
48 5 51 9
60 11 70 11
27 11 36 11
51 11 54 11
59 9 64 10
52 4 67 10
47 8 51 10
44 11 66 11
5 6 33 8
17 9 30 10
20 2 68 8
54 10 68 11
24 2 53 11
59 7 65 10
62 4 67 5
44 10 48 10
70 5 70 6
19 4 36 10
9 9 44 10
42 1 53 7
37 10 42 11
13 11 43 11
57 9 66 10
20 3 38 8
39 10 70 10
29 9 57 11
18 4 47 7
16 11 56 11
23 9 54 10
67 3 70 9
21 2 46 9
60 10 68 10
35 9 67 11
61 2 70 11
18 1 26 5
62 8 64 8
12 2 62 10
37 5 54 9
70 10 70 11
52 5 53 11
2 10 19 11
23 6 58 7
69 11 70 11
54 1 57 9
28 9 59 10
45 8 52 8
62 5 70 11
60 9 63 9
62 8 70 11
44 5 70 10
13 9 58 11
1 2 60 9
35 4 58 11
70 3 70 6
13 5 64 9
47 5 66 11
61 3 62 4
13 1 43 5
30 1 55 8
30 10 60 11
9 6 19 9
49 7 50 10
9 3 57 9
24 2 27 10
53 3 58 10
28 10 33 10
26 1 32 9
23 3 25 7
66 4 70 8
6 5 23 5
44 10 67 11
21 7 57 9
60 3 65 10
13 11 21 11
33 2 43 10
62 7 66 11
62 10 62 10
32 5 61 8
7 8 31 8
5 4 20 11
55 8 62 9
12 4 12 4
40 9 64 11
20 2 43 2
52 9 70 10
3 2 59 7
28 6 38 8
67 10 70 11
52 4 56 6
52 7 63 8
6 9 24 9
37 10 47 11
65 7 67 11
1 10 53 11
9 7 22 11
3 3 55 5
40 8 66 9
66 8 66 9
51 7 68 11
68 7 68 8
11 11 53 11
55 9 68 10
51 6 69 8
35 5 49 6
10 2 58 5
53 5 61 10
1 8 39 9
48 7 54 10
7 3 35 10
18 11 38 11
19 10 70 10
43 8 51 8
48 8 62 11
59 4 70 7
23 6 46 8
17 5 47 8
11 9 13 11
27 10 66 10
41 5 48 10
36 2 44 3
68 3 70 8
44 10 64 11
59 11 66 11
51 6 55 11
65 6 70 9
5 9 6 9
14 6 54 11
5 4 52 8
22 8 40 9
15 5 49 10
38 7 51 9
13 8 54 10
36 9 40 9
67 1 70 4
38 5 45 10
22 10 45 11
5 2 52 8
56 8 62 11
35 6 70 6
32 7 38 11
59 3 66 9
62 9 70 9
23 6 25 8
68 4 70 9
20 7 26 11
58 2 62 2
10 9 69 9
4 10 42 11
28 3 61 8
8 2 70 2
29 7 45 11
63 6 66 6
13 5 34 10
22 10 34 11
55 6 66 7
51 4 52 10
17 1 35 8
44 1 66 3
36 8 47 9
65 10 65 10
33 4 44 5
60 10 67 11
29 7 67 11
70 2 70 5
47 1 60 6
64 7 64 11
60 8 65 11
44 4 51 9
9 8 14 9
20 4 47 9
59 7 60 11
32 10 57 10
29 4 62 4
18 10 52 10
68 11 69 11
16 8 44 9
55 6 64 10
43 11 45 11
17 11 39 11
57 3 62 9
39 5 41 9
49 5 68 5
54 5 57 9
59 4 62 8
3 10 42 10
21 3 34 7
9 7 15 7
11 6 65 10
45 2 45 6
68 5 69 7
54 7 70 9
40 4 61 9
24 5 62 6
62 1 62 4
70 7 70 9
35 4 47 8
62 5 69 10
43 10 45 10
47 5 51 5
25 3 65 7
12 3 62 5
14 3 66 9
49 8 68 10
32 10 33 10
5 2 9 7
21 11 33 11
62 7 62 7
7 11 24 11
11 11 39 11
35 10 44 10
6 4 8 11
6 8 70 11
4 10 18 11
24 8 40 9
17 1 19 9
6 3 15 6
31 3 43 11
7 4 35 7
1 5 63 8
61 4 67 10
9 5 40 7
58 10 63 11
1 5 40 7
14 10 58 10
10 11 18 11
15 11 17 11
29 9 44 10
54 10 62 11
27 10 28 10
30 4 31 4
10 10 50 10
1 10 29 10
44 3 45 5
20 10 38 11
10 10 16 11
6 7 18 8
37 2 46 10
61 4 64 11
64 8 70 10
7 11 23 11
20 9 37 10
16 5 49 7
15 9 60 11
28 2 66 2
63 4 68 5
45 7 56 8
23 9 67 10
30 3 70 11
26 4 53 4
17 11 47 11
37 2 69 4
69 10 70 10
39 11 54 11
64 10 65 10
9 5 31 6
67 6 68 6
55 1 63 8
62 4 64 10
33 6 41 8
8 4 45 10
52 7 61 10
36 2 63 7
54 5 57 5
14 9 47 11
14 8 61 11
37 4 48 7
52 3 65 8
50 1 66 1
19 7 32 10
35 3 55 4
65 11 67 11
54 10 54 11
15 11 69 11
47 3 67 7
61 8 63 11
51 8 57 9
4 3 4 5
53 11 69 11
2 9 41 10
11 4 14 9
44 3 65 6
61 9 61 9
1 1 14 5
67 2 70 2
36 10 58 10
33 7 42 7
67 2 70 7
67 5 70 5
59 5 65 9
61 5 68 9
38 4 57 6
49 3 52 4
43 11 63 11
5 1 43 4
1 1 33 5
36 7 46 7
23 4 54 4
19 8 25 8
20 9 48 10
62 2 68 7
1 9 47 11
9 2 16 10
67 5 68 7
22 7 63 11
53 9 53 10
30 7 45 9
14 3 48 3
68 3 68 4
43 7 47 9
18 3 61 6
55 10 55 10
5 1 64 9
69 8 69 10
6 2 43 9
69 10 70 10
35 7 47 11
48 9 52 11
33 8 57 8
54 1 61 5
54 8 63 8
54 7 67 10
47 8 61 8
51 8 62 8
6 1 69 1
32 9 35 11
60 6 60 10
15 1 58 7
61 3 67 8
3 8 45 9
59 9 59 10
58 4 59 7
46 7 60 8
31 7 58 9
39 10 53 10
1 6 41 7
33 3 59 5
10 8 12 11
50 3 58 7
37 10 64 11
23 10 32 10
22 3 41 5
33 9 45 9
53 6 69 8
30 7 68 7
45 7 49 10
68 9 70 9
10 10 60 10
29 3 41 3
32 2 66 4
29 9 36 9
52 11 56 11
56 6 70 7
27 6 47 8
30 1 31 1
22 6 58 6
31 9 43 11
43 2 58 7
11 7 62 9
34 8 46 10
21 6 23 9
10 1 46 7
30 1 54 10
12 2 44 2
38 10 62 11
21 1 42 3
12 7 23 11
68 1 68 6
21 10 24 11
68 4 69 9
13 3 55 6
8 4 64 11
70 9 70 9
49 6 53 11
64 8 66 10
50 3 68 10
16 10 17 10
39 10 51 11
20 10 65 11
16 7 51 7
25 9 40 9
14 6 69 10
35 5 38 5
37 3 50 8
19 5 69 9
43 7 48 9
61 7 64 10
21 11 63 11
20 6 32 11
21 5 26 6
24 6 32 9
15 11 58 11
48 6 65 6
10 5 62 8
68 8 70 10
54 11 69 11
68 8 69 11
39 5 43 10
48 5 55 11
10 11 59 11
38 8 63 10
63 5 66 8
66 10 68 11
67 9 69 10
59 4 67 6
45 1 64 10
30 1 54 11
49 2 59 2
3 6 26 8
18 3 50 6
13 1 26 6
18 1 66 8
35 11 40 11
50 8 62 11
29 10 53 10
43 11 65 11
39 7 66 9
42 4 66 4
8 11 25 11
50 4 51 7
25 10 36 10
12 8 23 8
24 4 56 9
47 4 52 11
9 6 66 10
48 9 52 10
16 3 59 6
12 3 63 7
62 7 69 9
54 1 66 7
22 7 35 9
9 7 31 7
38 7 50 11
32 7 65 7
50 2 60 4
60 10 68 11
8 7 10 10
52 11 53 11
19 10 52 11
55 9 63 10
53 3 66 4
24 2 65 7
35 10 65 11
64 2 67 9
69 11 69 11
18 2 39 6
36 11 49 11
49 7 56 10
16 8 70 11
58 11 64 11
8 9 47 10
51 10 60 11
38 6 64 7
63 3 67 9
63 8 64 10
70 2 70 10
47 7 56 9
53 8 53 8
32 5 49 9
31 4 66 11
8 5 61 6
62 2 63 8
68 9 70 11
41 8 64 11
34 9 58 11
14 8 63 11
15 7 18 9
60 4 68 11
13 1 62 10
69 4 70 9
54 8 61 8
70 9 70 9
2 7 42 9
27 8 60 8
35 7 61 9
52 6 62 10
17 9 41 9
60 9 65 10
28 6 33 7
40 11 40 11
6 1 62 10
35 1 35 9
17 3 60 6
55 2 61 7
37 10 69 11
56 6 57 10
62 5 67 9
35 9 52 11
8 6 16 8
37 3 69 8
5 11 64 11
55 2 60 8
14 7 21 10
46 1 52 10
67 5 67 10
55 3 69 7
43 4 44 8
15 10 36 11
28 7 55 7
29 8 29 11
6 3 34 5
62 3 64 4
65 6 66 6
7 10 66 11
42 7 47 11
33 8 48 11
15 1 65 2
58 9 65 10
7 9 18 10
54 11 55 11
68 7 68 11
68 8 70 10
13 11 61 11
6 4 31 11
18 11 25 11
66 6 70 7
32 3 48 8
53 6 61 8
9 6 59 11
11 7 66 10
42 6 57 7
2 3 24 11
19 11 37 11
41 10 48 11
54 8 69 8
28 2 32 10
45 10 69 11
40 2 43 10
57 5 61 11
59 6 63 6
45 11 57 11
62 1 62 10
55 7 57 9
13 4 69 10
42 5 56 6
13 10 56 10
23 8 26 11
65 10 68 11
2 8 32 11
17 6 53 8
3 11 22 11
54 10 55 10
64 6 70 6
52 5 61 6
1 8 52 11
32 9 57 9
66 9 66 10
41 11 52 11
11 11 16 11
22 4 58 5
41 2 69 8
2 7 7 7
11 2 18 9
48 10 65 10
3 8 23 8
31 2 53 8
6 9 14 9
26 3 57 9
21 5 36 9
60 7 69 8
48 5 49 6
32 10 41 10
9 9 12 9
55 2 66 7
2 1 66 4
20 11 41 11
58 8 64 11
14 8 53 8
51 9 70 11
4 9 28 11
32 7 36 9
35 10 48 11
3 9 19 11
26 3 65 10
59 10 67 10
17 8 70 9
58 1 62 8
65 4 69 7
37 2 41 7
36 3 42 9
24 4 29 6
39 8 42 9
62 11 62 11
31 9 34 10
1 8 54 9
34 3 70 9
60 8 69 10
49 7 53 10
40 7 53 11
58 9 65 11
43 3 47 6
34 4 38 9
68 6 69 8
49 5 59 11
64 11 68 11
22 8 58 11
25 10 64 11
33 5 44 6
45 9 53 10
59 9 70 9
22 8 27 10
66 6 70 9
48 8 55 10
53 8 70 10
51 3 60 7
45 4 64 7
57 7 68 7
13 8 17 11
38 9 62 9
13 7 36 11
50 10 68 10
15 4 43 7
47 4 63 5
58 5 70 6
27 1 53 5
47 2 52 9
58 9 58 10
45 7 66 8
24 7 33 7
33 11 64 11
54 7 65 8
54 3 55 7
1 2 22 10
49 11 57 11
9 2 16 11
65 2 70 10
53 8 53 10
69 2 69 2
26 9 33 11
10 3 49 6
42 11 66 11
23 9 42 11
48 11 62 11
11 6 33 6
60 2 68 4
49 10 68 11
55 7 60 8
45 6 50 6
37 2 59 9
67 9 68 9
5 1 15 8
28 3 58 3
11 9 26 9
38 7 59 10
26 6 48 11
29 2 31 10
10 9 67 11
46 9 65 9
66 6 69 10
41 3 46 6
20 10 46 10
12 3 38 11
40 4 49 9
38 9 54 9
50 6 59 11
15 3 16 3
9 5 45 10
38 10 52 10
49 3 68 4
20 11 28 11
59 11 67 11
33 7 54 11
17 7 37 7
2 11 53 11
47 11 58 11
41 8 49 9
35 5 55 7
69 7 69 7
67 6 69 11
9 1 15 6
63 2 69 3
30 6 37 6
43 10 62 11
37 8 70 10
55 11 63 11
18 6 45 7
69 11 70 11
52 9 53 11
23 11 48 11
57 10 57 10
7 8 14 8
32 10 68 10
52 4 69 8
26 8 63 8
69 11 70 11
20 8 33 9
50 6 52 11
57 8 67 8
36 7 40 7
60 5 69 5
38 1 41 10
46 3 51 5
44 10 51 11
68 1 69 8
53 3 63 4
58 8 69 11
67 3 70 4
39 3 65 3
57 2 57 4
67 1 69 1
63 10 65 11
41 6 42 9
39 11 42 11
46 3 47 8
68 3 70 9
59 11 68 11
44 8 61 11
33 3 59 9
70 9 70 11
18 2 41 8
47 4 62 5
41 9 59 9
19 5 20 5
42 5 50 7
69 3 70 8
8 2 30 9
69 7 69 11
70 6 70 10
14 1 30 2
44 10 49 10
16 11 40 11
45 9 68 9
23 3 45 6
13 10 21 10
7 1 66 7
50 7 58 11
44 2 57 4
1 9 16 10
32 5 56 10
6 11 32 11
23 5 55 10
25 8 66 10
27 2 54 3
23 4 32 4
20 11 22 11
20 7 26 7
54 2 65 5
54 8 54 10
51 7 62 7
24 3 56 5
41 6 59 8
39 7 54 11
32 10 70 11
58 6 67 11
30 4 64 7
16 11 62 11
67 1 69 6
2 9 66 11
33 4 33 6
3 7 12 11
66 5 66 11
14 9 27 10
9 8 38 10
34 6 65 7
4 2 54 10
18 1 18 5
2 10 48 11
11 3 47 3
69 6 70 11
44 7 45 7
59 4 66 10
48 5 51 6
60 1 61 2
18 2 64 7
29 8 32 11
51 3 69 11
6 3 38 6
1 2 33 3
62 1 67 11
2 1 60 10
53 2 67 3
63 10 70 11
40 6 49 11
60 7 69 10
41 10 60 10
39 3 41 6
60 4 68 7
49 1 53 5
43 1 67 8
70 7 70 8
1 6 64 8
49 4 67 9
51 4 64 4
16 8 34 11
41 9 49 9
50 9 62 9
64 1 65 9
7 3 18 11
29 11 49 11
42 7 56 11
20 1 21 2
30 4 33 4
19 2 62 6
13 10 27 10
24 9 56 11
52 5 68 8
27 1 35 5
53 4 66 7
26 11 48 11
25 7 58 9
29 10 56 10
53 3 63 3
40 7 61 7
30 2 57 3
35 11 60 11
55 11 61 11
48 6 65 6
49 6 51 10
19 4 58 10
61 6 69 9
55 6 65 8
36 5 57 8
31 8 42 10
41 7 70 11
41 10 54 11
55 1 62 4
32 1 48 5
11 5 19 11
33 7 65 7
16 6 31 10
64 9 64 10
29 2 62 11
3 11 62 11
47 10 70 11
40 10 67 10
3 4 46 11
34 6 48 8
10 6 60 6
13 5 47 9
15 9 38 10
22 8 53 8
41 1 43 10
59 9 67 9
40 8 57 9
21 9 48 10
9 2 27 3
24 2 47 8
30 7 65 7
34 3 67 4
32 9 37 10
43 8 48 10
50 5 50 8
14 6 34 9
32 5 67 6
17 8 63 10
61 6 66 11
19 7 65 11
23 9 69 10
36 11 70 11
27 10 34 11
18 3 51 8
3 7 5 8
63 2 64 3
54 9 54 11
1 11 52 11
10 1 69 5
62 5 62 10
41 6 56 8
68 7 69 10
50 2 59 5
19 10 28 10
45 8 51 10
43 1 70 6
20 10 48 11
2 11 21 11
16 6 30 11
40 8 44 8
40 11 49 11
33 2 46 11
5 5 21 11
69 10 69 11
31 3 59 3
64 2 70 4
24 5 46 9
12 3 31 5
33 2 63 11
59 8 64 10
43 3 43 5
55 3 60 6
57 7 58 7
57 11 68 11
64 8 66 10
59 5 61 8
47 3 48 6
54 11 64 11
11 5 61 6
8 4 69 5
66 9 69 10
49 9 67 9
52 1 54 1
53 8 61 10
10 10 47 10
25 10 52 10
27 4 32 9
37 1 69 4
56 5 64 10
24 6 25 8
15 11 47 11
60 10 66 10
50 7 64 8
40 5 64 10
56 4 63 4
44 8 44 10
53 3 63 4
46 11 67 11
54 2 66 5
62 6 67 7
39 9 55 10
39 2 54 7
37 7 68 11
65 5 65 7
32 6 65 11
25 9 41 10
37 2 49 4
37 5 44 9
28 8 55 8
1 9 9 10
4 6 26 10
33 6 57 8
35 7 65 11
49 2 59 5
26 5 61 11
31 4 37 10
52 9 54 9
63 11 69 11
30 2 33 8
17 1 42 4
30 6 58 8
51 5 54 5
17 7 42 8
41 8 54 9
63 7 69 11
33 3 45 8
63 1 68 6
45 1 52 6
18 5 57 7
21 8 40 9
11 8 14 8
67 4 70 7
61 6 62 7
13 9 37 10
7 3 60 4
16 4 22 5
60 11 64 11
12 2 36 4
5 10 60 10
42 8 67 11
47 4 67 8
28 6 55 6
67 2 68 10
36 3 40 11
66 2 70 11
64 8 64 9
31 5 50 8
15 2 25 4
34 1 51 2
17 5 17 8
22 1 27 4
45 3 52 9
9 2 49 10
45 5 67 8
36 11 42 11
48 10 53 10
34 11 34 11
40 1 61 7
22 11 45 11
60 3 67 5
61 8 67 11
51 5 56 7
65 7 66 9
13 5 63 10
63 7 64 9
35 8 35 11
19 1 23 2
6 7 16 10
48 10 64 10
40 1 56 8
68 4 70 4
63 8 63 10
58 2 66 4
25 5 64 9
16 6 33 9
10 10 39 11
6 4 34 4
38 11 69 11
21 2 38 7
30 5 46 5
37 1 39 7
7 7 50 7
2 8 47 11
45 3 69 11
43 6 54 6
40 7 62 7
9 7 58 7
17 3 48 8
53 7 66 10
51 2 54 8
25 10 35 11
62 1 69 3
37 6 61 6
66 5 66 8
42 5 49 7
35 4 43 7
17 9 57 11
55 10 62 11
45 1 61 4
38 8 44 9
59 6 64 10
8 6 8 9
64 5 70 11
33 11 62 11
41 10 56 10
8 1 10 4
25 4 26 5
11 7 48 9
11 11 21 11
49 6 57 6
29 4 63 8
6 5 51 8
5 9 5 11
43 5 54 5
56 1 63 11
22 4 38 6
45 4 65 7
4 6 40 7
5 3 47 6
21 2 63 10
66 1 69 11
50 4 66 7
36 5 67 5
11 10 28 10
48 4 60 4
19 6 24 6
16 11 25 11
57 11 69 11
63 3 65 3
37 10 38 11
57 4 64 11
28 9 43 10
53 4 65 7
31 7 43 10
55 10 65 11
62 6 65 8
36 10 53 10
3 8 13 10
19 11 19 11
12 8 68 10
16 1 46 6
11 11 39 11
4 6 36 7
54 7 55 7
49 6 70 9
7 8 7 11
56 8 58 9
52 1 69 2
24 2 50 7
3 9 10 10
14 9 28 11
6 1 30 7
67 9 70 10
15 5 17 11
6 5 10 11
26 6 50 9
22 7 36 8
35 6 42 10
3 5 22 11
44 3 54 10
14 11 41 11
3 5 23 10
9 11 39 11
39 3 65 10
31 8 61 11
21 3 66 6
8 8 51 9
37 10 49 11
5 3 51 5
60 1 63 2
46 9 47 9
27 8 56 10
56 4 57 5
62 10 66 11
70 9 70 11
18 9 63 11
29 6 36 10
3 4 44 9
50 7 65 7
58 2 66 7
32 3 44 11
17 1 57 8
38 8 43 8
31 2 60 2
61 5 66 7
18 11 66 11
39 8 68 10
19 4 43 7
39 4 48 5
30 2 38 6
25 2 38 6
38 2 41 3
12 3 70 5
29 4 41 8
56 1 64 8
29 3 45 7
68 7 69 11
70 8 70 9
66 4 67 11
42 4 42 10
61 1 66 5
51 10 57 10
45 2 51 8
66 6 66 7
49 10 59 10
60 3 60 3
45 10 59 10
41 2 49 11
47 3 51 9
19 6 44 9
50 4 62 4
44 6 48 9
1 6 37 10
8 11 20 11
25 4 43 11
39 8 69 11
28 2 65 4
23 8 48 8
22 8 60 10
57 6 61 8
20 7 57 8
30 3 68 3
9 4 55 5
68 9 69 9
28 8 52 11
31 3 64 3
62 1 63 6
3 9 54 10
48 10 60 10
64 5 70 9
53 10 61 11
58 4 64 5
28 3 47 4
14 11 29 11
58 8 60 10
18 5 68 10
8 1 67 5
63 4 63 7
27 4 27 11
47 1 55 2
17 8 19 8
7 1 69 10
34 10 66 11
31 2 57 4
17 5 30 10
68 9 70 11
42 5 57 8
22 6 37 10
31 11 39 11
20 6 39 10
45 10 50 11
32 9 37 9
18 4 54 6
11 6 56 9
2 9 18 9
1 4 68 5
44 2 65 6
1 11 48 11
50 1 55 11
57 2 69 8
45 1 52 5
63 4 63 7
21 9 24 10
65 10 69 10
69 10 69 11
17 4 42 11
17 9 22 9
9 5 53 11
60 7 64 7
15 9 51 9
25 6 25 8
31 3 39 4
28 8 53 9
1 2 31 2
4 11 46 11
3 11 66 11
59 6 67 9
15 2 42 6
30 1 43 11
19 7 52 9
60 1 64 9
29 9 69 11
2 11 41 11
39 7 45 9
39 3 58 11
43 7 54 7
70 1 70 3
3 4 53 7
56 4 59 9
69 2 69 6
2 5 50 7
5 8 40 8
25 3 49 10
