94 55 6820
X..............X....X...........X.......X......X.....X.
...X..X......X.........................X.....X...X.....
.X..X.........XX...............X......X............X...
.X.X....X.............X..X......X....X...X...X...X.....
...X..X.....X................X.............XX...X.X....
......X.....X..X.......XX.....X..X.............X.......
....X.X......X..X..X...............X.X.................
X...............X..X..X...........X....X...XX...XXX.X..
X....X.X....X..........X.....X..............X.X......X.
..............X........X...X.....X....XX....XX.....X.X.
......X..X.X.......................XXX..X..............
...................X.XX.......XXXX........X..........X.
.....X..X.X.X.....X.......X.............X..........X..X
..X........X......XX.X.....X.X..........X.X.....X....X.
.....X...........X........X.........X...........XX.....
....X..X.....X....X.X.X.......X....X...........X.....XX
......X..X.X..X.......X.X........X.X...........X.......
.X.X.......................X...X....X..X...XX..X.....X.
X...X.X..X...X...............X.....X.XX..X....X.X.X....
............X....X......X......X.....X...XX..X....X....
....XX.XX......XX..X.........X.X..........X..X.........
......X.....X..XX...X..................X....X.....X....
.......................X..X...X...........X........X...
........X.....X.......X.....X..................X...X...
.........X..X....X..X...X.X.........X....X...X..X......
X......X...............XX.....X...X...........X.......X
......XX................X.X....X...................X.X.
X.............XXX...........XX..........X..............
.......X........X...X.........X.X..........XX..........
.......X...XXX.....X....X.XX....X....................XX
...........X.......X....X...XX......X...X...X.....X....
...X......X.......X................X..X.XX.......X.....
.................X............X.X.......XX..X..X....X..
......XX........X...............XX..X..............X...
....X..X........X.................................XX..X
......................XX.X.XX...XX..X..................
.........X....X...XX..X...............X...........X....
XX......X..........X..............X................X...
....X....XX............X.......X...X..............X..X.
..............X...X..X......X............X...X...X.....
X....X..............X....X...X............X.X..........
.X..XX..X.....X..................X.............XX......
.X....X.....XXX.........X....XX........XX..XX.....X...X
............X.....X.X......X............X.......X...XX.
.............X...X......X......X........X...X....X.....
....X.......X.X............X....X.........X..X....X..X.
X.X....X....XXX...X......X............X..X...........XX
......XX...XS......XX..X....X..X.X......X.......X.....X
....X...X.................X.....X.....XX.....XX.......X
..............X......X..X.......X................X.X...
...........XX....X......X.X......X.......X...........X.
X......XX..........................X...................
.....X..XX...X..........X...X..............X.X..X......
.........X..XX........X..........X............X........
..................X.X......X.X..X.XX..X.X.......X......
......X...........X.......X..X....X..XXX..........X....
...X.X...X....X........X........X.X.....X.....XX.......
X..X........X.....X......X.X........XX.................
...X...X..........XXX.XX..X..X..........XX............X
..X..X.........X..X......XX........X.......X......XX.XX
....XX..X.................X.X........XX...X............
.....X.X..............X...XX.X..X.......X..X...........
.X..............XX...X.........X........X.X..........X.
.X.......X...X.X..XX...X.......X..................XX...
...X...X........X.....................X.........X..X...
.........X..X.............X........X......X.X.X........
.X.......X.........X....X......X....X.X...X.X.X....X..X
.X..XX............X.X.....X.....XXX...X..X....X.......X
.X.....XXX..X..XX......X....X..X....XX.....X.....X.X...
.......X.......X...........X......X........X...........
........X...X...X..X..XX....XX...X..........X........X.
.XX.X.....X..............X...........X.X..........X.X..
....X..................X....................X..........
X.X..X..XX.....X...X.X............X.............X..X...
.XX................X.X...X...X.X.X.......X.XXXX......X.
...........XX...XXXX.X...........X......X.............X
...X.X......X...X..X...X.X.X..........X.X..XX..........
....XX........X.......................X.........XXX...X
.XX..X..X......X..X.X.....X.......X.........X..........
.....X.X........X.......XX..XX...X......X....X......X..
....X.....XXX.X...X........X.......X....X......X..XX..X
X............X..........X......X.....XX.X....X.........
X....X..X.......X......X.....X..X..XXX....X....X......X
.......................X.........X.X...XX..X...........
......X.....X.....X................X.X...X.X.X..XX.....
..XX.X.......X...X...............X.X..X....X...X....X..
.X...X..........X..X......X....X..........XX.XX........
..X....X.X.X.XXX..X............X.X...X.XXX..X......X.X.
........XX.....XXX.X...............................XX..
...X..........X..X.............X..X.X.X.......X........
.X.....X................X.........X.XX.....X........X..
...X.......XX...X.XX..X...........X..........XX........
..X.....X..X..X.........XX..X.........X...............X
.......X................X....X......XX..X.......XXX....
34 52 56 53
14 29 15 43
76 28 89 47
23 32 47 51
59 20 69 45
66 7 93 53
8 51 51 53
31 11 51 17
69 28 72 50
74 37 86 39
37 42 56 47
75 10 78 45
19 15 24 50
4 31 4 32
26 45 39 53
22 7 35 37
61 44 70 50
79 11 94 14
48 20 52 27
59 12 78 50
82 48 91 52
72 5 85 26
86 26 92 29
6 13 84 31
3 6 83 17
53 2 60 28
70 30 89 44
35 33 76 41
12 55 68 55
35 38 47 54
90 23 90 52
77 53 80 54
41 55 70 55
43 33 60 54
71 53 90 53
47 3 83 48
53 29 90 36
33 15 41 30
12 50 45 54
89 11 94 14
31 39 57 53
91 41 91 49
25 32 73 53
40 20 41 31
54 20 64 54
70 46 87 54
7 30 93 53
61 54 82 55
9 26 58 55
31 25 79 43
13 52 15 54
18 54 28 55
10 19 55 52
91 20 92 52
11 37 86 39
60 10 94 49
73 46 91 50
69 28 74 54
4 41 53 43
34 13 40 52
7 44 11 50
85 26 92 45
5 29 12 30
94 51 94 54
77 41 86 54
39 19 71 38
22 28 44 53
15 12 52 37
81 1 85 4
12 7 52 31
13 27 14 48
8 9 17 24
50 15 80 29
19 47 35 53
49 39 87 46
75 3 81 6
5 34 68 43
48 40 56 49
45 9 56 14
68 19 86 43
48 42 73 47
84 19 87 39
92 42 93 53
6 53 23 53
62 55 63 55
22 28 33 40
65 13 80 36
44 36 69 36
70 8 70 46
84 53 86 55
32 6 76 22
8 16 50 36
26 51 58 53
15 31 65 34
21 37 88 43
19 35 72 49
45 1 81 46
49 39 76 52
49 51 49 51
38 25 87 50
18 31 67 45
65 3 79 47
53 26 60 53
66 13 87 21
37 50 83 54
86 32 87 32
79 17 88 24
35 30 94 50
42 38 79 39
2 29 17 33
76 29 84 48
5 44 6 45
88 3 89 41
80 8 86 40
43 28 93 40
92 20 93 40
28 22 47 53
35 50 63 52
66 35 78 38
56 50 68 51
5 17 26 29
83 10 93 31
32 29 69 50
57 3 94 35
36 15 55 17
64 27 76 46
84 26 92 26
64 27 74 52
43 18 59 25
58 54 68 54
78 35 87 50
58 53 62 55
88 25 91 36
94 27 94 37
74 3 90 8
78 4 86 48
82 15 87 38
18 43 53 44
7 52 33 55
2 11 63 13
30 1 67 38
12 34 34 51
12 19 53 19
78 9 84 20
38 19 46 34
25 23 66 49
50 29 56 43
19 29 20 54
45 20 85 34
83 38 91 42
93 18 93 46
92 7 93 55
32 33 54 49
11 11 71 54
90 24 93 50
20 45 53 45
91 49 91 54
44 29 46 43
12 52 28 52
81 36 94 36
32 52 93 54
30 35 56 55
19 25 53 54
23 43 53 47
48 22 91 38
28 46 39 51
50 21 86 40
86 6 89 9
54 34 58 52
73 23 77 46
39 20 46 33
59 33 73 42
79 37 82 55
82 44 85 54
17 9 70 40
4 7 45 38
22 42 85 49
83 4 87 31
79 40 88 50
41 6 77 50
89 43 90 47
44 49 59 50
83 46 87 55
12 19 59 47
70 22 86 25
54 28 89 52
22 43 49 45
46 39 77 42
38 15 87 39
6 37 55 42
78 15 82 38
23 53 94 54
4 23 11 55
47 48 68 49
84 48 90 49
59 42 81 42
94 12 94 35
21 14 94 37
79 38 89 47
20 22 68 41
47 39 91 49
70 2 91 7
63 22 87 36
79 16 79 49
64 19 79 55
72 10 94 41
31 27 94 53
85 14 94 16
17 6 63 47
9 47 27 48
42 26 49 31
78 19 89 50
75 47 91 49
33 37 60 41
34 30 63 53
75 47 77 47
91 9 92 44
1 13 91 14
82 45 92 47
27 35 37 44
11 20 75 39
24 3 41 5
43 37 67 46
82 40 87 41
4 22 5 44
71 27 91 32
83 9 92 21
79 19 82 22
75 28 88 51
26 17 59 43
27 33 51 41
24 36 90 36
54 31 62 35
78 6 79 53
59 8 83 38
94 40 94 49
61 22 69 46
29 49 37 53
44 14 65 46
86 21 90 45
67 20 76 52
26 20 86 42
3 22 12 32
94 45 94 52
79 22 82 39
54 7 93 36
52 53 52 55
79 34 94 34
18 43 28 44
51 44 65 53
64 33 81 41
88 32 92 36
64 10 74 16
94 32 94 51
49 25 76 26
17 36 91 45
50 4 52 28
3 5 74 54
50 19 79 50
14 3 61 49
21 4 57 55
69 19 75 45
34 31 53 48
72 6 78 47
89 43 94 55
33 50 66 54
93 37 94 40
22 27 37 48
91 47 93 54
47 28 88 51
78 53 79 53
47 17 68 26
35 18 40 54
56 38 61 41
40 20 54 39
78 44 80 48
80 24 92 55
71 19 86 37
41 30 92 50
61 43 73 52
12 8 74 23
42 13 73 27
34 24 41 26
18 25 34 31
66 43 78 48
76 37 78 45
18 20 21 42
76 6 89 43
15 28 68 38
46 32 86 47
71 14 80 36
32 38 37 54
65 24 82 44
20 55 89 55
60 13 74 54
70 45 91 54
27 22 74 53
4 12 93 42
1 9 27 53
33 46 85 50
34 7 35 37
33 49 48 50
79 37 80 42
26 33 89 49
27 32 61 44
74 19 91 20
55 44 63 54
65 50 92 52
14 44 94 49
60 16 85 43
55 16 73 54
89 49 94 53
49 16 75 28
60 1 84 49
38 11 81 52
53 53 61 54
59 36 63 53
10 23 34 53
32 37 47 39
5 46 35 53
87 12 91 48
32 15 60 17
58 42 79 52
16 2 41 50
63 14 63 52
75 3 83 50
17 15 72 55
4 10 4 29
2 2 60 54
34 9 34 42
65 23 74 49
66 53 90 55
57 24 57 38
85 39 87 51
3 36 55 38
57 32 60 33
6 32 17 40
91 38 93 52
46 36 46 50
1 9 91 19
8 6 94 6
41 2 71 3
88 55 93 55
39 48 57 53
90 34 90 47
53 15 62 48
4 9 60 46
47 2 78 3
88 13 94 50
39 29 86 29
7 11 60 52
56 8 85 33
73 12 93 25
72 27 87 31
55 26 68 35
75 3 79 46
10 5 25 46
36 2 89 49
83 35 88 47
65 28 79 53
61 22 65 27
39 52 64 55
1 38 19 54
30 1 78 17
22 3 42 54
61 13 78 45
46 34 54 44
24 5 51 47
92 16 92 48
61 46 87 51
3 46 23 53
50 2 67 44
18 28 83 50
6 53 26 54
6 5 20 49
39 32 42 33
9 12 32 22
74 53 92 55
6 30 65 35
46 45 72 54
25 8 75 44
75 29 75 43
89 4 89 42
91 20 93 42
24 11 80 47
37 38 47 42
94 30 94 50
19 23 64 34
92 42 92 49
44 52 89 53
36 13 90 52
73 15 94 36
6 46 68 54
56 52 81 52
37 6 47 36
27 54 75 54
32 53 45 55
3 22 86 26
62 15 65 40
71 14 76 31
4 11 9 22
61 45 76 52
70 30 84 54
24 20 43 47
64 9 85 29
40 14 45 33
43 29 73 29
29 52 35 52
89 15 92 43
12 54 83 55
87 37 87 38
91 2 93 15
83 48 87 51
33 14 87 29
94 9 94 42
20 51 25 54
22 51 38 52
1 14 86 35
19 21 27 45
70 24 75 54
50 24 79 37
11 44 36 55
2 35 62 52
37 40 41 51
54 41 77 43
24 5 86 15
53 49 54 51
57 47 58 47
15 43 35 51
25 46 65 49
51 47 73 51
34 53 66 53
6 17 94 49
8 12 44 30
85 10 85 23
68 20 90 55
67 43 89 52
21 36 88 51
35 55 94 55
51 32 56 51
6 28 81 40
37 13 82 14
11 50 66 53
19 23 89 46
26 23 59 55
91 3 92 54
40 46 47 53
45 32 81 46
34 8 38 27
61 42 91 55
18 4 70 38
18 54 47 55
38 53 51 55
20 9 71 17
19 19 63 40
69 27 94 51
39 32 48 53
57 15 77 29
69 33 93 49
38 20 75 23
12 53 14 53
56 12 91 48
23 8 88 24
74 54 90 54
33 24 72 55
48 18 58 28
44 11 54 18
39 5 72 33
59 33 84 48
90 34 92 49
50 13 81 27
89 48 89 50
63 35 77 47
74 46 76 46
59 4 81 11
20 20 77 24
51 36 91 50
35 2 49 9
17 33 67 43
35 36 91 38
2 15 60 26
16 42 58 42
43 44 47 47
56 45 92 47
91 42 93 48
1 55 43 55
65 12 80 46
81 55 87 55
82 21 85 48
43 3 53 47
39 2 58 20
37 43 45 47
3 23 39 37
72 2 91 37
84 48 91 49
45 2 59 20
55 11 76 49
53 18 77 33
45 15 74 52
23 8 79 37
47 32 59 55
91 37 91 38
28 24 32 35
78 10 83 27
20 25 34 28
52 51 76 53
51 13 52 31
52 18 53 40
56 26 75 27
25 17 89 47
79 36 83 53
22 53 35 53
19 15 62 29
14 8 33 24
16 35 61 54
3 55 34 55
25 11 44 45
78 34 83 39
46 17 86 38
65 54 79 55
2 2 12 13
38 19 93 31
65 25 83 48
13 7 69 29
66 44 85 46
40 10 85 10
70 24 86 45
86 23 91 29
55 43 93 44
5 44 16 55
84 11 86 52
49 5 67 37
15 21 62 53
80 8 92 15
89 39 91 44
86 31 87 33
6 25 59 40
29 6 91 27
57 22 65 43
27 24 47 40
12 4 42 48
57 34 76 49
30 41 33 53
31 4 31 11
87 23 88 28
87 14 94 55
39 24 70 37
93 14 94 47
81 3 89 12
71 20 94 31
18 28 32 49
29 21 64 35
7 55 82 55
81 5 93 22
81 23 85 36
40 17 52 50
20 32 64 35
30 21 73 44
49 54 88 54
37 26 73 52
53 13 75 35
51 23 78 53
49 33 78 45
82 32 92 34
4 52 41 52
21 51 85 54
91 5 91 39
28 14 58 32
29 14 84 17
84 18 87 46
51 52 81 55
2 5 43 12
13 27 16 31
19 51 51 52
16 6 30 30
90 34 90 47
9 32 81 50
7 2 90 54
54 40 83 54
86 54 93 54
79 13 88 47
18 54 82 55
67 15 77 25
5 29 37 44
38 52 39 53
59 13 74 29
81 33 94 41
29 34 40 34
39 34 41 55
32 14 86 20
63 47 93 48
52 25 53 46
8 1 63 45
20 30 26 46
76 28 90 46
34 28 73 39
40 52 75 54
90 28 93 47
76 1 83 18
4 41 62 43
22 12 41 52
34 52 85 52
5 47 6 53
92 55 93 55
62 15 66 35
92 38 92 51
29 50 38 52
67 30 83 37
41 14 80 26
83 14 89 54
69 42 82 49
82 41 93 42
28 12 34 31
40 5 62 38
87 44 87 44
3 52 62 54
17 13 61 45
64 15 64 34
53 12 63 47
75 43 93 51
94 3 94 32
64 55 67 55
32 11 49 47
27 21 51 51
22 34 68 46
86 26 93 47
63 1 69 29
37 54 73 54
40 25 54 48
22 55 74 55
6 29 42 29
70 23 88 51
83 9 85 12
49 12 69 35
25 50 87 55
63 36 93 45
87 41 88 49
68 38 85 54
39 46 80 51
4 22 6 39
70 50 85 52
8 31 87 53
50 4 77 16
4 42 10 49
30 15 60 17
73 41 81 46
90 55 93 55
6 18 29 51
15 4 33 26
89 27 92 30
29 48 50 53
90 35 91 40
37 28 63 55
14 34 60 54
6 18 81 42
84 43 93 48
54 46 79 46
44 3 69 40
36 15 36 33
67 4 71 4
78 49 80 52
5 22 22 51
81 23 84 44
62 9 76 54
29 45 94 48
61 22 92 47
33 34 58 43
44 7 68 44
65 33 76 45
62 13 69 48
66 10 70 19
45 20 85 35
32 26 56 28
82 21 84 24
73 2 76 9
49 25 56 46
44 16 59 32
84 40 93 46
50 18 85 49
28 51 93 55
28 7 76 42
31 1 38 8
31 3 59 13
66 34 76 55
21 36 55 41
22 17 61 32
59 10 87 50
83 13 87 49
1 11 61 46
73 52 94 54
89 45 89 45
17 43 75 51
21 14 35 17
82 9 83 10
55 12 84 52
70 1 89 35
22 40 88 46
74 8 93 48
53 40 63 55
26 11 32 11
68 35 94 46
68 30 93 54
64 16 67 48
24 6 44 16
46 20 61 22
84 52 87 52
24 43 69 52
35 37 52 47
46 31 75 46
21 38 41 42
69 54 78 55
34 35 72 44
11 44 76 52
36 36 94 48
77 13 84 33
3 24 33 45
22 1 48 16
49 22 65 46
31 41 51 49
56 49 83 53
9 49 76 50
63 10 83 55
2 54 51 55
70 53 83 53
15 44 84 44
35 28 53 47
70 23 71 49
92 42 93 48
39 47 65 51
77 21 86 33
71 30 79 47
71 4 88 26
57 12 80 48
26 48 91 49
71 46 92 47
5 37 14 49
20 22 76 27
11 28 58 48
40 6 41 50
65 20 81 50
54 24 58 44
34 22 70 24
83 14 84 26
32 3 82 53
80 48 84 55
43 43 58 54
75 5 88 30
28 12 70 36
83 44 83 55
9 11 82 19
88 11 88 55
10 52 90 53
91 47 93 51
85 19 89 19
52 1 78 15
76 46 92 54
51 7 51 35
6 13 78 25
74 45 89 54
66 22 94 33
60 19 87 30
3 40 68 48
61 23 88 38
21 9 67 12
18 53 86 55
32 42 50 54
81 43 91 47
89 42 94 44
89 23 94 49
91 30 93 43
25 23 83 55
38 33 69 33
37 47 90 52
3 47 26 51
28 52 37 54
40 25 93 44
64 55 78 55
39 3 51 5
3 43 89 46
94 41 94 52
40 29 69 54
83 20 83 42
20 23 24 25
73 41 75 47
83 1 89 40
62 52 91 54
23 47 90 48
65 26 87 31
33 47 42 55
89 32 94 47
53 46 87 51
39 17 58 50
82 39 86 52
42 53 73 55
53 16 77 44
78 55 81 55
36 47 71 55
10 35 79 50
26 11 74 42
46 8 61 48
45 2 53 31
37 28 46 51
88 6 93 12
10 29 28 43
29 44 91 53
60 10 63 42
24 31 34 39
78 51 80 55
49 46 73 51
34 36 86 42
43 42 66 51
21 35 74 52
46 38 78 40
81 5 93 19
69 37 78 39
38 37 89 48
68 31 72 35
90 24 91 52
40 19 55 39
61 21 65 54
54 31 87 39
18 8 37 27
23 26 85 35
27 12 59 18
13 50 90 54
91 18 92 29
17 43 56 54
51 7 90 18
37 28 50 34
21 14 66 30
58 47 91 49
53 21 74 44
87 39 91 53
62 19 68 51
67 1 93 48
57 12 74 22
85 40 94 49
11 41 53 43
49 32 59 45
78 41 87 47
86 37 88 42
16 35 34 46
39 39 63 51
41 37 91 51
65 6 68 7
3 35 88 40
39 9 80 37
81 12 87 36
22 15 55 22
26 46 76 55
79 40 82 51
13 39 74 50
82 15 91 15
72 32 89 51
60 2 88 44
17 21 68 36
62 52 91 54
45 55 51 55
37 55 83 55
17 7 43 28
8 1 77 7
81 34 93 49
39 10 49 17
50 25 62 52
47 18 78 41
82 51 94 55
62 55 87 55
25 25 80 41
55 41 93 54
75 9 75 32
34 37 59 43
36 9 37 29
91 39 94 50
31 50 51 53
91 47 92 55
36 17 60 40
94 52 94 53
83 42 91 47
65 46 89 52
46 5 49 39
74 12 86 49
21 19 77 34
86 42 93 42
20 9 35 13
60 17 60 52
23 31 55 54
2 16 44 46
49 40 49 44
38 49 77 55
44 40 65 50
1 24 11 52
48 32 88 39
69 47 94 52
85 9 85 34
11 45 94 46
61 11 80 19
84 21 90 43
89 28 89 53
29 34 50 43
51 46 71 53
60 52 78 54
58 1 77 15
86 45 92 51
74 39 87 53
19 42 45 45
30 54 50 55
55 15 84 38
33 16 56 47
57 1 70 3
5 34 17 36
24 31 92 55
21 52 22 52
48 17 90 27
71 23 78 55
47 45 58 45
30 33 73 42
70 37 93 54
60 39 86 41
35 5 70 51
39 44 54 47
79 39 79 50
25 55 69 55
63 20 92 52
66 49 79 55
28 14 70 22
59 3 66 41
16 15 76 49
30 33 74 43
70 16 89 38
7 25 69 54
78 8 89 26
26 20 27 30
50 52 57 54
1 34 56 50
81 42 82 44
29 55 36 55
90 50 91 52
16 4 32 47
75 37 77 48
23 13 27 34
59 43 76 55
40 9 44 35
46 25 64 49
82 45 92 50
7 18 24 37
2 9 45 37
12 11 45 34
80 18 89 25
73 24 85 36
67 29 91 53
9 13 63 35
87 35 94 38
14 38 55 43
73 55 79 55
19 49 55 54
89 19 92 40
2 28 9 52
57 35 75 54
36 28 65 29
43 9 48 27
2 43 69 46
39 53 56 53
87 13 88 49
6 4 53 36
42 45 55 47
36 21 58 43
55 5 72 33
23 34 46 37
43 36 72 39
3 18 88 22
71 26 82 52
14 45 52 50
18 48 63 49
20 32 49 36
65 53 67 54
41 1 80 10
91 13 92 39
54 4 62 51
39 17 73 54
17 26 35 33
89 13 94 45
92 34 93 52
94 46 94 53
89 29 91 51
65 4 76 6
2 2 32 24
87 21 94 26
70 42 84 48
83 26 88 37
87 21 91 33
11 13 18 18
34 13 60 50
70 14 74 34
42 48 76 55
80 3 87 37
81 45 86 55
80 6 92 55
73 46 82 52
4 20 32 23
73 43 77 51
16 52 86 54
84 53 89 55
21 6 91 28
10 10 30 40
75 38 88 48
52 30 57 45
51 22 52 52
52 50 54 51
15 7 53 54
90 42 91 51
10 30 61 50
17 8 38 48
35 28 83 41
89 23 94 38
42 23 66 35
59 6 76 21
91 42 91 53
40 26 46 52
91 11 93 30
6 50 46 53
90 32 90 54
93 45 94 55
79 31 87 40
74 31 77 35
85 43 91 47
24 42 67 55
13 52 17 53
73 18 78 46
75 43 94 51
80 22 80 22
6 34 6 39
59 30 84 32
66 48 77 52
32 48 72 49
5 53 92 54
75 51 80 55
50 22 85 51
88 1 89 12
88 24 91 55
16 16 42 29
11 37 82 38
79 22 83 32
71 12 89 13
68 14 75 49
65 51 84 52
34 4 68 18
17 35 63 35
15 10 81 52
24 1 30 11
27 8 60 43
83 11 87 31
13 46 38 47
3 20 72 26
36 39 72 47
10 16 54 44
25 48 74 50
57 48 65 54
60 7 61 46
76 29 91 53
83 51 93 51
91 9 92 19
19 6 25 26
27 34 67 44
47 2 55 5
27 19 87 53
45 6 48 15
13 33 72 49
18 6 54 19
64 20 83 25
16 37 19 38
50 4 69 51
1 37 68 55
46 29 70 33
47 27 52 38
4 1 52 12
2 7 25 41
25 44 30 53
50 8 62 42
17 16 66 27
10 43 19 54
85 31 88 35
44 14 52 31
73 41 88 41
30 23 73 43
5 22 32 41
64 19 67 44
12 54 62 55
68 25 77 45
1 9 42 26
91 9 92 29
69 45 89 54
94 52 94 55
93 53 93 54
29 15 29 37
67 10 73 14
65 26 94 34
18 21 45 38
68 37 73 52
37 50 75 52
76 28 93 53
59 23 90 52
20 18 82 37
55 14 66 42
12 12 50 50
90 51 90 51
69 11 90 41
11 50 88 54
70 25 80 52
62 43 84 53
93 39 93 52
88 21 91 25
6 42 59 54
82 16 94 17
90 13 93 13
57 5 77 18
94 22 94 38
74 28 85 28
60 53 93 55
37 51 61 52
67 6 89 46
88 40 90 45
55 19 92 50
28 36 75 49
54 6 83 20
37 43 60 53
8 5 74 43
86 24 94 37
35 19 45 33
17 32 24 33
80 35 91 36
53 25 92 33
13 8 36 49
42 1 44 53
74 5 82 8
17 22 93 30
29 43 90 46
26 47 83 53
20 10 58 32
10 10 41 15
29 39 91 53
74 33 78 33
4 32 59 54
8 10 36 47
10 47 43 53
2 41 65 49
81 22 94 48
29 33 78 41
19 1 76 36
33 26 75 28
66 29 90 30
71 20 77 28
8 20 47 31
60 18 77 35
1 12 57 29
39 25 43 29
82 14 85 35
14 32 76 33
33 3 82 48
28 2 87 33
49 8 54 23
35 6 46 18
53 15 55 33
9 11 91 44
6 15 60 40
45 37 78 43
33 27 89 42
26 22 39 23
30 55 34 55
48 3 52 18
28 4 54 32
71 36 80 42
55 37 90 51
12 25 83 36
79 11 84 18
11 20 29 20
30 42 77 51
17 14 23 21
18 11 82 14
83 53 87 55
13 36 63 42
50 21 60 23
48 28 66 38
48 15 63 47
15 43 93 44
52 18 70 55
86 14 91 28
14 24 59 51
51 10 78 37
22 2 40 37
66 5 78 46
47 30 68 55
83 29 87 30
72 29 86 51
91 47 93 55
33 52 36 52
44 15 70 52
32 50 46 50
83 51 85 53
82 26 94 30
73 1 78 9
67 7 72 20
64 5 93 11
38 15 73 38
46 40 62 48
46 42 73 55
50 12 80 38
69 4 81 22
54 2 83 30
86 3 91 28
54 47 84 50
79 16 81 17
60 50 64 54
68 36 69 46
84 40 84 51
94 36 94 53
74 50 89 53
88 55 93 55
88 35 88 45
5 42 78 52
83 45 83 45
82 37 92 47
53 8 83 20
45 25 81 39
36 50 76 51
65 43 87 43
2 25 53 30
23 37 40 53
7 35 28 53
94 3 94 33
59 14 60 33
69 55 75 55
88 16 92 47
13 8 23 19
5 2 68 35
69 19 76 44
32 27 72 45
71 31 85 31
81 5 82 34
36 8 86 43
44 30 78 45
3 9 38 30
9 8 31 21
49 25 64 47
69 5 86 39
1 3 67 18
32 23 51 47
77 46 94 48
5 17 15 48
79 46 85 49
63 2 88 29
86 10 93 37
68 39 78 50
86 18 89 18
18 41 89 44
52 9 80 43
44 8 90 46
35 54 56 54
39 30 45 48
31 42 77 44
91 28 94 48
29 46 42 51
1 48 35 50
79 32 79 55
23 21 42 32
91 46 93 51
79 11 79 14
38 42 52 47
44 47 75 48
89 1 94 24
12 12 64 38
14 20 45 49
12 40 38 42
33 48 64 49
6 53 90 53
7 31 91 32
41 35 62 53
64 23 88 53
4 12 54 37
89 3 92 43
24 36 28 55
5 48 93 54
57 49 66 55
57 22 94 52
44 52 64 52
27 25 51 29
31 47 61 50
84 52 86 55
86 11 93 42
36 13 56 21
91 38 93 44
65 26 94 46
28 6 71 11
60 34 68 42
13 46 45 53
52 32 86 35
32 19 86 44
47 4 66 23
26 10 73 54
67 46 83 46
11 42 59 46
5 29 53 42
69 45 89 49
51 51 94 53
84 45 85 50
54 22 64 22
40 53 66 55
49 5 58 21
84 25 87 33
27 34 37 54
9 1 18 16
18 6 86 9
56 12 71 24
61 30 80 46
67 47 87 55
64 15 94 15
2 48 11 50
43 51 92 52
83 30 90 36
73 12 88 43
74 26 76 49
45 31 45 35
86 12 91 25
45 20 59 36
75 31 84 40
81 43 84 44
89 43 90 48
62 25 81 26
80 21 91 23
66 8 94 47
34 19 46 22
38 42 63 53
45 15 94 54
81 31 88 54
85 2 91 30
93 17 94 52
48 41 54 53
37 19 67 23
89 33 93 46
65 20 83 33
66 38 69 42
47 19 77 23
27 31 63 45
42 36 92 48
79 11 83 39
89 9 92 52
4 50 4 51
1 33 33 50
73 25 87 40
19 44 45 55
14 27 21 47
5 54 62 54
8 35 74 46
66 3 87 8
89 19 94 39
21 15 54 41
1 36 30 47
27 30 74 41
1 13 41 44
51 13 53 40
45 24 67 47
76 13 82 20
80 9 83 40
31 35 31 47
86 1 91 1
72 20 82 26
88 36 93 50
16 21 71 44
29 3 31 18
40 23 72 26
67 27 77 49
7 44 71 53
35 31 52 42
64 19 83 52
5 9 64 36
47 46 78 50
44 44 52 52
30 45 60 50
8 37 94 51
28 18 63 49
31 27 89 47
3 32 18 43
23 51 94 52
82 9 84 12
90 45 92 49
48 49 73 53
47 26 86 30
61 12 94 33
44 49 67 54
82 22 84 36
61 20 75 46
71 24 84 33
60 53 75 55
84 7 90 18
65 39 78 40
22 28 62 47
74 1 81 13
88 18 90 31
19 30 86 30
80 51 84 52
61 30 81 45
84 18 91 30
30 24 60 42
29 32 46 45
10 18 18 50
37 6 89 14
91 52 92 53
79 47 79 47
13 55 31 55
12 45 33 55
10 46 56 48
59 18 85 38
54 10 94 26
81 38 85 39
26 42 90 55
78 46 86 50
86 26 88 38
85 31 86 51
28 54 42 54
9 19 11 33
22 8 67 34
19 10 30 33
48 50 75 55
20 38 38 40
15 34 41 50
53 42 60 52
65 43 65 43
57 5 86 42
92 46 94 47
56 1 85 19
86 45 90 45
15 50 39 51
87 33 92 34
55 15 79 36
11 17 82 18
57 28 71 33
56 17 84 55
90 11 93 42
19 10 21 40
10 5 19 22
46 24 58 44
64 42 75 50
1 14 1 38
66 3 81 41
80 1 89 34
90 24 93 48
33 55 87 55
33 3 89 48
12 49 38 54
46 45 79 48
5 54 28 55
33 20 94 45
57 54 66 54
24 29 94 51
54 18 82 42
10 17 83 19
46 41 75 50
89 53 91 53
79 8 90 41
92 26 92 35
31 41 84 43
42 47 75 48
53 25 90 37
45 38 65 48
73 36 77 38
88 54 94 54
81 20 94 42
85 41 94 48
87 20 90 33
82 43 92 52
69 1 86 44
4 55 80 55
33 31 51 33
94 29 94 44
87 55 91 55
35 46 65 48
16 50 61 50
74 19 87 26
84 33 90 52
55 2 69 39
35 8 37 39
41 30 47 32
71 49 82 49
73 27 77 53
38 49 53 49
16 49 57 54
30 45 86 47
31 34 50 37
53 21 71 46
67 12 93 50
26 5 59 22
83 45 90 54
55 19 70 26
43 26 77 32
74 27 94 40
26 24 59 24
63 41 74 43
91 50 94 53
28 19 47 47
73 11 91 18
15 43 50 46
47 2 85 22
67 49 90 50
26 21 50 48
58 7 69 12
35 23 65 41
53 1 76 54
46 4 56 14
17 42 53 53
14 13 74 45
11 29 33 45
56 6 78 44
31 19 92 21
33 33 71 48
12 33 80 46
27 21 36 50
72 52 87 53
59 22 61 23
26 24 63 50
89 3 91 51
94 50 94 54
55 11 94 23
60 2 69 26
78 45 82 55
5 30 30 41
69 39 86 46
47 39 81 46
71 32 72 38
49 26 61 54
93 28 94 52
49 32 74 35
79 17 81 53
50 55 70 55
48 23 94 24
82 31 91 34
61 51 66 52
37 51 89 51
47 6 72 45
74 31 92 47
75 18 80 27
5 38 51 41
84 8 93 45
4 52 68 55
90 4 94 24
31 27 31 40
80 2 92 4
78 33 84 48
67 29 72 36
19 45 58 53
82 46 84 55
48 6 74 41
4 50 43 50
79 29 81 37
80 11 81 49
16 33 23 51
49 54 94 55
48 34 80 48
25 17 61 41
57 19 89 28
45 2 50 27
11 9 60 39
24 19 61 49
51 25 82 35
59 8 72 30
13 2 63 50
83 43 93 46
54 18 60 38
1 15 65 54
2 40 28 53
11 13 38 40
34 28 71 50
2 53 56 53
82 1 91 41
63 8 72 25
76 9 76 31
49 54 68 55
83 37 86 49
39 50 52 55
21 37 63 43
77 54 85 55
56 11 76 20
31 34 69 54
90 41 92 52
52 10 70 27
6 31 81 44
16 2 35 29
27 48 59 55
48 19 84 22
54 54 61 55
35 55 78 55
28 30 80 46
44 35 83 45
89 28 93 51
89 33 93 54
44 54 67 54
1 43 93 45
27 45 52 50
52 40 82 46
50 11 54 17
72 33 86 44
72 52 88 53
47 7 81 27
7 15 79 52
63 6 76 41
72 9 88 28
21 43 55 52
77 49 82 53
15 37 38 48
37 15 87 41
90 34 93 49
84 25 91 52
1 4 34 11
34 14 34 34
11 48 75 51
18 41 70 41
35 53 71 53
32 18 79 31
16 12 54 53
53 10 78 34
93 38 93 45
75 19 84 44
32 15 66 45
39 8 52 10
22 52 45 54
82 35 90 40
83 24 93 38
61 23 65 50
19 34 26 40
70 6 81 6
80 6 91 20
2 31 69 44
32 23 50 35
63 30 92 38
36 28 76 47
5 42 36 53
12 28 13 54
94 9 94 46
43 6 46 40
46 55 85 55
72 30 84 31
83 53 88 53
72 53 79 54
26 22 90 34
43 15 67 46
83 29 87 44
30 45 51 46
73 33 87 37
59 45 74 46
55 41 81 52
84 4 93 53
74 13 74 53
48 9 81 30
3 12 70 38
16 17 45 24
48 43 67 48
75 42 89 54
64 8 64 25
82 18 90 21
27 46 57 49
49 41 75 46
13 29 63 42
17 45 35 55
48 26 70 55
57 23 83 52
94 17 94 53
22 12 46 12
31 32 90 52
79 18 79 47
17 5 39 15
89 7 91 25
55 17 89 22
68 15 69 30
85 44 85 46
93 14 93 21
31 18 48 32
81 9 90 15
25 48 54 48
57 4 83 18
61 52 63 53
66 17 69 29
10 29 19 39
81 38 85 53
16 26 74 43
23 6 45 43
7 10 33 55
84 24 90 54
75 41 83 53
43 42 57 46
92 13 93 42
61 4 74 44
28 42 93 54
47 8 63 22
69 27 74 51
66 29 70 50
80 23 90 55
35 32 63 32
29 41 80 54
12 46 80 46
82 38 88 39
44 21 73 44
69 8 79 35
46 6 72 54
48 42 67 55
57 54 77 54
67 28 82 55
32 22 69 42
4 15 18 34
29 5 60 12
16 7 17 50
90 52 92 55
51 46 80 50
70 11 75 35
79 4 85 4
51 50 85 51
86 34 92 53
80 29 80 53
54 10 59 34
78 45 84 48
52 5 74 10
8 11 60 30
70 8 82 27
72 14 74 39
86 55 90 55
7 11 94 35
6 25 62 29
59 15 93 31
28 33 60 53
4 4 74 35
16 11 49 12
55 8 67 36
30 6 34 39
83 24 91 37
45 13 76 21
6 28 72 35
17 30 70 53
1 18 5 35
83 24 93 48
57 11 88 27
60 49 83 51
89 32 89 48
17 26 27 37
26 6 41 19
75 53 79 53
1 34 38 47
50 23 55 54
23 10 38 37
69 40 69 54
15 29 76 54
4 43 20 54
92 39 93 54
29 19 65 30
50 5 69 21
36 55 45 55
38 9 69 38
83 26 91 45
17 20 25 34
56 44 89 49
21 3 33 43
93 6 94 18
26 42 55 49
61 15 80 25
5 48 51 50
62 2 91 34
32 26 76 34
36 53 39 54
68 37 82 39
78 39 93 53
2 36 92 45
56 8 84 34
9 6 45 28
79 31 80 37
52 53 64 55
49 23 60 43
43 38 85 52
57 29 91 38
65 41 73 51
25 8 28 32
61 32 78 32
9 36 16 44
14 4 19 8
39 46 80 53
55 3 93 8
81 48 86 53
31 3 34 28
80 36 80 54
63 26 68 44
2 34 79 35
11 55 92 55
77 16 91 38
42 48 56 54
57 54 70 55
49 32 57 44
66 9 76 52
89 7 90 13
41 5 70 43
31 48 39 51
66 40 71 43
46 23 94 39
74 10 87 45
44 17 60 45
56 36 90 43
86 13 90 18
66 25 86 44
50 37 85 53
84 42 87 43
54 51 77 52
41 51 70 52
52 29 77 50
22 2 65 52
34 20 43 52
61 12 93 17
87 32 92 43
19 29 62 38
29 12 34 35
40 11 63 33
43 39 59 42
42 50 64 53
78 34 85 55
64 22 86 48
11 20 39 42
30 24 45 28
27 1 58 21
59 6 93 39
39 51 60 51
19 53 44 53
51 3 67 7
23 24 70 37
4 18 36 18
57 11 71 40
41 34 73 54
23 13 81 50
67 44 78 48
70 36 72 40
19 41 44 41
78 27 82 27
58 30 58 32
72 49 86 49
61 8 61 25
79 52 79 55
78 34 90 45
43 23 72 32
34 4 57 52
8 44 38 50
28 27 94 48
59 40 69 54
51 31 91 45
59 28 90 37
6 24 80 41
36 9 43 9
59 26 60 38
45 15 74 16
9 44 45 54
66 15 68 49
84 48 87 49
33 10 92 14
72 14 77 45
62 35 82 41
40 25 79 43
9 48 47 53
73 52 92 53
87 38 91 38
61 46 76 54
18 50 54 51
23 27 41 27
26 7 74 39
91 45 92 47
75 16 77 49
42 27 94 47
53 44 83 50
12 51 80 53
10 1 39 49
5 8 21 42
65 6 76 23
68 5 72 50
82 35 87 55
17 45 50 51
12 37 27 47
61 47 64 53
24 44 78 45
38 38 80 41
50 42 56 53
13 19 53 29
62 31 83 38
77 42 84 48
79 37 83 42
50 1 61 11
37 53 54 55
86 52 94 52
50 1 72 30
8 39 31 49
10 30 45 50
94 20 94 23
91 14 92 17
53 17 57 46
15 33 25 48
42 18 57 39
64 38 86 54
34 14 77 55
47 12 89 41
78 54 83 54
58 32 77 42
56 9 77 51
88 38 93 51
3 43 65 44
4 17 13 46
28 16 56 40
2 2 42 43
4 52 65 53
50 12 86 44
42 13 55 29
61 2 73 33
71 12 76 45
39 24 62 51
94 33 94 53
92 40 93 49
41 23 85 24
13 6 82 17
9 33 38 52
31 36 63 40
3 17 24 42
1 12 66 48
52 28 81 51
72 28 90 28
69 22 92 38
70 28 88 46
7 39 64 55
72 55 76 55
56 25 91 27
88 14 93 32
45 48 55 52
94 24 94 30
24 40 43 48
90 20 90 29
45 45 47 46
66 28 70 40
26 17 46 39
13 37 40 53
89 29 93 49
73 30 80 47
59 9 91 25
94 46 94 55
44 50 52 50
66 31 69 55
65 9 90 42
39 25 43 30
1 25 76 30
25 35 31 43
43 12 74 43
6 16 77 43
86 19 92 22
91 3 92 45
67 33 93 42
34 38 47 44
24 36 89 53
27 16 54 19
72 1 77 34
42 9 82 12
68 39 69 45
85 41 92 52
27 34 60 50
26 50 39 51
62 6 65 31
29 51 57 51
84 43 87 48
69 29 71 48
8 23 79 53
30 52 92 55
86 35 92 47
42 19 89 44
53 39 83 51
87 2 93 28
42 40 86 47
89 16 94 49
78 34 86 39
79 13 88 30
94 32 94 40
53 28 72 29
40 40 40 47
94 52 94 54
31 21 85 49
75 8 85 13
63 17 70 21
43 32 44 50
32 30 47 49
57 49 81 54
49 14 75 41
87 22 93 55
3 35 49 49
19 35 21 51
16 22 42 47
38 39 90 49
55 12 82 54
8 18 78 34
88 54 92 55
49 12 63 15
80 36 90 52
25 10 52 11
3 22 79 53
48 22 76 28
19 34 87 40
49 1 60 27
59 6 82 37
60 46 82 48
71 43 75 48
85 28 87 54
78 30 84 31
90 13 94 45
62 17 71 47
1 47 19 55
2 4 2 44
66 38 73 40
69 11 93 33
75 28 85 54
55 44 62 54
68 20 69 23
92 16 94 22
60 17 80 40
7 14 66 15
33 48 79 54
78 55 83 55
3 10 74 40
14 13 57 15
50 9 88 53
82 35 85 53
64 11 88 28
61 54 84 54
52 44 80 51
20 29 40 45
90 27 94 42
73 16 87 21
30 44 86 45
49 12 66 29
30 13 64 13
23 24 31 31
2 30 21 33
34 8 42 9
48 8 78 55
17 28 91 47
90 53 94 54
1 52 25 55
39 55 42 55
33 39 93 43
47 23 83 46
31 26 78 35
78 35 92 55
72 20 78 41
10 19 45 22
29 21 37 24
39 22 89 52
93 2 94 16
56 26 59 31
77 12 91 16
39 32 42 33
30 34 93 34
89 52 89 55
14 13 53 26
29 15 40 41
92 27 92 44
59 14 78 31
36 27 71 45
43 41 89 43
18 32 92 50
20 40 28 44
94 14 94 17
11 51 56 51
28 19 89 49
86 12 91 33
17 49 42 54
14 33 69 38
53 24 74 42
27 42 51 55
9 15 37 41
1 30 13 39
42 22 87 44
19 44 61 45
75 42 89 53
9 33 9 40
29 15 60 54
52 44 64 49
93 3 94 33
6 41 67 50
81 11 93 43
36 49 68 50
10 52 62 53
28 24 39 43
56 44 65 50
8 26 61 32
45 11 59 21
59 9 61 49
63 1 93 3
59 51 86 51
64 24 76 42
63 3 87 4
81 13 82 39
38 14 64 39
78 53 90 55
44 30 54 32
24 8 81 43
57 50 76 50
50 53 89 53
12 32 36 52
25 51 45 53
12 22 17 41
14 9 61 39
91 14 92 46
25 42 56 45
82 49 83 55
45 23 62 43
87 43 87 48
48 2 76 34
28 47 43 47
70 42 89 54
7 45 33 51
42 22 74 24
90 4 93 32
89 47 91 54
82 27 94 36
63 53 74 55
37 17 60 23
9 35 65 37
27 18 36 55
63 13 88 55
28 25 78 35
46 10 66 36
30 47 88 47
16 38 47 47
93 22 93 40
37 27 80 28
9 5 38 31
32 16 46 47
57 46 87 54
3 3 90 51
19 8 23 37
19 44 66 54
73 18 77 45
4 24 25 32
77 19 87 47
51 8 81 36
9 54 44 54
13 1 25 12
24 26 77 33
92 6 92 13
28 44 63 47
40 52 82 52
60 19 69 25
4 42 50 44
81 34 91 52
84 18 84 35
76 55 80 55
69 3 89 15
50 52 70 52
58 11 67 35
87 6 87 30
22 13 94 48
61 26 82 41
28 1 36 16
43 41 85 41
12 27 61 27
5 44 20 49
65 9 73 40
53 55 62 55
1 34 9 54
9 54 42 55
4 40 39 45
73 12 87 41
94 40 94 41
44 53 62 55
13 17 90 52
93 12 94 28
2 2 55 28
91 6 92 47
81 51 91 51
94 41 94 52
87 28 90 30
60 10 71 46
85 7 88 28
80 1 94 33
44 28 61 42
53 13 64 31
19 22 56 52
41 5 86 19
33 32 40 51
31 28 52 54
26 17 85 19
79 1 82 20
11 3 23 48
5 8 54 49
22 16 55 33
33 32 39 35
21 36 44 39
23 53 64 55
91 31 94 41
84 38 86 43
9 13 21 17
68 15 73 52
79 7 82 13
72 39 80 39
60 41 75 50
93 35 94 48
71 52 78 55
24 7 35 41
51 42 93 55
62 2 82 53
61 9 62 29
33 28 81 53
10 17 73 23
44 21 73 31
63 23 67 43
93 39 93 51
38 33 48 46
45 23 90 33
32 12 33 13
71 9 88 32
19 25 77 47
24 25 35 29
61 28 78 51
79 21 89 53
66 37 87 46
62 11 76 38
24 6 56 33
18 8 28 19
54 8 59 49
57 28 91 51
52 1 83 28
81 18 91 27
31 41 54 54
68 45 69 52
94 14 94 27
66 16 78 39
78 7 89 37
78 45 81 45
2 6 11 18
36 25 78 31
1 3 8 36
77 27 78 48
77 33 89 55
72 51 73 52
15 24 22 41
19 47 26 48
64 47 74 54
20 40 76 50
79 22 92 51
38 5 93 6
53 39 94 47
92 33 92 42
24 54 73 54
13 33 43 51
38 3 68 50
91 49 91 49
54 25 80 47
24 6 50 6
62 27 65 48
26 41 28 54
75 52 84 54
23 39 50 47
76 26 85 35
38 38 39 47
65 11 94 29
72 54 90 55
7 21 17 44
90 12 92 52
20 12 59 32
14 33 89 40
6 34 69 52
6 21 11 28
58 40 77 47
65 18 90 28
27 41 86 44
6 5 20 6
72 30 90 36
81 44 88 47
60 25 66 44
91 17 91 18
37 8 40 23
8 42 27 52
26 31 42 44
72 49 73 51
76 21 78 35
55 42 85 48
72 18 85 54
43 33 94 39
11 41 70 50
55 23 59 23
62 23 92 30
87 54 91 54
85 38 94 39
47 24 80 41
89 17 94 45
83 27 83 52
26 16 85 38
35 32 85 35
48 5 59 35
93 48 93 52
55 44 69 46
59 34 93 47
73 9 81 34
62 48 88 49
87 22 93 36
50 15 54 39
11 1 45 45
71 23 71 36
38 39 51 44
25 13 41 39
59 48 75 53
16 41 42 52
89 8 93 33
55 51 73 53
73 28 79 45
56 46 79 46
50 44 92 49
40 35 73 48
9 30 33 46
91 54 93 54
58 8 61 14
52 25 64 47
2 2 60 53
52 29 82 37
44 46 89 51
15 50 35 52
59 39 80 51
48 25 69 32
30 29 41 44
19 22 50 40
39 1 81 7
35 16 93 45
75 37 85 39
32 36 47 45
23 29 87 50
92 5 92 36
8 10 84 15
85 44 93 49
85 38 89 48
23 10 39 43
33 37 36 51
87 20 92 25
47 4 49 12
93 33 93 42
67 3 91 42
17 17 68 52
34 23 73 25
35 15 46 19
4 24 18 33
93 4 94 28
49 53 63 54
4 43 38 43
13 43 85 55
56 21 90 47
28 7 92 34
92 8 94 10
69 12 88 50
12 39 20 47
94 16 94 30
93 52 93 52
50 27 76 46
56 21 84 36
20 8 33 12
75 31 92 50
1 25 36 44
71 13 84 24
76 23 88 30
64 17 67 29
50 25 63 36
67 51 69 52
33 21 62 49
50 11 52 39
12 10 94 30
81 55 92 55
78 47 81 50
74 21 87 30
24 28 61 33
63 38 67 50
29 51 33 51
47 15 50 15
67 41 83 43
2 25 6 33
70 45 87 46
60 52 85 53
17 17 81 51
65 9 65 14
68 28 79 33
49 30 53 35
86 32 89 51
48 27 71 32
40 40 85 51
68 41 81 46
76 32 80 45
92 49 93 51
79 13 88 22
50 8 82 26
13 14 77 27
54 6 65 25
20 25 45 52
42 37 53 39
91 46 94 46
46 23 54 37
53 15 65 55
79 12 90 55
45 23 79 27
61 32 79 35
56 33 76 54
5 39 75 43
42 1 61 14
22 55 37 55
90 51 90 55
36 28 72 38
71 11 80 14
31 41 67 42
64 32 92 53
34 52 70 54
30 6 49 10
48 6 70 8
40 48 70 51
59 21 81 45
70 55 77 55
30 19 31 49
11 47 49 51
35 34 39 36
3 37 89 42
82 6 86 9
6 15 20 35
24 26 46 43
63 37 90 46
61 30 76 41
57 26 86 52
32 26 35 40
10 19 60 55
14 9 90 20
61 34 88 38
11 1 29 48
25 28 77 49
41 31 94 54
59 43 89 46
40 43 49 45
58 16 74 40
4 16 84 39
39 43 91 50
14 24 67 41
33 44 65 54
66 22 83 30
45 18 52 54
72 20 74 39
19 13 76 14
84 54 91 55
46 52 62 53
20 2 53 41
69 7 88 46
32 40 44 40
25 6 65 48
27 39 47 48
39 37 86 45
23 29 71 39
1 24 92 41
75 41 75 53
16 5 43 39
72 36 77 53
57 9 67 23
78 1 90 36
73 44 83 52
27 34 43 43
1 21 71 41
20 15 46 19
8 25 9 26
60 26 62 31
11 9 30 16
58 6 82 41
33 30 36 54
92 34 92 54
54 47 63 54
74 23 83 31
63 8 78 42
85 43 89 44
93 22 94 26
40 46 91 46
18 52 18 52
51 35 56 48
94 51 94 53
47 32 80 33
44 23 77 51
20 13 42 35
58 49 93 55
92 30 93 51
23 14 90 39
69 23 84 34
10 24 63 48
53 45 87 49
76 36 86 36
60 8 91 48
14 31 87 35
7 47 75 49
31 18 91 41
2 2 94 13
47 39 49 53
24 40 86 40
65 55 81 55
20 19 51 41
34 20 84 25
17 46 84 55
45 9 90 43
89 36 90 42
39 20 86 51
1 9 80 43
84 1 88 25
75 54 80 54
78 25 78 36
70 27 72 37
92 51 92 53
38 23 86 23
64 9 66 9
33 17 41 50
39 6 76 15
38 54 43 54
78 21 88 35
45 49 57 51
67 41 91 54
59 42 73 51
3 24 52 43
37 29 44 34
6 3 47 53
59 30 67 36
34 53 34 53
67 32 76 32
42 18 86 36
30 20 57 48
41 37 44 54
45 23 81 50
92 13 94 27
56 49 71 49
34 21 42 47
94 26 94 53
85 9 93 34
93 17 93 38
4 41 39 51
7 25 80 45
56 29 77 42
66 4 89 28
22 53 38 55
72 12 86 23
67 30 78 40
46 31 75 48
34 33 94 48
10 32 11 52
61 15 66 52
64 39 92 49
75 50 75 50
80 51 92 54
28 21 94 27
22 53 75 55
62 19 92 42
94 55 94 55
14 39 79 42
10 25 67 42
1 1 90 19
93 8 93 11
1 47 30 52
83 2 90 32
79 43 91 44
68 24 81 39
60 17 72 47
64 8 82 55
43 6 78 6
39 1 56 8
55 39 65 42
35 53 87 53
67 16 74 29
48 46 68 54
56 32 90 55
19 17 76 25
57 23 93 46
12 34 53 50
22 17 91 27
73 52 76 55
88 24 92 50
57 40 64 48
22 40 66 47
91 3 92 31
5 20 58 55
69 33 71 36
36 35 73 51
88 46 89 54
55 47 79 47
42 27 62 36
47 16 49 39
37 1 94 16
33 50 86 52
65 8 80 26
10 14 31 37
90 42 90 44
89 25 94 25
26 14 47 47
15 22 83 48
88 30 94 34
47 16 91 40
70 31 79 36
8 3 94 9
8 42 85 46
48 29 84 45
50 9 63 12
32 17 56 39
44 25 54 30
49 30 62 54
12 30 56 31
24 15 65 33
89 26 91 47
14 8 89 28
45 8 55 23
39 35 86 44
1 21 41 35
64 26 77 53
22 15 38 35
48 19 57 20
70 2 84 43
42 20 49 20
67 41 83 54
23 39 72 55
2 30 26 52
92 18 92 37
69 52 85 53
84 19 87 27
4 34 49 45
33 53 53 53
67 17 78 17
32 10 35 29
24 30 46 49
40 4 60 55
19 19 92 24
28 37 88 40
58 32 60 48
23 48 29 51
24 35 89 51
75 4 91 52
55 28 71 46
10 14 25 46
25 18 39 32
49 16 57 30
30 35 68 53
60 35 70 45
2 35 59 37
4 14 64 24
27 13 66 42
54 11 54 17
61 8 82 40
6 17 93 39
31 12 66 19
91 29 91 54
19 15 57 55
11 16 91 39
65 40 86 40
56 41 90 43
61 53 84 53
27 48 30 49
77 17 80 51
45 53 71 55
18 52 83 52
49 7 51 54
44 11 49 44
54 24 86 34
56 1 78 34
12 41 52 54
57 27 58 27
10 51 20 54
65 21 92 21
59 18 80 32
82 1 83 28
10 5 73 23
43 13 78 41
32 45 69 50
69 1 87 41
6 1 36 9
42 31 72 40
1 54 32 55
89 38 94 38
81 4 88 48
66 37 74 48
51 38 74 52
39 44 43 44
62 12 90 19
39 41 52 44
5 33 64 43
50 28 80 52
81 27 89 36
15 11 28 53
92 54 94 54
68 47 83 47
41 53 62 55
54 48 76 54
21 29 81 40
55 30 87 43
37 5 69 47
61 8 76 8
42 54 89 55
75 34 79 45
47 53 57 55
83 30 86 47
73 4 75 12
23 40 71 42
61 15 74 45
73 43 90 46
81 8 82 8
51 20 61 21
22 6 33 36
81 6 84 34
39 28 60 37
35 3 47 47
91 21 91 41
69 12 86 40
33 31 54 34
88 40 94 54
57 36 60 50
58 55 69 55
26 51 75 51
85 55 89 55
35 14 63 48
5 49 17 54
13 40 75 47
12 41 79 53
47 49 73 51
13 38 76 42
82 3 94 19
17 19 90 36
93 53 94 53
1 41 72 54
59 40 62 45
79 33 86 53
62 49 84 52
45 18 53 29
43 38 46 45
57 11 74 42
31 4 35 40
79 53 87 55
41 7 42 42
42 48 45 49
46 14 56 46
80 26 84 30
90 45 94 49
69 17 78 31
36 8 90 21
13 31 50 51
27 44 67 55
50 36 64 55
30 33 37 33
70 53 84 53
16 19 56 28
65 55 65 55
28 6 77 6
31 44 90 46
51 31 51 41
21 53 61 53
7 4 72 17
93 16 93 30
35 16 39 30
39 19 85 42
22 52 24 53
76 54 88 55
91 43 92 55
52 51 92 51
83 51 85 51
56 44 69 44
79 41 87 50
50 45 67 53
26 40 63 52
39 22 82 41
10 15 74 45
79 54 82 55
22 51 27 52
92 20 93 50
31 1 45 25
35 29 68 40
16 4 43 22
58 12 76 52
64 15 79 49
52 10 89 31
25 19 52 49
47 21 47 50
76 52 80 53
60 38 75 52
22 5 22 51
34 5 34 51
24 4 83 4
1 24 81 27
17 18 71 39
84 9 87 36
74 42 93 46
89 36 89 38
50 33 62 40
85 45 94 50
75 24 79 53
38 12 53 49
26 18 63 23
86 37 94 52
38 43 38 47
67 10 72 32
24 14 81 22
75 27 89 38
25 16 63 28
91 27 94 37
46 54 67 54
69 9 76 41
4 3 11 48
7 14 91 20
19 39 61 46
27 6 66 55
24 18 73 45
91 36 92 46
32 35 61 36
83 6 89 24
64 11 74 42
65 22 68 28
75 48 88 53
22 33 52 55
57 3 66 27
48 2 88 26
81 29 93 49
83 35 86 46
12 6 47 27
59 48 86 55
49 16 70 22
80 37 85 42
15 21 62 28
28 17 56 21
69 46 84 54
59 5 60 37
30 3 41 15
28 4 30 34
37 24 64 31
53 17 92 53
18 18 54 19
66 36 75 50
78 40 82 50
19 9 83 39
48 5 75 34
50 8 77 19
63 30 72 49
60 27 63 28
60 6 72 43
7 30 45 38
15 8 46 38
27 29 84 52
15 33 41 41
52 15 82 42
9 31 10 47
10 16 92 52
10 9 86 15
61 10 87 24
91 49 92 49
17 54 66 55
35 47 39 50
35 37 55 50
45 2 88 27
61 16 81 46
76 5 93 20
83 8 91 36
92 33 92 46
39 21 73 44
56 21 93 21
7 22 47 23
75 22 88 53
55 14 91 51
82 9 92 16
31 37 42 37
28 20 58 28
28 7 54 15
77 10 79 21
48 3 83 9
56 15 70 41
15 13 58 21
82 34 88 35
87 3 94 24
74 54 94 55
64 24 87 29
55 18 80 28
83 50 91 52
2 13 68 30
14 40 65 55
28 25 53 35
57 19 86 52
59 38 67 41
68 28 68 48
66 20 74 24
87 13 87 35
67 53 67 55
10 44 17 50
72 6 78 16
15 7 70 54
83 35 92 49
55 3 81 15
58 52 83 54
90 46 92 55
62 47 71 48
73 38 84 50
51 32 61 37
19 30 62 35
52 32 70 50
93 48 94 49
68 23 86 33
20 25 33 33
14 6 85 32
32 14 71 33
15 47 57 54
30 30 55 37
41 52 65 52
58 8 88 22
27 23 87 43
62 42 76 54
27 50 85 50
88 5 94 38
39 48 91 48
26 41 51 47
83 8 94 13
60 11 66 20
69 14 81 47
83 28 84 54
54 32 84 54
91 36 93 38
42 39 68 48
25 52 27 55
4 51 22 55
34 22 35 38
13 1 58 3
85 26 88 47
56 21 83 28
32 2 93 3
16 44 64 44
14 43 53 47
10 46 56 55
49 5 78 44
5 5 17 45
38 25 59 36
25 30 30 31
21 6 94 16
63 37 78 47
66 46 79 46
14 30 54 53
22 33 56 44
25 20 34 20
91 27 91 43
31 48 37 51
52 27 66 42
56 53 58 54
79 47 88 47
77 55 83 55
43 11 56 22
84 20 93 22
36 5 83 51
82 35 84 50
40 13 83 26
56 31 81 44
34 6 48 40
27 19 71 40
56 53 60 53
25 37 58 46
13 17 78 33
75 16 83 54
60 14 79 16
79 31 81 38
12 16 88 36
32 11 57 23
36 25 86 26
15 13 21 39
60 44 88 55
5 28 6 42
94 36 94 50
75 37 87 46
90 53 93 55
19 3 65 28
53 44 58 47
52 39 62 39
67 17 74 45
62 10 72 11
8 17 73 40
82 10 85 27
77 38 84 50
57 16 59 17
44 1 64 48
4 18 40 52
32 34 67 42
73 37 89 48
3 18 69 36
13 23 92 53
60 37 61 51
50 5 92 15
79 48 82 55
1 22 65 43
68 47 81 48
87 29 93 34
46 20 84 28
43 40 52 41
23 51 83 55
12 21 47 40
74 8 88 12
60 10 92 21
24 26 49 36
50 53 93 55
93 52 94 52
87 44 91 54
13 9 35 49
6 52 22 53
79 44 88 44
92 14 92 55
56 7 56 53
38 18 56 28
24 28 70 44
57 49 67 50
20 28 57 32
91 46 94 47
66 30 73 53
77 33 83 49
80 14 83 35
7 53 12 54
67 31 67 50
91 18 93 37
49 47 75 54
65 22 91 44
43 45 51 49
65 45 74 50
35 38 71 45
66 43 94 49
44 12 93 29
56 44 71 44
90 51 92 52
14 55 59 55
13 18 78 32
63 45 77 54
36 54 46 55
72 49 79 50
69 12 72 30
58 47 81 47
49 9 92 34
85 49 86 49
40 9 78 20
20 3 59 11
11 49 70 55
33 18 54 34
32 3 48 18
66 46 93 47
63 52 91 55
87 3 89 39
43 7 78 33
78 24 81 48
30 54 53 54
50 55 82 55
26 43 49 48
85 6 85 47
1 50 18 53
2 10 18 13
27 29 75 33
48 40 77 52
32 15 38 32
58 15 84 34
18 21 25 24
61 48 83 51
64 32 73 34
84 36 94 53
82 38 84 55
34 3 49 15
3 6 69 28
35 40 83 55
80 55 83 55
18 32 72 42
14 12 53 18
68 34 78 46
16 40 62 45
54 12 77 18
16 51 50 51
7 41 70 51
71 28 72 38
63 9 82 55
65 51 93 51
51 37 56 53
14 9 84 32
39 19 60 52
20 19 57 41
90 52 91 55
55 36 87 51
46 16 81 37
47 29 61 52
81 15 83 41
58 15 94 38
74 30 76 30
33 11 65 45
11 46 16 54
30 39 62 52
84 31 92 54
69 5 81 28
2 4 39 15
6 23 81 31
28 25 54 29
55 7 75 46
39 54 83 54
61 37 91 50
30 53 63 54
56 2 87 9
79 9 92 22
22 6 82 24
34 40 42 52
45 6 55 26
82 43 88 49
53 55 91 55
57 43 70 45
28 10 66 10
55 38 75 41
12 18 83 44
17 48 82 51
56 17 71 48
29 6 54 10
64 38 88 41
14 22 32 51
50 21 87 42
70 44 73 52
26 53 41 53
76 21 80 24
54 13 77 46
81 29 94 50
66 46 79 54
60 35 92 40
34 22 76 43
30 30 43 35
63 42 68 43
31 48 71 54
37 22 62 54
28 52 34 52
20 26 67 53
36 47 55 51
92 40 93 45
20 46 37 46
1 20 84 35
93 48 93 50
8 9 82 53
30 14 59 31
13 33 75 35
80 31 83 42
64 15 78 49
70 39 88 49
87 53 92 53
88 24 93 30
34 6 80 31
11 41 29 41
81 17 89 40
66 42 73 55
64 18 66 55
37 53 52 55
16 31 35 48
52 27 91 41
37 11 54 31
18 4 78 47
90 9 93 48
77 32 94 51
24 1 54 22
22 45 94 50
84 10 89 30
86 30 91 33
91 13 93 15
38 1 77 30
21 29 79 43
73 3 76 20
83 6 85 32
61 46 70 55
59 12 64 19
61 18 80 19
87 18 92 22
21 23 51 33
67 23 90 33
73 8 79 46
85 7 87 25
46 25 58 43
91 14 92 52
7 45 24 48
7 49 57 49
34 1 48 24
68 35 87 49
2 39 94 52
28 45 42 54
82 2 84 4
67 25 89 45
21 32 23 53
34 48 62 51
26 40 37 43
51 52 72 55
34 23 83 52
1 5 14 19
80 52 80 53
50 33 78 42
47 11 71 39
11 32 23 36
63 24 93 50
92 7 93 46
27 33 94 40
45 49 92 51
92 40 93 48
14 21 86 29
41 35 91 35
23 34 24 50
21 38 64 38
57 48 59 51
90 23 94 55
40 54 42 55
24 42 52 54
38 37 63 42
50 40 64 49
61 25 82 29
62 23 70 26
93 12 93 48
25 46 68 46
47 28 82 50
59 41 78 55
85 48 91 50
33 12 58 30
72 32 83 33
27 21 77 38
27 38 59 46
5 7 81 20
4 28 80 32
34 37 72 40
9 14 85 52
19 6 93 8
3 46 78 47
89 23 94 34
83 2 89 33
49 41 59 42
35 44 51 49
57 39 65 43
78 38 85 49
51 44 90 45
92 40 93 51
32 30 60 51
11 36 12 54
76 7 82 40
80 55 94 55
84 18 91 24
91 26 91 33
86 21 92 49
23 24 23 40
23 16 37 28
86 6 93 20
73 26 89 54
9 29 51 52
52 2 68 2
10 4 79 41
73 21 83 26
85 36 93 43
13 28 46 54
47 34 54 55
37 30 55 36
14 15 52 53
60 55 62 55
69 45 76 51
46 3 48 11
19 31 73 39
78 34 81 53
58 21 80 42
39 52 88 53
86 10 86 55
44 8 90 10
28 45 81 45
92 55 94 55
19 47 51 52
16 31 85 40
57 17 87 46
7 18 80 33
41 26 54 30
86 42 88 54
3 38 10 51
7 19 24 43
23 27 39 53
83 36 90 39
43 52 51 52
69 17 93 38
37 48 50 53
59 13 73 55
56 49 58 51
45 10 50 20
84 16 94 25
14 25 14 31
17 17 79 35
28 53 70 55
5 34 68 49
22 5 88 37
50 26 70 51
31 23 45 30
88 12 94 21
2 17 15 54
59 15 89 30
74 31 79 35
72 14 81 46
33 7 43 23
43 9 66 29
68 12 91 26
56 47 82 52
49 45 49 48
53 51 70 52
20 6 29 50
12 16 90 43
66 38 74 38
90 27 94 52
70 28 70 35
75 8 80 46
84 47 92 52
25 30 78 44
81 49 92 55
14 25 86 53
86 34 86 38
46 2 61 10
76 29 88 35
3 5 38 36
86 10 92 47
55 12 88 28
81 13 86 54
27 33 85 43
82 29 94 30
87 32 89 45
50 35 66 41
10 38 38 53
41 15 80 54
35 27 85 54
64 7 74 43
54 20 65 26
70 8 85 20
71 14 84 35
86 45 92 55
73 11 85 47
9 45 85 54
14 13 37 32
61 27 69 48
46 19 49 23
48 32 92 42
14 44 26 48
7 48 68 54
81 38 91 54
6 11 65 43
60 55 77 55
18 44 52 52
48 45 92 53
77 43 91 43
19 35 55 51
4 34 63 47
68 47 93 54
31 50 62 51
37 23 69 34
49 31 93 49
90 17 91 52
38 25 70 42
53 34 66 41
51 24 74 31
38 24 93 50
19 48 65 49
38 35 80 39
14 25 63 27
11 53 84 54
29 38 44 43
35 29 83 31
12 15 20 15
66 50 94 53
30 20 78 28
64 21 73 54
93 45 94 50
93 41 94 47
90 53 93 54
57 46 94 46
5 26 8 46
39 27 65 52
35 2 42 8
53 48 66 49
80 30 81 30
41 8 68 43
64 38 75 50
25 21 33 48
82 34 86 35
51 37 62 47
49 8 61 36
37 34 54 52
82 53 90 54
29 21 43 29
22 29 37 45
72 49 90 52
29 4 90 13
8 17 34 55
50 53 87 54
47 25 89 25
78 52 82 52
15 54 41 54
90 40 91 46
18 1 45 33
93 30 93 45
39 13 58 21
54 1 63 44
28 17 54 19
48 2 90 30
60 1 88 5
66 48 88 54
26 27 44 35
66 17 91 22
4 46 58 54
45 5 88 15
76 3 76 19
62 54 90 55
67 53 73 55
69 7 83 13
10 46 38 50
60 23 74 36
70 2 82 47
80 21 80 55
75 11 85 20
83 10 86 16
35 19 69 41
94 47 94 53
36 49 63 50
2 49 85 52
94 9 94 50
82 46 91 50
4 13 12 14
17 4 20 8
86 10 87 36
81 26 88 35
34 1 79 47
7 39 76 53
70 44 79 55
85 15 90 55
60 31 68 32
43 33 72 33
52 43 92 50
88 32 94 54
80 3 88 23
49 10 66 30
18 9 18 40
88 46 89 53
89 33 92 44
14 13 47 13
29 27 34 47
32 44 59 50
20 9 37 36
20 33 38 40
84 43 84 45
64 8 92 39
69 15 94 28
38 37 61 45
40 42 80 43
56 14 81 52
31 3 63 53
79 21 88 27
38 42 72 55
23 40 63 54
87 29 93 47
29 17 47 27
10 44 73 51
2 47 68 47
73 9 94 30
23 26 83 46
94 19 94 28
33 43 38 52
80 49 88 49
90 37 91 53
67 5 75 6
90 55 94 55
67 12 83 19
62 8 82 12
14 28 35 54
20 13 52 28
64 31 66 39
17 45 25 50
86 14 87 18
55 37 76 53
86 5 89 13
27 13 54 26
71 17 71 18
13 8 32 31
68 17 73 33
10 45 59 47
51 42 81 42
36 1 43 43
10 13 20 54
20 18 34 33
94 39 94 53
69 6 72 29
34 27 72 42
29 33 47 40
12 6 53 21
46 22 90 44
61 34 78 48
39 21 94 34
7 55 21 55
44 37 49 50
56 27 84 47
86 13 90 26
1 9 9 46
8 16 34 34
14 26 46 35
46 8 77 11
64 23 94 48
63 32 72 41
71 8 72 10
5 55 17 55
52 42 90 43
75 32 76 49
11 53 81 54
45 42 79 55
52 50 92 55
87 38 90 42
54 13 64 41
7 39 81 42
93 3 94 48
72 53 94 53
18 54 27 55
74 49 81 49
32 33 80 42
80 41 88 50
27 17 88 30
82 36 94 51
83 5 90 33
21 17 91 32
25 29 31 40
2 49 79 53
92 51 94 51
54 12 89 52
40 27 79 55
27 1 36 14
32 18 38 22
80 34 88 55
26 7 59 23
55 45 56 47
40 17 40 22
25 28 59 31
76 3 83 8
87 54 90 55
52 43 74 44
76 13 77 55
13 7 86 47
89 15 94 32
43 17 46 45
38 41 81 45
56 43 67 46
74 41 80 47
24 49 65 54
40 52 60 52
15 2 35 41
15 21 94 48
11 8 21 8
40 41 74 45
22 43 35 51
70 15 72 48
5 50 25 54
28 37 88 55
16 7 63 50
24 32 84 49
17 4 94 39
17 37 69 52
24 40 66 54
86 52 87 52
33 12 91 34
46 4 81 55
11 37 49 37
62 53 76 54
48 55 94 55
42 8 80 34
85 38 92 48
59 46 88 51
89 51 93 51
87 17 88 48
57 54 94 54
33 54 37 55
90 50 91 55
67 14 87 28
82 5 84 36
85 28 92 40
35 37 86 38
20 2 44 24
12 42 64 51
86 53 88 55
77 44 77 47
78 55 89 55
82 16 89 28
50 18 88 55
63 30 68 49
47 27 51 50
84 21 91 42
24 38 27 45
50 13 90 45
79 21 83 38
62 51 87 51
4 28 36 41
85 19 89 28
72 53 90 55
13 8 52 30
81 4 92 21
2 35 7 51
50 12 54 36
19 24 74 38
58 54 66 54
15 41 80 47
94 43 94 48
88 39 94 47
30 5 53 38
79 34 85 52
39 37 57 53
42 41 89 48
73 38 80 51
9 55 76 55
68 15 75 41
64 45 73 45
11 18 78 26
67 33 90 47
1 5 40 30
41 38 88 52
6 26 94 33
86 7 86 47
38 22 84 38
77 9 80 38
92 36 92 37
51 43 60 53
52 32 56 52
13 6 61 15
43 26 93 32
86 50 89 53
20 8 37 51
64 16 84 20
26 11 94 50
26 52 68 55
21 32 75 51
16 15 70 16
60 51 94 52
19 7 39 37
3 1 35 45
70 41 77 54
70 33 71 45
90 50 92 50
2 43 72 55
54 37 88 38
90 18 94 52
30 9 92 37
20 1 78 17
5 40 29 46
7 7 64 21
89 11 89 21
63 53 87 54
44 12 76 32
43 35 58 48
26 16 49 36
83 42 83 43
25 17 69 22
87 20 90 28
62 47 75 47
36 33 88 52
93 6 94 8
68 53 88 54
43 21 72 34
64 2 68 47
71 18 75 49
52 51 94 51
19 27 52 31
25 16 90 46
75 35 86 49
16 38 83 52
90 23 90 30
84 3 94 25
67 40 91 44
68 4 72 22
34 46 42 50
40 4 45 24
32 52 53 53
33 22 89 31
28 15 47 49
22 4 48 20
33 53 34 54
82 13 85 31
71 27 71 48
34 15 88 32
63 22 88 26
61 51 79 51
84 44 93 46
90 4 90 6
85 30 93 47
83 52 93 54
82 38 85 47
63 11 80 50
69 27 93 35
21 52 86 52
61 40 78 40
4 20 16 23
67 9 71 40
9 42 47 49
55 50 92 53
68 29 92 34
28 46 44 53
52 32 93 32
30 5 77 5
45 36 73 43
85 7 88 9
54 14 93 19
23 1 94 20
61 18 68 42
2 38 49 40
64 38 70 53
67 44 91 47
48 3 67 36
60 13 92 16
47 23 56 44
7 28 62 55
24 11 45 46
90 18 92 21
61 30 71 32
51 15 89 28
83 48 86 49
4 27 92 38
67 41 92 54
23 13 91 34
45 43 80 49
41 43 72 45
25 10 83 16
66 36 71 46
42 16 55 43
54 18 87 51
42 19 66 47
9 8 83 34
82 21 91 40
81 25 91 32
25 42 49 44
19 48 85 49
92 41 92 44
45 2 86 47
67 30 91 31
50 29 70 45
73 48 80 51
30 29 68 31
84 16 93 18
92 12 94 19
22 33 92 47
79 9 87 22
20 35 29 44
73 3 91 39
21 20 55 20
23 44 44 51
9 20 80 26
61 1 68 42
68 55 87 55
20 39 80 42
71 1 71 40
60 34 62 35
20 54 26 55
59 3 79 10
74 54 83 55
63 16 94 41
54 37 74 40
88 49 92 53
85 8 85 37
33 4 52 15
77 50 92 53
24 25 59 31
77 3 80 32
71 7 76 24
37 52 80 53
86 14 86 24
69 42 74 53
77 31 82 35
50 18 66 53
63 23 85 52
15 4 77 41
76 8 78 8
8 12 86 27
69 10 91 35
26 26 51 27
48 48 92 53
39 41 84 44
26 42 89 45
18 21 65 50
80 28 88 34
27 39 38 51
43 34 58 41
73 36 94 49
45 36 64 51
42 28 72 52
59 21 80 41
45 23 47 52
19 36 89 47
38 11 49 21
23 43 73 53
69 20 75 49
93 28 94 44
91 24 91 48
9 51 15 55
55 52 94 53
87 25 87 25
60 41 76 43
44 37 75 53
17 55 53 55
66 42 78 44
6 10 64 17
73 15 80 45
50 35 65 41
39 20 63 28
72 15 80 34
94 46 94 55
51 15 66 50
18 29 40 48
48 53 90 53
23 1 24 31
36 49 88 51
88 43 92 55
68 4 79 6
91 47 93 50
8 18 14 35
80 7 92 22
39 20 73 54
45 55 69 55
18 16 43 31
14 55 39 55
56 7 89 34
92 54 94 54
78 4 80 20
45 32 69 37
70 53 73 55
30 43 88 52
8 55 56 55
12 3 60 15
53 48 74 55
21 37 83 49
25 24 70 44
47 14 53 52
5 8 35 42
45 13 81 14
81 41 88 55
74 47 80 55
88 11 88 16
14 18 56 20
78 8 91 47
36 11 51 24
80 7 92 18
46 8 80 13
4 26 14 26
64 53 90 53
63 16 66 29
55 7 75 10
70 31 92 37
31 40 58 51
49 49 60 53
33 8 56 27
92 48 92 52
67 46 85 52
56 24 93 35
66 16 84 36
37 24 47 43
75 24 88 46
40 27 47 41
15 47 69 55
56 5 90 19
50 34 58 37
14 13 42 53
89 44 90 52
62 37 77 49
10 43 42 43
93 18 93 40
55 29 82 50
37 50 66 50
48 44 67 49
34 25 85 41
27 47 37 55
1 35 58 38
92 52 93 54
77 48 86 50
46 17 87 24
58 51 82 53
61 5 87 8
26 41 92 41
26 55 65 55
54 27 54 51
20 14 83 35
76 50 87 53
51 22 91 42
45 54 73 55
63 54 79 55
12 27 79 35
27 36 35 41
84 13 89 42
46 8 90 19
69 3 69 40
93 49 93 49
30 14 43 53
8 26 72 27
7 49 82 52
23 36 30 55
2 53 52 53
27 46 53 46
84 20 94 53
93 31 93 37
84 11 89 53
41 49 74 54
10 27 10 47
92 19 94 31
73 31 82 33
70 6 80 55
53 14 55 40
53 5 84 11
51 30 87 33
21 9 28 36
27 23 93 49
6 24 64 52
86 24 89 34
10 40 86 55
94 46 94 49
50 22 70 33
58 39 65 40
54 44 74 53
88 2 92 2
41 42 75 43
66 30 89 42
68 33 79 37
41 17 50 18
22 41 41 45
10 16 65 49
17 12 78 14
70 27 94 52
28 40 93 50
58 43 89 54
75 10 94 18
2 16 53 21
29 1 62 26
91 30 91 51
20 48 90 54
54 3 60 49
36 53 69 55
36 29 92 37
86 26 90 32
64 8 77 31
38 44 50 44
17 3 33 52
63 13 65 39
62 53 91 54
30 44 55 48
53 46 75 49
19 37 89 49
3 29 11 32
94 30 94 55
25 13 30 43
16 25 22 26
92 6 92 40
74 19 82 19
25 35 89 45
26 6 34 27
68 37 93 44
83 36 87 53
49 31 51 48
57 7 75 12
47 20 53 24
30 31 37 35
86 10 89 33
34 49 67 50
43 44 46 49
91 14 91 40
37 34 61 42
66 4 81 6
74 28 75 43
3 41 29 49
79 30 88 51
26 49 27 55
22 39 69 43
27 7 83 17
73 12 92 17
46 1 64 53
49 46 59 48
67 46 69 49
7 13 52 27
40 18 94 36
71 52 71 54
54 44 80 52
69 5 82 32
69 26 92 28
14 24 94 28
81 31 94 44
36 42 83 53
30 45 89 54
68 23 82 46
46 30 85 45
69 12 71 44
47 7 94 17
2 39 14 46
91 31 92 54
51 8 55 30
83 40 86 40
45 45 56 52
51 39 77 40
54 38 82 47
71 3 92 11
58 33 81 51
26 34 74 49
40 38 68 44
75 9 94 20
79 54 87 54
94 34 94 48
73 52 86 53
10 4 84 4
26 53 45 55
41 1 47 17
37 26 65 51
47 11 88 47
46 10 74 31
2 17 63 34
84 31 85 37
30 23 51 28
54 3 64 48
49 30 91 34
71 1 85 28
78 35 83 53
53 9 92 34
69 16 83 37
71 46 92 54
72 26 73 52
91 42 93 42
61 17 80 39
9 54 62 54
20 12 63 22
68 43 89 53
55 26 68 28
61 6 62 26
54 28 55 31
10 11 15 33
82 47 90 51
35 33 69 53
27 18 33 49
5 4 50 25
87 34 87 41
46 36 73 41
20 20 21 22
19 3 40 3
40 16 68 23
63 41 70 47
6 27 52 50
92 10 92 49
34 6 50 12
93 29 93 50
60 2 69 45
58 30 58 36
44 18 74 38
53 23 75 48
46 32 57 48
53 1 84 28
84 5 87 42
49 22 83 50
30 48 59 48
16 40 23 51
51 31 60 42
83 10 85 28
15 50 41 54
80 8 93 35
46 53 72 53
4 54 45 55
72 20 92 28
86 5 86 43
81 22 94 46
89 20 91 37
53 2 81 19
54 30 59 43
54 13 64 16
86 8 90 52
55 11 78 11
18 54 25 55
88 13 91 29
82 9 94 9
51 46 79 50
47 54 76 55
12 47 38 51
48 53 87 55
5 34 94 50
40 53 76 55
57 22 68 48
4 32 58 35
52 52 81 52
10 7 75 37
93 2 93 31
94 35 94 43
9 26 30 33
59 15 81 43
22 8 39 23
15 20 86 39
20 35 62 49
75 44 79 47
14 20 81 41
58 13 73 39
89 36 93 36
62 20 85 39
59 31 87 44
76 5 86 16
57 29 68 48
88 28 90 42
61 43 91 46
86 49 90 50
33 22 67 54
17 30 78 32
36 21 56 28
4 41 18 52
76 23 92 32
33 35 48 38
70 23 88 34
44 21 47 36
72 11 75 54
30 47 67 52
29 8 89 41
15 27 93 33
37 40 55 53
4 44 67 54
94 36 94 42
16 37 86 38
31 53 35 53
14 1 74 37
90 47 90 49
39 8 63 23
63 51 64 52
67 5 90 47
38 29 57 50
11 13 72 51
31 35 53 52
50 39 58 54
50 11 66 20
43 19 43 45
29 49 81 50
87 40 92 46
92 52 94 53
7 29 10 54
82 48 91 54
48 46 51 53
35 7 89 14
2 22 20 31
19 54 43 54
24 27 36 35
92 41 92 42
29 29 60 42
68 43 70 55
60 30 72 40
76 3 89 41
4 31 36 52
85 37 90 51
1 51 48 51
32 35 44 43
52 43 70 53
39 38 42 46
63 39 88 55
76 28 79 52
78 20 79 27
21 4 28 18
88 1 90 13
56 26 64 47
52 1 78 16
46 29 58 53
72 55 84 55
79 38 82 43
94 11 94 20
89 32 94 40
31 34 76 49
54 19 79 44
61 55 77 55
4 6 61 19
45 14 86 34
65 50 65 55
26 15 55 50
53 41 54 43
50 29 57 53
42 30 64 39
54 49 85 55
41 35 85 50
88 37 89 52
8 22 82 27
20 7 57 28
55 45 66 46
37 33 81 53
39 43 60 53
22 36 62 39
34 1 66 44
52 37 80 46
41 31 78 50
12 23 35 32
2 39 13 54
28 36 83 50
60 33 66 35
87 27 91 43
29 2 63 24
54 1 70 19
49 12 91 45
46 41 90 50
51 49 78 49
60 31 65 38
21 25 35 45
37 2 85 10
28 12 31 45
50 19 76 22
48 27 48 54
89 29 93 43
72 46 72 48
37 48 77 53
85 46 88 48
1 23 47 43
86 7 86 33
44 38 56 50
37 3 84 40
73 49 83 55
57 21 57 55
34 33 68 49
12 2 51 38
29 18 67 25
44 10 65 31
21 46 24 54
19 27 46 31
12 5 24 24
79 27 81 27
27 38 33 47
72 11 74 49
47 33 59 46
41 46 51 50
88 27 89 51
28 26 61 51
13 19 93 51
93 39 93 52
84 21 84 30
92 43 94 49
83 49 92 49
65 18 80 44
23 44 31 46
90 49 92 50
33 40 83 46
27 9 66 51
47 23 65 34
17 15 73 46
3 39 26 51
86 33 90 41
86 14 94 46
50 28 70 32
76 36 91 55
61 4 78 45
94 24 94 40
59 27 68 49
63 46 70 49
92 16 94 17
76 46 89 46
76 33 76 51
60 15 67 53
2 15 69 32
55 10 79 13
8 41 77 42
32 10 67 30
36 33 67 33
18 42 24 42
78 4 84 40
40 18 50 53
56 28 87 53
21 32 70 41
67 13 79 51
84 48 92 55
73 41 81 46
26 4 36 42
62 53 76 55
61 6 80 40
44 52 77 54
54 2 56 52
15 43 54 49
26 41 29 49
35 29 69 47
82 28 85 36
4 47 79 48
63 26 77 41
91 14 92 24
68 18 70 27
70 28 71 51
71 50 72 51
71 6 79 14
47 37 63 51
84 19 89 29
17 40 83 45
43 30 85 30
12 7 57 31
18 19 86 51
91 14 94 14
35 7 86 52
32 26 60 38
63 33 64 43
81 53 85 54
22 18 85 26
19 17 81 46
64 6 92 26
18 7 89 29
91 36 94 41
49 45 57 50
21 25 77 29
25 9 69 29
43 22 85 42
77 17 80 43
89 18 91 26
35 36 89 39
41 34 49 41
94 14 94 39
75 42 88 49
44 42 85 48
39 19 53 27
33 34 90 51
21 8 56 15
89 16 91 55
67 38 70 55
14 33 21 49
70 16 94 34
39 55 42 55
54 2 72 26
88 52 92 52
52 51 70 53
44 41 64 55
37 23 86 34
38 21 48 53
90 38 92 42
67 14 67 17
48 45 88 52
62 17 87 22
55 34 87 36
64 26 71 29
4 19 60 22
38 2 42 2
45 41 55 43
4 14 14 15
54 32 64 38
73 31 74 41
21 45 36 53
43 17 63 19
56 8 76 49
66 1 80 34
45 1 89 25
32 3 52 3
35 13 50 27
53 3 93 47
32 28 71 51
14 46 84 53
7 10 9 15
9 2 19 51
45 48 60 53
29 48 85 49
9 33 52 42
53 46 90 50
11 8 70 50
16 12 23 36
22 30 60 48
12 29 31 35
44 9 58 29
48 21 85 35
12 40 17 54
72 48 87 55
78 55 88 55
84 37 85 49
76 23 81 26
19 20 90 43
9 16 72 18
28 5 67 41
49 6 72 20
64 6 93 51
93 37 93 46
74 1 83 23
47 42 48 54
22 31 53 37
40 6 59 35
5 6 90 55
56 13 83 21
6 8 26 10
47 38 52 41
66 18 66 32
56 45 60 51
12 43 30 45
13 6 63 15
23 9 80 17
25 14 62 37
29 37 80 53
3 44 69 55
85 53 87 55
37 45 86 50
52 12 80 42
33 6 86 35
91 19 91 51
62 50 81 53
93 2 93 39
69 37 72 53
81 3 87 21
90 54 94 54
16 52 44 54
48 42 68 42
80 35 82 44
3 40 40 42
18 42 84 48
89 46 92 50
25 5 94 24
21 26 92 48
76 16 81 53
87 8 90 37
32 23 71 51
52 18 86 24
18 54 18 55
76 42 87 51
24 20 54 36
14 5 70 26
65 50 91 55
32 32 66 46
16 53 53 54
60 51 61 52
74 42 82 53
61 48 94 49
20 54 73 54
91 33 94 41
4 46 11 52
81 32 85 55
28 8 77 51
56 54 58 54
71 39 94 49
66 17 83 53
81 42 85 51
39 42 47 51
33 38 88 41
60 33 78 33
48 21 78 35
72 31 81 43
31 6 79 52
49 41 60 45
26 11 31 54
30 28 82 33
88 51 88 52
41 8 61 22
57 22 82 29
54 15 68 50
57 44 77 44
12 35 93 44
30 32 55 46
25 20 93 21
94 38 94 44
2 45 82 51
80 30 88 38
25 48 73 55
92 26 94 26
57 36 90 38
65 26 90 47
20 13 85 13
36 36 81 42
54 16 73 27
78 51 79 52
8 41 8 51
78 40 92 40
72 12 74 31
89 6 92 20
71 45 76 53
4 8 91 44
23 20 45 44
32 28 81 30
57 29 63 55
67 28 79 34
61 19 61 47
30 36 49 48
77 22 84 45
84 51 86 55
40 20 49 36
19 20 46 35
78 47 82 48
43 4 59 34
39 23 70 39
61 3 74 30
49 21 74 54
37 3 74 13
72 4 74 32
56 49 76 53
60 15 81 43
51 26 51 50
25 13 51 54
77 17 93 36
22 24 35 38
92 26 93 28
27 22 32 24
39 17 57 33
27 32 46 42
54 21 82 44
19 49 82 51
21 18 64 44
16 4 65 30
89 14 90 51
71 3 92 42
89 54 89 54
22 42 70 46
38 37 86 54
38 37 53 48
47 32 63 44
51 34 60 51
88 43 91 55
89 47 92 53
36 1 60 18
28 2 55 41
68 33 77 33
2 17 5 54
53 4 74 54
89 48 93 52
2 21 53 47
41 32 92 46
52 40 58 51
23 33 84 34
13 11 33 13
27 36 36 36
20 11 21 36
5 47 81 50
51 39 62 47
65 49 82 51
36 7 93 42
57 8 91 37
7 35 92 46
34 27 70 50
2 40 14 46
14 48 87 55
54 2 56 30
49 2 72 35
85 31 88 43
77 51 87 51
56 17 74 38
68 4 83 34
86 17 91 22
28 52 46 52
44 14 67 35
75 21 88 49
89 19 94 28
84 17 86 34
66 1 90 44
77 12 82 48
53 28 81 44
38 13 77 40
3 48 46 51
3 3 75 54
83 24 93 47
62 35 88 55
46 16 60 21
37 18 75 29
63 20 83 53
94 1 94 42
49 16 69 33
66 32 91 46
15 53 57 54
79 53 88 55
29 51 43 51
93 23 94 30
40 26 86 32
48 54 64 55
43 2 57 43
62 7 91 16
23 50 87 55
64 26 88 36
55 16 72 46
24 27 48 30
55 35 62 51
3 14 85 48
72 13 92 45
4 8 54 21
78 11 87 22
82 6 94 53
79 32 90 38
50 33 92 41
22 33 85 45
10 5 39 53
12 33 29 46
25 8 75 16
23 1 34 40
45 6 72 23
50 6 79 49
71 9 78 12
8 20 79 24
18 54 64 55
73 38 90 55
83 7 84 21
1 8 63 30
15 12 50 35
70 7 89 36
60 28 62 48
16 48 37 50
71 37 73 47
24 6 77 14
52 53 73 55
75 14 90 17
67 33 90 35
15 55 17 55
92 2 94 23
55 50 83 53
39 43 51 47
70 35 91 42
22 22 44 41
58 10 84 40
5 2 83 8
65 17 68 40
91 20 93 21
14 6 69 15
40 46 58 53
37 18 85 29
58 25 85 36
5 51 41 55
36 27 47 36
5 31 40 55
49 4 73 4
60 43 74 44
13 35 36 38
1 12 66 41
73 47 80 47
54 13 80 51
5 16 35 22
6 16 79 19
15 24 82 50
16 31 60 38
19 30 26 38
73 1 73 11
41 14 61 33
6 23 83 33
87 33 90 35
12 3 55 40
58 16 67 32
78 44 89 52
92 7 94 39
50 48 59 53
91 3 94 53
47 53 62 54
11 18 36 21
54 32 55 55
90 50 93 53
2 2 88 47
3 50 74 50
8 49 17 52
78 18 78 21
79 8 80 12
94 46 94 53
57 7 67 50
42 49 45 51
79 40 81 42
6 29 34 53
79 53 81 54
16 55 69 55
15 46 24 53
19 41 28 53
19 2 73 26
62 23 82 49
5 2 67 5
35 21 59 41
26 16 66 43
19 32 68 40
32 52 67 52
26 48 84 50
12 19 72 55
58 30 67 31
15 27 74 27
18 4 75 50
18 49 86 49
74 45 79 48
4 8 32 43
11 3 72 40
38 10 61 48
91 31 93 48
10 44 73 51
75 41 77 53
47 30 69 36
27 53 60 54
56 6 64 13
21 8 41 41
66 46 70 49
58 48 61 50
18 30 71 40
18 15 92 38
67 38 86 55
80 39 80 50
40 47 77 48
63 1 90 44
25 7 25 12
45 54 78 55
25 37 32 50
40 27 94 29
11 17 24 28
73 35 86 40
18 6 37 16
5 14 27 52
43 30 85 43
52 46 82 48
94 2 94 39
17 29 85 51
28 50 89 54
70 49 82 55
81 12 94 18
47 5 61 12
87 25 88 42
36 19 66 27
89 3 90 46
55 31 56 34
72 27 94 45
47 27 65 31
50 53 85 54
80 41 85 46
26 18 34 43
8 50 79 51
14 55 91 55
57 41 64 51
77 33 93 49
87 8 94 32
5 4 14 11
92 52 93 55
16 53 43 53
52 13 77 36
43 9 80 45
52 36 79 44
82 52 94 53
90 14 91 25
18 53 21 54
36 26 91 43
41 5 60 37
10 18 33 22
38 24 92 54
86 50 92 51
30 1 52 6
5 43 92 45
33 14 40 51
75 43 82 52
7 54 93 55
16 39 83 42
77 12 82 15
52 6 83 46
47 25 49 45
35 17 61 33
88 36 94 45
91 18 92 27
77 12 83 27
78 41 78 46
11 4 60 30
18 29 67 31
33 25 70 39
58 30 70 44
47 54 58 55
58 9 69 38
94 6 94 12
74 22 74 25
15 20 77 37
10 28 41 34
21 5 60 51
10 48 70 50
9 34 85 43
21 37 84 54
56 6 79 32
36 23 75 53
23 17 67 46
88 14 93 27
24 37 59 47
43 28 52 39
4 31 80 52
61 26 83 53
2 55 26 55
75 38 91 54
59 48 59 52
88 19 91 34
36 21 79 27
80 47 94 53
80 51 91 51
70 26 82 47
71 48 84 54
44 49 62 52
52 27 80 34
84 8 90 22
43 30 88 55
40 4 77 40
86 49 93 50
48 34 48 43
81 14 82 44
29 55 84 55
14 16 29 37
11 38 24 41
8 51 72 52
34 51 34 55
71 11 80 21
24 36 25 37
48 24 91 45
15 11 21 47
16 52 18 52
33 9 36 55
60 25 69 31
52 43 71 44
57 49 92 55
23 29 23 30
2 42 61 46
48 30 86 36
81 40 81 50
37 53 60 55
19 46 44 52
60 1 86 46
86 49 89 55
9 11 19 50
6 36 22 50
30 52 86 55
59 21 71 34
85 52 87 54
59 42 93 51
39 4 54 55
13 24 48 27
76 11 83 11
25 24 36 43
48 19 58 20
6 29 43 36
19 16 69 33
37 37 64 54
43 54 68 55
1 44 17 44
29 17 46 19
23 10 67 41
87 33 94 52
23 14 50 49
26 15 91 34
82 51 87 54
21 13 33 38
40 35 42 51
80 38 92 42
11 33 69 40
75 21 79 33
56 25 59 40
23 46 37 53
42 44 72 45
81 23 81 33
81 41 82 54
90 50 92 51
34 55 77 55
24 1 64 26
3 22 26 27
43 31 65 38
55 45 74 54
11 2 28 9
64 46 73 53
64 25 70 29
2 34 86 55
57 24 85 54
48 18 87 38
68 32 79 50
42 38 49 47
69 33 86 47
87 34 90 42
61 4 89 21
45 17 61 46
13 55 47 55
45 25 48 46
10 25 43 26
32 38 63 46
75 17 90 36
90 54 90 55
76 47 89 51
59 40 82 41
56 12 68 26
80 49 92 50
15 15 92 35
11 17 16 44
11 32 43 32
27 51 56 54
26 30 65 45
49 16 55 29
48 40 51 54
46 19 86 54
40 51 44 53
63 13 71 29
64 42 73 49
72 6 90 34
22 3 67 30
36 14 52 28
12 36 20 48
15 25 39 43
62 25 85 31
1 15 61 44
66 52 78 53
46 48 87 52
16 8 88 49
68 46 70 50
37 37 73 39
78 47 93 47
51 48 87 51
76 35 80 44
12 25 90 49
63 34 78 36
42 38 44 54
50 20 68 32
21 53 61 53
42 15 81 45
80 26 93 34
82 45 90 52
61 51 79 55
37 36 47 47
21 25 25 48
9 12 29 16
29 51 93 52
21 12 42 24
65 5 83 21
59 51 60 55
81 18 85 19
83 8 92 15
68 43 91 45
25 25 50 46
1 12 47 54
47 48 80 52
72 14 76 53
8 50 68 53
4 45 72 50
8 17 74 37
59 10 59 27
90 31 92 52
53 3 68 10
13 46 73 55
10 10 75 17
74 20 91 38
32 17 77 21
16 6 58 51
42 2 64 17
54 18 86 30
64 30 65 53
68 26 94 42
62 37 91 43
13 50 19 54
62 51 91 55
15 37 22 48
78 24 92 25
86 2 93 24
43 37 58 37
40 31 56 49
67 55 73 55
9 47 42 52
55 49 76 50
44 40 72 41
65 45 78 46
47 53 75 54
26 49 48 53
47 21 60 50
93 20 93 30
51 12 83 54
10 54 24 54
64 41 94 43
20 43 55 43
21 8 28 33
23 28 33 28
82 34 89 52
80 43 85 53
78 36 88 46
55 19 92 50
27 45 75 48
56 44 61 54
45 11 84 48
77 55 83 55
11 19 34 46
82 31 83 35
58 53 85 54
4 6 6 8
50 34 88 44
49 55 50 55
39 13 62 38
45 54 91 55
2 32 43 50
6 37 36 52
31 13 85 42
42 22 90 22
87 31 88 32
51 17 54 53
59 2 66 12
39 26 77 51
75 51 89 51
23 31 23 47
52 11 54 43
75 19 76 53
82 37 89 43
43 6 78 15
91 6 92 17
21 28 74 39
2 30 22 33
5 39 9 45
86 5 94 34
62 13 87 23
6 25 7 48
14 27 34 52
65 17 75 54
40 22 58 53
11 52 44 53
7 31 41 51
69 14 85 14
9 44 87 47
88 40 88 48
68 55 71 55
49 42 90 55
61 1 66 43
73 53 82 53
45 24 88 45
83 42 90 50
39 17 83 17
23 50 90 53
11 27 41 42
6 14 40 16
17 49 55 52
76 15 78 51
83 20 92 49
7 30 66 46
73 47 78 47
67 12 78 34
46 30 66 53
18 34 26 38
27 21 63 47
79 29 88 29
5 17 57 17
48 50 55 50
94 41 94 55
42 29 47 55
44 35 79 40
60 8 60 38
70 14 91 53
37 6 37 41
51 22 84 44
70 38 90 51
11 18 81 50
22 37 81 49
5 50 87 55
34 35 71 55
59 18 71 28
92 33 93 35
13 4 80 21
39 35 75 44
3 37 28 40
50 45 73 52
87 7 92 27
6 27 89 54
34 30 83 35
26 19 67 45
58 28 72 39
10 29 80 51
72 53 83 53
75 42 85 42
25 10 92 25
10 15 15 49
72 13 74 18
86 54 93 55
54 8 57 19
52 15 81 22
81 12 81 15
11 49 51 52
46 2 62 45
86 41 86 41
13 28 94 28
77 54 86 55
15 12 43 19
41 45 75 53
55 49 94 51
28 11 33 41
36 44 92 45
24 6 78 50
47 15 74 27
7 19 19 44
84 27 91 30
73 50 74 54
62 11 91 30
83 38 90 40
83 54 94 55
91 11 92 20
3 1 17 37
64 31 90 37
48 6 63 12
57 35 78 46
94 21 94 32
3 54 56 54
12 42 17 51
21 8 63 32
52 23 70 52
74 46 91 51
57 37 92 43
28 5 35 37
14 35 58 35
34 30 55 52
75 7 81 7
75 17 91 18
80 18 92 36
64 22 84 29
16 9 63 50
84 55 89 55
74 10 85 35
37 47 45 50
60 2 62 29
7 39 23 49
93 49 93 53
79 32 87 45
25 47 86 49
35 15 76 38
20 41 60 50
2 21 66 25
75 11 81 51
17 24 21 44
58 18 69 53
64 10 86 33
92 16 93 30
52 6 77 28
36 17 81 48
85 44 85 45
32 8 36 45
19 50 85 53
88 40 92 48
31 52 76 52
39 44 46 44
36 27 53 36
38 32 49 54
57 55 67 55
55 30 58 51
51 3 69 15
71 54 92 54
10 52 37 53
62 52 82 54
7 34 86 41
74 34 75 36
1 21 76 55
23 36 80 44
3 13 77 37
19 19 76 33
74 15 91 51
61 1 74 5
69 6 87 18
61 22 75 22
42 22 79 53
41 17 54 25
12 38 72 53
49 45 51 45
53 5 87 46
71 15 85 17
37 1 76 30
39 44 52 47
79 47 82 49
19 3 65 7
58 37 62 39
34 37 54 54
32 54 71 55
44 42 62 45
60 38 86 43
57 17 75 46
11 30 91 53
49 49 61 53
32 7 67 15
60 25 91 54
90 42 93 54
22 43 34 43
72 41 73 55
88 15 93 48
83 31 89 42
80 31 87 32
88 37 90 52
79 36 87 40
11 39 42 43
28 46 67 53
37 7 88 46
18 38 41 46
91 7 92 17
89 35 92 53
86 53 92 54
24 28 56 40
87 53 92 54
39 6 58 9
78 8 79 36
71 18 87 35
54 40 67 41
64 45 79 47
60 20 76 36
6 16 56 42
11 36 39 50
43 28 62 53
30 50 52 53
3 8 4 14
18 44 94 48
27 7 47 10
18 39 39 54
61 20 72 36
11 24 48 48
73 9 82 49
65 42 76 51
1 43 79 48
15 30 62 52
27 28 76 52
32 20 36 37
8 47 83 55
60 17 84 34
74 2 92 18
91 42 91 54
8 9 68 51
44 41 54 54
36 3 72 36
11 34 41 50
31 55 85 55
3 32 33 43
90 48 93 50
23 44 65 47
68 17 74 22
24 38 55 54
93 7 94 18
63 11 70 34
34 13 90 51
41 49 51 53
37 37 74 39
78 15 91 55
30 52 36 55
41 16 79 35
53 26 90 30
11 36 36 37
48 35 55 48
29 47 56 55
89 35 91 54
44 10 62 10
25 5 30 31
62 15 78 21
8 49 92 49
59 14 84 16
56 2 93 45
66 8 93 17
41 2 83 24
57 9 76 34
11 1 25 15
83 22 92 39
56 49 72 53
9 7 93 20
66 37 68 54
61 34 63 36
76 46 80 49
46 28 63 46
52 22 72 29
30 43 41 46
10 32 92 37
31 36 31 48
16 52 30 53
76 38 89 52
52 39 94 43
58 17 81 17
75 48 87 53
16 51 16 51
37 18 47 29
13 44 18 48
29 33 60 50
21 48 65 48
72 21 92 51
35 25 85 49
62 32 91 49
66 21 70 43
43 21 71 45
89 31 92 51
38 27 58 28
27 38 49 39
8 2 32 27
53 52 68 54
1 41 30 46
51 41 59 50
72 24 88 33
26 31 51 50
15 38 56 48
48 15 89 23
32 11 65 34
15 2 41 9
92 29 92 45
22 52 39 52
41 10 81 43
8 51 85 53
56 8 88 48
11 34 52 40
83 40 93 48
94 3 94 29
51 49 83 55
72 55 81 55
45 4 67 20
50 29 73 30
30 54 73 55
75 2 83 6
50 37 60 44
88 6 92 52
54 23 77 32
70 25 72 27
24 25 83 36
34 54 63 55
4 18 75 47
90 5 92 33
76 29 93 52
11 16 61 49
92 54 92 55
60 15 60 45
12 54 92 54
32 54 76 55
51 27 80 41
80 40 82 42
87 9 94 20
78 39 85 53
3 2 28 52
91 3 93 20
94 30 94 41
32 49 33 54
24 18 29 19
22 2 85 49
19 24 31 55
56 47 72 52
10 32 66 44
33 52 55 53
54 54 68 55
44 29 92 53
54 43 92 49
42 16 70 16
70 46 74 51
5 12 55 45
54 49 76 55
86 6 94 27
7 18 54 22
56 28 81 35
32 46 90 54
76 3 80 18
91 23 91 27
29 50 74 55
53 12 57 35
31 43 91 44
84 44 85 51
45 16 55 52
16 25 29 53
54 7 79 30
23 32 72 40
39 44 40 51
57 27 93 31
25 39 60 48
44 39 48 39
27 14 91 22
43 49 52 49
12 10 40 48
92 24 92 33
86 18 92 27
94 35 94 51
28 28 57 41
92 6 93 30
65 47 74 48
31 41 42 44
24 12 44 37
19 36 56 54
40 12 91 34
19 42 49 55
31 24 59 24
1 41 62 53
3 42 69 47
6 26 28 26
75 34 79 46
92 26 94 50
79 21 87 37
51 50 71 50
88 42 94 54
28 10 34 26
57 45 62 50
83 21 88 33
8 44 19 46
83 32 93 41
50 50 81 50
7 49 17 49
1 2 31 49
35 9 62 55
89 50 92 50
19 45 41 45
37 26 41 55
4 15 11 55
56 19 76 29
55 3 93 24
61 23 89 44
44 29 64 48
23 53 39 53
36 36 76 46
4 31 9 41
73 3 91 5
13 46 27 53
79 50 86 53
89 20 90 52
94 4 94 40
43 26 67 34
90 53 93 54
80 17 89 31
74 14 77 41
51 47 80 49
12 54 30 54
83 25 91 55
44 15 54 31
80 35 92 35
84 38 94 49
65 9 86 17
34 49 51 53
87 48 88 49
2 26 31 38
5 55 62 55
60 43 84 52
2 50 78 55
35 40 82 53
72 12 75 12
71 8 93 50
84 13 86 30
50 49 67 49
57 34 85 43
6 4 21 40
38 18 91 31
11 33 90 34
46 29 70 33
71 4 82 5
26 19 86 25
64 54 64 54
53 3 93 55
91 15 91 26
40 2 87 40
4 15 26 43
15 41 70 55
73 24 78 55
75 51 88 54
80 15 81 30
73 27 75 29
77 7 94 20
20 24 40 54
9 33 52 48
3 50 64 55
92 38 93 38
76 12 84 25
86 27 86 42
18 10 59 40
87 38 90 41
54 51 82 52
91 2 91 36
7 5 8 21
46 2 61 37
22 19 51 47
34 24 68 27
54 17 64 25
88 48 94 49
18 17 90 49
92 41 93 53
29 49 78 51
38 13 39 43
29 36 70 50
2 12 77 37
19 18 30 21
24 46 85 50
12 12 67 49
44 20 69 27
29 42 46 46
38 21 41 55
17 54 67 55
7 28 83 50
54 53 71 55
93 7 93 17
75 32 92 38
2 16 73 16
47 9 85 39
22 25 87 28
61 37 66 37
33 53 48 54
88 37 89 55
22 31 55 34
57 20 85 39
25 36 78 39
57 2 57 43
76 55 91 55
16 12 89 23
61 25 71 35
71 23 75 23
80 51 87 53
65 30 81 54
7 5 89 10
53 28 83 49
68 24 92 32
14 41 18 47
38 54 69 55
48 36 50 49
27 2 35 44
37 16 94 25
15 51 80 52
20 39 46 40
12 6 88 44
51 5 90 14
82 5 90 11
5 5 31 44
61 50 85 50
49 52 77 55
21 42 64 42
36 55 84 55
51 40 73 55
40 10 83 41
23 52 43 54
64 44 93 53
55 17 77 18
75 38 85 52
1 9 85 15
18 43 53 46
47 25 72 48
72 20 90 32
70 40 70 51
74 50 75 53
68 13 86 44
85 20 94 29
64 26 80 54
35 40 41 54
38 35 53 45
87 22 92 48
71 1 80 48
22 17 68 26
6 30 40 48
65 34 85 47
43 10 51 16
61 4 85 34
5 34 68 50
23 45 63 45
68 38 89 49
80 48 94 53
67 28 88 41
60 38 79 42
22 50 59 54
36 25 44 33
85 28 93 53
13 37 17 48
87 21 89 34
4 29 10 48
54 26 69 52
76 55 78 55
83 42 86 46
61 55 66 55
38 33 71 38
8 43 77 52
72 45 89 47
20 21 72 21
77 5 93 36
68 7 73 12
5 17 21 36
15 11 92 44
5 40 75 43
34 43 91 49
79 52 88 53
74 15 94 28
25 49 38 51
24 9 80 50
3 33 26 33
12 11 93 13
29 16 43 25
89 50 92 53
67 40 87 45
54 16 75 34
23 26 31 48
30 34 63 54
41 21 88 32
34 24 41 25
66 16 91 54
62 27 78 29
38 5 53 6
19 46 22 51
20 21 58 50
26 37 93 55
83 45 91 47
42 43 43 47
84 45 84 45
10 25 13 39
85 40 89 42
29 10 29 48
93 45 93 50
90 26 90 52
60 55 72 55
78 49 93 49
55 52 86 54
87 8 87 54
65 35 84 54
10 41 80 44
41 50 92 50
68 4 91 28
55 44 73 52
90 18 94 42
16 5 23 22
65 24 92 35
44 55 87 55
79 24 91 43
55 10 69 22
17 14 85 39
3 33 88 51
22 15 72 34
50 20 58 51
9 16 83 24
36 42 44 50
37 21 63 35
25 43 74 49
19 48 38 49
41 32 42 44
88 26 89 47
27 32 58 45
90 24 93 52
57 4 81 16
74 53 93 53
73 26 90 33
55 42 76 54
18 53 27 54
18 22 82 44
30 40 46 54
20 6 81 13
16 9 71 31
58 30 83 34
92 32 94 46
15 30 28 31
65 11 86 48
19 7 32 51
77 23 87 45
87 54 93 55
60 6 69 24
50 30 69 45
55 43 64 49
15 46 88 49
8 48 48 51
87 47 88 49
54 35 63 48
44 28 88 55
55 36 85 41
57 7 78 54
16 44 43 52
37 19 62 38
16 21 61 43
51 31 69 34
48 6 53 7
92 8 93 44
76 23 86 38
31 41 76 46
71 55 93 55
85 30 91 53
81 35 91 46
36 50 82 52
60 39 70 43
79 40 83 44
2 17 25 51
9 42 75 53
61 19 63 21
77 39 92 55
13 24 69 50
68 55 69 55
89 18 91 52
15 53 90 53
7 8 79 48
21 26 87 28
50 26 63 38
16 4 52 42
65 43 86 49
47 24 68 44
15 4 63 18
77 49 94 54
89 43 89 43
33 39 91 47
31 21 55 25
64 18 88 22
76 6 81 21
78 36 86 42
34 38 73 46
92 49 92 53
9 32 16 43
18 2 50 8
83 46 85 47
59 33 59 47
52 23 62 32
28 19 33 38
20 12 76 37
34 14 86 41
39 4 50 32
85 42 86 51
4 11 66 54
36 2 66 24
43 18 46 52
25 3 33 32
4 8 29 11
61 25 85 36
85 54 87 54
81 4 85 31
92 49 93 51
54 6 61 18
78 48 84 51
21 47 71 50
1 8 87 20
10 36 89 45
63 44 69 47
34 1 37 54
12 34 34 44
83 35 83 41
94 9 94 45
46 42 82 53
17 40 81 44
66 14 86 52
83 41 87 50
74 34 77 55
13 33 36 46
38 48 53 48
73 14 91 14
19 15 77 33
51 31 55 45
55 54 87 54
7 45 70 47
79 34 79 37
59 18 70 26
90 42 92 50
23 32 69 33
73 44 76 51
43 45 70 45
91 20 92 40
2 8 3 43
4 11 21 34
26 46 37 52
87 43 90 47
65 47 75 50
67 41 81 51
61 17 78 42
71 6 94 12
76 30 78 33
8 21 11 39
47 20 75 20
59 5 91 55
68 30 79 49
83 47 94 52
67 34 79 35
82 45 85 46
24 18 80 47
27 53 80 55
57 53 79 53
26 25 45 45
50 11 85 46
35 7 59 34
13 27 90 54
38 15 62 27
43 12 71 21
77 42 94 50
88 5 93 7
21 29 23 46
83 29 87 43
48 5 52 17
57 1 74 3
83 39 88 50
23 31 84 39
31 50 81 52
30 18 30 25
43 15 49 26
84 23 86 24
2 15 17 44
56 14 93 25
88 4 91 35
6 20 59 52
22 48 30 55
10 19 27 55
46 19 68 22
34 34 86 44
40 8 80 17
50 24 72 37
8 15 70 19
56 52 93 52
94 13 94 16
83 27 83 46
45 55 69 55
29 6 67 20
33 2 72 33
43 30 49 41
89 5 94 31
34 12 91 16
62 9 70 22
87 45 90 51
15 37 63 44
42 2 72 53
43 11 77 11
8 7 30 51
79 1 85 10
57 41 91 51
32 6 73 51
30 17 43 39
4 32 82 48
7 3 39 48
38 45 92 45
44 52 72 52
37 38 86 40
94 55 94 55
76 49 88 55
45 53 94 54
48 47 73 54
40 53 43 53
51 47 73 50
77 28 79 40
18 2 41 20
29 55 89 55
31 11 88 34
12 53 55 54
57 5 78 16
32 53 64 54
17 21 94 24
34 13 58 32
34 43 80 46
18 32 80 35
58 52 64 52
67 32 75 38
92 19 93 39
30 12 49 53
16 26 62 52
51 42 78 46
5 24 86 26
72 2 92 14
12 31 88 55
6 12 49 43
20 9 39 17
92 27 94 41
40 32 63 47
46 35 49 37
38 20 77 29
63 13 87 39
35 55 74 55
23 28 62 40
81 55 90 55
34 29 52 54
79 9 90 24
89 36 92 46
50 8 76 16
14 25 65 54
71 35 80 40
60 6 67 46
66 18 86 47
57 44 81 45
8 10 40 47
70 12 71 54
59 8 78 15
33 22 78 37
50 39 55 44
72 55 84 55
56 45 67 52
56 19 75 44
6 32 74 42
15 26 66 47
93 53 93 54
56 31 79 35
43 55 71 55
78 1 81 17
87 24 87 29
57 54 85 54
6 5 37 41
37 16 76 47
71 48 77 49
71 46 85 52
41 17 43 50
48 27 65 36
5 33 54 50
62 49 90 54
10 46 64 47
86 30 90 53
70 17 77 51
60 29 85 38
46 46 75 46
70 8 90 45
88 9 93 10
79 48 89 49
24 11 59 15
78 33 91 37
66 24 88 48
29 34 46 52
4 3 71 52
13 51 17 52
63 40 94 44
82 4 94 35
39 15 60 17
46 27 86 46
31 31 68 52
77 35 93 53
72 5 81 49
36 47 78 48
35 16 59 26
45 32 57 44
79 27 84 49
17 51 36 53
52 30 68 44
64 55 87 55
13 17 60 23
37 33 83 33
56 14 71 23
48 21 76 44
87 12 89 32
9 13 82 49
60 2 74 7
5 44 22 55
69 38 78 41
54 24 94 26
63 7 92 52
52 2 56 5
92 35 93 48
23 27 34 33
31 45 49 51
29 10 79 43
65 33 73 50
60 54 66 55
81 7 82 31
66 22 83 46
54 34 74 52
32 37 36 44
11 40 56 52
16 16 69 53
53 44 66 49
5 20 62 40
76 34 91 35
66 24 85 27
13 34 55 41
6 25 89 49
17 46 55 51
34 50 80 52
71 15 91 39
12 13 81 54
72 20 90 29
77 50 87 50
76 51 82 52
21 45 40 47
55 10 78 45
77 2 91 33
62 8 65 17
20 47 66 54
5 32 49 54
55 3 64 51
55 6 66 28
3 11 5 23
64 36 93 46
70 43 75 45
31 1 42 37
73 7 94 22
76 48 87 55
24 41 49 50
89 28 89 47
31 50 47 52
83 23 93 39
72 16 91 33
79 42 90 46
81 33 91 46
38 1 55 43
11 54 75 55
21 34 61 47
22 6 32 36
70 38 84 38
64 51 78 51
79 45 94 55
93 30 94 42
13 35 65 53
27 41 78 44
54 30 83 50
78 44 94 44
67 34 69 39
66 24 83 55
44 3 71 11
18 48 37 48
34 21 67 47
38 23 44 31
45 45 61 53
4 20 14 24
47 3 61 14
70 43 86 48
55 32 55 38
12 27 75 31
86 52 94 55
30 43 83 45
55 2 71 48
30 45 56 45
85 53 88 55
45 50 48 53
86 39 94 46
67 8 69 14
79 50 85 52
68 32 85 35
81 44 86 55
30 16 86 21
37 24 56 37
19 38 23 43
82 40 87 40
40 44 42 44
89 7 91 14
67 25 87 47
31 44 90 47
25 18 83 46
17 24 36 29
47 45 58 52
3 39 20 44
26 2 65 19
74 22 87 55
11 41 44 41
25 10 30 34
26 52 27 55
16 26 43 32
66 37 93 55
13 49 94 54
1 35 41 44
41 10 75 10
16 47 20 53
6 14 20 39
20 30 55 41
7 18 47 40
58 47 65 54
63 33 82 37
63 53 80 55
19 48 88 52
91 41 91 49
52 11 57 27
65 30 94 50
88 13 91 17
7 43 50 50
90 25 93 50
93 12 94 12
88 42 88 52
75 52 76 54
4 55 17 55
85 25 91 27
1 47 17 54
77 25 85 46
88 16 88 27
5 49 35 52
33 15 53 29
90 5 91 55
43 2 90 50
78 39 82 40
49 19 89 37
37 14 72 21
86 24 90 27
72 44 77 51
41 19 93 42
82 47 85 48
25 7 38 47
33 54 77 54
7 51 20 55
94 12 94 20
56 39 82 55
11 9 15 44
30 32 84 37
12 1 42 43
14 20 50 46
7 45 37 49
45 1 62 18
64 24 69 38
36 10 69 42
77 11 85 28
6 12 87 55
59 23 61 38
65 53 73 54
2 7 86 39
89 27 90 36
92 32 93 40
23 18 64 44
41 55 66 55
63 8 90 25
87 17 88 25
32 52 58 54
83 47 86 47
6 47 71 48
29 19 33 27
56 15 76 18
14 29 73 33
28 8 36 45
53 14 77 42
35 19 73 36
30 48 61 48
87 55 92 55
37 8 40 8
85 49 92 54
23 28 81 39
14 26 38 45
7 38 47 48
46 30 77 36
19 31 71 52
80 7 80 8
34 2 74 17
38 11 56 44
44 36 47 36
91 30 94 37
41 9 58 30
9 14 87 15
22 12 31 30
75 26 76 35
25 34 90 49
61 22 78 33
19 40 94 44
60 25 60 31
44 5 82 31
68 35 80 54
65 3 77 32
83 18 84 29
62 50 73 55
92 9 93 55
89 49 93 49
8 1 21 1
5 51 74 55
84 33 87 53
34 48 60 49
73 49 77 52
9 7 85 38
73 8 82 17
83 9 88 28
41 25 56 45
60 25 69 26
56 24 62 30
24 10 67 43
57 24 62 41
74 23 78 27
59 6 69 23
69 20 85 32
21 12 35 14
25 37 75 37
76 42 94 46
87 47 89 53
53 25 59 35
23 52 64 55
12 25 56 36
29 52 57 53
6 9 92 46
27 29 28 33
50 39 56 43
69 38 76 53
44 39 84 51
94 12 94 26
64 18 65 48
58 38 71 39
7 52 8 53
25 4 37 21
89 22 89 44
77 14 84 17
83 19 94 34
22 20 56 47
4 13 85 45
2 34 93 35
67 32 77 47
45 35 66 45
29 34 35 38
64 19 75 33
54 2 91 4
15 32 59 36
39 49 61 55
50 25 75 52
50 19 88 55
71 30 80 43
85 30 90 53
92 24 94 43
43 28 86 53
62 19 78 45
19 36 32 52
89 31 94 55
19 15 26 20
17 53 74 54
6 12 92 15
84 8 87 40
55 44 56 53
38 5 79 47
27 4 78 24
29 7 40 12
73 45 87 45
21 26 76 26
42 28 73 55
68 27 84 35
55 37 63 55
9 32 32 43
5 10 90 43
64 35 64 41
68 26 94 47
39 41 94 50
17 26 27 28
76 26 77 50
1 19 43 44
91 16 94 25
21 25 82 38
67 39 74 42
44 29 46 34
71 45 88 47
84 30 93 36
18 45 55 51
67 13 73 53
24 27 80 28
78 26 82 39
51 35 64 50
17 23 39 31
26 6 93 47
91 47 91 50
24 21 31 51
56 52 91 54
31 19 88 54
61 18 73 36
50 4 88 41
92 6 92 14
45 2 74 49
62 22 69 48
78 23 84 47
15 26 88 55
61 38 78 43
78 39 92 40
4 8 17 55
18 4 77 16
2 21 68 42
7 40 70 45
81 49 85 52
28 14 49 50
24 15 42 54
3 50 91 52
84 12 87 12
33 49 34 51
72 20 78 37
12 38 79 46
61 12 82 24
89 54 90 55
77 34 84 40
18 12 23 55
1 51 45 53
48 28 48 30
81 9 88 16
39 5 49 29
42 42 88 53
55 14 59 52
85 15 91 55
93 52 94 53
3 4 41 31
60 14 79 17
89 40 91 52
37 5 57 32
91 37 92 37
11 33 68 52
24 55 33 55
84 10 93 46
74 53 75 53
15 10 47 10
43 55 74 55
28 18 94 47
47 53 80 54
46 36 62 38
64 37 85 54
46 26 79 42
13 28 68 35
35 16 76 25
30 19 64 47
53 31 94 49
20 26 52 46
71 44 86 49
50 47 83 51
9 15 17 42
42 46 42 51
6 25 29 25
38 27 73 54
33 2 70 41
59 5 85 40
37 53 89 54
40 6 42 26
93 40 93 41
86 52 88 53
9 25 54 53
15 25 22 44
48 30 58 33
23 7 37 44
77 6 85 47
64 1 71 55
7 7 66 44
72 32 94 33
59 21 70 35
76 5 78 30
24 7 84 28
46 35 67 55
21 41 55 53
60 39 80 48
90 26 92 53
25 10 69 43
18 40 27 42
82 36 94 44
86 14 88 30
14 22 34 23
63 43 65 53
38 26 62 50
64 31 87 34
72 24 73 46
69 38 79 43
53 12 82 15
29 45 89 52
49 36 78 54
64 2 89 54
84 19 94 33
67 26 78 37
34 9 63 15
15 52 68 54
79 43 85 48
21 44 42 54
36 16 83 47
81 1 88 32
9 11 78 19
36 46 68 49
30 32 93 40
46 21 54 33
15 23 86 28
56 4 62 29
38 47 39 54
50 40 67 40
77 11 79 24
68 35 77 54
74 53 93 54
42 54 84 54
62 41 89 41
5 9 58 51
23 18 90 29
79 36 88 38
75 1 80 5
63 50 89 51
22 41 85 51
71 19 93 19
82 23 93 26
76 43 80 45
36 16 40 22
89 25 89 50
8 53 61 54
20 19 71 46
3 7 22 18
52 10 68 10
81 43 82 50
63 18 82 35
13 42 75 52
47 46 83 47
82 18 91 52
47 13 58 29
8 53 38 54
26 48 79 54
14 7 46 34
10 51 67 54
30 17 90 22
39 47 40 53
35 24 38 29
56 41 81 50
49 16 75 39
3 12 89 21
62 45 67 46
11 17 27 21
26 48 41 54
15 52 83 54
29 3 74 30
68 3 71 9
66 37 76 49
66 50 88 52
39 19 57 35
40 29 69 43
76 20 85 29
50 35 86 51
81 16 87 33
58 51 93 51
24 19 69 32
87 21 92 41
20 11 26 38
26 12 35 52
83 48 85 52
27 36 68 41
18 53 41 54
83 39 88 51
89 54 93 55
76 5 89 10
7 8 66 53
37 53 52 55
49 45 89 52
60 34 65 38
27 19 44 50
51 38 66 46
46 43 47 54
59 30 89 53
38 48 57 49
30 50 57 51
46 36 56 36
29 12 40 22
68 3 69 5
54 3 59 34
34 36 93 40
54 28 93 34
42 36 68 36
2 26 5 48
90 53 93 54
21 30 54 39
9 15 83 43
94 17 94 30
89 15 94 55
65 43 81 50
4 15 56 42
83 24 85 31
6 17 15 46
43 43 68 54
77 10 92 55
8 39 14 42
55 20 88 52
47 34 87 45
2 16 57 16
89 46 91 52
55 32 74 48
89 34 92 35
86 30 93 34
83 34 93 48
11 2 72 37
24 20 57 25
84 32 94 32
1 47 22 54
13 27 43 47
17 50 28 50
1 52 38 54
83 2 89 27
32 15 59 16
25 11 41 47
73 13 81 20
72 20 93 54
29 12 56 36
86 35 94 54
10 48 94 50
14 19 20 53
82 53 83 55
76 13 81 24
38 45 54 52
94 44 94 53
57 40 57 41
13 18 61 23
44 36 90 53
21 3 54 40
79 49 87 50
69 44 91 48
83 42 86 42
31 20 81 52
21 17 94 39
16 4 84 12
46 54 54 55
41 25 74 43
82 54 94 55
78 49 82 55
22 37 67 50
43 29 68 48
9 3 55 14
35 34 91 44
7 52 38 52
60 11 64 33
28 51 33 51
81 17 88 32
35 19 47 35
9 10 45 46
55 24 88 52
87 1 90 17
34 42 89 45
57 1 93 31
41 40 83 53
46 31 82 43
32 44 58 53
58 50 83 50
73 52 92 54
43 51 66 55
24 5 39 38
92 45 93 45
59 13 85 26
28 5 59 20
81 24 82 48
27 14 86 32
42 5 63 45
15 47 87 50
61 15 72 44
39 46 63 49
51 8 63 55
81 29 94 34
23 12 93 55
18 12 48 43
62 6 82 43
17 5 56 44
32 40 60 50
49 22 61 43
62 41 93 53
68 45 74 50
38 38 48 39
35 44 86 53
49 38 93 39
50 1 80 41
66 42 81 49
21 8 50 43
58 48 88 55
7 17 22 38
24 8 29 30
91 8 92 35
86 51 87 54
79 50 83 50
33 29 47 54
44 40 81 41
65 26 94 29
62 9 72 52
58 12 65 34
22 9 45 13
82 43 89 54
16 29 50 38
23 43 94 50
10 16 72 53
34 34 73 49
53 20 84 29
87 6 94 24
81 25 85 37
41 19 71 28
79 23 85 28
81 34 87 52
29 12 55 29
3 42 47 50
60 43 94 47
43 10 51 23
67 50 88 53
42 45 68 46
47 53 62 54
29 39 49 45
53 15 89 41
22 46 49 49
13 2 40 50
44 54 47 55
76 34 93 38
83 23 94 52
89 31 90 36
57 14 58 46
27 34 30 48
53 49 75 51
87 7 93 15
73 19 76 38
22 12 56 52
92 47 94 55
67 2 79 23
41 31 88 51
10 40 37 55
78 53 86 54
52 1 86 9
25 7 71 27
80 4 94 17
91 27 93 36
47 30 72 34
27 10 36 25
92 4 94 12
61 25 82 31
69 29 86 37
94 47 94 49
44 44 58 49
72 17 82 18
8 34 12 34
21 5 91 5
55 24 62 32
83 34 90 37
94 43 94 48
50 5 52 42
63 3 91 48
85 9 86 9
77 45 78 45
42 54 45 54
32 36 69 47
1 26 16 47
19 39 56 51
12 40 56 47
4 9 25 49
93 48 94 51
76 14 82 44
68 43 71 47
74 7 90 39
85 49 88 49
62 43 93 48
15 23 76 50
16 24 70 50
4 47 8 47
11 39 82 51
70 2 73 35
61 10 79 25
49 51 90 53
35 41 55 46
29 25 59 55
22 9 48 54
58 52 65 53
15 48 65 51
85 34 86 54
30 3 32 35
78 21 91 36
28 41 44 49
74 5 89 27
53 40 64 44
92 55 93 55
71 6 81 40
1 11 15 52
59 19 83 23
39 7 84 25
2 47 76 52
37 6 45 25
62 12 89 55
89 26 89 47
75 53 83 53
32 31 44 46
38 47 65 50
74 23 88 42
37 22 77 52
93 22 93 30
31 5 32 26
27 17 42 27
31 50 73 54
28 28 91 33
44 11 74 54
89 26 93 53
20 11 90 15
90 29 91 50
4 18 76 29
37 36 84 49
24 15 56 44
10 52 63 54
84 48 93 53
75 25 77 29
67 23 79 23
3 43 38 45
50 18 56 20
46 47 66 50
77 7 92 55
5 45 70 46
51 5 89 28
42 38 58 45
28 35 64 52
12 5 72 46
85 17 87 21
52 45 59 54
18 52 94 55
81 9 88 49
80 19 89 38
33 35 76 47
9 9 16 9
57 24 87 51
72 13 80 37
57 54 76 54
25 22 44 50
83 48 94 50
74 6 94 22
47 51 94 53
26 6 65 55
5 55 71 55
66 40 67 43
91 41 91 53
89 30 91 48
20 6 77 55
82 26 89 45
56 30 74 30
81 25 93 43
7 13 9 14
53 5 89 30
69 8 73 36
35 42 75 48
52 36 60 55
86 17 94 30
16 12 89 20
77 42 78 54
27 46 45 51
45 9 77 29
30 26 43 28
51 19 86 52
49 46 84 54
33 47 49 50
76 50 77 51
26 15 51 45
15 50 30 50
37 45 81 52
46 44 70 46
91 25 91 32
94 43 94 54
43 34 57 39
89 31 92 38
91 44 91 54
48 39 50 44
3 35 53 39
6 46 91 50
50 54 65 55
81 43 89 54
76 8 76 25
21 31 79 33
10 38 21 55
77 50 88 51
94 45 94 47
34 43 79 51
79 27 84 52
12 41 34 41
89 17 93 35
16 25 51 29
71 3 89 37
80 16 91 32
41 49 92 53
82 14 84 33
54 53 65 54
23 5 65 7
45 12 52 19
1 17 57 51
68 27 84 47
53 44 83 53
65 26 70 35
45 51 90 51
77 46 90 51
86 20 93 34
14 21 21 42
9 31 57 42
89 10 94 40
71 12 71 34
41 35 68 45
6 41 16 51
87 27 88 31
57 16 81 46
33 20 69 50
44 40 54 52
70 22 74 51
33 28 33 42
46 16 93 23
18 16 23 49
87 55 92 55
75 50 91 54
88 23 90 23
90 17 92 51
24 54 24 55
68 19 70 21
43 33 86 51
67 12 94 38
15 28 54 28
76 20 84 25
29 3 49 26
24 31 55 31
49 30 80 54
15 4 68 20
70 51 75 54
1 36 57 55
81 42 92 43
77 2 77 47
33 53 41 54
52 32 94 55
88 7 89 49
29 22 91 30
91 29 94 29
30 53 32 54
22 14 48 51
73 47 88 52
17 35 74 38
30 38 37 44
17 21 74 55
35 23 50 33
55 8 84 42
75 36 75 38
3 42 73 52
68 41 69 46
35 5 77 9
70 21 90 52
28 28 29 42
25 2 39 24
28 3 56 15
75 15 91 42
34 22 71 29
78 20 78 46
13 28 42 52
42 39 70 40
57 38 69 44
68 16 72 32
17 52 61 55
10 42 39 45
69 22 71 27
1 2 64 51
21 51 67 53
32 46 34 54
54 35 73 47
18 16 22 39
43 14 69 28
47 1 51 8
19 25 32 48
80 37 88 38
69 24 79 30
53 30 58 50
37 1 40 33
77 36 77 49
92 22 93 41
94 13 94 54
71 38 82 42
50 47 75 48
3 23 19 46
52 29 72 46
33 48 61 50
80 24 81 50
10 14 70 38
43 47 80 48
45 40 51 42
62 43 93 52
22 27 34 53
67 12 76 23
70 6 71 45
20 49 67 49
26 25 52 29
68 54 87 54
21 28 54 31
8 5 53 45
2 28 70 51
58 37 69 48
73 24 86 44
19 16 80 51
86 55 91 55
7 53 83 55
72 19 89 50
28 11 80 48
59 43 79 45
32 35 53 41
22 54 23 54
91 18 92 34
60 28 74 35
74 29 93 47
13 8 83 22
7 43 35 52
84 37 88 40
84 34 85 43
9 52 48 55
29 13 89 27
18 16 80 54
38 4 70 15
94 19 94 26
31 38 66 43
52 26 87 32
68 17 82 43
42 31 54 36
62 23 84 48
18 24 78 40
9 13 49 48
55 17 93 32
1 5 21 8
27 44 81 50
90 41 91 43
93 39 94 49
34 23 84 47
14 14 31 22
59 41 94 49
77 42 80 48
31 49 41 55
26 15 51 41
81 1 87 42
24 55 34 55
93 30 93 39
39 29 91 48
17 25 56 31
17 25 52 46
37 32 52 41
75 18 75 27
49 43 70 48
28 47 38 49
16 18 40 55
30 22 77 36
34 55 66 55
79 31 85 38
11 43 17 46
16 8 67 27
81 33 87 40
75 6 82 33
4 2 15 51
41 18 92 55
32 6 42 25
85 36 94 55
47 53 54 55
22 47 74 53
26 41 36 41
42 3 80 50
33 9 34 31
44 34 66 53
12 26 43 33
64 11 80 45
87 11 93 44
