18 4 77
....
.X..
.X..
....
....
S.X.
..X.
...X
...X
....
....
....
...X
..X.
....
X...
....
....
2 2 15 2
7 3 18 3
7 2 15 4
15 2 15 4
9 3 12 4
6 4 18 4
3 4 6 4
11 4 14 4
12 3 18 4
8 2 18 3
11 1 15 3
17 4 17 4
11 2 14 4
17 2 18 4
7 1 11 1
5 2 6 3
7 2 18 4
7 4 18 4
16 1 16 4
2 1 4 3
9 1 17 4
3 3 18 3
4 1 8 3
5 2 9 3
7 3 11 4
15 3 18 4
17 4 17 4
4 4 15 4
18 1 18 1
8 1 18 1
16 3 17 3
14 4 17 4
18 2 18 3
5 1 5 1
7 1 18 4
11 1 13 1
1 3 7 3
16 2 17 2
18 3 18 3
5 4 16 4
1 4 1 4
7 1 8 4
7 4 16 4
16 1 18 1
18 4 18 4
6 1 18 4
6 1 18 1
10 3 11 3
8 4 14 4
7 3 17 4
2 2 15 4
6 3 7 3
4 3 5 3
11 2 14 2
1 2 14 4
12 4 15 4
2 2 18 2
16 3 17 4
8 2 12 3
17 3 17 4
9 1 9 1
10 2 17 3
13 1 16 1
10 3 17 4
8 3 9 3
4 2 8 3
11 4 18 4
15 1 18 3
17 4 17 4
18 4 18 4
16 2 18 3
8 4 12 4
6 1 16 3
2 3 10 3
12 4 16 4
1 1 14 4
1 2 4 4
