46 44 4823
X..X..X.......X....XX.....X...X.X..X.X.X....
X..X...X................X...................
XX..X..X...X................X.X.X..X........
..X.X............X.X....X...........X.......
X........X..X...............X.....X....X....
.......XX.....................X.............
....XX.........X.....X.........X........X...
X......X................X.X.................
.X..XX..XX....X.X.XX.....X............X...X.
..........S..X..........X.........XX.X......
.........X...........X...X...X..X......X....
.XX..X........X.........X.X....X....X......X
..............XXX.X.......XX................
..XX..X....XXXX........X.........XX......XX.
.X.X....X....XX....X.........X......XX...X..
.....X........X..........X..XX.X.X...X..X...
X.X..................X..XX.XX..X...........X
..XX......X...XX....XX....X.X.X.......X..X..
...X.X....X......X.....X...............X...X
...........X......X.........X..X.....X....X.
X.X......X..X.X..X...X......................
X..........X.X....XX.....XX.X.....X.....X..X
......X..X..X...........X.....X.......X.....
..........................X.......X.........
......XX...X.....X......X..X................
.......X..X.X........X...X........X.....X...
....X.........X......X...........X.....X..X.
.....X...............X.......XX..X.........X
X......X......X.........X..........X.X.....X
.......X....X.....X...........XX..X........X
.X.......X....X.X.......X....XX.X..........X
...X..XX.X..........X..X..............X.....
..X........X....X......XX................X..
........X....XX..X...X.X.X.............X....
.X..........X......XX.........X...........X.
..X...................X.....X.X.......X.....
...X.XX......................X..............
.....X....X.X....X.X...X..........X...X.....
.....X.XX.............X...X.X.X.............
...X.................................XX..X..
X...........X...X.....X.X.X....XX....XX...X.
.X....X..................................X..
..............XX.X.......X...X.....XX...X...
.X..X.X...X.......................XX..XX....
...XX..X........................X...........
.....XX.............X...X.......X.XX.......X
42 17 45 36
23 15 38 22
10 25 40 29
3 23 12 26
43 20 45 31
43 42 45 42
32 20 34 25
22 40 35 43
41 33 45 38
44 23 46 28
31 18 34 24
30 18 40 34
41 38 43 43
21 36 39 43
18 10 32 21
20 1 41 35
12 25 29 30
30 34 35 40
36 18 40 41
3 12 35 42
14 31 46 32
9 25 9 34
5 8 7 16
27 1 39 13
15 35 38 38
29 9 42 16
20 17 28 21
4 18 24 20
9 11 9 18
1 13 33 24
6 13 25 31
24 28 45 36
6 17 28 26
36 14 37 32
44 4 45 32
11 22 43 25
24 18 46 26
11 25 21 25
24 14 32 31
3 6 20 28
15 6 46 44
20 35 43 42
38 42 44 42
5 38 15 38
39 9 42 27
43 27 44 38
37 1 44 32
40 7 45 24
40 7 43 40
19 16 46 33
36 43 41 44
5 17 24 21
37 35 40 36
25 41 39 41
27 4 28 27
10 4 16 4
37 18 38 22
37 15 41 24
29 12 37 16
15 16 22 17
3 20 40 31
26 42 39 44
5 18 43 26
45 44 45 44
15 21 36 27
41 6 45 23
17 23 18 42
13 29 14 43
45 25 46 29
32 35 43 41
6 23 8 35
16 39 29 41
24 3 31 4
14 24 46 37
11 42 37 44
3 14 7 23
21 25 46 40
18 26 42 36
22 20 22 22
30 22 32 40
10 33 26 37
30 6 36 23
7 5 27 28
19 6 33 39
10 8 24 22
8 33 19 33
5 20 27 39
35 32 46 42
30 38 34 41
27 34 46 43
35 10 42 19
29 18 44 36
26 26 28 30
24 4 33 18
18 7 22 40
7 1 32 19
35 37 46 44
14 10 18 35
35 35 42 41
44 28 44 42
20 12 39 26
44 29 45 36
10 17 44 38
37 13 37 42
35 33 42 33
14 9 20 27
43 39 44 41
24 34 41 34
29 24 35 27
12 38 32 42
33 19 34 36
17 4 20 39
15 23 40 43
3 35 34 37
5 18 17 19
33 31 40 36
39 36 39 36
10 10 17 29
25 4 44 43
11 35 37 38
17 5 41 20
13 5 23 22
28 20 29 34
6 8 16 32
40 32 42 41
11 37 25 38
43 16 44 38
41 5 46 6
7 22 11 40
45 2 45 22
22 30 44 39
16 23 45 34
29 14 36 15
7 3 34 8
6 43 42 44
1 2 43 20
23 10 28 31
24 2 37 39
36 19 40 41
11 22 35 30
33 4 34 7
25 1 44 25
34 10 42 36
41 39 42 40
39 13 43 20
24 13 43 14
7 39 16 42
1 24 37 33
28 13 39 30
23 26 28 38
8 24 10 37
24 3 36 34
23 32 31 42
37 24 43 28
3 31 37 41
15 38 44 42
8 33 29 42
31 42 44 43
22 41 36 44
8 2 31 33
30 42 32 42
10 13 42 18
8 34 36 41
10 6 39 40
46 5 46 13
19 14 42 18
14 13 21 13
20 24 38 41
38 23 43 38
30 31 39 43
4 43 31 43
22 10 38 11
13 4 27 12
33 16 42 22
27 21 32 25
7 13 45 44
41 39 46 40
19 3 41 17
6 9 41 36
12 37 38 39
9 14 31 41
3 42 46 43
4 16 27 25
31 30 41 32
2 27 22 43
1 18 10 35
45 17 46 35
8 20 33 23
18 15 36 27
44 23 46 31
23 34 24 39
38 42 39 44
8 22 33 43
3 29 41 33
10 33 12 33
12 25 16 32
35 32 39 42
32 16 33 36
8 31 12 32
31 22 32 25
45 36 45 39
10 39 22 41
35 8 42 19
42 42 46 44
36 27 41 44
38 40 40 43
38 16 46 30
27 12 31 35
20 1 29 15
26 17 44 28
46 26 46 41
4 42 38 42
42 42 45 42
14 27 43 31
10 27 21 31
2 38 8 42
24 22 46 43
23 13 45 20
34 8 39 27
10 6 10 28
26 21 35 28
28 41 35 43
22 15 40 29
8 11 19 24
9 42 46 43
40 17 40 28
43 20 44 34
1 16 35 36
41 14 45 21
29 38 43 41
24 21 46 39
12 7 38 37
11 25 11 27
32 4 41 16
12 44 14 44
29 38 37 44
46 15 46 39
32 15 45 31
19 42 32 44
42 43 44 43
18 36 43 36
11 18 29 39
23 23 33 42
4 31 27 43
14 15 18 30
18 3 32 41
18 31 22 38
18 13 21 41
35 29 35 29
1 20 36 29
39 6 45 22
31 8 38 20
44 26 44 40
21 18 38 25
40 35 44 41
34 31 46 44
7 38 31 40
41 21 46 35
35 28 39 35
41 40 42 41
8 41 12 41
5 12 17 25
38 39 40 42
10 25 46 26
2 2 8 36
22 13 26 31
14 5 39 22
32 6 43 21
22 11 33 42
44 10 45 16
7 25 26 25
24 13 43 21
35 26 44 37
10 4 20 13
19 13 21 41
10 1 20 28
33 16 36 38
29 31 31 38
6 31 15 44
15 25 15 40
18 24 27 28
5 27 35 35
35 32 43 41
12 38 27 41
6 32 35 40
43 39 46 42
11 32 12 38
23 32 31 43
19 42 25 44
10 21 20 30
4 43 25 43
13 27 27 39
37 12 38 12
26 19 26 20
11 25 41 38
19 18 24 26
21 32 33 39
2 2 20 7
15 13 45 44
17 42 29 42
28 34 42 37
13 41 33 42
42 20 44 23
30 16 35 29
5 24 43 37
15 2 24 21
23 14 46 32
35 14 40 41
2 32 22 32
43 23 43 24
38 11 41 43
4 32 34 34
44 36 45 43
19 14 43 22
34 35 39 36
35 28 39 31
35 2 45 9
4 29 32 29
20 21 37 39
17 8 30 29
26 38 26 41
43 24 44 28
46 14 46 16
43 30 46 30
4 38 19 38
18 13 32 15
35 27 38 31
8 16 36 33
5 41 39 42
2 18 44 32
16 37 31 37
4 30 42 41
8 6 32 14
1 29 18 41
41 15 43 26
44 2 44 6
21 6 32 38
16 8 31 11
42 36 44 41
31 7 37 38
19 41 31 42
2 12 2 25
42 19 45 30
33 40 40 42
45 7 46 35
15 24 40 25
28 37 33 38
17 2 23 17
29 23 42 26
4 38 35 40
37 6 42 12
25 41 34 41
20 11 34 44
40 32 45 40
14 22 37 35
20 13 32 32
39 37 42 40
7 19 24 43
13 24 19 41
2 13 12 32
46 10 46 26
28 23 28 35
8 38 28 38
14 42 29 43
22 26 40 29
10 8 19 9
30 34 42 42
15 29 24 35
34 12 40 12
1 25 34 37
40 13 41 13
13 4 28 36
6 14 8 43
24 12 26 31
4 3 11 13
15 31 42 36
34 10 40 21
7 39 45 43
35 36 39 36
46 44 46 44
33 13 38 31
21 19 32 34
20 19 25 30
29 1 45 33
4 31 29 34
11 16 31 17
23 1 32 21
2 44 10 44
4 7 24 26
1 41 9 43
33 10 42 14
41 7 43 21
40 15 43 31
28 40 30 42
37 6 45 36
13 10 13 25
6 41 28 41
42 11 43 44
29 21 29 22
31 27 31 37
4 22 33 40
46 31 46 39
4 6 31 38
5 9 41 37
3 2 15 29
19 4 42 26
32 7 46 40
10 15 39 17
20 21 20 36
33 14 42 26
20 22 37 32
15 42 45 43
23 39 29 43
29 40 45 43
17 40 20 44
32 2 36 3
15 35 33 39
40 32 46 39
27 1 43 6
40 39 44 43
17 42 37 43
42 12 44 24
25 24 31 36
34 32 36 35
37 40 46 42
24 25 36 43
31 31 34 36
38 6 46 17
27 21 34 22
25 18 34 37
6 16 15 38
3 38 45 40
24 44 28 44
21 29 28 44
23 32 39 40
32 18 34 21
38 11 44 24
31 8 32 36
3 39 27 44
27 10 33 28
39 16 44 43
17 37 17 39
28 32 28 43
16 40 32 40
41 36 42 36
44 6 46 40
24 13 45 32
34 30 42 37
33 39 37 44
29 35 33 42
34 36 44 37
8 22 39 36
34 33 38 36
18 34 41 44
1 38 16 42
27 18 32 32
26 29 36 36
8 41 9 44
28 43 40 44
1 31 29 35
45 33 45 39
13 34 25 35
13 35 13 41
4 24 21 43
11 35 19 41
28 7 34 27
45 21 46 37
14 35 38 40
32 28 37 29
22 9 43 32
29 7 46 35
2 2 31 28
30 11 40 31
3 15 23 35
41 23 43 31
42 34 43 38
9 6 16 35
32 3 35 30
43 18 44 29
36 31 41 41
45 3 46 30
42 39 43 41
6 15 46 38
34 5 40 33
24 3 40 42
45 8 45 23
17 8 43 15
43 43 46 44
28 14 31 20
21 22 35 24
1 7 15 30
13 23 13 34
11 12 39 17
12 25 26 34
10 18 22 39
40 19 43 28
3 33 10 38
19 41 35 42
32 35 39 35
6 32 29 43
29 8 36 37
36 25 44 40
27 10 29 40
44 5 45 24
38 14 40 34
11 2 40 14
25 9 44 20
43 24 43 30
1 15 45 36
7 4 17 11
32 35 36 42
30 39 37 40
24 7 27 29
17 19 39 42
30 23 36 44
43 8 45 40
41 42 46 42
9 27 28 31
7 26 20 38
22 21 44 33
19 36 42 40
45 39 46 44
13 4 31 18
18 27 37 39
33 4 40 28
22 24 44 34
3 37 21 39
22 21 43 28
39 35 41 40
30 6 34 16
8 4 35 37
42 17 46 22
20 29 40 30
37 1 39 15
13 2 18 39
13 9 44 26
45 18 45 44
33 13 37 29
20 24 21 44
4 10 12 40
6 29 12 37
41 37 44 41
42 35 42 35
7 40 44 44
24 4 26 35
6 11 12 21
9 42 24 44
35 31 36 40
30 9 32 28
4 41 12 42
19 24 45 24
33 10 39 34
16 9 17 35
27 24 45 25
10 16 32 32
1 3 43 9
35 39 37 40
39 4 45 23
39 19 43 23
10 44 18 44
10 13 31 33
33 20 43 42
24 29 31 33
29 34 31 44
23 33 27 44
27 13 34 31
13 10 43 23
10 36 19 41
27 5 41 38
43 12 46 26
23 10 23 33
7 20 39 33
30 31 33 40
40 39 43 42
3 4 39 33
13 16 22 24
45 20 45 31
29 26 30 40
45 22 45 30
1 30 21 34
31 39 31 42
10 15 15 28
36 14 46 17
18 28 19 42
46 10 46 18
15 9 44 36
28 21 43 35
44 43 44 44
17 31 33 33
17 7 33 22
46 30 46 36
25 2 34 10
40 39 41 43
46 10 46 27
17 39 34 40
37 7 46 7
16 42 28 44
34 42 38 43
33 30 37 42
22 44 23 44
44 36 44 42
41 38 45 43
13 28 27 44
40 10 42 43
12 4 14 6
12 36 20 37
26 17 39 23
9 37 11 44
43 16 44 25
34 38 43 42
39 1 45 30
29 1 34 11
14 42 25 44
33 29 41 30
4 8 44 41
8 21 44 39
27 11 41 34
31 25 39 36
11 13 35 17
18 27 43 41
41 19 44 44
34 14 43 24
39 17 43 40
43 25 44 33
37 17 44 40
9 32 32 34
21 8 46 43
33 32 43 35
11 31 42 34
16 30 44 36
3 26 4 33
41 40 46 42
25 19 37 31
25 13 43 15
34 43 36 43
6 4 38 10
6 18 10 21
5 33 22 43
17 30 19 37
13 6 13 18
43 20 46 33
13 42 22 44
26 40 44 40
44 12 46 43
1 17 17 36
33 16 45 32
46 2 46 34
43 23 46 32
4 40 28 41
19 30 37 40
6 9 14 30
25 23 26 35
11 22 39 27
32 1 39 7
8 16 9 40
23 27 35 39
31 44 38 44
12 25 24 39
10 2 29 5
45 29 46 40
12 7 37 30
11 10 29 12
9 38 43 41
28 43 29 44
5 42 46 44
15 20 28 39
9 37 40 39
27 18 45 19
10 44 39 44
7 26 41 35
30 35 41 39
38 22 38 24
28 24 45 25
6 42 44 44
10 20 17 41
36 43 38 43
20 23 20 30
8 14 42 40
20 7 29 24
46 44 46 44
38 41 40 41
17 3 34 32
2 42 26 42
24 3 35 30
2 38 14 41
23 37 26 37
21 11 35 24
21 22 26 27
43 22 45 23
43 19 46 34
20 43 36 44
10 14 33 35
22 16 27 21
41 35 45 37
23 18 38 40
33 39 45 41
34 33 35 36
9 3 39 14
33 11 45 17
34 4 42 33
28 25 42 40
12 20 14 25
35 44 43 44
40 23 41 35
8 24 21 38
23 22 33 41
39 39 45 43
10 30 18 39
8 30 31 43
30 40 38 40
44 13 44 43
41 22 41 22
1 18 13 30
25 20 29 29
35 42 41 42
15 27 20 29
20 22 42 37
15 8 20 27
6 22 26 36
32 28 44 40
32 28 46 42
28 17 40 37
12 4 45 41
26 39 42 40
31 13 39 37
24 31 39 37
4 34 4 41
21 18 25 36
3 8 34 10
5 34 30 41
44 10 45 43
29 18 39 29
10 39 39 43
18 25 44 37
38 13 41 36
6 39 41 39
20 32 40 43
42 1 44 33
5 31 7 39
22 13 32 20
1 25 8 28
9 2 14 36
38 15 45 25
41 7 46 22
5 28 36 28
37 28 38 35
16 11 38 36
5 35 40 39
40 17 40 24
28 23 44 34
17 37 25 40
32 35 35 37
18 14 20 37
7 7 18 36
19 6 44 38
28 24 32 34
2 33 19 39
46 39 46 42
10 22 20 33
34 38 44 39
15 32 42 37
3 28 11 34
40 40 44 42
29 32 41 43
30 25 46 30
9 10 41 17
11 22 39 33
25 4 27 8
25 1 44 27
17 13 19 28
1 42 27 43
41 44 43 44
28 7 35 20
5 17 10 21
36 29 43 30
46 9 46 39
20 41 26 41
31 9 41 40
46 39 46 43
22 23 41 36
4 9 8 25
10 2 12 42
12 12 40 17
28 5 43 43
44 20 44 38
10 40 34 40
37 11 38 16
30 33 45 37
17 6 19 12
5 15 26 18
36 6 39 12
15 5 40 37
22 11 23 43
27 35 40 40
39 31 41 32
6 22 11 44
17 34 31 39
17 32 19 43
4 27 42 34
35 8 36 11
41 21 43 32
14 5 44 40
42 9 42 39
39 27 40 41
39 6 41 21
32 39 44 41
42 35 42 35
27 18 37 33
5 2 6 41
39 14 43 34
33 15 40 17
15 19 24 25
24 37 28 42
31 22 32 33
5 27 10 39
14 24 26 27
17 30 32 36
46 6 46 41
21 37 21 39
46 22 46 34
46 19 46 41
35 8 44 26
46 41 46 44
42 41 42 44
41 2 46 34
23 34 44 42
20 25 44 29
37 4 45 29
3 40 24 41
22 1 43 34
32 20 45 41
39 41 45 43
31 17 33 22
26 21 33 31
28 17 38 31
13 2 21 21
24 16 32 19
8 9 34 21
14 25 23 36
42 16 43 27
41 3 44 23
29 27 40 27
37 8 41 25
42 35 45 43
24 8 27 27
31 25 33 26
1 29 16 29
1 14 26 33
9 12 13 14
3 4 21 27
2 34 21 41
27 7 38 10
19 31 34 43
10 8 12 36
28 13 34 41
36 4 36 25
23 37 23 38
29 5 41 38
38 15 43 39
18 10 20 38
15 22 39 35
22 34 27 38
11 40 43 42
35 29 45 35
22 29 43 31
35 32 38 41
29 8 45 17
29 41 32 41
17 27 22 42
37 20 39 33
9 27 18 33
38 5 44 6
44 32 45 42
45 19 45 29
8 20 15 25
22 15 23 36
20 28 42 39
6 28 27 33
46 44 46 44
29 17 37 32
23 23 28 38
40 26 40 42
30 35 40 44
25 16 25 24
8 8 45 11
12 12 22 18
10 37 33 42
45 20 45 39
22 12 43 32
23 35 26 40
39 38 42 42
44 20 45 31
23 43 29 44
23 11 24 22
38 41 41 43
20 38 29 41
12 33 13 33
24 4 45 7
41 24 43 33
12 28 12 28
42 6 46 42
33 6 45 26
17 25 41 31
39 15 46 21
37 37 46 42
13 28 38 40
41 41 42 44
41 11 44 33
45 8 46 18
26 16 44 27
43 43 44 43
19 27 19 28
4 9 25 31
31 20 37 28
33 5 42 31
23 5 36 10
19 29 33 29
7 20 11 42
8 41 14 44
2 7 10 8
4 19 23 27
29 22 29 43
7 16 31 16
43 34 46 38
17 41 26 41
19 41 36 44
11 10 31 36
10 18 34 42
20 9 36 42
7 4 22 43
7 3 34 34
8 15 22 44
22 40 28 40
26 20 39 28
5 7 40 12
28 20 42 34
25 6 25 36
39 33 39 37
31 33 41 38
4 35 17 41
21 7 45 22
39 7 45 22
40 22 46 33
31 42 34 44
22 11 40 25
10 21 43 21
5 18 6 24
41 30 45 42
29 41 45 43
6 5 9 34
40 13 44 33
11 39 30 43
23 6 31 37
39 33 40 40
6 15 34 16
44 36 44 39
43 39 43 40
25 30 25 34
2 7 18 23
2 7 20 32
3 37 5 44
12 20 37 44
42 42 43 42
22 10 37 35
15 27 19 44
30 2 44 10
45 12 45 13
36 2 40 18
20 8 29 28
27 22 29 44
36 21 39 24
3 15 12 22
45 39 45 41
27 10 42 38
5 41 40 42
12 28 39 43
5 29 25 34
25 7 30 32
37 28 39 42
8 31 29 41
20 42 20 44
40 1 46 21
38 25 43 38
33 34 35 40
38 10 43 38
37 4 44 13
3 5 6 8
15 38 22 40
13 8 27 17
32 23 42 25
45 44 46 44
28 43 41 44
15 14 26 27
27 35 42 40
32 18 46 28
46 17 46 23
28 38 41 39
15 21 22 33
43 38 46 41
15 43 19 43
25 1 35 6
15 35 32 39
26 2 45 43
30 43 42 43
33 10 42 37
28 5 40 19
44 24 46 36
4 3 39 7
5 15 5 37
42 17 45 35
6 5 27 35
32 20 37 33
29 27 44 29
25 25 28 25
43 21 44 23
2 6 22 20
22 25 24 32
9 2 29 5
39 39 39 40
33 40 40 43
42 42 46 42
36 44 42 44
38 5 38 36
5 12 46 19
12 2 19 3
34 19 43 43
12 37 17 44
19 24 29 27
19 24 23 41
31 11 43 38
23 20 26 39
26 17 42 38
9 22 37 35
3 27 39 35
5 38 46 40
34 31 37 33
41 10 45 18
22 5 30 14
45 39 46 40
16 22 20 37
17 41 42 41
13 27 44 28
18 2 41 44
6 41 10 44
36 27 40 41
35 30 36 32
17 17 38 20
11 37 32 44
37 16 42 21
41 17 46 39
2 30 33 34
18 2 35 32
4 15 46 19
33 22 33 36
3 38 14 41
13 8 30 42
38 26 46 43
9 7 25 26
31 25 43 32
29 19 34 25
12 43 25 43
24 29 35 40
31 26 31 33
25 23 42 29
36 19 43 31
35 36 46 44
18 3 42 29
27 35 40 38
7 14 15 19
13 16 28 22
14 26 26 30
40 16 41 26
36 19 41 30
44 24 44 27
39 8 40 33
6 10 39 39
13 4 24 28
32 38 38 40
21 33 37 34
32 9 43 43
34 39 38 39
21 44 21 44
30 44 33 44
33 20 44 33
38 37 43 44
39 11 40 19
4 7 8 38
45 5 45 5
38 22 43 25
36 27 46 43
33 44 42 44
9 14 23 43
43 2 46 44
28 23 28 35
17 40 18 41
13 40 33 44
38 4 40 32
35 17 41 25
22 27 27 44
42 3 42 31
29 41 34 43
37 11 39 43
6 17 7 23
33 43 45 43
16 22 38 24
35 6 39 10
41 33 46 39
7 15 22 24
18 12 24 27
36 42 43 42
15 20 20 40
24 28 30 42
24 18 27 21
5 39 16 43
25 19 30 21
26 34 43 42
18 19 42 37
20 8 31 11
14 32 46 37
1 1 12 5
41 18 45 18
17 43 45 44
34 15 34 40
41 5 46 24
4 16 24 17
39 30 39 41
21 10 23 17
44 10 46 42
9 29 22 36
35 30 35 37
33 3 36 4
7 7 44 9
24 41 43 44
32 30 44 41
11 24 46 41
29 21 43 23
4 20 28 30
44 40 45 40
13 23 35 24
3 24 40 35
39 17 45 19
37 26 37 33
41 36 45 37
41 8 45 43
33 41 34 42
23 42 40 43
38 5 44 30
42 8 42 11
30 40 40 40
24 34 44 34
1 16 12 19
24 10 42 15
41 26 44 31
8 42 20 44
4 43 18 44
37 28 46 33
26 19 36 39
45 20 46 22
42 8 43 39
41 27 46 31
42 42 43 44
27 30 34 34
34 40 34 44
23 11 32 14
22 37 45 40
12 42 14 44
14 10 30 30
41 16 42 20
1 10 14 22
45 10 45 43
40 20 40 29
25 29 43 29
41 10 45 10
27 39 33 39
17 40 42 40
10 15 16 27
18 36 43 36
37 44 45 44
22 31 26 42
31 34 46 42
14 34 39 36
21 7 46 41
46 9 46 27
20 18 26 35
35 2 46 35
3 26 24 33
18 2 32 33
44 39 45 39
7 10 29 14
28 30 33 41
36 26 37 43
20 41 24 42
20 24 39 39
27 35 41 43
6 4 31 29
20 43 24 43
10 20 25 33
5 37 19 39
9 17 29 39
40 22 46 42
29 20 44 20
2 15 14 40
28 13 41 15
3 26 42 38
12 26 25 29
12 3 23 16
35 28 41 28
23 27 34 38
6 32 41 34
35 15 38 25
41 10 46 24
20 24 39 24
42 16 44 27
9 44 21 44
1 22 44 28
36 11 44 29
26 27 29 29
8 18 28 19
31 10 43 41
44 42 46 42
38 32 41 36
6 1 22 20
32 12 38 12
44 42 46 43
19 33 22 35
39 20 44 42
29 44 32 44
13 35 31 41
42 4 44 29
15 32 41 39
28 4 42 24
14 21 43 40
39 10 43 38
3 17 15 23
28 23 39 32
20 15 27 44
17 19 30 39
26 35 42 38
33 24 46 36
11 14 42 42
7 23 25 26
35 14 43 19
36 40 37 42
21 26 44 26
17 1 33 10
4 41 17 42
46 15 46 35
20 7 20 9
34 35 37 41
33 42 34 43
29 21 34 21
14 33 18 33
7 7 16 35
9 15 31 27
10 5 43 30
43 12 43 27
12 34 26 35
41 13 43 30
5 37 21 43
30 31 36 44
32 16 41 28
10 23 36 42
33 15 33 32
22 43 24 44
2 28 45 44
42 3 45 22
5 32 14 41
10 8 43 10
40 32 44 37
41 27 42 42
15 12 15 15
34 6 38 41
31 22 45 24
17 5 42 25
20 39 33 43
24 41 32 43
29 7 33 7
18 35 33 35
15 8 26 15
17 44 42 44
4 23 21 32
20 1 32 2
24 24 44 27
10 16 12 28
14 34 33 34
39 21 45 43
6 3 43 15
38 33 45 44
38 43 40 44
39 5 45 26
20 25 23 29
10 39 18 41
10 19 28 42
32 27 34 42
42 6 45 24
10 22 11 32
6 10 21 43
39 9 42 29
15 6 15 32
34 25 35 38
31 4 41 20
29 16 41 26
18 16 38 27
1 33 5 42
18 41 40 41
35 35 36 39
37 25 42 41
18 11 31 18
45 1 46 20
29 36 39 36
16 33 26 36
45 32 45 32
15 39 42 44
11 9 20 21
28 20 36 42
17 35 31 44
39 12 44 27
40 43 43 44
10 13 34 24
1 7 42 33
13 44 17 44
7 6 40 36
7 42 18 43
33 43 33 43
6 43 33 43
13 18 14 33
7 13 41 24
33 8 45 17
7 5 20 28
22 23 34 24
8 7 17 16
8 34 22 34
34 5 35 23
34 40 39 43
24 4 34 39
25 17 26 17
3 12 13 40
27 2 37 28
11 39 26 39
13 25 14 42
3 38 35 43
1 33 17 36
31 30 46 39
25 9 41 40
35 7 43 21
24 9 45 12
30 31 36 39
37 42 46 44
4 15 32 15
28 2 45 2
12 15 23 33
11 4 32 20
32 21 41 25
1 43 43 44
9 2 28 31
26 11 39 20
14 35 35 44
9 25 40 39
32 40 33 44
31 39 39 43
15 7 32 37
15 12 46 41
40 20 40 33
3 39 3 41
37 10 43 25
18 32 18 34
42 36 42 42
26 8 34 29
41 19 43 25
15 21 34 31
12 38 21 38
6 11 29 43
33 36 35 42
30 30 38 40
24 31 30 32
9 29 38 32
42 11 42 33
45 21 45 35
29 26 31 42
45 13 45 43
15 1 31 35
15 20 18 41
8 25 12 27
28 42 44 42
20 42 20 43
21 44 42 44
16 14 32 19
15 11 21 15
29 42 38 44
8 29 13 42
26 11 38 17
1 21 20 29
45 1 45 7
22 10 30 28
38 18 40 20
7 32 44 37
11 30 26 43
25 24 44 35
32 28 46 28
5 32 25 34
32 14 44 29
21 12 39 14
3 20 36 28
37 17 38 28
11 30 32 41
44 4 46 30
18 24 39 38
28 22 35 40
20 35 36 38
28 12 46 39
5 18 42 27
27 24 30 35
1 28 37 37
27 2 38 11
6 7 9 12
45 27 45 38
9 12 45 25
9 25 39 38
30 35 34 43
35 43 41 43
43 30 43 44
16 36 24 39
29 34 39 42
27 24 44 38
30 15 42 34
43 8 45 10
39 27 41 34
11 17 41 36
30 15 41 42
17 29 44 39
28 27 39 33
2 32 38 36
43 26 46 30
7 18 8 33
7 31 38 42
41 23 44 40
11 35 11 42
11 13 25 25
33 33 37 36
18 15 28 18
10 28 44 29
27 28 43 42
38 29 38 29
38 27 45 29
46 7 46 19
22 44 44 44
33 1 37 29
46 37 46 41
33 1 39 44
33 13 33 34
3 3 36 35
12 27 40 36
3 38 40 43
7 15 26 43
22 36 36 44
26 30 40 42
28 17 38 18
20 14 37 14
31 20 45 39
21 10 28 28
43 32 46 36
44 25 44 31
38 23 39 42
22 15 43 43
45 13 46 35
23 29 36 34
14 9 16 39
18 37 29 43
39 41 41 43
23 34 32 35
36 9 37 11
2 11 18 29
37 4 38 43
12 16 20 32
16 21 19 34
24 10 25 20
31 9 46 39
8 11 8 42
31 15 43 32
20 2 46 25
2 2 16 39
13 34 30 37
40 24 43 40
31 35 37 37
25 41 38 42
37 34 39 37
3 11 39 13
6 37 12 39
22 31 38 33
9 19 27 31
20 14 46 44
27 35 43 38
42 8 43 23
32 13 45 35
20 43 23 43
43 15 46 31
32 12 43 31
11 12 37 24
42 19 45 21
9 7 24 26
24 10 31 14
42 23 42 43
37 6 45 29
25 36 32 40
3 8 5 30
9 8 38 37
22 16 23 38
34 1 46 40
10 32 45 32
11 33 23 38
9 37 26 39
41 16 45 22
29 7 30 7
23 43 37 44
2 20 2 36
34 35 45 39
11 21 21 43
28 2 32 37
34 26 34 30
44 3 46 9
27 37 35 37
14 9 14 20
12 43 14 44
44 24 44 44
1 25 27 34
33 14 35 14
26 35 37 37
22 18 30 42
17 43 24 44
33 43 34 44
45 34 46 42
22 29 35 42
18 12 25 16
36 17 39 43
36 15 38 25
43 44 45 44
9 12 18 18
38 16 46 31
11 35 36 35
6 40 21 43
29 23 40 33
39 27 39 27
5 7 7 43
22 33 40 43
25 24 32 41
25 4 46 31
27 32 42 39
16 3 17 32
13 36 38 39
40 9 43 27
19 37 19 38
42 6 46 12
5 4 45 38
19 3 25 31
26 25 35 37
10 17 23 25
6 17 20 32
43 26 45 38
9 27 35 38
41 6 43 29
19 42 30 42
11 6 15 17
10 40 33 42
46 31 46 33
46 30 46 36
25 38 36 43
3 4 9 23
37 25 39 35
6 40 39 41
21 3 44 11
19 35 46 36
7 35 33 41
12 29 35 43
4 1 19 9
45 44 46 44
1 27 16 32
42 9 46 42
11 36 43 44
27 13 42 32
27 19 33 43
39 8 42 42
4 40 20 40
44 8 44 10
33 8 39 21
43 26 46 29
2 21 5 27
3 34 3 39
32 26 44 44
23 10 25 17
46 22 46 35
13 35 32 37
25 5 39 44
36 33 43 37
39 32 40 36
28 23 40 26
27 17 41 28
16 27 17 43
41 27 41 30
12 9 45 11
5 1 12 35
40 40 46 40
14 27 24 41
7 2 24 16
41 14 44 34
3 16 5 39
43 4 44 34
7 26 39 29
21 28 40 33
3 6 40 12
1 17 31 22
10 9 28 38
2 19 22 41
30 20 34 35
21 35 28 40
17 23 43 28
45 43 46 44
44 4 44 19
7 18 44 32
41 11 45 24
34 43 45 44
42 7 44 32
28 38 41 38
17 11 45 24
14 37 30 43
26 25 42 33
19 15 40 34
37 25 46 38
38 23 45 28
12 21 30 30
24 5 27 9
39 26 45 41
38 14 45 43
10 44 22 44
33 11 40 18
18 38 39 39
33 21 33 29
33 15 41 19
31 34 36 41
7 28 44 28
20 14 45 20
45 16 46 20
19 2 36 24
29 6 41 24
41 7 45 20
16 3 26 35
29 7 37 29
36 6 41 11
39 1 46 16
26 38 26 39
22 44 32 44
12 1 29 13
39 8 44 25
34 27 40 40
43 39 44 44
37 15 40 31
43 12 44 33
23 32 39 37
27 30 29 31
28 23 31 34
23 1 25 23
34 39 37 39
36 26 43 27
20 43 21 44
30 6 37 15
27 1 39 16
38 11 41 11
38 29 42 42
1 40 46 41
22 1 32 43
24 24 31 30
35 42 37 44
17 11 45 30
46 25 46 29
7 43 39 43
43 22 44 41
10 27 30 31
42 43 45 44
12 42 14 43
6 25 18 42
11 16 17 19
29 40 45 41
11 42 12 42
6 42 45 42
7 33 29 42
35 8 46 26
39 43 42 44
17 11 35 25
18 44 19 44
38 27 46 44
23 5 46 24
36 6 38 17
15 7 15 8
22 12 30 16
43 23 43 36
4 28 35 33
20 43 31 44
35 21 40 25
13 26 39 37
11 28 36 28
8 19 25 34
25 24 30 42
28 23 28 39
16 36 24 44
31 1 33 11
7 26 23 41
11 23 38 23
22 34 37 36
4 23 9 33
6 31 37 39
8 37 17 40
3 8 36 35
30 42 37 44
37 10 46 16
46 4 46 7
22 28 24 31
25 10 28 41
4 41 38 42
2 15 36 40
5 34 18 40
44 27 44 35
14 18 14 44
37 19 39 22
1 24 19 28
26 5 34 30
41 18 41 32
5 4 34 11
21 33 21 40
14 27 18 44
44 41 45 43
44 6 46 11
25 16 42 35
16 22 18 39
10 35 10 37
5 9 9 17
4 6 23 39
8 14 26 32
9 39 17 40
29 4 43 41
7 31 15 42
29 7 39 26
36 38 43 42
3 41 37 42
40 27 44 31
38 1 43 5
5 8 40 18
25 2 37 34
9 9 45 41
27 27 43 27
3 21 45 36
4 31 26 41
37 22 41 37
5 7 21 38
27 1 28 11
39 18 44 35
13 23 16 31
19 3 43 35
37 20 39 42
4 34 26 39
32 33 33 38
21 16 43 37
42 25 42 28
3 18 37 41
21 39 29 40
28 1 46 3
1 37 35 39
39 31 45 43
10 40 24 40
37 4 46 33
2 44 19 44
43 9 43 35
25 3 28 40
24 39 43 39
10 42 20 44
21 44 35 44
3 41 24 43
38 31 46 37
4 35 37 36
42 11 42 25
15 26 21 28
20 12 30 28
4 18 12 33
21 8 37 17
27 26 46 41
14 2 14 39
22 40 22 44
41 25 42 34
46 1 46 37
16 25 39 28
3 41 44 41
6 35 38 42
17 38 25 40
33 4 37 23
20 21 38 38
46 6 46 9
24 3 40 19
8 28 44 30
22 16 40 27
28 21 29 28
40 34 42 39
2 37 42 42
30 9 31 31
21 22 42 43
8 12 29 26
43 35 45 37
16 22 40 37
34 43 46 44
18 28 36 29
11 26 15 27
26 17 40 40
17 41 45 42
3 40 34 42
14 41 34 44
11 35 44 38
7 20 27 30
43 34 45 42
45 10 46 18
44 23 44 44
41 4 41 33
17 15 43 40
42 7 45 28
7 7 19 18
43 44 44 44
4 39 16 39
23 5 26 34
1 17 7 35
29 14 46 31
42 42 46 43
46 11 46 39
33 2 37 26
20 28 40 36
18 8 18 39
32 7 38 23
25 10 33 43
43 23 45 29
42 24 46 30
17 23 23 32
31 41 32 41
14 14 33 20
35 11 36 31
41 9 41 35
4 27 33 35
28 15 36 25
16 1 35 5
30 26 42 43
22 35 32 44
28 40 37 44
18 10 30 31
31 33 41 39
41 39 42 40
34 38 45 40
27 10 44 36
27 17 29 27
9 5 19 35
9 33 9 33
3 28 8 42
13 17 46 37
1 21 28 29
30 9 30 41
25 9 34 30
15 26 41 43
3 29 6 30
23 38 38 42
2 29 45 39
5 33 42 39
16 36 28 41
45 7 46 33
35 12 41 14
18 15 44 25
41 5 42 34
25 38 41 42
34 22 44 34
17 7 22 43
3 5 42 19
23 13 43 44
46 3 46 30
12 39 46 44
6 20 15 37
6 29 41 38
32 34 34 34
10 5 23 33
42 22 45 23
14 1 31 25
24 40 45 43
24 31 32 42
33 10 38 23
20 3 37 18
14 21 39 27
6 38 28 42
41 22 45 30
21 37 46 44
21 33 40 39
37 18 42 42
46 4 46 42
15 28 23 40
14 35 22 38
16 30 20 38
44 21 46 39
23 28 39 40
10 21 46 29
45 11 46 39
25 9 33 30
27 17 40 35
11 1 40 40
31 10 35 14
13 39 46 42
32 2 46 9
19 44 19 44
37 5 41 5
43 21 45 38
13 17 28 21
40 42 44 42
39 16 44 42
18 9 26 17
34 20 37 27
30 34 33 43
33 17 35 18
37 24 45 25
32 32 40 43
31 2 32 8
8 10 45 28
6 30 27 34
4 41 20 43
41 20 43 40
13 1 37 22
27 22 46 25
34 10 39 21
20 21 33 33
9 32 26 37
37 26 38 27
9 29 13 43
16 21 25 31
44 35 45 36
5 12 22 41
24 44 25 44
32 32 36 32
46 40 46 43
13 9 15 26
45 4 46 12
43 1 43 33
9 30 34 38
36 25 43 44
43 17 45 25
6 26 39 40
29 40 30 41
33 8 33 42
28 27 35 27
29 25 31 43
30 35 41 39
16 42 42 44
41 1 41 7
19 3 24 6
32 35 37 39
2 14 4 17
27 29 44 30
22 24 45 42
31 4 46 23
24 21 24 42
30 21 42 36
28 7 40 38
37 33 41 42
32 35 44 41
31 22 40 32
33 34 43 41
42 23 46 43
23 36 26 43
24 39 44 43
40 35 42 36
2 31 24 34
34 11 44 11
10 6 17 19
39 39 44 40
23 3 43 29
19 10 25 22
32 1 43 4
42 26 42 44
12 23 23 30
41 7 41 34
10 34 25 35
2 23 23 35
4 13 18 32
36 35 41 38
15 31 45 35
18 32 33 34
38 7 46 31
38 38 41 44
8 16 40 21
34 15 38 27
2 35 29 43
29 32 43 37
3 23 24 28
29 25 46 44
16 39 36 39
32 12 35 39
25 18 33 24
39 38 42 42
37 31 42 43
33 27 45 39
19 7 28 23
35 22 42 33
40 41 41 44
32 22 43 24
31 28 34 30
40 36 44 36
17 28 34 30
12 39 14 40
42 10 44 27
12 34 32 36
23 19 43 39
36 6 41 35
26 40 30 43
32 30 36 37
31 35 39 38
12 1 21 29
20 8 20 23
27 33 44 40
9 24 41 26
23 34 24 40
27 28 43 43
32 22 37 44
16 6 39 6
34 22 39 43
7 9 16 23
33 43 33 43
43 36 44 39
45 13 45 16
43 23 46 24
10 2 19 4
6 3 34 42
1 39 32 40
27 6 41 10
32 33 43 37
34 20 45 38
21 20 28 33
26 30 34 35
34 22 35 40
4 1 25 14
11 27 16 42
9 10 10 32
20 41 40 42
36 34 42 37
41 25 43 35
16 35 39 43
17 24 43 40
10 25 43 43
8 42 13 43
20 29 44 32
18 10 42 19
3 8 21 44
5 42 31 42
10 16 33 43
15 6 30 21
22 5 45 32
27 9 36 30
26 16 42 21
27 17 40 18
44 6 45 23
28 34 31 42
19 8 45 19
7 19 29 28
37 43 38 43
43 23 44 35
40 29 43 40
15 23 21 23
45 18 45 42
27 26 45 34
11 3 25 23
27 31 33 34
34 6 45 28
16 40 32 41
3 30 6 44
30 17 40 39
42 26 43 26
3 13 21 28
20 42 41 42
33 6 36 14
13 39 33 42
38 44 41 44
17 6 23 24
21 38 42 40
9 25 32 28
12 26 46 32
37 4 41 6
25 33 25 43
8 12 43 13
18 40 45 43
4 2 36 5
43 7 45 19
8 23 37 39
26 36 27 37
15 41 43 44
27 27 37 35
17 27 18 35
26 18 44 38
34 28 37 42
42 38 42 40
1 25 12 34
45 4 45 30
44 5 44 12
29 20 42 36
32 19 46 43
40 20 42 40
30 14 34 30
36 1 40 20
1 29 36 41
16 24 29 24
4 29 46 35
34 41 35 42
35 5 41 6
36 38 37 43
19 28 22 40
4 35 23 39
35 5 39 40
42 7 43 32
2 11 9 28
28 5 39 24
33 23 39 30
38 34 46 41
35 20 41 26
23 13 38 16
35 29 41 30
15 21 39 28
43 1 46 4
4 8 26 34
8 44 21 44
20 26 28 32
27 24 33 38
3 41 45 41
9 35 46 41
22 34 23 42
1 3 43 43
39 34 46 36
34 32 41 32
37 37 41 44
12 3 31 18
41 21 42 34
2 9 15 40
19 27 38 44
32 43 39 43
31 35 41 37
30 27 42 39
30 43 35 43
30 9 38 38
13 20 46 22
18 34 46 43
34 11 43 38
7 11 38 27
2 44 43 44
43 6 44 13
9 29 41 38
21 2 45 38
5 23 33 26
20 6 21 23
1 6 15 40
25 10 35 17
33 20 39 36
23 36 38 41
18 26 29 27
39 27 42 34
4 44 38 44
15 38 23 44
20 44 32 44
46 33 46 38
22 11 26 14
16 17 46 35
6 10 27 19
13 35 29 44
35 29 41 35
45 4 45 33
31 10 42 20
6 14 36 18
21 34 35 38
27 5 30 36
22 5 23 36
18 34 31 43
36 9 42 31
16 2 38 26
33 7 40 35
26 35 46 36
22 15 28 37
9 29 13 41
34 36 36 42
12 41 41 43
7 36 44 43
1 4 4 20
24 35 45 43
39 7 44 26
27 16 39 17
38 8 46 21
20 21 22 39
4 2 30 14
13 27 45 36
2 4 30 28
44 30 44 42
25 26 37 35
36 1 37 15
17 26 20 34
33 34 40 35
35 43 35 43
45 5 46 24
35 20 36 20
28 13 44 21
4 21 38 25
34 40 39 42
30 7 46 14
43 35 43 39
31 39 32 41
1 26 28 36
24 31 46 32
11 3 39 9
15 35 30 41
19 7 35 12
43 36 46 42
3 34 39 38
40 15 41 33
11 26 37 33
13 9 17 21
3 8 26 15
13 28 21 32
18 25 39 30
40 8 43 36
38 21 38 36
8 42 39 44
24 18 32 37
32 27 43 37
13 33 37 33
24 16 36 19
32 30 40 44
41 15 41 26
22 39 25 41
34 19 40 37
1 9 13 29
40 35 41 37
13 28 28 32
18 24 24 34
7 10 17 30
44 25 44 35
11 40 34 44
9 1 31 12
41 27 44 40
5 19 15 23
29 7 36 42
14 11 19 36
33 18 37 35
30 3 44 20
18 5 24 38
13 33 30 34
7 28 18 30
44 11 44 21
19 9 24 10
7 1 29 20
18 41 26 44
33 8 46 44
26 29 35 29
17 25 40 28
2 41 30 42
32 29 41 43
29 7 46 42
11 42 40 44
21 7 34 10
39 8 44 24
15 8 24 22
44 8 45 26
19 9 30 22
21 7 23 15
35 35 38 36
34 18 37 23
33 33 43 44
9 3 14 26
29 10 42 17
27 22 38 31
34 4 45 42
33 44 39 44
36 43 39 44
37 14 44 44
16 42 37 42
6 42 23 42
39 11 46 16
25 15 26 40
24 38 30 38
17 28 19 34
10 34 11 43
25 29 34 32
43 18 45 18
34 4 35 10
2 12 14 12
35 28 43 37
13 44 23 44
40 36 44 36
27 13 32 16
12 8 24 38
3 29 4 39
43 13 45 17
12 8 41 41
35 40 42 43
27 21 45 40
18 23 27 34
22 7 43 23
32 37 41 44
4 11 26 44
30 37 40 42
3 32 3 41
44 39 44 41
25 37 39 44
29 29 44 43
2 15 11 19
22 26 41 28
44 29 45 32
20 17 37 30
2 42 31 43
30 26 46 38
26 4 35 16
31 30 34 30
5 4 44 35
3 18 27 41
18 6 42 35
27 28 38 28
3 12 26 14
18 11 35 27
14 19 20 41
23 2 32 6
34 35 35 35
19 17 36 43
4 42 17 43
30 22 38 30
17 5 33 43
26 44 43 44
13 4 41 18
32 30 35 39
46 26 46 28
34 20 40 31
44 18 45 31
31 27 32 29
23 25 30 39
30 20 43 37
42 22 44 37
45 21 46 31
22 20 30 33
31 10 45 17
12 28 24 42
2 32 20 36
34 17 40 18
44 12 46 36
38 6 42 15
42 19 43 20
11 5 18 29
25 43 36 44
22 38 26 44
40 40 46 43
7 20 10 20
16 31 18 42
31 42 31 43
45 25 46 36
18 33 21 43
14 35 20 41
22 16 22 35
42 31 43 39
23 6 41 9
40 21 42 39
27 36 38 39
1 6 12 27
35 5 43 32
36 3 42 18
37 12 37 19
39 1 42 20
19 7 24 26
21 14 40 34
11 30 27 43
28 30 46 35
41 28 45 42
38 14 43 31
7 32 35 41
39 23 41 41
25 39 35 40
5 2 45 25
44 12 44 41
33 13 39 21
10 2 15 27
23 36 41 38
21 3 27 35
26 40 31 44
15 35 35 43
43 30 43 30
12 44 30 44
15 27 41 30
27 43 45 44
11 25 19 30
24 37 40 39
14 28 22 31
2 22 30 40
21 21 31 31
45 36 45 43
40 29 43 39
34 44 35 44
26 34 38 43
26 10 35 20
46 35 46 44
17 25 31 41
25 3 42 23
6 15 24 27
40 38 41 40
43 40 46 44
7 9 13 38
43 31 45 42
27 38 37 38
36 14 41 23
45 12 45 38
24 2 41 14
36 30 37 41
41 7 45 42
11 44 23 44
13 7 17 34
1 36 10 44
5 39 14 44
41 33 43 37
37 19 45 35
5 14 7 36
31 29 44 38
20 35 37 37
13 22 30 39
10 29 35 42
27 23 28 23
5 1 37 10
26 20 35 42
21 21 25 42
30 23 30 43
32 16 37 33
44 21 46 43
23 29 42 39
40 2 41 34
30 36 34 44
27 28 39 28
2 35 38 38
38 16 44 44
44 9 44 37
23 39 44 43
35 41 40 44
5 41 14 42
6 35 11 42
28 20 44 25
46 32 46 37
5 28 33 33
21 21 24 29
42 3 44 20
46 40 46 43
1 2 36 25
2 44 26 44
16 22 34 37
2 32 31 38
41 16 43 26
35 9 43 24
45 12 46 41
17 14 23 29
14 16 18 24
34 9 43 22
8 24 32 37
39 36 41 41
17 22 25 34
22 43 33 44
13 7 39 10
22 31 35 34
32 20 42 31
28 14 42 31
40 29 46 31
2 19 21 20
34 12 41 44
43 21 44 24
34 38 46 41
13 24 25 39
44 3 46 12
6 29 7 37
40 5 42 36
13 13 40 19
10 41 34 43
23 2 45 3
31 44 46 44
1 32 33 42
35 18 37 38
18 8 18 19
5 33 15 40
18 3 19 4
10 14 30 32
22 2 22 32
12 25 46 35
29 43 32 43
13 20 35 24
18 14 32 23
28 16 45 30
24 20 24 35
46 5 46 25
22 2 30 44
19 2 37 42
26 37 39 38
12 17 28 18
45 15 45 15
31 18 35 34
19 24 25 32
42 24 44 42
20 9 25 31
38 37 38 40
11 27 42 28
41 30 44 43
13 3 20 21
40 31 44 35
18 35 37 38
46 18 46 22
5 35 44 41
35 32 41 33
43 12 43 36
33 42 34 42
11 39 41 42
10 40 36 43
12 13 18 25
36 44 36 44
17 24 33 34
40 35 46 42
45 24 45 25
40 13 42 35
19 34 30 35
8 32 11 32
33 39 38 44
2 1 27 38
10 21 24 42
16 36 22 44
27 11 44 23
24 15 43 31
35 20 45 24
29 43 35 43
3 24 6 33
39 12 43 35
17 36 44 44
39 29 39 33
32 30 36 44
16 9 40 18
13 6 17 24
22 17 44 18
13 28 21 38
43 32 43 34
5 7 37 37
2 9 27 31
18 28 24 42
22 1 31 34
27 42 38 44
32 7 37 26
27 12 42 44
38 18 42 42
8 10 26 41
4 40 33 41
41 29 46 35
29 41 45 41
43 22 44 29
30 8 45 14
34 11 44 41
11 40 16 41
24 19 36 38
15 26 36 37
22 1 22 4
16 17 37 20
4 29 18 42
38 8 38 25
37 29 46 42
7 37 28 41
4 44 24 44
11 12 17 18
36 5 41 29
40 35 42 41
36 44 44 44
17 35 39 35
43 26 43 32
16 13 26 34
27 4 45 42
44 9 44 25
7 8 43 39
40 17 45 35
8 38 36 40
17 6 38 36
41 10 42 18
39 24 44 30
27 12 30 19
1 13 16 27
34 38 42 43
17 2 40 31
14 10 42 24
40 16 44 16
8 30 10 37
46 23 46 43
14 34 21 35
5 21 41 29
35 35 40 44
34 18 40 35
44 15 45 40
31 1 39 4
31 25 31 34
41 41 41 42
17 24 18 26
43 27 44 36
6 20 23 24
37 30 39 42
22 42 23 44
43 25 44 37
40 23 41 39
20 18 41 43
43 41 44 41
23 29 43 39
4 28 46 32
38 21 45 40
14 41 16 44
16 1 28 32
13 41 17 43
13 14 39 17
42 33 44 37
11 19 16 42
24 39 38 44
26 39 35 41
24 43 35 44
18 44 37 44
13 22 20 22
32 22 43 38
12 33 15 41
30 15 37 39
31 37 42 43
42 16 43 24
9 44 29 44
2 18 35 24
44 10 45 37
36 17 44 32
42 16 44 26
36 27 41 27
2 39 13 43
18 17 45 41
15 16 30 39
7 15 13 24
41 29 42 43
31 27 42 33
13 2 29 39
38 34 45 43
2 36 36 41
38 24 42 43
7 8 42 21
29 44 36 44
21 35 23 37
3 4 35 21
5 27 46 30
26 4 34 24
12 36 22 39
13 35 22 39
33 15 33 38
26 7 40 39
24 41 29 41
45 5 46 40
32 28 40 37
33 26 40 31
22 27 33 42
41 38 44 40
45 17 46 36
1 3 37 14
10 6 38 34
34 21 38 25
37 32 45 32
8 14 13 24
45 6 45 35
17 7 44 31
45 43 46 43
43 17 46 35
46 11 46 36
2 28 34 37
13 7 32 19
44 10 44 27
9 36 19 37
24 40 33 41
25 31 35 37
26 30 29 44
32 6 36 16
40 3 41 33
8 37 10 43
16 33 23 36
14 25 22 28
14 32 22 43
23 15 46 41
12 7 43 44
30 41 45 44
37 20 43 29
42 18 45 30
23 32 25 33
41 37 44 42
13 23 27 29
42 42 44 44
10 3 23 44
16 27 31 39
24 13 36 30
6 27 18 41
35 30 39 42
27 13 28 30
40 6 46 42
44 21 44 40
31 19 35 34
40 16 40 36
32 5 33 36
33 43 37 43
27 3 46 6
30 20 33 22
10 8 18 22
32 35 44 36
45 13 46 21
2 9 14 44
22 25 31 29
15 19 41 34
42 11 45 42
3 22 35 37
31 37 43 43
42 8 45 13
7 19 19 33
27 16 45 38
28 23 46 25
16 29 19 35
12 30 29 42
38 43 39 43
33 41 40 42
36 28 46 37
21 32 30 42
20 39 41 41
15 29 38 32
5 31 35 32
19 37 29 41
21 40 31 40
3 37 18 41
42 7 45 18
25 5 34 29
3 14 26 36
23 30 36 36
13 8 19 38
20 7 30 9
25 12 35 19
24 7 34 7
28 10 45 39
14 24 38 34
28 27 32 28
15 27 16 42
8 4 15 8
31 36 46 41
11 19 16 19
8 21 19 29
40 24 45 44
1 23 8 34
16 8 26 17
27 23 29 27
6 36 25 44
22 17 28 24
29 5 32 32
43 43 44 43
25 29 40 33
10 9 12 23
35 32 46 35
27 25 43 41
12 19 15 30
45 20 46 23
13 31 38 41
4 43 17 43
21 21 25 24
9 43 14 43
12 23 46 29
30 44 42 44
43 21 46 33
10 31 20 37
17 4 25 30
3 23 27 42
9 1 33 9
25 11 28 41
8 14 17 44
29 1 37 40
7 2 13 8
27 14 30 43
11 24 45 32
5 6 23 44
29 16 38 24
21 15 42 30
27 7 32 21
17 2 25 15
34 15 40 29
35 7 42 25
37 43 40 44
23 44 23 44
33 26 39 32
25 42 26 43
7 4 30 32
30 34 42 42
13 27 28 27
26 28 42 30
26 38 28 42
45 18 45 23
15 28 23 41
39 28 45 36
33 37 33 40
30 21 33 35
33 14 41 21
13 12 42 23
4 16 35 20
21 35 36 35
9 16 20 23
31 2 46 9
21 8 22 41
27 15 30 19
8 20 38 29
23 3 27 32
9 13 18 22
27 43 40 43
43 4 43 12
23 43 27 43
25 23 46 36
22 37 27 42
4 26 29 27
22 30 44 44
46 33 46 35
27 22 30 33
16 12 26 14
33 31 46 39
27 21 39 24
32 6 36 17
2 38 5 43
8 15 34 41
26 33 38 39
19 40 37 44
36 14 45 41
25 38 30 40
19 6 23 38
5 38 9 38
9 6 10 7
33 44 33 44
11 24 39 27
9 22 37 37
30 4 41 7
16 13 43 30
27 7 40 18
46 17 46 23
39 26 41 31
38 44 40 44
21 14 31 40
46 43 46 43
10 13 42 13
41 31 42 40
46 2 46 35
35 28 46 32
24 24 37 34
20 36 41 37
11 7 21 26
41 24 46 32
36 21 45 27
20 44 24 44
32 29 37 36
20 42 32 42
1 30 28 30
35 31 43 34
8 28 46 43
22 11 46 29
30 24 36 28
12 28 27 31
12 40 45 42
5 23 15 26
39 3 39 6
38 17 46 44
16 8 23 42
19 14 33 34
20 19 41 31
13 40 24 44
11 9 19 10
12 27 43 38
24 40 30 41
2 22 33 31
8 35 29 38
17 44 46 44
14 29 37 33
7 19 37 25
13 14 31 38
5 7 30 11
6 39 18 39
25 14 42 39
36 37 41 38
41 33 41 41
11 34 29 41
23 29 34 32
20 2 28 4
27 34 32 41
18 2 28 32
17 18 37 40
22 3 40 20
19 2 40 13
45 23 46 36
40 14 40 39
25 17 42 18
46 28 46 37
9 24 41 30
27 17 38 42
44 32 45 32
31 10 46 34
3 2 4 39
12 3 36 20
21 4 24 26
28 38 41 40
23 13 44 15
3 15 44 38
10 16 14 35
10 33 46 43
15 33 30 40
23 7 40 38
4 5 22 20
18 22 21 32
18 2 38 38
15 1 27 18
34 35 35 41
32 23 38 34
3 31 28 44
32 22 33 25
32 6 33 7
9 18 23 27
41 22 44 26
37 37 46 41
33 42 41 44
12 28 33 33
11 9 32 15
40 20 42 33
20 15 41 35
33 17 45 25
35 29 40 42
11 21 34 36
33 8 41 22
13 9 43 13
43 37 46 38
31 26 45 31
8 34 20 36
37 28 41 30
38 7 45 18
35 1 41 37
30 25 30 35
19 29 27 36
45 13 46 20
43 14 43 15
30 25 30 43
33 17 34 36
36 25 36 29
26 39 35 40
9 30 43 42
40 44 43 44
30 9 43 13
19 3 46 22
20 39 38 42
17 6 36 44
8 13 16 38
26 29 43 38
19 13 44 33
27 11 27 39
46 23 46 43
10 22 34 24
40 28 44 31
25 19 38 24
33 30 37 40
18 2 24 9
38 44 44 44
25 13 45 22
21 1 23 25
18 17 38 19
14 5 43 23
11 34 46 38
25 5 44 21
45 6 45 24
22 38 35 39
24 22 35 40
36 6 39 9
45 2 46 37
17 12 19 18
23 41 38 44
42 43 44 43
19 17 42 34
28 32 40 43
26 2 42 37
18 26 42 30
46 39 46 40
23 15 37 22
38 6 41 7
29 13 31 17
20 44 34 44
45 44 45 44
14 22 22 31
29 37 33 39
42 12 45 26
7 10 39 29
10 24 14 28
21 34 30 42
8 30 12 34
1 24 29 32
43 24 44 30
32 20 36 25
3 15 25 37
8 31 24 41
45 24 45 37
42 39 45 40
22 23 24 25
29 23 30 30
41 6 42 21
32 34 32 40
34 14 34 23
14 40 14 44
38 4 44 10
28 6 39 43
1 8 16 37
7 26 27 37
8 8 43 13
33 7 40 42
1 40 34 41
3 20 38 27
40 23 42 41
42 13 44 16
28 36 30 37
29 31 46 39
7 40 23 40
31 4 41 14
12 2 21 10
18 31 24 35
33 33 34 41
35 43 45 44
37 11 44 21
18 8 46 42
44 20 44 27
22 43 40 44
46 22 46 44
10 14 35 26
2 34 36 35
23 36 43 43
6 29 41 29
9 36 40 40
13 3 40 10
37 14 37 18
40 42 41 44
45 35 45 39
4 7 43 31
26 29 45 44
42 42 42 42
15 40 25 42
44 1 46 40
21 32 24 34
14 17 31 43
3 8 27 35
34 15 46 20
13 21 33 43
43 3 46 42
2 26 24 43
3 15 10 17
32 30 45 30
46 36 46 40
44 21 45 38
25 22 30 23
23 36 35 40
18 39 40 40
8 32 33 40
28 4 30 7
3 23 7 38
15 17 45 43
27 16 30 32
12 44 39 44
34 18 46 27
15 42 22 44
7 21 27 24
30 8 30 14
15 7 41 20
36 10 39 38
41 27 44 44
25 2 43 29
20 8 37 17
44 37 44 37
4 26 31 33
42 39 43 43
8 18 11 36
21 30 24 32
11 17 27 19
25 35 25 42
28 37 29 42
25 38 36 38
4 29 35 34
22 42 39 42
8 20 22 27
46 25 46 41
5 6 23 7
18 11 43 19
3 1 46 22
28 3 41 26
1 28 33 33
42 7 46 30
31 34 32 40
11 16 35 39
13 15 13 20
35 30 43 41
33 20 45 38
15 20 23 24
13 18 28 19
17 20 25 22
16 27 27 34
42 42 44 44
46 3 46 7
30 17 34 30
18 6 29 18
13 43 40 43
35 12 37 25
30 17 33 42
16 31 19 32
23 43 38 43
40 10 46 13
35 43 44 43
37 28 46 41
38 6 41 26
12 32 33 38
35 40 42 44
15 2 38 28
14 35 21 42
38 40 43 43
19 28 19 39
43 21 45 38
5 40 30 40
36 44 45 44
10 15 15 17
22 29 30 33
6 11 44 38
17 37 39 44
45 21 46 30
22 18 37 19
23 25 35 29
30 15 43 43
28 1 42 28
16 7 45 15
12 14 15 15
3 38 3 43
4 8 27 41
30 17 37 18
42 29 46 32
4 6 20 9
29 38 31 38
3 32 43 39
38 28 45 41
20 10 26 24
14 23 44 37
16 28 20 39
14 37 15 38
30 19 37 23
46 23 46 31
27 21 42 35
13 13 24 23
27 1 46 37
7 25 29 42
35 14 40 36
26 44 27 44
3 16 16 24
34 39 45 42
24 4 29 26
37 22 45 22
4 20 22 39
31 39 33 39
9 23 27 36
12 34 30 34
14 28 21 38
19 18 35 36
3 7 32 21
8 18 22 33
38 30 40 38
13 43 29 43
34 32 36 41
38 36 39 43
38 4 42 32
1 36 41 40
3 38 15 42
3 33 13 44
8 31 41 43
14 19 19 28
41 16 46 30
14 17 27 43
4 22 41 42
35 30 41 31
10 11 17 24
43 11 45 38
15 39 20 42
28 31 36 39
5 3 37 8
20 37 46 41
9 4 42 16
36 18 39 27
31 4 36 36
44 25 45 28
28 26 32 37
16 9 34 33
24 29 33 37
8 4 30 40
32 37 41 42
36 2 46 18
7 8 26 10
24 34 38 36
28 21 32 22
6 11 39 32
42 27 44 36
43 14 44 33
31 26 43 26
19 30 22 42
30 43 45 43
34 34 37 35
6 39 19 44
28 31 33 38
38 16 38 26
45 8 46 11
3 5 29 19
10 8 32 9
14 29 39 34
13 9 43 41
8 4 28 4
38 44 44 44
10 44 26 44
1 1 2 19
34 4 42 10
22 2 25 7
3 43 25 43
1 36 9 38
40 25 40 30
34 43 36 44
1 15 2 16
44 33 45 42
22 38 38 43
19 43 46 44
4 16 4 44
30 10 31 25
27 9 30 28
14 18 16 26
14 10 46 35
40 5 45 31
38 12 44 31
7 23 33 28
44 32 44 34
37 19 43 22
43 44 46 44
19 44 25 44
23 3 24 4
17 19 18 34
19 32 40 39
39 35 40 43
23 3 39 27
31 15 38 19
41 14 43 15
21 9 45 26
32 20 41 33
43 41 44 41
21 16 46 37
17 10 35 25
12 2 35 38
26 11 38 17
22 35 33 42
34 1 44 35
46 33 46 39
31 31 37 38
3 3 37 4
22 8 31 24
12 36 14 44
23 9 40 32
44 24 44 39
37 9 42 36
24 32 27 36
34 39 34 39
39 10 43 42
41 41 45 41
31 37 33 43
28 16 40 27
41 28 42 30
11 4 22 12
40 15 46 19
38 11 44 37
25 15 31 38
35 41 40 41
19 34 32 38
31 41 31 44
12 7 29 10
14 30 39 44
34 21 44 27
10 38 11 41
32 16 35 20
9 37 14 44
40 25 45 38
7 5 35 37
43 42 44 43
25 7 44 35
7 31 10 32
31 24 45 28
33 12 40 35
26 24 39 24
33 32 35 35
23 13 35 13
3 36 17 44
44 8 46 15
40 27 40 40
21 25 21 35
37 20 37 34
19 19 42 24
15 19 44 29
7 44 25 44
13 33 17 42
39 40 39 43
31 23 31 32
16 2 17 41
41 2 46 27
38 40 38 44
12 20 35 34
37 31 40 41
8 25 35 41
38 7 42 27
4 18 9 26
35 30 43 32
36 20 38 36
15 17 27 29
13 25 41 29
16 40 43 43
27 40 27 42
13 18 39 39
22 36 31 44
20 33 43 34
9 1 27 39
39 25 39 40
37 25 44 27
19 25 22 30
31 3 41 31
6 43 6 43
18 14 38 23
25 8 32 34
24 30 44 44
41 20 41 38
28 28 43 38
2 1 10 39
17 29 42 38
38 16 39 23
28 43 46 43
6 10 40 37
40 13 44 37
39 15 39 30
10 18 15 20
23 21 29 38
21 2 40 28
27 40 46 42
16 23 19 29
21 35 24 40
17 16 44 39
1 1 17 38
45 40 46 43
17 15 27 35
7 11 41 41
43 28 44 31
13 42 33 42
40 3 41 10
1 2 12 15
16 38 27 40
40 13 43 38
9 21 23 27
10 3 42 34
19 30 36 40
30 9 36 32
20 14 37 28
35 20 41 24
12 18 18 38
18 9 18 24
1 34 13 37
46 18 46 27
24 32 33 42
37 10 41 12
3 1 34 15
30 4 38 21
8 41 37 44
35 17 41 34
43 19 46 31
4 28 29 42
30 1 42 28
34 20 45 27
46 27 46 38
38 4 44 5
11 16 24 42
6 7 36 20
17 30 32 38
17 9 28 35
38 26 46 31
4 44 34 44
40 16 43 38
30 43 44 44
23 10 38 37
36 17 36 22
11 25 44 41
9 6 42 10
7 33 37 42
32 7 38 13
21 13 45 30
26 22 38 32
24 44 39 44
33 42 36 43
21 39 21 43
14 10 36 29
6 16 46 16
42 14 44 37
9 20 36 35
40 27 42 41
19 28 31 31
15 27 21 33
22 28 27 28
3 9 35 43
26 43 33 44
10 16 16 20
26 23 26 27
29 36 38 38
23 28 25 42
34 7 43 21
42 13 46 30
32 8 40 39
20 24 42 43
39 30 41 41
3 38 11 39
16 28 39 40
28 11 34 30
19 25 46 26
17 21 17 26
25 42 41 43
6 9 30 15
36 38 46 39
3 11 38 36
37 36 44 36
14 5 36 27
21 12 37 41
12 36 22 39
12 11 22 11
35 29 40 36
15 42 46 43
3 36 11 41
42 14 46 14
16 31 45 32
44 1 45 17
10 2 22 38
41 39 42 44
25 32 44 34
14 21 21 35
19 40 28 42
35 40 44 41
31 43 37 44
17 14 30 33
11 24 16 36
44 10 44 28
45 38 46 41
16 39 25 43
23 31 35 37
42 25 45 40
31 24 46 27
13 34 19 38
15 25 46 31
40 5 42 20
9 12 31 29
18 37 44 39
40 5 41 25
7 2 28 13
36 7 36 38
22 9 28 10
7 25 13 27
26 31 39 31
41 13 41 17
18 18 45 35
10 27 45 27
25 21 43 30
19 21 22 40
2 43 4 44
32 32 42 44
10 8 31 15
28 1 33 27
32 38 44 41
2 40 34 42
20 20 46 34
40 39 42 41
19 17 32 22
26 3 35 44
40 25 45 40
3 40 21 42
13 17 31 26
42 8 44 18
14 26 18 39
10 40 19 43
28 18 34 40
13 29 35 32
21 9 28 43
39 35 41 40
24 4 34 40
8 12 36 21
20 20 44 27
34 20 43 44
40 42 46 43
10 34 38 36
33 20 44 38
28 1 43 35
5 38 24 44
14 23 21 34
17 8 38 41
32 16 33 43
23 22 26 41
34 6 37 34
17 30 46 44
6 10 44 30
22 19 43 43
34 29 34 30
29 16 34 44
40 11 42 26
4 16 45 25
29 18 46 26
10 24 15 30
9 22 18 34
28 39 38 39
32 6 43 26
26 23 26 29
44 9 46 12
38 22 38 42
41 1 46 25
36 36 36 41
2 34 7 34
26 18 42 40
25 30 37 42
23 2 28 19
6 6 8 27
29 3 35 11
29 31 45 42
43 28 43 29
32 37 36 40
16 29 46 33
37 6 46 15
7 39 31 43
14 7 35 36
33 40 46 40
20 12 36 13
30 12 35 32
31 31 31 40
34 7 36 39
1 21 5 40
6 32 41 44
12 42 45 43
8 24 30 44
6 21 22 38
43 10 45 32
46 1 46 27
9 5 34 13
32 7 42 43
3 1 6 29
41 41 41 42
1 39 4 44
40 28 43 44
14 8 33 41
17 33 27 33
26 1 39 9
6 37 19 40
36 12 37 12
26 40 38 41
23 17 30 24
6 28 16 33
13 13 25 44
22 33 33 42
8 13 35 21
43 33 44 35
31 31 34 37
11 37 29 44
38 42 38 42
24 6 35 31
22 13 28 28
1 40 29 40
18 4 28 38
16 37 42 38
12 20 22 20
12 22 26 40
15 39 44 42
1 8 22 23
25 21 29 42
28 31 40 38
31 2 40 25
9 5 9 19
37 26 41 26
4 10 12 42
23 15 30 17
46 16 46 33
15 35 37 37
23 24 42 35
42 36 42 40
8 7 12 32
16 10 21 17
2 21 3 30
14 2 26 12
31 20 36 39
8 13 43 20
41 17 44 43
43 21 43 44
33 5 43 28
10 2 11 4
16 8 42 29
38 20 41 29
32 28 40 32
1 31 24 38
34 5 41 25
40 17 43 20
18 6 23 25
1 4 18 17
38 34 42 44
33 26 33 29
42 26 44 38
5 31 20 44
4 5 18 25
44 44 45 44
35 18 46 39
25 23 32 26
39 35 42 38
18 39 28 41
34 32 39 40
20 23 34 38
38 35 44 39
10 35 19 43
37 37 45 44
1 12 38 31
45 7 45 9
6 3 16 5
6 41 38 42
20 26 24 37
17 5 31 41
42 13 45 23
42 24 46 24
16 17 30 34
39 43 44 44
29 23 45 42
42 26 45 32
6 4 10 40
29 19 45 39
10 10 19 27
15 42 33 42
38 44 39 44
18 41 24 42
40 21 44 35
29 5 32 39
37 2 44 35
27 43 33 43
43 18 44 43
37 35 40 43
21 12 45 21
36 7 37 40
7 15 23 37
6 28 27 35
19 10 20 23
17 31 18 42
46 22 46 33
24 36 26 39
32 6 42 32
27 13 39 24
24 37 45 42
32 42 35 42
32 14 35 25
1 26 36 41
29 28 33 40
38 40 39 41
8 44 40 44
4 9 13 44
9 17 43 44
8 24 19 26
36 18 46 39
3 36 39 43
38 42 45 43
15 42 20 44
17 16 42 25
10 29 43 31
44 9 45 25
7 36 42 42
30 44 43 44
21 33 26 40
12 32 46 41
42 9 42 15
46 25 46 27
35 36 41 39
1 32 7 40
12 44 41 44
31 14 36 15
13 34 24 40
46 44 46 44
32 22 45 40
13 16 42 40
31 22 34 44
25 26 30 34
33 15 36 35
12 43 17 44
32 2 43 9
10 28 40 43
43 23 46 32
42 35 45 36
43 4 44 39
26 19 33 37
25 9 25 18
41 27 41 29
18 13 27 40
40 43 44 44
36 23 45 33
10 32 20 36
20 17 44 40
37 8 39 30
12 11 25 23
20 7 39 7
33 3 37 42
1 14 13 29
42 42 46 42
4 34 16 40
40 17 44 35
26 36 39 38
4 28 35 41
8 21 44 27
38 25 42 39
42 31 43 37
45 21 45 23
11 18 24 25
15 28 41 31
35 3 35 25
16 12 24 35
3 35 18 42
34 38 34 44
29 36 35 39
41 10 45 22
1 34 30 44
8 2 22 20
18 14 43 19
35 31 44 31
38 33 40 44
31 22 40 43
10 44 23 44
39 3 39 18
10 40 10 43
17 36 38 38
39 3 42 27
3 42 42 43
38 9 43 19
16 17 34 23
10 3 28 41
21 35 35 39
16 3 31 43
36 17 36 25
46 4 46 12
34 28 36 41
33 1 37 6
4 16 20 34
6 42 26 43
9 7 44 31
4 24 8 31
21 22 33 41
20 20 24 36
17 17 28 23
39 16 43 42
42 30 46 36
24 24 30 29
19 14 39 23
3 41 37 43
20 13 39 16
45 4 46 5
29 29 31 36
31 14 36 14
27 23 42 37
6 29 20 40
1 16 31 35
33 29 45 36
33 32 42 37
44 10 44 44
26 41 28 44
38 8 42 19
6 8 39 16
9 13 29 44
9 25 26 28
6 24 43 33
15 10 26 14
13 28 18 31
28 40 34 44
30 44 30 44
13 7 33 16
30 33 34 44
32 1 32 34
35 10 36 32
3 23 10 26
14 38 17 38
16 18 28 44
45 32 45 36
29 18 33 34
17 23 28 28
36 17 46 28
25 40 46 44
25 4 31 27
19 30 40 42
45 35 46 39
35 4 45 35
36 16 39 29
28 22 44 25
16 40 33 42
2 29 6 31
7 36 33 43
34 10 35 42
3 16 37 43
23 2 25 23
9 6 11 36
32 39 37 39
21 6 34 17
1 5 13 20
22 31 23 31
31 5 38 44
32 32 37 44
12 20 41 26
10 22 25 41
14 43 16 44
35 36 35 39
20 36 34 42
27 29 37 39
9 39 17 39
13 31 36 42
35 29 40 43
19 38 30 40
4 35 14 41
40 4 46 9
13 35 41 36
30 30 41 41
30 8 39 8
11 21 39 22
40 37 45 42
5 17 18 18
30 34 32 41
42 20 45 23
1 29 29 30
15 43 38 44
15 1 38 2
4 43 7 44
13 29 24 33
21 4 28 31
37 37 40 42
18 36 21 41
9 34 14 44
17 35 24 35
44 41 46 44
33 28 35 35
1 35 31 44
4 5 18 25
30 38 30 41
43 2 45 37
44 2 44 24
12 3 23 32
23 20 40 40
4 12 26 14
22 33 24 35
18 10 30 11
33 43 44 44
1 8 22 24
7 18 10 30
11 5 30 8
24 7 27 13
3 31 24 40
5 23 7 27
15 27 41 36
12 15 41 32
17 41 21 41
9 5 13 18
15 19 38 41
1 20 39 37
7 14 9 42
33 35 36 40
15 22 43 39
20 10 46 16
42 25 45 32
29 43 43 43
6 28 37 40
28 17 41 20
23 19 28 33
6 31 38 33
29 37 45 37
2 41 17 42
2 1 10 6
31 24 34 37
24 20 33 43
12 37 27 38
15 1 36 24
12 34 15 38
4 31 41 40
30 31 33 37
21 31 37 37
46 33 46 44
12 32 44 40
5 17 41 27
21 41 23 41
34 24 44 29
16 40 25 43
12 44 34 44
24 9 38 15
18 37 31 41
17 18 21 20
4 20 16 26
14 4 43 33
10 14 42 24
10 44 21 44
43 4 46 26
39 34 45 44
23 4 42 27
11 21 29 35
9 10 43 40
13 3 43 16
19 39 32 42
14 28 26 30
42 36 46 36
16 11 29 13
26 6 45 44
10 18 14 21
42 15 42 30
36 1 41 2
28 19 37 41
46 35 46 36
27 31 46 44
43 35 43 43
28 28 40 36
15 38 30 40
13 19 46 37
25 35 40 36
18 18 24 33
11 9 29 37
10 29 39 44
8 10 39 40
3 5 25 36
29 34 40 39
8 7 13 30
35 3 41 11
18 8 31 31
34 14 37 29
14 30 24 38
39 28 46 36
36 33 43 37
20 29 46 33
3 14 43 37
5 19 44 23
45 18 46 42
44 15 44 42
24 34 24 44
31 37 41 37
17 24 42 37
22 35 34 37
39 28 46 44
38 18 39 18
42 15 46 32
35 27 35 39
26 34 36 38
40 38 44 44
34 15 44 17
24 33 42 36
10 33 28 38
43 5 43 43
33 43 37 44
19 10 35 37
32 1 36 16
35 6 35 44
6 9 36 44
14 30 42 43
39 42 43 44
39 14 43 37
28 39 36 44
18 36 29 39
1 16 24 30
27 21 46 28
32 42 36 44
39 34 41 42
24 18 44 33
7 11 45 36
6 18 9 23
7 6 12 36
18 29 44 40
36 44 43 44
35 38 36 44
24 21 44 34
39 41 45 43
25 7 26 37
15 8 15 40
5 7 44 15
11 30 37 39
42 9 46 25
4 14 8 28
34 16 42 28
14 12 33 12
42 3 43 12
14 17 18 38
4 7 32 38
10 34 27 39
23 10 35 24
44 25 45 27
42 33 46 33
1 41 26 43
28 41 43 41
12 21 40 26
1 39 16 39
28 37 28 40
14 3 40 29
18 31 31 36
25 2 34 30
40 10 42 44
17 35 30 36
33 25 33 32
28 9 29 11
8 12 11 14
20 42 22 43
24 12 25 31
4 19 19 21
46 19 46 30
6 28 32 39
29 28 31 38
27 23 33 30
6 38 30 40
24 33 25 33
39 9 41 10
3 26 17 26
23 14 31 34
4 12 31 38
27 18 32 18
28 36 29 38
4 19 22 21
14 15 25 30
39 29 45 30
12 5 38 34
6 37 39 42
21 4 27 44
43 20 43 44
17 25 25 42
23 35 25 41
46 8 46 16
42 40 46 42
32 11 38 25
41 31 42 38
19 43 19 43
9 17 45 23
4 20 45 38
34 7 44 28
35 33 45 40
33 34 34 36
16 40 23 44
10 12 12 38
13 9 31 39
13 13 14 22
14 3 41 8
23 30 37 43
35 4 37 6
25 20 38 23
40 13 44 35
19 4 19 7
28 34 30 39
1 36 14 41
39 5 42 7
44 20 44 39
5 15 8 23
4 9 11 10
42 13 45 35
30 4 40 37
8 15 46 20
43 34 45 43
23 43 42 44
36 1 37 38
15 29 24 36
13 9 35 15
39 32 46 32
33 31 46 35
3 39 25 44
30 28 35 31
17 3 38 16
26 10 46 24
32 43 44 44
16 32 41 41
19 42 42 42
29 5 39 21
24 18 34 29
15 29 28 42
6 19 18 35
34 33 44 42
17 24 19 29
15 11 19 32
17 8 18 22
16 2 43 32
16 24 37 39
22 1 30 37
2 27 31 44
6 4 42 17
31 24 45 40
19 33 41 41
22 16 43 35
27 15 44 35
29 34 33 39
35 37 40 39
24 29 46 33
3 39 13 39
7 43 44 43
27 14 28 33
32 28 39 37
16 11 37 27
7 19 8 21
17 36 36 41
2 31 31 32
42 40 45 44
28 1 28 43
29 30 37 31
7 32 41 41
7 22 10 25
27 7 39 24
28 2 41 32
42 24 43 27
31 37 36 37
6 39 14 42
1 34 28 43
28 30 33 35
40 9 45 26
8 14 31 23
25 43 43 44
34 4 37 4
4 1 24 1
28 12 45 27
19 5 29 28
26 20 33 23
1 26 44 34
20 29 43 38
31 11 31 15
42 3 45 25
10 5 22 36
5 44 12 44
45 27 45 29
17 5 39 33
46 43 46 44
6 11 43 18
32 3 41 22
10 10 29 26
12 23 25 38
17 44 44 44
45 20 45 29
33 5 39 16
22 4 26 30
18 40 41 42
20 18 43 29
21 44 44 44
12 1 28 44
32 30 37 44
40 37 46 39
13 33 17 39
9 15 12 40
10 12 28 35
4 36 13 43
23 5 28 7
24 38 34 38
37 20 40 22
24 1 37 32
16 32 16 44
36 2 46 2
19 8 23 11
2 2 20 44
11 37 20 44
25 30 29 40
10 18 30 34
13 8 30 40
6 22 27 28
45 20 45 29
12 6 37 24
18 43 35 44
41 17 45 41
4 18 16 19
17 42 25 44
32 22 36 43
37 15 40 17
6 29 32 35
41 41 41 44
24 39 37 41
11 20 15 35
13 41 44 43
14 34 17 40
18 16 24 18
46 16 46 31
39 9 44 9
18 42 45 43
32 34 44 38
8 30 44 39
12 3 45 35
37 13 37 34
23 37 33 39
39 19 41 28
20 33 43 39
12 14 26 25
38 8 39 26
17 7 31 22
30 28 30 28
38 39 42 43
7 13 43 32
45 6 46 20
9 40 46 40
46 18 46 34
9 10 46 22
5 28 29 43
42 9 42 31
36 36 40 41
13 36 43 38
15 1 45 6
23 2 40 35
6 41 11 42
41 3 42 17
34 24 34 28
22 16 34 23
35 17 37 26
4 11 11 22
19 38 43 41
32 28 34 44
40 44 46 44
19 23 42 34
16 31 31 39
32 24 38 31
38 1 41 12
24 13 25 14
13 3 20 19
19 12 30 16
2 9 11 35
4 39 11 43
45 38 46 39
41 42 46 44
16 8 43 11
8 38 44 39
21 39 40 41
36 44 39 44
32 30 43 41
40 42 44 43
30 23 37 28
2 11 2 41
7 31 14 40
24 18 28 24
15 6 20 15
15 19 16 42
38 26 42 29
11 12 19 23
16 36 34 37
7 16 44 30
21 21 27 26
34 26 41 38
41 17 44 39
14 42 41 44
14 30 46 32
36 25 43 29
33 44 39 44
10 8 22 26
46 14 46 29
4 41 10 42
19 7 34 14
9 36 31 40
23 4 32 14
14 5 15 40
46 32 46 42
42 16 44 26
41 14 42 19
30 27 36 39
34 24 42 35
36 20 41 25
8 30 46 40
21 17 43 35
21 30 33 34
12 30 23 36
11 41 19 42
6 40 40 44
37 16 38 20
40 37 42 37
13 35 23 41
37 40 45 43
44 36 45 44
44 40 45 44
6 8 34 20
7 33 33 36
44 3 44 25
5 36 21 42
45 28 46 33
25 2 35 27
36 21 37 32
16 5 31 33
41 14 42 35
21 33 39 33
1 42 3 42
18 19 42 38
36 43 39 43
15 36 27 43
46 26 46 31
21 41 38 41
33 31 44 35
30 12 40 22
17 8 21 17
29 41 45 42
32 14 42 24
35 5 43 26
1 22 9 26
42 33 46 33
26 20 26 26
29 34 35 41
39 18 45 25
2 34 34 44
40 8 41 32
23 17 40 41
21 20 24 39
1 4 29 11
12 27 43 28
7 4 33 8
31 34 34 39
7 22 21 40
27 25 41 26
19 8 38 14
30 27 30 41
8 18 36 27
6 26 24 33
36 5 44 36
37 38 42 43
44 10 44 30
7 14 32 33
15 39 42 44
44 32 44 36
34 35 46 41
26 1 40 30
44 17 46 37
22 1 38 25
13 37 27 38
8 38 14 39
38 24 41 28
26 9 30 44
10 12 11 28
20 6 28 6
28 20 30 36
2 3 42 6
39 15 46 30
11 17 15 43
16 33 25 40
41 1 43 5
2 16 12 31
12 3 27 14
45 35 46 35
40 25 43 39
34 33 42 33
1 39 32 42
30 10 34 27
23 12 29 15
28 7 46 15
12 43 34 43
33 21 33 44
11 6 40 36
46 9 46 12
40 33 43 40
9 21 26 30
11 26 31 41
29 21 35 44
24 10 37 17
23 38 29 44
41 22 45 40
28 1 46 33
46 34 46 42
1 36 34 40
35 16 38 30
46 22 46 27
3 4 12 42
11 26 21 40
22 37 37 37
15 40 21 42
14 34 33 42
40 34 40 43
43 1 46 30
41 3 45 8
31 18 45 23
41 14 41 27
21 31 25 31
21 43 28 43
9 29 15 37
23 43 29 44
13 41 33 44
4 3 15 32
5 11 34 42
34 25 45 43
13 41 39 44
21 33 32 34
19 32 40 41
7 16 27 39
31 44 46 44
24 7 24 41
46 7 46 19
11 27 22 36
44 18 45 42
26 6 36 43
22 30 41 31
10 39 28 44
3 31 46 38
38 9 46 15
22 35 31 41
15 44 19 44
32 2 43 33
2 30 17 34
23 35 35 39
10 26 41 30
46 17 46 24
22 15 35 31
9 42 31 42
10 37 36 42
44 14 46 34
11 1 42 4
7 15 32 30
33 9 37 17
18 22 19 31
18 4 31 31
9 20 17 42
10 41 10 42
33 9 34 25
31 8 33 10
22 3 44 6
10 18 12 42
23 10 29 35
43 28 43 38
39 5 44 30
13 4 45 5
29 23 30 32
39 10 46 43
13 2 30 17
36 11 37 31
12 18 13 25
38 12 41 43
2 17 40 41
16 10 20 39
14 28 43 40
28 39 31 42
38 32 45 37
4 11 23 28
40 5 42 25
25 35 42 36
13 29 28 35
44 28 46 44
35 13 36 43
34 11 43 26
23 9 41 27
18 2 24 8
37 23 40 31
28 1 43 34
10 28 11 40
39 17 42 30
26 20 33 23
26 11 28 35
27 6 36 43
22 29 28 31
8 29 20 31
30 34 43 35
23 18 45 30
31 21 44 35
35 35 42 44
33 30 40 42
9 14 37 28
25 10 25 29
5 13 34 17
28 3 44 43
19 4 40 12
7 28 27 35
20 38 24 39
21 12 21 21
43 1 46 12
39 43 43 44
40 33 45 35
6 19 37 39
38 32 40 34
22 11 41 38
17 43 42 43
6 18 24 24
9 7 20 13
3 40 18 42
7 16 46 41
42 42 43 42
23 36 46 41
34 33 41 41
4 12 27 35
2 6 28 27
8 1 33 32
30 27 31 33
44 31 46 31
21 24 43 24
38 16 43 26
46 2 46 40
2 20 27 42
4 26 8 29
45 13 46 26
16 42 40 44
41 28 46 30
44 34 45 36
17 34 41 36
6 42 34 42
26 31 42 37
17 14 44 39
26 1 33 38
25 4 29 16
5 13 43 32
43 18 46 41
8 16 36 17
4 34 29 40
42 26 45 43
37 16 37 26
19 13 38 26
26 1 30 12
26 33 34 42
38 6 41 32
7 25 25 31
3 1 10 28
40 40 43 44
31 38 33 42
44 31 44 43
34 18 44 38
31 9 35 14
24 2 43 38
18 1 23 30
28 3 46 25
7 1 41 4
36 27 36 37
7 41 30 43
19 5 36 6
20 20 25 30
16 8 40 26
30 28 38 29
42 20 45 24
26 37 34 44
36 3 41 5
38 42 38 44
25 28 46 31
43 25 44 26
2 10 26 32
7 27 17 37
6 33 20 39
27 5 27 31
15 38 43 39
35 23 35 43
4 15 19 33
17 39 32 42
14 23 19 38
10 33 20 37
3 41 6 44
38 43 38 43
27 13 39 43
3 6 38 22
3 16 44 18
3 43 34 44
21 20 30 31
8 38 35 38
4 12 45 17
34 1 38 2
1 31 43 33
5 37 37 40
9 9 11 40
16 43 23 43
12 19 35 33
21 19 44 29
3 10 13 44
37 19 40 41
36 8 38 23
19 39 38 40
45 9 46 43
12 14 13 17
17 6 44 38
27 27 44 41
29 24 31 38
22 7 46 11
24 21 28 32
12 5 23 20
41 36 45 44
9 40 14 44
38 12 43 28
13 38 20 42
46 9 46 39
40 15 44 24
22 20 36 26
40 29 40 29
7 39 30 41
17 37 25 37
14 13 19 15
9 40 20 42
24 25 36 28
5 2 34 33
39 43 45 44
3 17 16 25
22 20 30 27
43 26 43 41
45 18 46 34
15 1 30 19
16 33 42 36
33 24 45 33
43 17 44 30
22 4 27 25
18 5 23 7
34 42 46 42
28 38 33 42
33 34 46 43
13 19 14 20
27 26 31 38
28 15 29 28
24 19 25 33
46 30 46 38
16 29 43 37
8 9 17 10
43 38 44 39
7 25 42 42
26 11 37 15
22 44 45 44
19 44 34 44
35 1 45 5
26 43 34 43
35 19 42 20
21 37 41 42
41 10 45 38
38 23 44 28
2 7 31 34
39 1 39 2
31 32 39 38
22 17 45 20
37 17 39 26
14 44 42 44
27 3 29 20
21 26 38 31
27 7 39 25
23 37 34 43
40 2 41 39
26 2 43 6
1 13 39 30
46 29 46 35
17 42 29 43
32 1 43 15
27 41 28 43
44 16 45 22
31 7 34 7
19 26 25 30
12 14 37 19
44 26 46 44
28 29 35 34
34 30 36 31
9 39 18 43
26 43 27 43
40 44 43 44
46 33 46 36
10 1 16 17
15 15 43 21
17 3 26 19
23 43 32 44
18 16 40 20
45 5 46 12
40 31 41 39
44 36 46 39
5 31 26 34
23 22 36 35
29 13 45 23
13 12 18 28
8 36 46 44
18 6 18 14
16 30 27 31
43 22 45 40
10 17 12 17
42 1 46 8
27 25 38 36
23 15 34 29
37 27 45 39
22 22 46 24
13 5 41 12
31 7 39 12
34 2 35 11
38 19 42 44
20 33 35 33
13 38 19 42
39 26 44 30
17 38 45 40
16 2 17 30
38 36 43 39
7 31 21 36
32 12 42 18
35 24 35 43
24 24 43 36
15 24 40 28
31 29 41 37
26 31 27 36
21 31 44 43
7 14 12 42
15 12 30 17
38 27 40 44
29 33 35 43
18 5 30 20
3 43 38 43
38 15 40 15
21 10 26 40
21 17 27 44
3 32 33 34
44 32 46 33
21 22 36 27
14 38 24 40
38 40 41 43
30 6 30 37
40 24 45 29
4 7 33 8
17 27 32 40
45 25 46 36
15 6 36 9
14 9 21 20
40 41 43 42
4 9 30 30
37 2 46 11
18 4 21 21
20 17 31 26
19 5 44 5
30 5 32 16
1 44 13 44
32 41 40 42
33 42 33 42
38 38 45 41
23 41 29 44
6 31 7 32
37 37 42 38
39 39 40 40
17 14 41 18
40 28 43 33
29 35 45 38
1 18 23 41
30 21 37 28
5 40 6 42
16 19 33 43
14 4 16 22
44 40 46 42
46 2 46 41
39 16 46 29
36 9 41 35
10 20 23 41
2 8 36 38
22 17 46 20
33 1 36 11
40 5 41 39
21 12 27 31
14 19 22 40
37 32 37 43
33 34 39 34
7 23 28 23
44 22 45 25
35 29 41 34
24 29 33 44
4 41 37 43
20 6 22 31
30 34 45 38
29 44 40 44
42 25 45 26
2 27 5 37
9 33 26 41
9 20 13 34
3 1 26 12
25 8 30 18
46 38 46 38
25 41 46 43
7 27 10 38
36 34 45 44
1 3 13 25
19 30 33 43
10 24 17 42
2 17 11 30
3 27 41 27
22 41 30 43
38 32 43 40
39 13 46 39
29 41 31 44
31 36 44 36
28 3 41 24
35 6 42 41
29 22 40 39
32 24 38 38
25 16 43 29
4 43 18 44
22 10 29 28
26 29 35 44
18 12 45 41
46 38 46 39
21 21 30 42
39 30 43 34
9 32 12 39
25 5 36 20
28 42 39 42
44 5 46 6
44 30 44 33
5 9 38 10
16 31 33 37
24 28 35 33
20 14 37 40
2 29 29 30
18 30 25 37
39 12 46 18
28 22 35 26
2 27 35 31
4 28 33 30
16 13 43 27
3 40 4 40
43 41 46 42
19 29 30 41
21 11 35 16
22 9 22 31
21 8 30 43
22 16 25 26
27 30 45 43
35 30 45 41
46 32 46 33
45 35 46 44
25 1 43 24
20 24 32 31
19 5 28 15
18 36 36 40
37 9 38 14
40 30 45 30
41 3 44 22
30 16 40 21
18 26 28 29
2 42 42 44
31 5 33 18
42 39 45 39
31 12 32 29
46 42 46 44
29 44 31 44
39 44 44 44
42 15 43 19
34 16 40 36
31 16 31 35
6 21 44 42
12 34 25 39
35 5 40 44
42 17 46 18
5 4 5 4
38 22 41 42
45 28 45 28
35 23 43 33
26 22 37 25
36 27 37 44
18 19 26 25
46 37 46 39
46 31 46 40
29 5 32 31
14 32 24 33
