22 81 3380
...X...X...XX....X..............X.X.....X................................XX....X.
....XX.........X...............X.X...X....X....X.XX.....X....X.......XX..X.......
X...............X.X.........X....X......X....X.X.X...XX..........X.X.............
......X...X............X.....X.......X.XX...............X.X.X.........XX.......X.
.....X......X................................X..X............XX...XX...X...X.....
.....XXX.........XXX.........XX.X........X........X.......X.........X..X.........
XX...X.....X........XX...X.X....X....XX.X..........X..XX..X......X......X........
......XXXX...........X.....................X..................X....X...X.......X.
...X........X.X......X........X............X..X.............X.............X......
...X.........X..XX.X..XXX...X............X......X..................X...XX.X......
.X.....X....X......X.........X.X..X....X........X.......................X........
X..X.......X......X.......X...X...X..........X...X.........X...X......X....XX.X..
....X....XXXX........X..X................................X.X.....................
........X.X..............XX.........X..X.X...................................X...
.X.X............X..........X..................X.....X..X.....XX........X...XXX...
.....X..............X.......X......X.........X.XX..X....X.X...X.........X......X.
.XX....................X.XX....X..XX....XS....X............XX.X................XX
.X...............X.X.X.....X...XX....X.......X..X......X....X..........X....X...X
....................X...XX..XX......XX.XXX...X...X.......X.....X.....X.X...XX.X.X
.....X..................XX..X.............X..........X..............X.....X......
...X...................X..X.....X..XX........XX.X...X..X.........X.X.............
.......X.....XX.....XX.............X..X............X.XX.........XX.X....X.X.....X
4 28 12 52
13 67 17 79
6 13 6 15
22 2 22 67
5 33 8 39
4 12 17 26
8 53 16 76
9 52 18 66
21 70 21 79
15 55 16 61
13 60 15 71
5 24 5 38
1 26 5 81
11 1 16 74
15 13 15 15
3 24 5 79
6 30 12 72
1 48 11 52
5 1 8 14
19 73 21 73
20 3 22 60
20 39 20 60
16 14 18 14
9 42 15 51
2 36 7 75
11 44 12 50
19 79 22 79
22 34 22 70
22 22 22 44
11 74 18 79
9 48 20 73
3 8 6 57
5 18 20 31
22 29 22 33
4 79 13 79
15 3 17 42
5 23 12 33
13 44 20 69
9 75 20 79
1 17 22 19
1 46 9 68
9 12 17 58
12 63 16 70
11 55 20 55
18 15 18 31
9 16 9 33
10 26 16 45
11 75 21 81
8 12 10 24
4 51 21 59
17 47 19 72
12 76 12 81
2 67 12 67
5 41 8 42
20 12 22 19
22 15 22 77
4 19 16 51
9 44 13 67
4 47 15 73
18 15 20 52
21 12 21 40
21 11 21 50
3 10 18 22
7 25 12 61
3 27 9 69
3 55 19 59
20 1 20 61
20 78 22 81
5 80 5 81
16 63 17 71
3 64 4 70
6 62 21 63
2 77 19 77
10 2 21 36
21 25 21 70
21 59 21 70
7 13 9 67
7 41 22 71
14 51 17 53
20 62 21 80
1 9 22 30
16 32 22 55
9 54 18 64
7 67 9 74
6 12 18 51
16 11 21 48
17 4 22 33
4 28 15 46
21 73 22 79
5 4 19 73
5 19 17 46
10 6 16 46
17 33 19 50
8 27 20 52
10 60 15 72
10 55 19 64
5 60 20 76
9 63 13 76
7 68 21 79
2 38 21 56
15 51 20 77
9 31 9 39
10 73 17 74
16 7 17 32
9 4 22 18
10 63 14 71
22 69 22 73
13 13 18 75
11 26 17 72
3 24 11 28
7 70 14 74
2 61 21 62
3 12 10 72
9 41 10 47
5 75 7 79
7 15 17 79
14 75 19 77
16 26 19 62
7 57 21 60
1 45 12 52
4 51 8 80
12 10 22 73
10 54 14 61
2 36 13 74
12 81 17 81
10 37 17 53
11 71 15 76
10 1 15 81
20 5 21 49
12 52 17 52
15 11 18 21
17 14 21 35
20 66 22 77
21 63 21 64
22 8 22 33
3 10 10 50
9 26 20 49
18 13 20 81
11 73 17 75
19 65 21 78
16 46 19 78
6 57 11 58
3 32 21 44
13 73 17 75
15 15 19 49
18 7 19 75
11 16 22 50
10 13 21 59
18 4 18 55
17 4 19 6
2 8 18 65
1 36 19 65
16 22 16 68
8 52 14 65
5 7 21 35
22 53 22 61
17 23 19 66
6 51 11 64
11 8 19 67
1 22 13 53
20 36 21 45
3 47 14 61
11 57 19 64
16 63 16 74
6 58 12 58
12 7 12 69
22 2 22 58
17 73 19 75
10 63 13 64
16 28 17 55
22 72 22 78
9 60 20 64
9 70 10 76
22 75 22 81
8 81 22 81
9 5 11 37
8 36 8 47
5 70 10 71
7 63 9 67
13 13 17 56
12 36 14 50
2 6 13 65
20 59 21 67
16 34 21 58
11 25 13 51
16 55 22 57
22 10 22 49
18 38 19 64
16 55 22 59
6 55 20 79
2 41 6 63
3 6 6 7
20 71 21 78
12 70 16 73
11 69 20 73
15 77 19 78
18 76 22 79
17 19 20 74
15 60 22 80
10 3 21 39
7 43 13 66
21 48 21 49
13 65 13 81
7 40 19 80
14 18 15 26
20 24 21 58
17 14 18 81
18 66 22 66
6 12 9 75
3 56 14 72
19 37 20 44
8 45 11 81
4 49 9 73
17 36 19 58
12 13 21 43
20 61 21 78
17 24 18 65
16 76 16 78
1 53 5 55
22 12 22 48
7 23 22 25
1 40 4 60
16 9 18 61
10 50 22 54
17 2 22 46
4 32 8 34
11 29 21 46
22 31 22 39
18 25 19 62
22 48 22 54
7 2 11 81
22 30 22 56
13 15 15 63
11 70 22 70
2 76 12 76
21 22 22 42
7 69 18 69
22 66 22 69
17 16 18 25
10 18 20 26
8 78 17 78
8 25 15 80
4 48 5 66
17 56 18 59
13 51 22 61
11 78 22 79
3 7 15 71
13 29 15 56
18 37 20 45
3 53 20 66
6 42 21 68
20 11 20 23
20 13 22 75
19 14 21 54
3 78 13 80
12 45 22 61
19 63 21 72
13 63 20 67
1 7 20 27
3 75 7 79
12 60 20 71
14 63 17 77
7 7 20 49
5 30 20 79
12 41 20 41
17 50 22 62
14 19 22 19
19 54 21 78
10 4 11 12
21 59 22 70
16 54 19 65
17 8 20 71
9 77 10 79
3 5 21 71
22 34 22 49
18 53 20 60
3 21 15 55
14 62 20 64
7 62 7 73
5 49 21 69
1 9 16 68
5 80 6 81
14 50 19 64
10 8 10 64
11 18 14 45
5 65 8 80
8 52 9 78
5 38 11 59
2 63 4 77
2 1 10 19
17 52 19 78
2 55 19 74
12 66 13 78
7 8 19 43
14 39 22 41
5 12 7 25
12 32 12 71
13 5 17 80
21 63 21 79
1 42 10 78
17 63 17 71
19 36 19 49
1 7 7 63
21 23 21 25
9 78 15 79
4 18 7 18
8 35 16 70
5 4 12 19
15 39 16 50
15 64 18 68
1 28 20 66
4 67 17 73
15 71 15 76
7 34 21 79
7 69 13 76
12 51 22 67
12 40 13 51
21 46 22 51
16 40 16 74
7 55 9 75
12 41 15 70
21 45 21 79
3 7 8 40
19 43 19 51
10 6 13 71
16 57 19 72
4 76 8 77
14 30 15 58
5 48 8 61
16 26 19 42
18 13 18 65
17 81 17 81
18 2 21 74
9 42 9 61
9 34 15 50
10 71 12 76
18 1 18 75
2 74 21 79
4 16 20 77
4 64 18 76
7 78 13 81
14 73 15 74
10 59 11 61
22 69 22 74
6 6 11 77
1 10 2 69
12 49 20 67
6 74 16 78
22 11 22 72
6 47 12 66
17 3 22 40
14 43 19 80
10 7 11 16
5 29 19 45
11 4 21 20
22 27 22 80
20 36 20 51
17 2 21 59
5 38 17 66
12 45 17 64
10 77 16 79
16 14 18 33
13 32 22 49
11 47 14 65
22 32 22 48
19 80 22 81
10 62 22 68
6 56 15 62
12 49 12 61
21 47 21 48
4 65 8 66
9 70 10 77
9 73 13 80
8 79 21 81
10 34 19 51
13 64 17 81
13 36 17 47
22 52 22 65
15 51 17 76
14 45 22 75
19 51 21 76
4 6 17 79
6 8 19 47
10 12 15 74
17 35 18 40
4 19 4 60
18 67 21 71
19 77 19 81
11 38 21 38
1 18 10 38
3 23 18 57
9 67 9 76
18 24 20 54
10 42 21 77
2 31 2 41
3 51 14 81
19 13 19 23
8 25 17 28
8 50 11 51
1 77 20 77
6 50 11 51
12 35 17 59
2 11 20 45
2 7 6 25
1 66 20 80
1 33 15 66
9 7 12 74
13 14 13 65
15 58 16 80
18 54 18 64
18 37 18 78
14 57 18 67
4 66 14 69
18 17 22 28
20 45 21 50
21 39 21 62
9 35 13 47
15 53 17 80
22 26 22 67
18 57 18 75
13 58 16 67
16 15 20 74
7 20 16 41
13 40 21 51
11 31 19 47
4 73 12 78
17 47 20 58
5 13 11 75
12 28 16 69
18 41 18 61
19 2 19 81
3 17 4 50
7 67 13 70
15 46 18 65
8 7 11 68
19 79 22 80
21 12 21 25
12 16 20 79
3 70 16 73
12 46 18 50
14 26 16 40
6 48 13 74
1 6 19 20
2 76 7 76
3 81 17 81
18 29 20 41
17 21 21 41
11 12 11 47
11 77 21 80
8 24 17 41
2 54 5 72
9 45 18 55
3 9 7 45
1 7 8 57
2 50 5 71
16 61 22 81
2 56 13 57
1 48 15 74
8 10 10 81
13 31 16 42
3 47 20 48
14 48 22 80
14 34 22 67
18 68 21 76
9 42 20 44
21 74 22 74
2 44 13 50
20 3 22 23
9 61 20 79
21 52 22 76
7 39 15 72
22 6 22 52
10 49 19 76
2 23 8 56
6 48 10 67
8 80 12 80
14 48 18 49
11 33 20 43
7 59 16 65
22 55 22 57
2 75 20 81
10 74 16 78
2 81 22 81
8 53 11 64
13 73 22 77
20 67 20 77
2 65 2 68
4 4 6 48
8 75 8 79
1 66 12 80
15 48 18 71
5 32 17 56
4 5 9 71
12 55 22 55
18 21 20 61
22 41 22 72
7 7 19 20
20 48 22 55
11 36 18 53
1 4 4 31
14 37 16 46
5 48 12 71
6 14 13 68
5 71 7 76
21 19 22 53
5 2 16 45
1 68 9 79
6 42 22 71
21 32 21 73
13 72 13 74
12 19 14 67
4 32 19 52
20 65 22 69
21 55 22 56
20 28 21 70
7 37 20 66
1 21 9 72
18 67 22 74
6 49 12 77
19 46 21 71
19 24 22 36
17 70 21 72
20 68 21 71
13 1 16 4
15 77 16 78
1 62 13 63
15 66 22 68
11 23 22 77
2 47 22 51
19 62 20 67
1 80 9 80
22 3 22 58
20 64 20 80
22 15 22 65
2 14 8 31
9 45 16 78
14 26 15 79
11 7 13 54
7 65 17 71
10 77 11 77
6 16 22 47
7 55 15 81
3 27 13 31
1 3 22 35
17 40 17 74
16 53 20 57
8 47 13 60
18 74 21 74
21 49 21 74
7 26 21 34
5 3 7 59
11 78 20 79
20 21 21 36
17 48 18 56
22 9 22 65
9 10 19 46
12 13 14 73
1 10 12 75
7 9 12 31
21 50 22 75
12 46 14 60
22 11 22 70
21 54 22 55
21 64 22 77
6 40 15 77
3 14 5 27
12 45 18 77
4 55 14 58
16 6 17 66
19 73 20 80
12 33 20 78
4 67 15 77
11 50 22 70
4 29 13 78
13 52 21 55
15 51 21 80
7 56 8 71
9 30 16 54
4 78 13 80
17 40 18 63
21 61 22 68
20 60 21 76
9 18 21 20
2 77 10 81
14 36 20 54
20 36 22 39
9 69 22 73
17 59 20 68
12 71 19 78
13 16 21 31
16 68 22 81
20 15 22 23
13 27 19 52
18 6 19 37
7 56 11 61
10 27 13 67
2 39 10 41
14 35 15 73
11 60 13 68
12 30 14 77
9 33 15 54
7 61 18 77
17 22 19 79
18 20 20 63
21 47 22 54
22 49 22 79
22 7 22 44
2 24 22 71
15 27 19 42
19 47 20 68
18 29 21 58
12 65 16 81
11 18 19 45
19 5 22 29
10 33 10 37
22 2 22 38
11 46 13 49
18 65 22 77
16 59 22 61
5 26 17 42
11 27 12 55
7 11 17 60
19 37 21 72
6 77 15 81
13 17 14 46
7 47 9 69
5 25 12 66
15 52 18 59
12 23 13 43
12 77 20 78
3 70 21 81
17 74 19 75
16 24 19 24
3 19 13 67
14 27 19 52
2 78 11 79
14 63 16 69
22 48 22 71
19 79 22 81
8 22 14 70
10 71 10 76
4 67 9 77
13 4 19 61
15 49 20 49
20 10 21 38
19 74 22 80
22 48 22 57
3 12 11 19
9 74 9 75
14 45 14 63
13 71 14 73
1 30 12 70
2 50 7 75
4 47 15 70
17 60 18 62
3 39 16 75
9 71 12 81
12 47 20 58
21 6 21 71
14 49 18 63
22 51 22 58
15 24 16 25
22 40 22 45
15 8 20 38
18 57 22 76
20 53 21 73
15 39 16 60
4 36 9 41
11 48 16 62
8 19 20 68
17 29 22 69
7 63 14 81
16 44 20 59
11 15 19 69
21 48 22 60
4 24 6 59
18 15 18 43
14 26 16 39
18 79 21 79
3 56 18 57
20 76 20 76
4 8 15 36
16 13 18 41
5 12 13 78
17 63 19 68
10 36 18 76
8 59 14 80
7 19 12 61
6 5 9 52
3 46 21 71
1 47 20 72
21 47 21 55
4 67 21 77
6 59 10 60
12 26 16 64
22 72 22 80
11 21 12 56
14 3 18 51
12 53 12 72
18 31 20 74
10 75 10 75
13 73 17 80
10 61 19 67
9 2 15 71
16 12 20 15
10 18 22 29
15 47 15 53
7 79 20 81
18 7 20 75
3 15 15 33
3 36 17 51
4 48 19 78
3 60 8 78
13 23 20 66
1 11 10 46
19 78 20 78
22 53 22 62
4 29 8 66
21 59 21 75
20 61 20 71
10 52 19 81
11 14 11 44
9 27 11 65
18 64 22 79
14 26 15 75
19 27 20 31
10 78 15 79
4 54 5 59
15 36 21 70
8 22 18 66
19 21 20 25
16 48 19 49
3 36 17 52
3 22 15 56
8 25 22 76
6 61 8 76
17 15 17 68
2 67 5 76
5 77 22 78
12 58 14 71
14 12 18 68
16 62 20 70
13 8 14 63
2 78 11 80
21 50 22 72
19 32 19 44
6 13 8 70
5 36 7 54
19 54 21 58
18 38 18 52
17 14 21 49
4 27 21 53
16 26 17 64
4 60 17 74
3 33 10 37
9 56 13 74
21 51 21 51
19 37 19 61
5 75 14 79
19 14 22 57
8 73 13 77
18 44 21 73
4 50 19 66
16 74 16 79
12 50 19 74
3 57 14 78
17 4 18 65
14 31 22 52
15 30 20 40
13 34 15 78
17 44 19 71
1 78 8 78
12 44 15 75
22 76 22 81
9 16 16 70
15 23 21 58
10 4 20 15
21 30 21 46
9 5 20 69
3 49 14 60
10 15 17 79
11 60 19 74
6 14 20 51
7 50 15 79
3 16 17 28
1 35 8 42
18 15 18 16
2 10 17 65
13 79 16 80
6 46 12 76
15 67 22 76
5 23 12 77
3 10 17 36
7 74 15 81
2 42 15 70
16 39 19 73
1 75 5 77
17 40 17 76
4 43 16 79
11 44 12 68
13 81 15 81
2 21 15 67
13 49 22 55
20 19 20 53
2 22 4 80
19 60 20 72
10 67 12 73
9 57 10 74
9 45 19 72
9 75 12 78
17 47 18 75
15 68 21 74
19 37 22 73
7 28 20 51
18 55 21 81
13 36 18 51
13 37 14 51
6 78 16 78
22 27 22 72
5 22 7 46
15 16 19 40
9 66 11 77
2 37 14 37
12 65 17 80
1 13 16 57
21 34 22 59
7 48 12 58
6 61 17 80
2 33 6 49
14 51 15 68
4 30 18 74
15 74 18 81
14 7 15 63
13 40 19 70
9 11 19 42
11 21 12 54
6 78 8 81
8 63 22 79
16 36 20 59
10 30 10 46
15 75 15 78
2 33 22 46
12 46 14 71
17 44 18 80
5 39 8 69
15 21 22 25
15 47 18 63
2 2 9 51
14 38 16 59
4 18 20 67
6 39 21 79
2 43 2 77
3 65 16 66
2 49 12 66
2 13 6 67
2 30 3 65
8 19 8 70
15 3 17 66
8 17 16 68
22 79 22 80
2 79 6 80
6 31 17 36
5 73 13 77
20 64 21 75
14 30 15 30
13 60 16 64
21 45 22 77
4 58 17 67
7 44 9 80
21 37 22 54
7 34 16 52
20 35 20 50
14 6 19 38
14 47 18 58
3 20 6 45
13 36 18 70
18 15 18 29
15 46 19 77
4 52 9 78
9 4 19 8
10 58 11 58
11 72 20 75
2 23 21 58
1 22 11 32
15 28 18 58
4 15 16 15
4 35 10 59
11 19 20 31
1 45 6 61
7 36 20 48
9 51 22 73
12 63 20 75
5 50 20 51
10 61 10 68
21 7 22 44
8 8 12 42
5 51 21 56
18 69 18 75
22 21 22 79
11 24 12 52
9 17 16 46
21 45 21 55
13 15 13 29
20 54 20 65
6 74 17 80
16 58 22 65
18 74 21 79
7 74 11 78
11 8 18 34
12 19 13 51
14 24 19 76
9 67 11 77
12 12 20 45
12 74 20 80
12 49 20 57
14 73 19 77
5 59 19 65
13 42 22 65
15 81 20 81
1 72 9 74
5 23 20 37
6 46 17 52
16 24 16 37
14 28 18 31
16 70 16 71
22 59 22 75
14 48 22 59
9 30 20 48
1 4 20 21
21 9 22 56
12 13 13 32
4 73 20 73
17 5 19 76
2 20 18 21
1 53 3 77
3 26 6 36
15 16 22 57
4 69 10 77
21 14 21 29
21 77 22 81
20 32 21 40
6 55 13 61
9 29 20 29
22 47 22 57
17 24 22 55
11 29 15 77
2 74 3 81
11 42 15 78
5 32 10 34
12 38 21 54
17 5 19 52
16 47 18 74
22 6 22 37
20 39 21 41
17 28 22 61
16 79 18 81
7 5 12 7
5 58 18 79
3 12 22 65
5 8 12 59
9 80 16 80
12 10 16 35
20 24 22 62
21 4 21 72
17 53 18 62
11 20 13 76
10 39 15 66
11 31 13 35
6 46 10 79
21 21 22 77
14 40 20 59
5 73 11 75
17 66 17 76
4 37 17 51
10 80 21 81
16 49 18 68
11 54 17 66
17 37 19 49
22 22 22 32
20 16 21 25
13 27 13 69
11 34 11 47
9 61 12 64
6 42 18 59
7 66 19 69
6 15 21 25
22 78 22 81
10 50 20 61
12 25 16 31
19 12 21 33
13 63 19 80
6 80 19 81
2 6 10 57
18 60 18 65
12 14 15 19
10 51 22 77
9 15 13 66
2 64 14 72
18 44 18 53
2 59 3 74
16 35 19 53
9 35 17 62
21 58 21 60
17 68 20 76
12 8 14 76
22 1 22 44
22 32 22 81
13 73 14 74
1 71 12 71
14 46 14 58
10 74 17 74
17 7 17 9
18 28 18 47
3 32 5 69
2 20 3 74
1 71 12 80
3 17 13 18
20 23 21 41
5 71 20 73
20 50 21 55
9 29 22 38
21 51 22 79
14 8 16 16
6 10 21 28
14 9 19 53
15 18 21 52
10 20 17 35
1 26 1 66
7 11 9 55
10 64 18 81
10 40 15 75
22 12 22 77
15 56 17 56
11 53 18 77
6 10 14 70
21 65 21 81
7 68 11 74
13 10 14 70
9 13 19 58
19 21 19 23
10 65 15 66
9 71 19 80
19 11 20 31
16 28 18 61
12 22 19 46
20 61 21 77
6 81 13 81
15 72 19 78
10 42 11 80
7 47 22 57
20 41 21 61
14 7 19 46
14 74 21 79
15 21 20 63
7 26 12 80
3 33 17 81
12 11 15 66
10 47 17 73
16 3 18 81
16 75 16 75
7 74 8 81
19 17 22 70
9 76 14 76
13 55 13 66
12 60 15 72
13 38 15 63
12 44 18 44
21 79 22 81
22 34 22 51
15 64 15 68
9 66 15 72
2 7 11 60
10 23 14 70
2 19 10 70
19 51 19 78
9 11 13 30
12 65 13 68
11 47 18 65
21 30 21 52
4 41 14 81
4 43 6 71
21 38 21 64
10 51 18 78
18 25 19 52
14 4 17 41
10 7 22 59
7 41 20 47
13 30 16 65
1 52 7 76
11 61 13 73
14 17 21 65
9 46 9 56
7 26 11 58
10 25 18 32
21 45 22 50
3 14 7 78
18 46 22 73
10 16 16 29
9 34 9 62
21 70 21 77
8 55 20 65
17 46 18 79
12 14 16 46
18 24 20 79
10 75 19 75
21 63 22 65
9 24 18 35
14 31 20 75
22 77 22 78
6 6 14 52
1 80 22 80
12 57 14 68
11 54 18 55
7 61 16 62
3 33 20 33
1 72 4 77
17 49 17 53
22 76 22 80
4 34 20 61
6 4 8 25
3 78 14 79
3 5 9 49
18 1 20 2
2 31 3 66
8 77 17 78
6 69 22 78
10 76 19 81
10 63 16 72
9 52 18 59
4 39 6 54
6 28 17 44
5 42 18 65
17 9 20 57
15 61 22 62
9 19 16 53
21 81 22 81
1 48 21 67
1 14 8 17
9 57 13 71
5 66 15 80
2 4 8 59
8 1 8 72
5 65 10 68
21 20 21 78
6 51 6 72
3 22 18 48
4 64 19 80
3 13 21 36
6 70 18 71
22 52 22 56
2 35 12 55
4 24 11 81
22 9 22 65
22 29 22 60
9 19 10 30
1 27 13 49
16 37 22 51
1 12 7 34
22 27 22 58
14 17 20 70
9 44 18 44
14 13 20 41
7 61 7 66
1 67 13 81
6 16 7 45
22 37 22 81
15 25 15 76
11 47 14 54
21 9 21 18
8 13 17 18
19 57 20 68
4 30 19 41
20 55 20 78
17 27 17 72
10 20 21 70
7 72 21 80
20 70 20 71
2 30 11 74
19 17 20 74
7 34 10 37
15 54 19 63
14 55 20 79
13 16 14 26
11 79 11 81
12 38 18 44
5 58 19 62
15 45 17 74
14 17 22 45
2 52 13 73
14 48 17 49
10 68 18 68
15 40 15 48
10 21 12 73
14 28 22 38
6 7 10 62
11 2 22 77
13 20 16 67
14 52 20 57
18 41 21 44
8 1 9 52
4 75 9 77
5 43 12 49
3 17 3 38
1 23 4 60
18 5 22 58
6 21 8 69
22 24 22 78
22 30 22 69
21 54 21 78
22 23 22 24
2 6 13 56
5 36 21 81
2 67 11 72
1 3 2 60
12 74 19 74
11 38 20 38
6 11 7 45
8 70 17 80
17 52 18 56
7 35 21 46
6 32 16 66
7 39 12 57
3 81 16 81
7 77 21 78
11 19 15 72
15 69 19 80
17 39 21 61
21 32 21 47
18 59 20 72
20 35 21 61
9 1 12 15
16 51 16 60
4 37 12 63
16 52 16 79
15 73 22 77
6 1 16 15
11 51 11 51
21 28 21 29
22 14 22 45
16 29 20 39
8 62 17 70
6 60 18 65
21 62 21 80
15 70 16 81
3 32 4 70
13 73 16 75
8 81 20 81
12 25 17 66
3 15 17 29
18 54 19 63
15 19 15 20
4 54 10 75
10 48 22 61
7 12 8 69
9 44 11 78
14 5 15 64
13 44 15 49
21 65 22 74
18 42 18 67
15 81 20 81
21 42 22 75
18 22 19 68
7 34 14 50
19 18 20 42
16 13 16 24
8 23 13 44
5 70 17 81
3 77 4 78
7 69 16 77
7 51 12 67
1 57 19 60
7 59 7 75
8 5 19 19
6 17 6 41
6 78 6 80
21 12 21 29
20 32 21 54
1 19 5 47
15 28 19 41
18 70 22 75
17 30 17 58
19 37 20 48
5 51 18 79
17 59 21 78
18 64 20 70
8 39 11 44
2 70 15 74
6 11 12 28
14 61 20 65
13 65 15 67
11 40 11 59
17 5 19 77
4 15 17 45
17 25 18 52
16 47 21 54
3 30 4 30
5 12 8 72
9 68 15 81
10 8 22 70
4 1 8 29
15 62 21 70
18 41 22 61
13 19 13 29
11 35 11 76
17 25 22 76
1 58 20 77
9 57 11 65
13 78 14 81
19 33 20 67
17 17 18 66
14 20 14 49
21 80 21 80
17 43 22 52
10 63 11 76
15 13 21 27
6 13 7 67
12 18 17 65
21 7 21 79
6 32 12 35
17 44 17 78
19 2 22 72
7 72 9 73
17 64 21 81
9 22 16 77
9 78 17 79
9 58 9 72
2 56 13 67
18 31 18 55
11 3 13 56
12 39 19 66
14 75 17 81
17 43 20 47
17 50 22 53
21 2 22 49
14 29 16 37
2 40 19 63
7 77 14 78
19 68 19 76
9 30 11 55
21 17 22 47
3 32 18 34
10 60 20 60
14 63 19 67
17 61 17 74
18 27 22 73
21 68 22 71
3 11 18 32
7 47 21 73
4 21 9 65
20 21 22 21
22 58 22 60
11 47 20 59
7 18 10 50
8 79 17 80
16 1 21 69
21 64 22 79
7 25 17 78
17 48 21 66
5 6 19 25
16 42 20 59
9 13 19 66
19 71 19 81
12 76 21 78
18 26 22 31
19 31 20 61
2 20 20 26
6 30 6 38
10 6 13 57
16 26 17 80
19 4 22 18
20 11 22 71
5 23 21 75
8 64 11 64
10 53 20 56
11 15 12 71
8 32 17 33
8 33 15 58
21 61 21 64
5 65 19 72
14 63 22 75
13 2 14 56
14 25 15 47
7 22 7 66
2 37 17 54
16 13 21 76
12 43 19 63
5 34 11 51
11 25 17 72
10 80 17 80
3 48 20 55
20 1 21 11
13 52 17 54
6 76 6 78
5 51 9 51
8 7 12 66
13 66 16 72
1 51 13 56
20 2 21 79
6 21 20 50
15 76 17 80
21 40 21 76
1 72 11 80
1 33 17 65
13 7 22 7
1 19 3 40
4 28 8 64
7 22 21 56
18 39 21 65
7 41 18 57
12 69 21 80
7 27 8 38
7 45 22 54
17 72 19 81
3 46 22 77
11 21 20 73
4 74 8 76
15 56 21 59
8 73 16 81
6 61 6 69
11 63 16 75
7 22 21 22
16 18 20 49
22 31 22 60
15 20 22 68
20 44 22 50
8 69 11 76
6 63 10 79
14 1 19 20
13 21 16 53
1 73 3 73
15 2 19 9
11 13 22 41
9 11 9 75
8 66 15 67
6 72 12 81
21 55 21 79
12 46 21 56
18 2 19 80
10 25 20 69
1 21 15 74
13 14 15 57
11 76 19 76
18 57 18 72
10 72 16 81
21 64 22 70
22 9 22 47
3 39 18 72
15 44 19 80
17 81 17 81
4 8 20 42
19 10 21 66
9 76 15 77
10 43 20 75
10 13 12 60
13 43 21 54
18 52 19 62
5 33 14 37
19 27 20 45
8 35 22 48
3 66 4 70
21 43 21 78
16 19 22 65
1 25 12 66
14 35 21 53
2 4 20 43
22 76 22 81
13 58 19 59
9 59 18 59
3 67 7 73
13 69 19 75
9 34 16 37
13 40 15 74
5 67 9 68
10 80 19 80
14 67 19 74
9 35 20 35
15 25 17 47
11 28 22 76
6 74 8 74
7 71 10 72
10 56 19 60
11 59 17 70
22 70 22 80
15 24 22 65
5 64 12 74
6 26 22 45
17 21 19 57
2 25 18 36
13 27 14 53
2 18 13 41
14 45 20 49
18 5 19 51
10 22 16 41
9 71 22 73
7 17 13 60
22 52 22 61
21 54 22 63
22 72 22 73
12 27 14 29
7 18 9 29
22 54 22 60
1 42 14 57
5 11 6 53
6 75 17 80
14 38 20 74
8 9 10 62
20 57 21 57
4 68 20 81
1 28 12 74
19 64 19 65
18 16 19 73
8 24 12 53
10 21 15 30
3 63 22 64
17 26 20 66
21 17 21 70
6 1 15 61
14 47 22 49
12 51 22 51
21 66 21 77
9 66 9 70
6 33 8 44
12 17 15 80
15 35 20 36
6 66 13 68
7 23 14 70
6 56 12 59
9 12 17 76
3 27 20 80
22 35 22 74
7 23 7 25
13 44 20 69
5 53 17 69
5 63 14 67
14 7 16 46
14 49 15 69
14 57 18 66
17 63 18 65
8 59 17 67
15 14 22 30
5 30 22 65
14 18 21 34
3 30 18 32
8 12 17 70
1 32 20 68
21 65 21 78
14 17 17 31
7 65 16 65
13 25 14 32
19 39 19 59
13 75 16 81
13 81 18 81
20 11 22 79
3 54 14 71
17 31 21 68
14 51 18 67
22 68 22 77
20 67 22 79
20 17 21 58
1 78 6 78
14 32 20 54
17 23 19 53
12 69 20 78
15 7 15 59
14 47 14 63
15 39 17 78
11 29 15 71
17 8 20 48
14 46 15 47
2 31 7 36
18 37 19 59
2 8 3 45
7 5 11 72
5 67 5 70
5 31 20 58
5 39 12 48
16 67 18 68
15 80 16 81
5 52 16 78
5 56 9 79
13 40 20 68
17 80 18 80
17 52 17 60
4 14 7 74
10 9 11 25
6 46 9 75
17 22 22 58
13 66 16 66
10 60 14 70
5 74 7 75
13 66 14 78
4 20 17 49
6 52 18 71
15 52 22 72
16 18 21 74
9 9 14 78
20 7 22 43
4 18 15 20
5 9 7 23
3 19 11 72
11 26 18 60
3 30 6 41
20 10 21 59
3 28 22 50
9 70 22 75
2 50 5 69
19 1 21 29
11 34 16 61
20 28 20 49
9 23 17 41
3 31 6 40
17 46 20 73
14 17 21 36
11 38 17 58
18 2 20 16
22 25 22 60
8 23 18 31
11 53 14 53
19 63 21 67
4 20 11 77
10 74 18 81
18 14 18 24
1 54 13 81
12 44 18 61
11 72 17 73
15 34 21 74
21 57 21 58
15 60 21 77
15 17 22 24
14 1 15 27
10 55 17 56
8 55 8 63
21 56 21 73
21 67 22 80
6 14 14 59
8 31 8 42
10 5 15 24
14 38 19 76
8 24 11 32
20 24 21 45
21 19 21 64
8 72 13 72
2 50 4 65
19 57 21 71
19 38 19 52
14 36 22 46
19 32 19 60
21 11 21 51
13 24 22 44
19 61 19 77
13 71 16 75
19 19 21 37
22 49 22 59
22 38 22 49
7 56 11 61
13 76 22 78
2 13 13 65
21 36 21 42
12 73 16 73
9 10 16 46
10 50 18 69
20 49 22 71
4 70 6 79
14 6 22 33
1 36 3 59
20 54 22 55
2 1 21 60
1 71 12 74
6 2 13 66
1 54 20 59
12 71 12 77
12 35 15 58
18 20 22 32
22 25 22 52
15 14 22 47
1 1 8 30
4 25 7 46
6 66 6 67
15 73 22 73
7 30 11 32
21 31 22 70
20 33 20 50
9 50 17 54
2 78 20 81
22 28 22 36
17 19 18 20
2 1 6 57
15 36 22 74
8 9 20 65
2 81 20 81
5 75 9 80
7 46 11 52
5 2 10 57
4 55 17 59
11 13 21 76
11 6 20 55
2 41 15 49
5 46 22 53
1 52 10 75
20 52 20 71
4 7 15 27
20 29 20 62
16 80 19 81
9 24 18 80
4 68 4 78
10 71 10 77
20 6 20 13
3 64 19 77
7 39 15 68
8 24 9 29
16 40 22 73
18 28 21 66
2 11 6 11
17 21 21 76
19 75 22 79
17 18 17 30
12 11 14 71
4 2 10 40
16 63 22 68
2 78 8 81
9 25 12 51
22 31 22 55
10 30 22 53
1 22 12 74
6 60 12 73
17 41 19 68
6 60 16 74
15 72 21 80
8 65 10 73
16 61 19 69
5 80 15 80
3 8 14 62
2 79 11 81
19 65 21 73
11 77 19 80
21 36 22 65
13 44 20 65
14 36 21 81
1 52 18 71
3 69 14 75
8 39 14 53
6 51 9 62
4 63 19 70
10 1 21 53
12 39 20 63
16 59 17 64
3 81 9 81
16 25 18 80
13 52 14 54
15 27 19 62
15 59 17 59
8 23 8 43
16 37 19 57
8 60 15 79
3 29 14 41
21 51 21 70
21 73 21 73
3 2 13 43
20 53 22 54
18 42 20 76
19 39 20 58
16 56 17 67
15 12 22 41
8 80 18 81
18 25 20 46
3 46 5 53
15 19 16 40
10 26 19 27
19 6 22 7
21 7 21 42
18 5 19 18
17 13 17 27
11 17 11 32
7 4 8 73
13 19 17 66
17 15 17 54
16 45 18 75
22 69 22 81
7 46 8 55
3 43 13 80
11 1 15 48
17 62 17 78
1 42 20 46
11 30 12 68
2 75 11 78
18 45 20 54
6 41 16 51
3 3 22 81
18 34 19 45
7 14 8 77
13 47 18 56
8 53 13 58
11 54 14 72
5 20 9 47
7 43 11 55
11 72 18 74
10 71 18 73
18 26 22 44
10 31 16 46
18 59 22 60
6 12 11 14
7 4 22 57
17 5 20 79
11 19 16 64
6 56 20 69
21 11 21 38
14 18 22 50
5 50 11 62
5 7 15 28
1 49 16 55
5 23 17 36
8 22 10 24
11 16 16 78
14 7 20 58
21 43 22 65
13 67 20 69
15 47 19 80
5 3 18 9
3 76 22 81
15 55 16 78
13 7 21 46
5 71 11 72
14 68 19 77
15 31 22 56
3 62 21 76
12 73 20 81
1 81 10 81
18 44 21 76
14 53 16 65
9 55 22 59
10 31 10 39
11 35 18 39
9 61 17 76
7 72 22 72
14 8 15 8
19 73 20 81
22 46 22 61
1 49 1 78
12 60 19 62
6 18 22 46
19 10 20 36
8 40 20 81
14 15 18 69
13 10 17 25
7 51 17 67
1 8 8 56
22 66 22 73
10 32 12 43
5 30 9 58
5 1 6 57
17 67 22 81
3 66 9 70
19 71 21 74
12 10 17 69
6 36 15 77
7 43 20 45
16 57 20 70
9 43 13 45
7 63 17 67
17 48 20 53
11 49 12 60
6 65 20 73
2 46 11 70
9 80 11 81
15 56 21 68
5 72 19 76
18 64 21 72
1 56 21 81
19 38 20 79
1 28 4 72
9 22 11 51
20 70 20 75
13 18 16 47
5 66 12 74
22 33 22 50
10 4 18 30
21 37 21 70
12 76 14 76
16 65 16 73
4 57 12 66
8 63 21 65
17 18 21 56
10 29 12 66
15 54 22 60
14 18 16 38
4 29 13 49
5 23 15 32
18 44 22 72
22 50 22 69
19 76 20 78
17 7 22 53
12 12 18 70
13 48 17 67
10 23 18 61
7 31 14 64
14 33 16 78
8 49 9 73
20 38 20 40
17 65 20 73
1 68 4 79
22 78 22 81
6 68 22 78
2 45 10 80
11 49 12 62
14 28 18 39
19 40 22 50
10 35 16 51
3 9 21 64
9 23 16 55
18 58 19 75
18 14 18 75
15 1 18 50
15 8 16 73
17 58 20 81
13 21 20 55
15 32 15 36
9 1 16 56
12 36 22 80
5 50 22 78
14 61 20 62
6 71 19 72
14 60 14 74
11 74 11 79
7 2 7 77
3 73 22 77
19 56 19 77
5 2 9 73
2 74 3 76
7 25 16 65
4 18 7 40
20 68 20 72
17 4 19 7
13 49 22 65
18 60 18 64
22 29 22 38
5 76 15 76
10 19 21 66
4 69 15 81
6 51 19 52
8 59 12 61
17 38 19 80
11 7 12 59
17 25 20 77
5 55 5 62
5 9 22 35
2 63 9 75
12 57 20 64
9 74 18 76
10 49 21 53
8 37 20 77
20 76 20 76
5 57 6 80
15 25 16 68
1 33 12 72
8 12 14 56
20 19 22 28
17 63 17 65
2 9 2 49
21 5 21 51
21 15 22 43
17 66 20 80
16 48 19 65
3 39 20 60
9 32 20 67
14 11 19 65
20 48 21 71
13 11 16 73
20 37 20 66
19 27 19 68
21 43 22 45
2 19 8 62
21 35 21 45
1 1 16 66
10 43 14 76
15 72 17 72
4 31 10 66
10 33 11 34
12 9 18 45
13 18 22 64
7 76 13 78
11 8 14 16
5 16 16 22
21 80 21 80
21 35 22 76
3 67 22 79
20 51 21 77
2 42 20 61
1 11 19 16
17 47 18 77
5 16 19 45
2 37 20 48
3 4 11 53
2 43 2 70
12 23 19 24
12 3 17 22
17 4 19 79
9 29 21 57
18 69 18 72
15 37 18 56
10 15 10 49
19 70 19 73
2 44 4 61
20 52 20 59
6 43 13 51
12 7 17 54
17 39 19 78
8 27 20 69
14 80 18 80
13 49 19 71
14 73 18 76
2 12 21 30
21 75 22 76
22 54 22 54
13 1 13 7
17 46 21 67
22 56 22 72
16 75 22 78
14 8 20 63
18 51 18 64
16 74 19 78
11 5 11 46
9 27 14 72
12 45 16 79
22 75 22 80
12 10 12 24
21 26 21 51
7 74 15 79
21 72 22 75
12 22 21 73
15 35 18 44
16 52 22 59
9 54 16 81
17 23 20 66
22 12 22 45
6 37 11 78
15 29 21 30
4 6 12 46
15 44 19 48
16 36 20 41
7 20 20 76
11 75 15 76
4 24 5 50
9 18 22 44
5 39 7 74
13 27 18 35
21 33 21 51
22 16 22 41
6 73 11 78
6 40 14 66
5 77 18 77
2 11 6 65
1 32 1 57
17 55 19 59
10 22 12 34
7 20 21 44
2 51 9 78
7 41 7 76
1 72 6 81
22 56 22 59
13 52 15 61
9 8 21 46
3 31 16 39
13 58 17 61
19 25 21 71
16 73 16 78
15 3 15 59
22 49 22 60
20 62 22 64
6 47 19 52
20 4 20 47
18 57 21 62
17 56 17 79
22 10 22 51
19 27 20 65
22 22 22 32
17 41 18 78
21 22 21 66
13 37 14 72
14 2 16 52
19 16 19 43
18 64 20 67
8 60 13 60
22 43 22 52
18 71 20 80
13 47 16 78
1 22 4 37
15 2 19 67
5 66 19 81
6 4 18 21
19 38 21 42
9 63 9 78
19 40 20 67
5 25 9 35
5 40 19 58
11 15 14 53
18 76 18 78
2 6 18 49
12 43 16 56
7 20 17 59
21 69 21 71
8 77 19 78
9 69 12 69
19 6 19 55
4 49 6 49
7 61 22 65
15 39 19 59
19 2 22 40
21 9 21 44
16 20 20 44
6 38 10 59
15 64 18 70
5 11 22 39
15 78 17 78
9 47 17 50
2 60 19 72
1 51 15 54
12 8 19 59
2 31 11 66
7 38 20 69
21 60 21 71
14 46 19 52
5 8 6 24
11 37 21 67
7 73 19 73
16 14 19 28
5 27 16 40
16 39 21 80
14 7 22 40
8 80 11 81
11 60 11 66
7 3 8 58
22 19 22 69
12 31 12 65
9 76 20 81
17 49 18 75
20 4 22 64
11 58 12 79
3 3 22 48
15 41 18 78
11 35 14 48
7 35 17 49
14 12 15 39
2 16 14 76
20 33 21 43
15 29 20 31
14 45 20 60
18 29 18 80
2 80 4 80
8 19 22 65
8 11 16 68
4 25 13 51
2 59 10 76
19 16 22 42
22 46 22 62
10 59 17 72
3 14 10 41
17 68 18 76
18 20 19 66
13 25 16 80
21 56 22 61
1 39 1 41
3 28 12 42
9 42 11 65
13 57 20 58
8 56 14 56
22 43 22 51
3 19 22 23
19 73 19 79
20 75 21 77
5 71 20 77
16 70 18 71
5 74 13 78
12 59 22 74
2 17 17 42
12 31 18 70
20 64 20 67
19 52 19 69
10 20 16 70
2 32 10 36
17 30 21 53
10 66 16 67
21 78 21 79
8 21 19 41
10 70 13 76
22 59 22 64
22 71 22 78
3 70 5 73
17 8 19 35
20 81 20 81
20 78 20 78
9 16 17 62
19 35 20 55
21 52 21 63
4 77 10 80
11 24 22 62
20 45 21 54
14 81 20 81
3 12 7 30
20 74 20 81
11 3 15 52
20 70 20 70
20 21 20 73
1 80 22 81
3 15 4 36
19 57 21 68
16 62 21 66
9 41 20 57
9 18 17 75
16 17 21 81
3 23 3 76
1 73 1 79
10 76 21 76
4 39 9 69
20 24 22 30
13 67 20 80
5 73 11 79
12 34 21 61
6 35 14 46
22 72 22 79
3 78 16 81
15 59 18 80
10 77 20 79
22 48 22 75
18 14 22 52
21 26 22 67
21 32 22 78
9 71 15 71
11 21 18 30
2 12 2 50
22 80 22 81
2 36 12 39
14 38 14 69
9 64 11 73
20 22 20 39
16 4 20 45
21 11 21 64
8 24 9 55
5 2 21 72
14 23 17 53
21 42 21 46
12 77 21 79
4 79 16 79
5 38 10 40
21 17 21 55
2 51 12 75
19 71 22 77
11 71 22 76
11 74 16 75
17 47 19 50
4 80 14 81
15 44 21 44
1 14 1 48
18 3 20 24
22 63 22 76
14 55 16 71
6 31 18 70
10 39 15 50
6 27 16 79
17 72 22 80
6 13 16 34
19 25 21 29
22 30 22 40
11 63 20 79
10 77 15 79
18 62 22 81
8 7 19 47
3 76 18 77
15 50 18 60
21 29 22 74
11 12 22 60
16 46 18 66
20 39 22 48
11 8 11 71
9 51 10 60
5 52 13 64
2 40 13 54
8 64 10 74
3 10 22 36
17 38 19 79
14 79 15 79
17 27 17 59
7 29 22 39
16 28 19 60
21 60 22 72
13 72 14 72
21 47 21 75
21 60 22 73
15 34 18 73
8 54 9 64
22 17 22 58
11 49 19 79
17 57 18 77
7 66 22 78
9 68 22 76
13 61 21 71
17 61 17 68
10 28 17 63
4 32 16 46
20 14 20 51
17 3 18 51
4 12 12 71
15 15 21 49
11 42 21 66
14 80 17 80
9 57 21 58
15 15 22 29
5 47 20 79
7 77 7 77
2 23 16 60
6 29 17 62
18 67 20 68
4 67 13 75
2 12 10 44
7 76 19 80
11 78 21 80
7 23 10 52
20 9 20 71
19 30 22 79
20 70 20 76
11 57 22 77
3 52 14 73
17 57 21 76
7 32 22 75
18 26 22 40
7 33 19 52
22 42 22 71
11 53 19 81
15 4 17 21
11 6 18 40
9 63 19 66
13 48 17 81
15 70 17 76
4 23 11 40
11 46 16 51
9 45 15 51
7 44 7 59
5 70 14 70
2 59 13 61
21 10 21 62
10 21 19 55
6 66 10 69
11 57 19 62
20 38 21 54
11 78 11 81
5 13 6 26
9 75 13 79
12 44 19 70
11 26 17 36
6 19 14 34
7 56 20 77
20 24 21 56
8 10 14 70
11 11 19 74
14 26 21 65
20 38 21 70
17 9 22 56
13 4 14 45
3 3 15 42
22 28 22 56
16 30 17 58
10 22 20 80
19 76 21 81
2 42 22 46
17 35 18 71
7 57 20 79
18 23 20 67
22 36 22 63
19 39 21 57
8 67 22 68
3 45 22 59
21 73 22 79
1 39 22 64
1 68 13 76
4 49 21 70
18 54 19 71
13 73 22 81
5 29 8 72
13 23 14 63
4 66 14 72
1 39 14 67
3 56 3 63
3 1 21 5
13 47 20 77
10 74 17 74
1 56 20 68
13 60 21 61
2 21 22 62
6 18 19 30
17 27 22 60
9 67 9 69
12 66 22 66
10 20 10 72
2 49 10 69
9 49 16 71
18 81 18 81
11 44 15 72
6 68 7 75
12 38 13 59
1 81 6 81
22 59 22 63
14 35 22 74
16 56 18 59
9 19 17 76
22 14 22 50
9 37 16 48
12 34 14 73
15 71 21 75
14 71 20 78
14 63 20 64
12 22 20 43
11 36 11 70
11 19 15 60
22 41 22 47
10 69 15 71
13 61 20 62
11 31 13 58
12 20 22 25
7 10 15 62
18 67 22 80
21 15 22 21
1 26 13 43
10 3 18 35
12 25 13 70
15 51 19 52
15 27 19 77
1 26 13 29
11 1 17 46
3 70 16 78
5 71 15 81
4 57 4 79
21 75 21 80
12 67 13 68
22 42 22 48
14 71 17 74
17 48 20 69
17 73 20 78
7 73 13 81
1 41 6 65
7 37 14 80
22 43 22 50
1 11 15 21
18 76 19 81
20 12 21 68
17 38 20 68
1 9 7 73
16 33 18 53
20 71 20 73
5 12 10 65
8 3 17 9
14 19 19 66
14 57 19 66
20 74 20 76
11 29 20 74
3 64 10 80
3 73 9 80
7 67 12 77
11 34 21 79
10 68 20 79
4 62 9 66
19 81 21 81
12 11 19 41
16 10 22 80
8 54 21 80
3 62 13 71
3 10 19 76
5 8 13 63
17 60 17 62
4 4 12 26
7 22 12 49
12 13 14 38
22 15 22 53
7 73 14 74
11 5 11 81
16 25 16 53
5 55 21 64
19 21 21 25
18 5 22 73
8 27 19 37
11 60 11 63
2 49 19 55
2 78 4 80
3 51 7 71
10 50 18 57
7 63 18 79
18 3 18 79
16 21 16 38
1 11 16 32
18 26 22 76
2 58 14 62
4 37 12 44
13 68 17 72
21 10 22 14
15 33 21 42
21 50 21 74
1 60 22 76
15 40 19 71
9 65 9 65
4 10 21 69
22 34 22 50
3 1 8 19
7 60 15 78
13 42 14 55
10 71 17 71
13 10 18 55
2 70 3 75
8 61 8 72
22 80 22 81
19 9 20 29
21 53 22 54
4 16 14 52
3 4 9 34
22 23 22 43
3 30 18 59
18 54 19 72
4 18 6 44
18 80 22 80
10 42 17 72
10 33 17 55
14 11 17 18
2 30 9 54
19 51 20 74
22 53 22 71
12 76 21 80
11 32 19 74
20 70 20 72
9 69 12 79
7 36 12 42
18 4 21 76
12 16 13 23
11 26 13 76
12 3 22 65
18 81 18 81
17 61 19 72
3 81 9 81
12 57 14 74
20 10 20 38
13 65 20 71
21 49 22 52
15 15 15 74
7 69 15 77
12 24 15 67
7 20 8 39
4 74 16 80
5 49 5 60
21 23 21 81
6 11 22 69
10 37 20 70
17 71 18 77
16 78 22 79
21 11 22 53
14 36 18 38
11 74 17 75
15 7 18 47
22 37 22 52
3 51 17 75
13 17 18 36
21 15 22 58
13 13 14 37
20 42 21 61
8 51 21 53
6 2 15 58
15 60 21 61
2 26 21 40
7 15 8 69
3 16 10 46
18 58 21 65
13 26 18 51
10 21 20 57
3 34 18 35
1 21 7 43
2 63 17 78
5 39 20 60
20 43 22 70
9 49 19 71
3 65 6 71
13 54 18 77
6 51 15 53
17 56 18 80
8 33 15 52
10 68 11 72
18 11 22 42
18 61 18 72
10 43 20 61
15 11 22 36
8 71 16 78
21 65 21 74
14 8 16 59
9 3 21 4
17 6 20 24
6 30 7 64
14 13 19 66
1 71 2 81
4 24 10 32
16 67 20 73
16 5 22 36
16 6 21 44
3 61 17 63
15 47 17 64
11 2 22 41
7 57 16 67
22 1 22 74
21 68 22 76
3 70 6 81
17 10 19 44
7 64 12 81
5 66 14 81
3 5 5 34
8 79 8 79
14 80 14 80
20 28 22 48
3 9 5 20
21 73 21 74
2 36 22 53
13 78 17 78
1 45 8 53
6 19 11 51
11 50 17 61
11 20 20 61
9 4 17 7
21 9 22 60
20 69 22 80
22 68 22 71
13 30 17 45
13 8 13 65
7 46 20 71
7 3 16 36
16 15 20 34
3 50 12 67
2 33 2 72
22 67 22 75
5 26 21 50
19 30 22 52
18 62 22 70
9 32 9 76
16 59 22 80
13 45 22 57
14 58 22 65
19 57 19 74
16 76 20 79
6 44 22 64
22 79 22 79
21 4 22 19
19 4 19 30
10 1 13 3
12 15 13 24
15 7 19 68
17 32 19 34
12 77 22 77
11 20 19 36
21 3 21 71
7 11 9 39
15 65 15 79
5 64 18 74
8 36 19 51
14 16 14 62
6 18 12 26
21 58 21 60
10 81 18 81
6 61 8 65
6 47 12 71
2 39 9 66
2 51 6 72
18 75 22 78
12 23 18 73
17 28 19 67
20 25 21 48
12 80 17 80
13 74 19 80
19 13 21 21
8 53 19 57
22 25 22 57
3 7 13 69
5 58 16 59
15 46 21 72
11 74 18 79
7 40 7 69
18 50 22 60
2 17 6 52
6 17 12 49
15 70 16 73
18 79 22 79
9 13 14 53
10 30 14 57
15 79 16 80
10 28 12 68
10 51 16 70
20 61 21 78
4 70 4 72
15 8 22 80
18 75 19 79
18 37 22 46
3 78 4 81
6 75 22 79
3 32 22 60
2 69 17 79
16 66 17 79
2 5 11 68
4 51 21 73
15 73 20 77
19 39 22 71
12 57 21 60
22 53 22 78
7 49 20 60
7 49 13 67
21 8 22 48
8 39 13 81
3 70 13 77
14 48 22 52
14 52 15 59
13 46 16 73
18 77 18 80
5 3 14 48
18 35 20 37
19 61 20 67
21 19 21 35
13 50 15 52
5 27 15 67
5 36 14 59
15 69 19 79
1 4 22 47
16 58 22 81
5 44 18 66
16 54 16 60
14 36 20 80
16 19 16 37
14 31 20 43
3 36 19 50
3 33 18 75
6 34 12 71
16 48 22 69
6 41 20 52
17 43 21 57
7 47 21 77
22 49 22 73
16 58 19 58
10 80 11 81
13 1 21 66
13 76 21 79
9 9 14 72
17 40 19 73
13 5 13 25
4 41 4 50
2 66 22 78
22 60 22 76
19 28 20 47
10 34 14 58
6 27 22 31
5 4 16 52
18 29 19 67
13 48 22 50
4 42 4 51
15 72 16 73
18 44 21 61
2 36 5 59
11 3 15 29
7 23 8 50
22 43 22 64
5 50 21 65
11 75 17 75
11 23 13 60
5 71 20 80
18 71 19 76
7 77 12 80
3 43 16 80
22 9 22 24
20 56 22 72
14 48 15 71
12 30 12 60
16 20 20 65
6 48 8 56
3 33 3 79
18 56 18 78
21 57 22 58
22 29 22 38
1 56 3 56
22 28 22 38
18 72 18 79
12 81 19 81
7 60 17 80
11 5 19 66
21 12 21 14
21 75 21 77
16 5 22 58
4 9 11 57
16 17 16 38
11 78 11 78
1 46 2 46
20 34 20 78
22 48 22 66
15 75 15 77
13 46 18 61
20 6 20 22
4 46 14 50
1 78 13 80
20 73 22 79
15 67 16 81
3 69 17 71
15 27 18 70
1 24 5 49
21 51 21 56
22 8 22 10
2 46 14 67
21 56 22 68
9 57 13 76
3 50 9 64
11 48 11 79
15 19 15 51
21 38 22 55
20 62 21 78
10 68 20 70
12 30 12 36
11 30 17 78
16 53 20 55
5 69 22 73
15 14 16 64
10 75 18 77
3 42 20 63
5 80 15 81
13 38 21 47
7 7 8 21
6 38 6 81
10 34 19 51
20 20 20 22
2 77 5 78
16 23 19 53
19 24 20 70
3 72 16 76
13 1 15 39
7 16 22 62
17 16 17 77
20 48 20 49
3 15 11 25
17 13 17 24
13 40 15 43
3 10 9 37
20 32 20 44
19 38 22 51
6 42 10 42
17 61 20 74
21 1 21 50
21 11 21 30
20 59 20 61
11 55 20 70
19 61 22 72
10 75 21 79
4 28 5 56
3 2 16 28
7 18 16 53
5 29 17 54
8 56 21 59
1 65 6 77
18 35 20 61
7 9 10 79
21 15 22 28
14 8 21 52
9 35 14 80
11 11 19 46
9 27 15 59
20 72 22 80
5 9 20 20
10 56 16 56
21 18 21 51
22 24 22 54
14 66 22 77
13 63 18 63
10 72 21 72
17 50 20 68
11 4 15 9
11 19 20 52
17 63 20 65
10 37 15 67
16 30 22 46
18 3 20 42
21 21 22 62
20 62 20 68
5 7 21 56
5 79 13 79
18 56 21 60
4 15 18 51
5 53 22 75
14 80 22 80
1 40 7 80
21 10 21 69
3 19 5 59
1 63 4 64
12 61 22 78
10 19 16 59
19 79 19 80
15 78 19 79
11 71 21 71
9 2 14 53
15 47 21 75
9 1 16 52
5 51 10 64
1 33 5 49
10 63 12 81
13 22 15 78
11 39 18 67
14 11 20 60
2 64 7 66
7 32 13 65
11 33 22 53
8 11 14 24
18 44 22 53
14 20 17 53
9 61 19 73
14 67 17 75
17 46 20 55
6 43 16 69
18 57 22 76
13 22 21 53
2 66 6 77
12 19 14 50
6 19 16 69
13 9 16 57
20 39 21 50
7 55 21 57
18 33 21 63
3 29 4 77
12 37 16 55
8 29 21 70
18 74 20 75
11 69 22 77
17 51 18 68
2 32 11 68
10 77 17 77
9 69 15 79
19 34 22 42
2 6 6 24
7 31 12 69
14 44 18 49
15 24 15 29
11 23 18 81
8 37 18 54
19 53 20 58
2 80 14 81
1 49 12 69
3 75 20 77
5 52 22 70
1 47 1 59
7 60 8 61
2 64 19 81
1 42 22 65
3 12 13 30
20 70 22 81
10 47 13 58
15 25 21 50
17 81 19 81
1 29 14 31
5 4 7 4
3 52 14 60
10 44 11 49
13 20 20 74
14 1 19 81
4 51 8 63
9 80 9 80
21 76 22 80
4 46 22 52
12 62 18 79
5 29 13 37
12 7 18 39
12 23 17 33
4 76 12 80
20 54 20 72
15 68 19 81
5 80 5 81
1 40 8 64
5 65 19 65
18 57 18 68
11 35 15 66
4 20 7 56
1 62 12 63
12 27 19 78
11 20 19 77
8 47 8 65
15 58 15 70
11 47 14 51
1 18 2 30
9 26 12 71
4 32 19 55
3 71 15 75
22 54 22 63
8 76 17 81
21 49 21 58
3 13 6 36
20 54 21 54
13 39 16 48
21 68 22 76
4 10 11 24
6 54 16 68
15 73 22 73
8 41 21 78
18 44 20 71
21 65 22 71
12 77 16 81
7 27 19 61
20 78 21 79
8 17 9 45
5 16 21 35
19 20 21 80
6 21 15 28
6 19 6 66
17 39 22 53
17 60 17 79
21 31 22 79
13 15 20 29
16 16 16 56
22 54 22 69
11 25 21 77
18 10 18 81
2 55 22 69
21 46 21 46
5 76 22 78
5 72 16 73
14 24 20 78
7 53 21 55
6 21 17 65
10 56 17 62
4 44 7 81
3 77 17 77
1 29 1 36
10 21 15 53
11 62 12 79
14 68 19 76
7 50 13 52
10 43 16 55
22 39 22 64
4 2 19 25
6 77 10 80
4 39 6 40
6 80 7 80
8 21 15 29
21 16 21 67
8 27 13 58
16 56 21 77
17 1 18 27
22 58 22 73
17 28 17 68
19 49 19 68
2 48 2 53
11 53 11 55
7 14 22 16
16 27 19 32
6 51 14 75
13 14 18 37
21 12 22 26
4 79 12 79
20 39 22 55
11 27 22 39
7 2 9 42
19 12 22 71
1 62 14 64
10 21 14 81
7 22 13 36
8 31 9 56
19 53 20 68
13 30 14 31
2 8 22 8
4 61 13 63
19 53 19 60
4 16 22 19
1 34 20 39
12 45 19 78
4 7 20 79
21 46 21 67
6 41 7 74
11 28 12 47
1 46 7 65
14 21 17 79
19 26 21 30
6 62 15 74
11 25 11 25
20 54 21 71
13 21 14 53
8 36 22 70
5 34 19 48
3 49 5 70
14 40 14 55
15 39 19 74
20 77 22 77
1 77 11 80
13 40 20 68
4 77 9 80
11 10 11 20
6 42 22 67
15 73 22 80
21 81 21 81
17 54 22 65
2 77 15 78
1 43 13 59
6 80 8 80
12 53 18 69
2 60 13 74
4 24 16 80
14 49 22 49
17 63 19 80
20 21 21 32
22 21 22 46
8 16 21 45
1 54 18 55
1 45 5 55
2 56 12 66
10 42 10 71
9 76 17 78
14 58 18 72
18 41 18 68
10 2 19 42
20 23 20 39
10 61 17 72
9 35 15 43
5 55 19 57
1 74 1 81
10 45 22 78
17 72 21 79
7 62 13 74
21 43 22 74
7 55 15 69
9 63 11 69
5 46 20 54
14 71 18 78
12 56 17 66
4 62 21 70
12 58 14 58
11 48 20 72
2 4 6 37
11 55 14 76
13 44 15 69
3 68 8 78
21 27 22 44
19 56 21 57
5 16 14 47
1 33 17 34
8 57 14 59
6 20 6 44
15 35 16 74
16 61 19 67
11 70 19 81
15 76 21 76
12 28 22 81
21 61 21 62
14 69 18 78
3 2 3 63
3 9 22 9
1 47 3 77
14 48 20 57
9 35 12 51
4 42 11 52
7 59 21 70
8 43 20 60
11 76 13 81
18 33 21 63
20 69 20 77
2 38 14 38
1 72 1 75
1 32 7 63
2 71 18 78
4 60 14 64
3 18 12 43
9 58 10 66
20 65 20 75
13 10 14 34
3 64 16 70
18 66 18 71
17 31 20 50
19 8 19 73
10 13 12 57
10 27 13 59
10 64 18 79
21 14 22 25
12 70 17 75
10 48 13 52
18 5 20 14
22 19 22 63
22 72 22 81
18 7 19 67
20 58 21 59
13 2 14 41
6 43 12 54
10 24 19 34
19 18 20 64
13 21 22 22
22 72 22 75
10 71 21 71
9 7 14 19
7 54 21 61
8 59 11 61
11 4 13 80
19 11 20 29
16 51 20 59
16 47 22 73
4 46 12 61
2 63 8 74
18 80 18 81
19 62 19 66
18 5 21 40
17 10 19 61
4 40 22 68
6 77 20 79
14 74 17 76
19 19 22 26
15 70 17 74
6 34 14 69
8 75 17 79
3 81 13 81
12 8 19 50
5 69 19 72
20 30 21 46
20 76 20 79
8 1 12 3
22 74 22 77
13 59 19 63
1 4 5 4
4 73 20 74
20 38 22 53
1 42 21 81
7 33 22 39
17 57 20 80
12 46 17 48
21 21 22 58
4 14 8 15
2 36 22 42
19 49 21 62
4 43 22 53
5 12 15 18
19 60 21 61
9 71 19 75
17 26 18 26
17 43 22 67
13 8 20 20
15 57 21 80
15 5 18 63
1 49 3 50
6 33 16 43
15 55 17 68
6 39 13 62
4 63 21 81
16 31 17 38
16 50 21 81
1 62 21 80
3 61 3 75
10 55 13 66
4 15 10 76
6 58 6 58
21 70 22 72
11 72 12 73
14 22 18 62
20 38 21 56
8 70 20 71
3 10 10 78
11 49 18 55
13 11 17 27
5 64 18 64
5 65 14 67
14 70 16 78
8 38 14 72
5 50 20 56
15 64 19 65
20 6 20 50
18 48 18 48
3 52 3 71
2 19 17 57
7 69 13 71
19 3 22 11
6 9 18 23
22 69 22 73
16 37 17 50
21 19 22 65
21 14 21 74
20 5 20 53
20 3 22 36
19 41 20 68
11 72 22 80
13 37 13 79
16 35 21 47
17 80 17 80
19 4 22 8
4 35 18 76
18 13 19 79
12 8 17 32
10 31 11 51
16 67 17 74
6 47 7 51
21 75 22 76
12 37 20 60
17 58 17 74
4 53 15 79
19 24 22 79
2 69 20 81
16 26 19 48
10 15 13 15
3 8 12 52
21 41 21 78
19 54 20 78
15 46 16 53
2 4 14 77
8 5 20 12
18 25 18 73
11 37 16 80
19 56 19 58
18 9 19 10
22 55 22 76
9 73 18 73
21 10 21 18
14 43 22 66
16 30 22 59
13 39 16 68
10 23 10 41
1 10 11 72
21 20 21 23
19 62 19 78
7 77 10 78
5 36 21 62
10 63 12 64
13 67 20 78
7 68 21 79
9 27 12 62
7 1 12 48
21 63 22 78
5 59 22 69
8 18 22 71
18 70 22 72
18 58 20 61
12 72 13 74
5 34 12 69
3 26 14 34
7 19 7 79
11 54 11 57
5 34 22 62
1 43 11 48
15 51 16 54
11 78 12 80
3 11 18 69
14 66 18 67
14 73 17 79
8 1 21 40
16 59 19 70
12 9 13 9
15 39 21 79
19 81 19 81
15 18 20 68
17 78 19 79
5 1 22 39
8 54 16 67
11 10 12 28
16 61 20 61
7 70 16 79
21 27 22 60
14 62 20 79
13 36 15 53
20 79 20 81
3 65 9 68
3 13 12 60
15 27 20 42
14 3 14 67
1 55 8 60
11 70 15 75
12 43 17 46
14 64 22 64
19 12 20 27
13 19 17 37
3 52 14 57
2 78 2 79
3 46 21 69
4 73 12 73
1 24 2 50
1 34 19 54
2 25 5 43
13 18 13 44
13 4 16 59
7 14 14 79
14 37 15 74
11 4 19 28
16 4 20 32
19 22 22 38
6 23 13 48
2 75 15 80
7 10 21 33
16 22 16 28
19 72 19 73
11 49 16 55
