46 30 3934
..X..X.......X....X...X....X..
XX...X.X.........X........X..X
....X..XX.......XX.....X......
...........X....X.XX...X...X..
.X.......X..........XX........
.X.................X.X.......X
......X...X........X..XXX.....
.X...X...XX........XX...X.....
..........XX.X......XXX.......
X.......................XX....
....X...X....XX.......XX......
.X..X..XXX.......XX...........
.X.X.....XXX..X.........X.....
.................XX..XX.......
X.X....X.X.XX..X......X...XX..
..............X......X........
.........XS.XXX..X.....X.X..X.
XX.........X.....X....X.......
X....X...X......X.....X.XX....
........X.........X..X........
.XX.XX........X.X..X.....X....
.............X.X..............
............X...X......XX.XX..
...X.X...........X............
.....X..X..........X..X..X....
..X...XX......X...X.......X...
..X...X....X........XXXX.....X
..X.X..XX.....................
.....X...X......XX.X..XX......
.X......X.X................X..
............X......XX..X.XX..X
......X....X.....XX.....X.....
........X.X............X.....X
.X................X..XX.X....X
.X.......X..XX...X...X........
...X.....X.......X.X...XX.....
.....X..X.....X.......X.......
...X..X.....XX.X.......XX...X.
XX...X...........X.X.......X..
..X......X........X...XX..X...
X..XX.X.............X...X..X.X
.....X..............X..X.XX.X.
.................X.......X.X..
X.....XX......XX..X...........
......X....X......X.X.......X.
X.....................X.......
9 13 26 23
32 8 39 21
36 25 43 30
25 10 42 17
33 28 34 30
30 24 42 25
44 2 46 30
27 13 29 23
11 23 39 28
14 27 26 28
20 11 26 16
8 3 20 9
39 7 42 23
12 29 15 30
29 19 29 19
44 21 46 24
44 25 46 27
8 10 34 17
40 11 44 22
27 11 44 26
29 17 30 23
15 9 17 13
31 14 33 17
13 19 44 23
16 15 28 29
8 1 8 24
34 15 41 28
38 29 41 30
37 6 45 10
2 8 44 16
14 25 34 27
16 22 45 25
37 22 44 26
30 30 41 30
20 21 41 25
1 5 11 18
6 21 27 22
10 19 18 24
3 20 45 21
10 25 34 28
30 18 44 20
32 18 45 19
15 10 39 28
12 28 22 29
11 18 33 24
39 11 46 19
26 27 32 27
6 23 17 25
14 10 17 24
24 2 38 5
20 10 42 22
14 24 21 27
6 2 15 17
11 6 38 22
3 27 38 27
28 25 29 28
45 6 45 14
7 30 36 30
15 18 26 25
21 11 45 24
36 2 43 26
5 4 31 17
30 20 30 26
22 28 31 28
30 12 40 16
23 20 40 27
38 7 43 22
28 2 36 24
45 5 46 8
7 11 26 30
17 22 22 23
37 15 38 23
46 19 46 22
40 27 44 29
14 23 31 23
15 20 41 21
37 22 41 30
31 22 38 30
40 18 40 27
2 24 36 29
43 14 46 18
45 24 45 24
42 12 44 28
42 7 44 11
33 12 38 30
7 2 31 6
12 1 28 8
41 13 42 13
7 6 46 12
43 3 43 3
8 24 15 29
27 28 42 29
12 24 25 29
23 13 45 24
27 21 43 30
12 23 29 23
9 1 30 14
32 16 38 22
18 28 43 29
32 27 32 27
30 6 46 9
11 16 44 22
43 30 43 30
24 14 45 25
35 25 36 30
36 14 43 23
15 29 15 29
45 28 45 28
15 20 30 27
34 28 35 30
25 7 45 8
34 11 34 13
21 10 46 22
4 8 12 25
43 23 43 27
41 6 42 15
38 15 43 18
30 15 46 16
10 23 17 30
8 19 15 20
45 11 46 15
11 12 14 13
5 19 35 20
14 24 17 27
28 30 35 30
38 21 41 25
38 12 42 26
30 2 31 2
25 11 26 30
9 20 16 21
6 16 14 17
13 27 33 29
13 9 24 16
7 8 35 17
12 30 45 30
15 20 20 28
5 12 25 14
13 15 31 18
36 10 37 11
32 11 46 11
5 14 23 27
27 13 37 23
42 30 43 30
14 24 40 26
46 29 46 30
13 26 46 29
43 11 46 18
19 30 41 30
5 8 40 25
22 27 45 28
28 11 46 11
1 11 29 15
32 18 32 26
11 15 41 27
36 12 41 17
12 6 26 19
30 26 38 27
19 16 36 27
40 15 42 28
24 5 28 25
38 15 40 19
39 14 40 20
38 15 46 29
15 30 17 30
40 28 40 30
37 23 39 23
20 7 24 21
14 24 14 24
15 2 17 8
41 14 44 28
23 26 38 27
36 11 40 15
28 14 45 25
10 13 42 26
22 23 42 29
20 9 41 9
17 1 33 30
43 22 46 30
29 25 38 25
20 7 28 29
12 13 13 26
10 8 37 9
3 17 11 20
22 4 36 20
32 26 45 28
18 26 45 30
31 30 32 30
31 12 39 23
30 23 32 27
40 30 42 30
35 24 41 28
16 17 25 19
12 22 22 28
18 14 33 24
4 17 32 20
3 29 46 29
17 5 30 21
6 19 18 25
30 13 44 19
41 16 43 18
20 13 32 29
39 15 45 22
2 9 15 15
39 11 42 18
2 10 23 19
26 16 36 22
19 30 38 30
32 27 35 27
3 10 20 20
24 26 37 27
37 8 45 27
44 14 44 14
41 22 42 28
6 12 16 16
17 13 24 28
31 18 35 25
24 5 25 29
18 9 31 24
16 9 19 10
40 23 41 24
24 9 28 10
36 3 44 22
22 3 24 5
4 30 31 30
37 22 38 23
7 8 28 28
37 13 38 15
6 30 20 30
44 24 44 26
40 10 42 26
17 3 40 28
8 3 32 9
16 24 32 30
45 22 46 25
29 4 45 8
21 17 45 24
20 12 25 27
17 8 23 9
23 26 42 29
14 30 32 30
14 14 34 29
35 6 46 27
43 16 46 28
5 4 43 23
32 7 41 27
35 17 45 24
25 13 37 13
12 18 46 21
29 23 34 30
10 12 25 27
8 18 32 25
10 5 16 27
18 19 40 21
13 19 15 27
2 21 22 28
38 7 39 8
20 25 22 28
30 6 31 9
33 8 33 8
26 12 42 24
13 7 33 15
16 2 16 23
43 29 43 30
1 27 5 30
27 22 39 25
22 19 25 23
45 16 45 22
16 10 22 15
2 24 40 24
26 9 31 25
42 17 45 29
18 23 33 27
19 8 43 27
30 26 36 29
5 22 44 29
41 17 45 17
25 22 34 24
41 15 46 15
38 14 39 23
37 12 42 25
9 24 10 28
36 23 36 29
3 10 7 25
27 19 44 23
44 7 44 25
8 4 17 14
41 12 46 22
30 18 35 29
24 19 37 26
45 4 46 12
21 22 41 26
27 5 30 30
3 24 13 24
26 15 45 23
2 7 20 27
30 27 36 27
7 15 43 17
32 30 40 30
30 5 39 17
30 12 30 12
22 16 42 18
15 13 18 13
29 8 44 16
12 16 27 27
1 25 18 28
24 12 39 19
17 19 33 29
24 4 35 18
39 17 40 27
43 20 46 30
8 6 43 13
20 29 35 29
6 25 14 25
45 28 46 28
12 3 14 8
21 6 24 14
43 19 45 20
40 18 42 26
36 25 46 25
16 20 41 25
45 19 46 24
33 6 40 6
5 10 12 17
19 16 43 18
34 15 36 28
17 19 32 21
28 15 33 15
15 13 23 22
5 23 19 27
6 19 34 24
35 6 42 19
31 22 44 25
22 3 28 19
7 20 34 24
13 1 18 18
26 4 44 6
32 19 41 26
29 6 30 28
28 11 33 12
32 29 44 30
10 6 42 23
1 22 37 23
27 6 37 10
17 1 40 16
32 5 44 14
29 5 37 25
15 30 43 30
4 30 8 30
13 5 28 25
23 19 25 25
14 18 26 26
40 13 40 28
2 4 45 26
10 2 44 3
17 11 45 23
36 18 46 23
5 22 17 24
5 8 35 11
36 29 36 30
22 13 40 23
20 6 34 6
4 24 18 29
44 20 46 30
35 4 38 25
22 25 35 26
16 14 38 27
44 4 46 21
34 3 44 17
6 8 22 24
4 16 11 17
30 13 39 27
39 9 45 22
5 22 30 25
12 19 30 23
25 14 32 29
6 25 14 25
4 4 7 10
5 4 45 19
20 22 26 27
28 10 29 13
43 29 43 30
8 7 8 14
35 3 42 6
38 22 44 24
40 18 46 29
13 22 38 23
39 1 41 20
8 5 24 8
38 16 41 23
13 26 35 28
15 12 20 22
13 4 20 28
32 23 38 29
29 13 40 26
27 11 38 27
36 11 46 16
34 11 36 29
45 25 45 26
29 25 33 30
16 4 18 21
13 18 21 19
39 10 40 26
10 14 22 24
37 2 38 11
42 13 42 26
20 23 24 23
43 22 43 27
15 17 18 28
21 4 30 17
5 5 18 12
31 21 46 29
15 26 17 30
5 7 10 13
13 2 30 7
33 22 36 24
16 21 46 26
23 3 25 29
44 14 46 18
17 21 18 29
27 14 35 24
3 27 33 28
18 5 27 30
35 28 39 30
10 22 20 29
44 15 45 19
7 26 41 27
12 18 19 20
44 25 46 25
20 21 20 26
36 9 42 23
5 26 15 26
18 27 21 30
42 8 45 17
35 18 38 25
10 26 37 27
30 1 44 17
33 2 36 8
44 6 45 30
38 4 46 21
24 1 35 5
25 19 46 22
29 20 37 27
38 15 41 19
21 11 45 19
31 27 37 29
5 8 12 19
24 29 33 29
40 8 40 18
29 5 30 7
22 16 34 29
30 22 38 30
41 27 44 27
46 8 46 14
16 26 27 28
45 4 46 4
19 30 26 30
29 4 37 26
37 7 42 17
1 18 1 26
45 17 45 25
19 23 39 28
16 14 23 22
22 8 22 28
3 5 41 16
32 27 35 29
22 10 44 30
36 2 38 18
2 24 14 26
18 5 36 12
14 16 32 17
32 18 46 27
45 6 45 28
28 2 38 26
4 25 28 27
22 22 37 29
20 27 42 28
17 20 44 24
16 4 24 25
27 23 33 25
36 30 42 30
38 21 46 28
21 28 27 30
10 24 24 25
16 25 38 26
35 3 45 9
4 10 14 19
44 14 44 23
40 12 46 12
45 12 46 12
9 30 23 30
43 19 43 29
43 10 43 12
27 27 42 29
25 22 32 24
15 3 43 22
41 12 42 19
5 23 13 25
3 8 34 25
46 19 46 27
13 4 38 30
5 30 33 30
31 25 46 28
32 29 44 29
4 16 7 28
8 10 17 23
32 19 37 25
5 27 45 27
14 1 24 26
7 8 18 25
13 15 27 17
23 14 39 28
18 11 24 20
9 26 29 30
8 8 39 18
42 26 46 29
28 14 33 18
46 4 46 20
26 17 28 18
34 22 44 28
37 25 39 28
16 9 27 26
20 28 26 30
10 2 32 27
20 14 34 18
15 29 16 30
34 15 38 29
9 6 27 10
7 9 27 16
25 13 44 20
44 26 44 29
34 7 43 13
39 23 41 23
44 15 44 26
13 21 26 24
19 5 36 28
7 28 33 30
16 3 41 20
46 22 46 26
8 7 32 11
17 3 40 27
9 6 25 14
24 15 38 22
14 21 32 28
4 14 9 14
37 10 44 17
17 14 21 19
18 19 19 20
41 9 46 17
21 21 35 29
19 23 44 29
12 24 21 29
18 15 33 19
42 20 42 23
38 3 41 26
41 16 42 16
46 8 46 27
31 17 43 19
44 5 46 20
16 17 46 23
33 2 41 10
8 8 15 8
19 6 42 23
5 21 17 28
34 26 43 27
30 22 44 22
35 24 35 29
5 15 7 22
8 4 18 8
45 13 46 27
4 21 5 26
19 8 44 8
23 2 42 22
15 6 16 24
30 26 46 29
41 20 43 28
16 1 40 6
10 27 45 29
17 20 21 23
42 25 42 25
17 22 17 26
19 12 19 19
13 22 23 26
19 16 27 20
41 3 41 21
34 20 41 26
36 20 38 29
16 29 39 29
19 4 26 14
37 29 44 30
23 8 30 16
4 12 27 16
45 21 46 26
41 6 41 13
9 30 30 30
21 28 41 30
24 20 26 29
9 19 11 23
35 28 35 29
27 29 30 29
15 21 16 27
5 2 37 7
37 18 46 22
20 5 46 25
4 8 10 18
6 30 36 30
23 10 38 16
7 17 29 25
16 17 26 24
46 19 46 19
8 18 8 27
22 26 43 30
24 30 28 30
28 17 37 18
43 18 45 21
27 9 46 18
6 27 37 30
33 19 37 28
30 5 30 19
23 12 33 22
1 1 12 13
29 23 45 30
44 24 46 27
39 27 44 28
29 27 39 30
31 1 42 19
40 8 46 23
9 28 18 29
35 9 39 11
14 14 24 23
32 1 37 30
2 19 32 25
42 27 45 30
41 25 45 29
19 27 43 30
35 3 44 19
42 12 44 26
42 12 43 26
22 3 28 29
8 26 41 27
14 24 24 27
9 13 41 25
33 4 45 22
38 14 45 15
22 3 26 27
27 4 31 30
19 3 32 23
10 5 33 23
39 11 41 23
15 3 24 18
31 16 32 27
12 12 36 19
4 25 18 26
45 6 46 7
17 5 41 5
42 30 45 30
41 12 44 23
24 9 44 29
33 10 46 20
41 3 43 29
43 12 46 14
1 7 1 11
2 17 28 27
38 7 42 18
9 15 20 17
6 29 45 29
1 24 20 28
2 4 6 24
15 25 35 30
20 12 42 15
39 15 45 17
45 23 46 28
32 27 42 29
40 12 42 24
26 14 45 23
16 30 33 30
27 4 37 4
42 16 45 20
24 23 28 29
28 1 38 7
12 16 20 25
34 30 42 30
15 15 17 23
45 29 45 29
34 21 38 24
37 20 45 20
37 11 45 19
34 10 37 24
21 15 31 26
42 11 42 15
42 12 42 15
33 23 43 28
18 13 41 26
22 3 26 30
28 28 28 30
27 23 45 28
8 9 18 26
44 24 45 24
3 11 21 11
25 15 37 19
35 21 39 23
30 4 39 16
37 4 42 24
3 11 36 26
38 24 46 26
22 10 27 10
20 10 43 30
31 17 36 19
7 17 43 28
37 21 38 28
38 18 44 18
12 21 34 26
23 12 36 26
24 13 33 30
9 6 14 12
31 3 42 27
21 17 23 18
5 14 42 22
30 24 37 29
31 1 36 17
45 24 45 29
5 12 31 13
16 18 28 25
21 5 26 5
16 29 40 29
23 16 27 26
16 30 37 30
7 14 23 19
17 20 32 28
31 26 38 28
16 30 45 30
31 9 31 25
14 3 28 25
10 26 42 29
42 26 44 30
24 30 29 30
2 22 25 27
21 5 23 18
43 5 45 21
29 29 43 30
34 3 41 30
46 8 46 11
4 12 18 17
25 25 37 29
2 28 40 29
10 23 11 27
17 21 45 26
44 22 45 23
23 26 45 30
38 22 40 30
23 20 40 23
32 20 42 20
33 24 42 30
20 2 42 8
17 28 20 30
21 2 31 19
17 2 38 13
10 9 12 28
35 21 38 21
5 28 42 30
16 8 25 19
17 27 17 29
22 19 32 20
4 16 40 19
42 13 43 27
32 14 35 25
23 5 25 10
8 19 18 19
18 25 43 25
44 5 44 28
8 19 39 22
7 29 25 29
12 26 30 29
15 13 46 29
16 29 28 30
17 13 18 29
3 26 4 29
19 2 45 4
13 6 36 10
29 25 40 26
26 20 33 26
18 10 34 17
16 13 32 30
2 19 12 22
13 17 37 30
24 9 46 14
36 12 38 19
35 12 43 22
9 23 23 28
23 24 31 24
25 3 35 5
22 2 25 6
27 12 31 13
27 22 31 30
8 8 10 9
21 3 24 3
45 24 46 24
26 5 27 20
16 19 19 29
27 8 34 19
8 26 41 28
22 29 26 29
9 7 37 22
33 10 44 16
7 1 11 4
46 24 46 27
23 25 28 30
29 23 41 26
40 25 41 28
37 16 46 23
40 29 43 29
14 29 35 30
34 10 43 20
4 12 28 28
12 25 40 27
33 4 41 10
13 30 30 30
45 17 45 28
13 28 35 28
10 8 27 26
26 18 42 25
32 23 36 30
27 20 43 28
44 20 44 30
18 10 39 13
34 8 36 16
46 15 46 28
46 27 46 27
41 30 41 30
46 7 46 19
2 2 37 19
24 13 32 18
26 15 36 29
31 28 33 28
11 19 41 29
3 28 11 28
31 7 32 18
35 15 46 15
31 10 39 10
12 24 14 30
23 15 27 17
33 7 40 15
40 4 46 8
5 24 33 30
15 16 16 21
18 2 29 11
45 14 45 23
38 11 45 23
7 25 7 25
32 3 44 5
7 22 41 23
18 5 33 27
10 8 31 12
18 10 31 29
32 10 38 29
18 22 33 29
35 12 43 14
32 5 45 5
5 22 20 22
19 14 25 14
30 10 36 27
18 21 29 22
45 14 46 28
36 10 40 22
2 6 17 30
43 4 45 22
22 5 46 10
7 18 39 21
4 16 22 18
31 14 44 21
35 28 38 30
44 28 46 30
38 23 42 26
22 10 41 27
44 9 44 15
2 11 46 12
37 27 45 30
30 8 35 27
44 16 45 30
6 30 23 30
39 25 39 27
24 16 36 21
6 6 10 7
4 9 27 10
32 1 43 12
9 23 14 23
20 9 30 10
9 8 35 28
44 17 46 22
35 3 42 8
33 21 37 27
40 28 45 30
32 14 33 27
37 17 42 27
10 7 43 11
45 9 45 15
16 18 22 21
4 27 36 27
29 29 41 30
11 17 32 29
36 29 42 29
8 1 43 1
7 25 24 28
24 28 27 28
1 9 39 23
20 30 38 30
28 30 38 30
31 7 40 22
46 21 46 25
28 28 35 28
43 26 46 29
45 8 46 29
21 30 42 30
1 6 41 10
43 26 45 26
38 11 38 25
45 30 45 30
18 12 26 17
42 10 43 23
17 16 18 19
7 11 30 21
15 24 17 26
29 20 32 20
39 3 41 23
1 27 12 30
19 17 39 19
10 11 27 28
22 27 39 27
16 9 28 27
45 13 46 16
20 17 33 21
2 3 32 24
13 8 16 16
35 2 36 27
8 23 18 27
45 22 46 26
44 2 44 3
5 7 32 15
1 13 39 22
46 26 46 30
25 17 29 23
16 21 41 26
7 25 33 26
15 21 18 22
17 29 39 29
29 29 33 29
26 10 30 26
20 16 35 19
1 9 14 25
39 21 46 25
8 10 13 29
25 17 41 17
24 23 43 28
25 11 27 26
19 23 41 30
7 12 32 18
19 21 30 28
31 1 35 10
17 16 21 19
44 12 45 19
10 10 31 28
5 15 25 18
35 5 45 6
38 1 38 27
13 18 33 20
40 21 42 26
34 12 46 16
43 12 45 19
13 16 13 23
5 5 24 5
3 18 18 24
30 25 35 30
21 18 40 28
34 3 42 27
30 19 42 25
32 28 43 28
21 4 30 27
16 11 45 12
16 6 39 6
36 22 41 23
16 5 44 17
40 23 42 29
25 11 40 12
16 1 27 3
21 23 36 28
20 13 35 14
4 20 6 24
22 30 40 30
14 27 34 30
33 23 42 27
32 6 41 19
1 5 43 30
44 1 44 9
18 18 23 28
13 3 33 10
14 24 42 27
26 23 32 23
29 23 30 24
40 4 43 12
30 2 33 8
6 8 43 15
19 8 44 15
27 9 43 21
21 5 31 12
42 2 46 24
38 3 42 16
9 24 21 24
13 19 38 29
25 19 43 27
35 21 40 26
19 10 39 21
30 18 31 30
28 2 42 11
41 10 42 24
5 21 19 22
6 15 37 30
10 4 14 20
4 8 28 10
2 27 22 30
31 3 36 3
22 3 43 3
25 9 41 22
37 17 44 21
42 10 45 20
16 15 33 18
22 2 38 15
18 17 40 29
6 6 26 27
12 4 34 22
18 18 27 20
40 17 42 29
44 22 46 28
21 22 32 27
36 21 45 25
41 26 43 29
8 6 46 22
14 2 18 21
1 13 13 29
6 8 17 10
19 18 26 27
45 19 45 21
7 26 45 27
26 16 44 27
37 17 37 19
1 1 46 28
26 9 44 10
43 4 43 25
7 19 46 24
17 2 22 14
36 12 39 13
26 30 39 30
8 16 16 25
23 30 39 30
17 9 24 29
29 3 33 23
44 15 46 25
2 26 9 27
1 8 21 20
13 3 29 24
6 5 10 22
35 25 41 30
7 27 28 28
21 25 21 29
2 3 44 10
40 30 46 30
34 21 44 22
2 11 30 23
41 5 41 30
35 4 36 21
43 3 46 7
26 21 41 25
4 23 33 26
37 10 40 12
16 14 32 26
23 6 23 22
29 29 37 30
7 23 17 29
29 10 36 25
13 18 26 22
5 1 12 7
12 16 39 24
25 23 45 28
10 11 33 15
41 24 41 30
19 6 27 6
29 2 31 21
16 12 29 25
27 20 46 22
44 25 45 28
14 7 14 17
14 13 23 16
24 7 27 13
41 17 46 27
46 28 46 29
27 30 35 30
7 19 38 25
37 17 44 24
3 20 18 26
16 14 31 16
32 29 43 30
37 19 39 23
27 9 33 20
13 25 29 28
5 26 9 30
5 9 29 21
8 7 14 23
29 14 43 17
3 6 42 16
28 8 36 8
14 13 19 18
26 13 45 29
15 19 37 27
43 14 45 22
29 20 39 21
42 20 42 29
20 11 32 15
14 10 14 22
9 8 46 8
37 22 40 26
19 27 24 30
12 12 31 12
42 7 43 18
38 13 45 13
26 3 37 26
42 14 45 28
37 29 37 29
9 4 18 26
37 23 41 25
44 11 45 11
27 12 46 16
32 23 42 24
39 14 44 28
14 1 17 10
31 19 44 25
22 18 26 18
5 8 31 30
25 24 44 27
9 27 9 27
40 28 41 28
9 26 27 27
24 13 29 30
44 26 46 26
2 15 7 27
44 21 45 22
32 27 42 27
6 6 37 9
5 23 6 24
3 4 14 11
44 17 46 27
25 6 37 9
10 3 10 22
24 13 45 15
22 10 25 29
23 16 40 28
35 1 42 24
3 10 46 18
36 27 45 28
27 22 41 24
44 21 46 26
41 9 46 20
9 29 31 30
9 13 17 22
26 28 34 29
38 26 45 28
38 19 41 30
39 27 43 30
33 20 40 21
18 7 43 7
45 6 45 8
20 27 45 27
15 14 41 22
13 10 21 26
25 4 43 14
37 21 42 27
40 14 44 26
2 22 23 27
43 3 45 18
4 13 13 29
41 28 41 29
1 10 44 12
39 21 40 27
16 2 34 30
32 7 35 7
43 30 45 30
36 11 41 14
11 4 39 11
4 11 34 18
11 18 26 22
1 25 40 25
24 11 43 29
42 1 46 20
32 25 42 30
10 15 18 17
38 28 45 30
31 21 34 24
40 29 45 30
25 5 36 29
9 3 12 11
31 1 46 29
43 22 43 30
17 3 25 3
6 18 28 21
6 16 38 20
13 3 40 20
31 16 46 18
2 24 35 30
34 22 34 29
46 4 46 12
10 13 40 23
2 30 28 30
1 11 26 20
42 27 44 30
33 3 34 25
30 8 34 28
9 20 29 21
35 9 35 10
46 24 46 28
12 30 42 30
1 11 22 13
7 10 7 22
5 30 20 30
3 24 13 30
30 16 44 27
10 27 12 27
23 18 25 28
46 16 46 22
35 10 43 23
35 28 41 29
27 6 28 13
23 13 37 19
6 17 32 22
29 21 37 30
45 8 46 27
41 22 46 22
32 12 34 18
21 13 37 13
44 13 46 14
7 15 34 23
13 29 46 30
7 30 9 30
31 17 44 26
23 14 29 14
41 8 43 26
3 18 10 20
30 21 42 26
4 8 7 30
16 18 40 22
2 2 25 20
28 17 45 20
19 11 46 21
5 23 22 24
21 25 44 25
32 7 32 28
8 25 32 30
32 14 37 28
18 27 43 27
42 24 46 30
9 21 42 24
37 7 46 25
24 14 37 16
24 28 27 30
21 24 32 28
35 12 45 20
34 8 46 14
23 11 25 16
36 11 39 18
41 4 45 14
2 3 12 29
8 24 31 24
44 16 44 23
17 13 35 16
29 16 35 16
36 17 40 17
11 23 35 29
22 21 22 23
30 12 38 18
10 8 38 18
36 6 39 13
9 6 40 11
21 11 45 26
12 10 39 12
25 13 37 13
6 27 35 28
9 15 12 30
30 26 38 27
29 5 41 30
35 21 39 26
7 4 45 12
21 20 29 25
9 18 38 20
29 30 45 30
29 15 29 30
16 26 37 28
31 28 39 30
19 2 36 18
22 5 28 23
29 27 38 30
22 9 46 15
8 14 42 14
6 20 46 21
21 25 32 25
43 16 46 24
21 2 29 9
1 6 46 28
25 16 40 18
14 23 20 25
46 2 46 29
45 25 45 28
33 12 35 27
42 8 42 30
5 23 40 26
41 8 45 30
24 12 45 14
46 26 46 29
31 3 34 3
23 13 37 13
5 4 37 20
30 14 41 26
23 14 29 20
43 22 44 26
24 16 44 25
25 10 29 21
44 7 46 22
42 20 42 23
21 23 41 24
16 12 41 27
46 15 46 16
17 22 18 23
35 30 35 30
13 1 34 3
45 30 45 30
2 24 39 29
13 21 20 22
46 25 46 30
21 8 32 30
46 24 46 30
20 28 42 29
26 14 37 19
26 9 27 13
12 18 38 18
35 4 46 10
32 28 34 28
16 17 45 21
20 15 33 27
32 13 32 22
39 18 40 26
36 5 36 24
43 6 46 10
1 19 19 28
3 1 21 10
9 24 30 27
20 12 36 17
27 9 40 12
10 7 34 26
46 20 46 30
7 28 36 28
11 17 29 29
12 4 33 25
45 15 46 19
10 8 44 28
27 1 39 18
33 18 41 24
40 28 44 29
28 10 33 11
28 8 46 26
5 10 13 19
40 13 45 28
20 6 40 18
7 26 20 26
46 17 46 27
12 4 38 18
17 10 24 17
8 26 31 29
26 14 43 24
3 12 15 17
15 21 26 22
2 20 41 29
29 28 42 29
12 5 27 14
24 4 36 13
18 28 22 29
30 30 42 30
7 5 14 27
40 26 44 29
42 17 46 20
42 23 44 25
26 1 44 30
42 7 45 20
16 15 26 27
36 8 45 18
30 16 33 27
4 7 13 27
15 8 44 13
44 22 44 24
22 20 45 30
22 13 29 25
20 11 39 23
18 21 36 26
24 7 46 10
43 9 43 16
46 16 46 16
39 23 41 24
27 19 44 22
24 13 34 30
18 17 23 26
36 25 46 27
32 2 34 7
29 8 34 13
18 3 37 7
8 27 32 30
5 7 8 13
10 16 12 22
32 19 33 25
16 7 20 7
32 7 36 15
38 16 44 19
5 9 32 27
46 22 46 30
28 20 46 25
24 16 24 17
2 29 41 30
34 20 40 28
32 24 35 29
11 16 40 20
13 11 45 14
33 17 40 22
7 14 18 14
26 1 32 24
45 25 45 29
24 22 29 22
12 6 43 24
37 21 45 23
41 19 45 19
17 22 30 27
31 30 31 30
22 5 45 20
33 17 40 26
16 25 18 28
42 5 46 17
26 19 39 23
20 27 39 27
44 7 45 8
2 13 13 28
34 7 41 27
21 13 35 19
39 24 43 26
2 14 32 29
7 20 45 22
34 5 45 12
9 13 16 14
20 21 41 21
27 8 33 8
13 10 20 11
8 16 18 30
43 19 46 23
44 15 45 15
35 9 38 22
39 11 44 20
44 28 45 30
42 13 44 29
35 6 41 11
29 1 45 20
31 22 34 30
11 5 38 27
8 17 16 26
46 10 46 10
29 27 44 27
31 22 35 26
9 11 19 21
33 29 46 29
39 7 40 30
42 26 43 27
8 10 13 24
37 4 42 24
41 19 42 24
8 15 44 16
13 26 38 30
26 25 34 29
16 24 29 28
11 28 44 29
11 19 35 27
7 3 7 29
27 20 39 27
34 15 36 30
3 10 46 23
26 16 27 21
10 7 16 30
20 22 33 22
11 24 27 29
14 9 32 30
17 10 26 18
32 14 40 22
42 15 42 21
42 24 46 27
21 9 37 23
20 13 22 26
25 17 29 21
38 17 40 20
1 20 23 23
4 25 5 26
34 10 40 17
21 23 45 30
28 6 44 29
15 19 26 20
32 29 36 29
10 18 36 24
43 19 46 27
10 25 15 25
28 15 36 16
23 12 43 12
44 17 44 26
35 25 43 30
24 18 29 28
18 2 42 24
13 9 18 18
25 10 28 24
44 22 44 26
10 12 22 30
1 30 9 30
9 3 9 24
1 21 41 22
28 2 33 2
21 16 28 28
41 10 45 19
44 26 44 30
11 23 29 27
15 23 15 25
20 21 46 22
24 5 33 14
24 18 43 26
34 11 40 23
15 21 31 26
4 10 41 25
21 1 24 18
27 10 27 16
2 6 25 28
4 26 44 28
6 6 21 9
10 19 42 30
26 24 42 29
46 18 46 28
46 25 46 26
11 3 11 26
14 7 34 22
7 6 27 6
16 6 43 24
39 6 45 24
8 4 40 21
12 6 29 10
34 23 43 25
37 22 39 26
30 4 34 15
25 28 42 30
35 30 44 30
20 19 27 21
33 13 39 14
19 22 43 28
14 16 29 19
1 8 26 9
4 7 6 11
25 2 40 5
29 18 41 27
30 12 35 25
38 26 41 29
43 8 44 18
41 19 41 21
11 11 12 13
4 20 17 29
36 17 46 27
5 9 42 22
29 13 30 26
40 24 43 25
20 24 44 25
35 30 42 30
37 2 46 8
6 17 40 25
16 12 38 24
44 19 44 29
27 25 38 28
25 25 34 25
41 27 45 28
8 9 33 26
28 15 38 23
10 18 14 24
13 16 39 25
28 22 43 25
13 13 24 27
29 17 40 19
1 15 42 30
9 6 27 30
12 12 29 26
7 23 38 29
4 6 39 22
7 7 20 8
26 9 45 22
39 15 42 26
4 24 10 25
3 9 26 20
12 7 13 10
7 29 29 29
40 11 44 27
13 17 17 30
38 7 40 29
18 7 29 20
41 27 45 28
46 18 46 29
27 14 36 17
38 19 40 29
13 30 27 30
45 18 46 29
44 28 44 28
8 21 9 27
27 21 28 22
29 25 40 25
5 17 8 26
5 9 31 28
9 1 10 15
6 29 33 30
14 25 41 30
1 5 1 8
46 6 46 22
4 13 34 24
36 23 37 28
41 24 42 30
19 10 38 22
45 25 46 26
32 4 37 20
38 5 44 28
28 23 34 29
25 9 33 25
29 8 45 24
36 24 38 30
2 14 27 16
28 12 36 21
35 3 46 16
13 29 38 29
31 20 32 21
19 25 30 30
39 9 43 20
37 9 46 22
24 29 33 30
17 26 37 29
34 9 38 21
38 10 43 20
38 23 39 24
3 13 3 14
18 16 37 26
43 12 46 18
35 6 35 29
11 5 40 18
18 19 19 25
21 6 33 8
16 5 17 8
29 4 39 23
2 3 29 20
3 22 29 25
24 12 45 16
42 18 42 20
23 17 41 23
18 26 20 28
37 23 43 23
27 9 28 24
37 4 39 12
40 21 41 30
38 1 41 9
5 4 18 30
7 29 22 30
19 9 40 24
24 26 30 27
26 28 46 28
22 27 38 30
27 23 31 28
1 19 10 25
4 13 41 23
4 18 39 28
45 29 45 29
8 16 36 17
1 19 40 22
46 10 46 16
22 19 23 27
39 9 39 17
35 8 42 18
17 21 32 27
7 4 42 8
35 23 44 28
22 17 36 18
24 30 44 30
34 8 36 24
11 20 34 29
36 21 46 24
31 22 40 30
43 11 45 18
27 19 41 28
1 30 13 30
30 21 32 26
27 20 27 30
6 14 44 16
17 10 24 29
38 21 43 25
1 16 37 26
36 9 43 26
10 7 23 17
20 14 28 17
28 15 43 19
36 27 37 30
26 27 26 28
32 15 34 18
20 23 43 27
37 8 44 11
39 13 45 13
41 20 41 23
23 24 46 26
15 9 32 19
30 24 40 25
38 21 44 22
43 28 45 30
11 14 15 25
44 18 45 23
35 13 35 30
12 22 14 29
26 3 32 6
7 25 21 25
27 27 43 29
42 29 44 30
44 29 45 30
37 24 46 25
37 25 44 27
34 17 42 29
12 24 42 28
38 23 41 27
45 7 45 10
7 26 42 28
27 16 40 23
35 30 36 30
32 14 44 24
36 20 40 25
29 1 36 11
24 4 30 22
25 24 28 30
25 30 44 30
39 28 41 28
31 13 44 26
16 7 19 29
1 27 42 28
21 24 39 25
3 8 20 29
11 7 34 9
6 7 34 18
20 27 34 29
23 25 40 30
41 27 41 28
7 30 20 30
3 5 29 12
21 10 36 22
29 28 32 29
19 22 32 25
30 18 45 27
18 20 30 29
8 2 11 25
26 26 38 29
32 5 38 21
31 15 45 21
16 13 26 20
13 8 24 22
5 7 22 21
26 1 26 1
41 15 45 15
32 28 35 30
46 10 46 24
5 11 11 17
19 9 29 18
44 17 44 17
14 24 25 30
25 13 37 23
35 1 38 8
40 20 46 26
45 1 46 21
13 17 28 27
35 21 36 23
42 29 42 29
44 21 45 28
6 20 30 29
11 24 12 28
11 26 13 26
24 3 41 17
23 22 46 30
31 9 37 14
22 27 25 30
31 18 34 28
12 20 15 25
46 10 46 24
45 8 46 22
4 16 35 16
21 10 36 25
2 1 25 17
3 13 39 26
46 5 46 24
29 18 42 19
23 17 24 19
9 24 42 26
31 2 33 19
41 9 43 18
23 30 30 30
5 9 29 13
46 15 46 25
29 15 41 18
31 4 33 10
23 18 38 30
21 24 33 27
8 1 17 25
8 7 12 16
22 17 44 28
3 26 21 28
43 1 44 15
19 2 28 28
29 16 33 30
13 23 19 24
6 9 45 9
46 10 46 10
39 11 40 18
35 30 46 30
22 18 35 24
45 15 45 23
23 1 36 28
39 3 44 4
16 10 32 23
19 19 19 28
25 27 26 27
16 2 37 3
24 21 46 25
45 2 46 24
15 20 19 24
8 4 43 11
27 22 27 26
41 15 45 27
16 26 43 27
37 11 46 25
39 23 40 24
40 12 45 13
19 3 35 25
21 25 35 29
29 26 31 30
33 21 42 29
42 10 45 13
3 3 32 27
26 12 37 30
20 5 31 17
18 5 31 30
2 6 15 13
36 12 42 17
24 29 36 29
38 18 43 30
26 12 42 12
26 16 28 28
2 1 31 20
36 24 46 28
27 11 31 24
6 6 21 28
2 7 17 8
16 5 33 28
25 7 26 21
29 12 30 27
3 24 45 30
15 6 18 29
5 2 15 25
20 6 22 24
4 30 8 30
15 9 15 15
3 15 34 29
14 30 15 30
11 13 20 18
40 16 42 19
25 5 34 7
27 18 38 20
10 23 43 23
24 8 27 18
18 24 29 26
45 23 46 27
40 13 45 25
10 1 26 26
11 6 16 15
11 4 38 22
32 14 45 24
32 6 40 19
26 3 45 18
38 16 45 27
37 12 38 13
19 15 44 21
45 12 46 15
13 15 36 19
29 21 45 29
10 22 31 22
31 18 43 20
20 12 32 21
46 25 46 26
16 2 40 21
40 24 40 26
16 17 29 18
44 21 44 26
39 19 44 19
16 29 43 30
32 22 33 23
18 11 19 19
45 3 45 18
7 24 33 30
20 2 38 12
40 11 43 20
26 28 39 29
20 2 45 27
4 27 19 29
16 14 30 19
16 17 31 21
28 10 35 21
19 19 40 23
46 25 46 27
1 19 1 29
3 3 35 7
16 22 36 28
43 14 45 30
29 22 33 30
25 3 33 4
24 19 26 25
31 9 31 24
38 28 40 29
26 24 29 26
35 1 44 30
12 9 44 20
44 17 45 19
5 19 41 22
7 14 33 22
44 14 46 18
6 26 10 29
6 10 6 26
34 30 36 30
20 20 20 23
21 14 41 19
29 3 44 11
14 13 24 27
9 11 22 17
44 21 45 26
9 23 20 25
19 6 36 16
24 10 40 19
23 29 31 29
11 16 24 19
3 13 26 26
37 24 42 26
38 26 44 27
31 5 31 11
10 6 27 15
38 19 43 27
10 1 34 8
21 30 44 30
32 8 41 28
40 27 40 30
38 4 38 20
40 11 44 21
26 30 29 30
14 28 16 30
6 7 15 23
46 11 46 19
5 30 31 30
38 27 41 28
39 15 44 19
31 10 41 11
40 30 44 30
13 12 23 17
24 11 29 11
41 18 43 20
45 11 46 27
32 7 33 11
21 19 44 27
27 28 34 29
26 5 30 28
13 27 23 30
37 23 44 30
10 23 25 23
32 6 42 18
41 5 45 26
9 22 10 30
34 4 36 24
12 12 33 24
35 7 36 12
3 8 35 27
5 5 38 6
21 10 43 22
21 1 29 1
40 19 45 28
37 30 39 30
42 9 42 16
32 24 45 30
35 3 43 6
11 25 16 28
37 13 42 22
27 20 40 22
22 19 43 25
35 2 39 28
30 18 35 27
16 29 20 29
18 28 24 28
7 26 27 26
44 2 46 13
41 27 46 28
5 19 13 25
16 19 29 22
14 24 43 30
45 19 46 30
15 17 30 30
39 17 40 18
46 17 46 25
7 18 26 25
16 15 20 21
30 26 35 27
11 19 46 30
16 20 19 25
35 14 45 29
5 29 25 30
37 14 40 14
26 27 28 28
20 19 32 20
43 20 44 23
45 28 45 28
15 15 41 30
41 23 42 26
44 17 45 17
40 17 43 21
5 3 5 5
25 8 37 11
46 10 46 25
24 16 30 17
2 17 18 22
39 26 44 29
39 29 44 30
4 18 21 28
18 23 35 25
25 14 44 15
6 3 9 3
25 29 46 30
29 16 44 18
32 14 39 20
32 27 46 29
44 11 44 22
25 17 27 17
23 6 41 8
15 14 20 24
39 19 39 25
40 16 42 20
42 3 43 21
19 30 44 30
38 29 39 30
22 13 41 26
8 18 37 29
16 19 20 28
6 3 27 27
45 5 46 22
28 29 40 29
15 14 32 26
44 30 46 30
1 8 24 11
44 7 45 13
28 5 42 18
20 6 23 28
39 12 46 25
18 13 44 20
23 24 33 25
31 4 35 16
12 1 38 19
9 14 12 20
9 24 21 28
34 26 38 27
43 26 45 30
38 24 44 29
31 9 39 20
19 6 40 27
8 24 14 29
8 12 28 19
33 20 36 21
5 23 22 28
21 27 25 30
31 20 37 28
43 9 43 30
41 17 41 26
45 3 45 27
27 28 29 30
34 12 41 22
1 8 7 9
5 4 8 17
46 25 46 27
42 4 46 13
33 9 45 24
43 17 43 24
35 17 46 17
11 7 38 14
26 26 39 29
26 22 28 25
32 16 42 30
19 25 26 30
9 3 28 14
39 13 41 22
13 21 19 28
23 3 27 24
43 17 44 29
38 3 39 18
25 10 41 21
36 9 46 27
37 2 41 6
24 7 34 17
33 5 39 23
32 7 36 17
23 9 37 15
28 7 29 15
45 5 46 28
45 30 46 30
45 18 46 27
14 7 25 10
11 22 30 26
31 7 36 17
36 27 38 27
21 11 33 27
28 3 41 24
17 8 17 17
19 17 19 17
21 6 42 9
13 20 32 22
7 3 28 9
16 22 26 28
15 21 25 21
13 7 22 9
3 15 15 16
28 13 41 30
42 11 42 21
11 21 40 23
42 4 44 6
12 10 28 20
16 11 40 18
35 30 46 30
43 6 43 20
30 29 33 30
32 28 33 30
1 16 44 21
18 23 44 23
5 11 6 15
21 11 24 16
24 30 31 30
23 28 44 30
26 22 42 26
3 21 15 26
5 9 12 26
11 5 17 8
9 8 11 8
34 19 46 25
9 28 40 28
2 22 21 22
17 2 34 13
16 18 38 29
30 14 40 14
18 18 19 18
21 23 38 24
35 1 40 14
24 10 46 27
35 30 35 30
35 20 35 23
3 11 45 11
45 7 46 16
18 10 32 26
11 5 36 29
34 26 39 27
17 30 26 30
41 26 43 27
2 4 34 26
16 30 24 30
26 26 31 30
21 17 35 30
33 29 45 30
41 22 42 27
22 27 44 27
13 11 35 28
13 28 25 29
9 25 35 29
5 29 45 29
30 2 31 28
12 9 24 24
20 14 34 26
45 20 46 26
8 17 41 23
36 16 40 23
18 27 22 27
15 9 27 11
16 2 28 24
17 23 17 25
30 20 44 26
20 11 27 14
25 27 34 28
33 4 38 10
13 17 19 26
33 8 35 15
7 3 29 17
16 29 42 29
29 20 45 29
12 24 29 28
20 30 44 30
46 28 46 28
11 3 28 4
11 15 28 17
39 9 42 20
19 25 28 29
10 20 12 23
21 6 30 18
41 18 42 24
3 7 13 24
22 1 29 20
33 3 36 10
32 3 32 13
23 25 41 26
2 2 4 19
23 2 33 15
29 27 35 28
44 25 45 29
24 14 31 16
16 10 39 29
7 16 43 21
5 29 6 30
11 16 27 18
31 10 41 14
33 24 45 24
38 2 43 25
40 7 46 21
10 14 35 26
1 8 8 24
11 12 39 22
33 7 39 17
18 10 25 12
1 26 34 28
31 21 44 24
25 22 31 25
32 30 35 30
26 16 43 25
33 13 46 24
37 25 43 26
24 26 46 26
19 29 25 29
36 9 46 20
43 29 43 29
31 6 37 8
19 20 41 23
26 28 36 29
34 25 46 27
4 16 14 26
2 1 40 3
46 8 46 15
18 15 42 27
19 28 27 29
42 16 43 18
3 29 30 29
18 9 33 28
34 8 42 18
31 25 42 28
13 5 27 15
27 3 43 23
44 26 45 27
33 20 43 29
7 11 23 18
29 9 38 25
46 5 46 21
38 5 46 11
17 5 45 9
19 23 26 25
35 8 39 20
24 30 26 30
11 23 13 27
19 27 46 27
44 7 46 11
21 5 42 9
30 23 32 24
12 29 25 29
23 16 45 29
19 12 30 29
4 1 28 16
29 7 42 20
36 28 36 28
19 21 42 26
15 4 41 17
7 16 34 17
32 19 41 30
6 15 22 23
41 29 45 30
12 15 26 17
42 9 42 29
1 25 19 26
41 27 41 28
10 27 18 28
10 3 20 24
22 21 41 21
24 18 46 22
19 20 25 28
7 9 28 23
43 25 44 28
8 14 14 26
21 30 32 30
28 5 43 29
37 14 39 21
20 26 23 28
30 20 32 27
15 10 33 25
41 4 44 24
9 2 11 16
41 7 45 26
9 6 32 22
18 17 28 23
3 14 7 15
25 26 40 30
10 16 40 29
32 21 41 29
27 29 38 29
19 15 43 16
27 12 38 25
21 3 22 11
27 19 44 30
17 4 42 10
3 18 17 21
41 16 45 22
20 26 32 29
20 27 37 29
44 25 46 29
44 16 44 30
13 11 35 14
38 20 41 25
17 1 35 22
46 3 46 21
10 5 17 18
6 15 32 18
5 7 42 17
9 27 15 28
4 10 21 12
13 24 33 30
4 7 40 28
17 27 31 29
20 26 44 29
5 11 23 17
20 21 20 28
22 22 33 26
12 1 42 11
11 4 27 19
9 18 20 22
13 22 22 29
24 28 37 28
29 26 46 27
25 18 40 29
39 15 44 18
23 7 39 27
24 30 45 30
5 7 35 12
17 1 18 28
2 28 7 29
15 17 33 23
46 23 46 30
15 5 45 12
34 26 34 29
42 25 43 28
13 11 23 16
3 13 11 30
18 11 46 25
12 20 30 22
33 8 38 24
8 19 16 22
10 6 32 8
38 29 40 30
40 18 44 27
9 14 32 17
42 7 45 21
22 4 41 11
14 21 46 25
29 27 40 30
41 30 45 30
35 17 45 20
39 29 45 30
14 26 20 30
24 14 42 30
43 27 45 29
38 9 41 24
46 21 46 26
15 3 46 28
43 15 45 29
28 22 42 22
31 28 37 30
25 18 29 19
10 13 35 22
10 10 41 13
29 21 38 25
31 7 31 7
14 25 36 30
42 5 46 21
22 22 42 29
7 2 28 25
12 7 41 18
28 17 43 19
10 17 37 25
6 22 6 25
18 13 20 14
11 9 15 30
5 19 41 29
15 25 25 25
5 2 28 15
36 25 45 28
9 9 10 21
8 27 29 29
2 9 41 16
2 13 39 21
15 16 22 22
38 29 43 29
36 6 41 11
23 16 31 27
30 4 30 24
37 11 45 17
9 15 19 20
41 21 42 27
43 2 46 4
8 3 41 11
19 29 37 29
20 10 21 28
8 12 18 14
4 16 10 23
42 12 44 27
4 27 20 30
41 12 45 24
31 29 31 30
18 22 40 27
31 21 46 29
25 19 40 25
34 24 35 30
1 18 46 21
4 26 39 29
13 1 38 19
33 13 43 26
34 28 43 30
44 6 45 21
24 12 37 12
13 2 34 24
22 10 22 22
12 7 26 7
10 28 29 28
25 1 36 18
6 27 38 29
10 30 22 30
41 12 41 29
4 19 38 30
32 14 36 22
23 10 26 12
7 21 19 25
22 9 46 11
17 17 43 19
29 16 40 27
6 21 20 22
33 5 45 13
41 22 43 27
27 15 38 20
18 6 34 13
36 9 37 29
2 15 6 19
42 24 43 27
27 14 28 25
22 22 28 24
8 12 23 26
32 20 42 28
9 28 26 29
46 6 46 23
10 18 17 23
34 26 43 27
18 19 32 26
12 19 37 22
22 6 35 9
30 29 41 30
17 3 41 8
11 4 12 16
28 24 30 28
7 13 15 16
23 6 38 11
24 30 27 30
11 2 28 22
8 28 32 28
29 26 29 28
17 20 27 25
46 17 46 18
5 11 11 26
33 18 38 26
20 2 27 30
15 7 36 24
37 6 43 19
43 6 43 24
40 14 46 20
33 30 46 30
3 3 45 9
36 20 39 30
14 20 15 25
33 1 41 13
19 29 30 30
25 5 41 7
11 18 35 18
37 2 44 24
18 5 19 19
45 25 46 26
23 23 42 26
35 3 44 9
21 9 23 12
14 19 38 29
12 29 24 29
2 5 29 12
22 6 32 7
24 13 32 24
44 30 46 30
20 12 28 26
31 7 46 15
17 7 38 17
3 22 39 30
33 5 45 21
39 19 44 29
17 2 46 30
7 20 7 25
5 16 26 29
29 12 36 20
14 28 38 29
42 10 44 11
19 7 27 28
14 1 23 29
22 2 46 4
6 28 34 28
15 1 27 18
44 30 45 30
7 24 14 24
33 29 43 30
42 14 45 15
44 1 44 22
3 6 21 11
46 4 46 17
25 1 34 13
25 13 43 19
25 9 31 21
4 5 37 18
17 4 20 19
3 28 14 29
40 21 45 28
40 28 42 29
6 11 43 20
5 4 46 26
11 5 33 21
12 24 41 24
22 17 42 17
41 22 42 24
4 21 31 26
43 29 43 30
31 14 33 21
34 24 34 24
17 15 36 27
41 7 43 17
43 22 46 23
39 20 44 20
23 10 41 15
22 8 26 12
40 18 44 20
40 23 40 29
23 18 33 27
16 3 38 27
33 2 42 29
25 17 35 27
46 7 46 26
36 17 45 20
19 28 33 30
45 23 46 29
28 5 45 10
28 26 39 30
35 3 35 19
40 23 45 28
25 13 25 17
8 22 15 23
27 29 27 30
38 9 45 23
25 10 28 22
41 1 45 28
40 25 42 30
27 24 29 29
44 18 45 23
36 24 38 29
20 13 31 27
46 18 46 19
24 5 29 6
29 6 45 30
21 5 31 24
23 3 24 13
7 7 21 25
33 28 37 30
27 26 38 26
19 2 40 17
3 5 44 16
44 5 45 29
3 30 32 30
7 30 24 30
4 22 40 24
17 12 18 14
7 8 27 8
46 14 46 29
31 4 33 7
15 18 42 22
23 28 24 28
44 15 45 18
33 7 37 7
40 26 42 26
30 12 34 15
35 22 43 28
11 19 23 23
15 13 15 27
3 23 45 29
3 24 20 28
1 28 28 29
45 13 46 22
26 13 33 15
16 6 21 11
11 19 38 29
23 24 25 30
18 14 27 20
12 1 12 15
6 5 29 6
25 21 40 21
46 5 46 22
35 1 46 2
1 26 34 30
15 2 33 2
2 16 45 17
29 2 33 10
33 26 37 29
18 11 36 11
40 17 42 29
46 4 46 30
28 26 37 28
15 21 46 22
7 11 29 27
29 14 29 21
20 28 46 29
10 10 13 15
16 22 43 25
23 29 23 30
35 6 43 24
8 14 9 28
10 15 44 15
17 23 30 29
41 21 43 30
18 20 38 26
38 8 42 18
33 16 43 16
30 1 38 18
42 11 42 11
30 27 30 29
43 2 43 5
46 5 46 24
37 13 37 18
22 29 46 29
18 16 19 22
37 7 45 22
16 10 40 21
37 2 40 11
33 30 39 30
25 5 32 17
17 28 18 30
34 1 46 28
34 20 43 27
5 8 44 24
46 6 46 15
38 4 41 13
36 11 40 14
24 28 38 30
18 8 37 29
3 9 17 11
36 28 42 29
43 13 44 21
5 30 40 30
33 29 34 30
18 29 25 30
44 4 46 11
43 23 46 26
10 14 18 24
33 26 40 28
17 28 30 29
46 15 46 28
2 2 42 19
2 23 18 28
45 9 46 19
17 13 27 27
43 2 46 16
25 28 27 28
13 15 28 30
20 17 38 30
38 6 43 30
1 17 28 23
34 22 45 27
22 23 31 23
2 30 5 30
27 8 36 8
44 28 44 30
24 8 43 29
34 19 44 20
17 27 36 28
7 30 18 30
38 22 39 25
20 21 32 22
3 16 31 27
37 19 39 25
5 16 17 16
36 27 37 29
4 21 8 21
42 3 44 19
34 16 36 29
35 23 40 27
17 11 46 24
46 26 46 28
29 6 33 24
12 19 15 26
39 19 39 20
37 28 44 29
23 25 42 28
12 16 19 25
25 19 45 25
33 18 43 19
1 25 31 30
2 24 8 29
19 3 23 6
14 7 39 7
21 22 24 29
14 8 38 27
29 18 38 20
41 20 46 26
8 15 21 22
46 28 46 28
22 2 42 23
7 2 24 10
17 6 44 29
3 16 16 28
27 5 36 10
19 26 26 26
24 19 33 28
46 21 46 23
46 4 46 5
25 9 27 25
3 13 10 27
1 17 4 28
8 19 29 21
1 8 27 27
37 11 45 21
15 10 36 16
8 10 40 19
4 24 29 27
25 13 35 25
41 3 42 16
6 10 30 14
45 5 46 20
20 19 45 30
9 6 40 15
25 23 31 30
37 1 46 29
26 11 33 27
11 3 44 8
4 16 31 20
36 9 41 14
45 1 46 15
20 27 42 29
37 1 40 30
10 27 21 29
17 3 29 3
25 24 40 24
2 8 44 25
39 27 39 29
8 23 39 24
13 19 22 24
20 6 42 10
45 16 46 27
10 8 42 20
41 4 41 19
20 5 43 28
2 14 45 18
27 5 38 30
15 21 35 22
19 13 42 28
30 6 36 16
43 3 44 7
27 11 31 20
7 13 41 26
37 24 42 26
32 20 37 24
38 24 45 27
24 30 36 30
23 22 31 23
33 7 46 12
41 25 43 26
30 22 30 24
39 15 43 19
9 20 20 30
42 28 43 30
44 17 44 26
34 17 38 28
39 11 44 16
10 27 29 30
40 25 44 27
5 28 27 29
7 13 43 18
14 19 27 29
14 30 38 30
8 5 27 26
41 14 44 14
24 10 45 13
15 9 23 20
41 13 41 15
32 14 41 29
33 26 38 28
4 29 17 30
9 23 25 24
19 5 29 14
44 18 46 28
45 4 45 9
21 17 39 28
45 14 46 14
3 6 8 19
10 6 15 15
36 15 45 22
9 8 37 13
27 14 45 23
4 3 22 20
8 5 28 24
43 19 45 30
13 17 37 23
22 4 40 20
5 19 11 28
29 13 29 15
31 23 35 25
29 10 32 26
39 2 44 28
42 12 44 18
23 21 36 27
22 25 39 30
38 20 38 22
23 29 42 29
34 11 35 18
45 3 46 5
4 17 24 28
6 26 26 27
17 15 45 23
16 10 40 12
37 17 46 19
29 19 44 21
17 28 46 29
30 1 42 19
35 11 38 26
35 29 45 29
43 2 44 22
12 10 28 30
20 27 29 29
36 5 41 24
19 18 20 24
3 29 32 30
1 5 15 29
12 29 33 29
21 26 40 28
37 15 37 18
1 19 45 24
45 13 46 24
40 14 43 14
14 1 16 16
19 25 25 30
26 24 41 26
27 15 42 24
28 23 44 29
3 30 14 30
28 16 35 19
8 23 35 30
23 5 29 5
13 25 22 29
19 1 45 6
30 20 39 28
35 20 41 25
24 1 45 3
36 25 38 28
20 17 31 19
35 22 44 28
41 4 43 12
40 29 40 30
26 22 27 30
24 15 31 18
43 4 43 11
33 8 35 8
46 1 46 17
11 17 16 25
20 14 33 18
46 26 46 29
41 27 41 30
26 11 31 24
16 6 46 22
33 5 37 23
38 30 45 30
4 21 22 24
37 6 46 6
41 27 42 27
44 11 46 17
6 19 14 24
27 27 33 30
45 17 46 18
34 12 45 12
32 21 37 26
10 13 22 18
27 18 35 27
36 3 39 16
32 3 38 20
44 25 46 27
12 6 35 14
36 21 43 28
31 28 34 28
37 29 44 30
3 11 16 30
3 6 32 14
34 3 42 27
35 23 36 26
42 29 42 30
6 22 46 28
17 15 45 19
9 22 13 25
25 14 36 22
9 30 39 30
33 18 46 24
38 22 42 28
29 5 30 17
27 11 38 22
25 26 25 27
37 15 43 24
43 17 45 20
13 15 26 15
5 4 25 17
24 28 37 29
6 28 10 29
35 2 44 7
4 4 22 20
25 15 40 24
7 16 30 21
36 30 36 30
39 22 40 28
29 24 39 29
32 22 43 28
7 1 43 19
28 7 41 18
35 4 38 7
43 22 43 28
8 22 21 30
42 1 46 4
15 8 42 29
25 28 39 30
12 14 13 17
44 13 44 18
34 2 41 4
45 25 46 29
16 9 17 23
44 3 46 12
35 16 36 21
9 17 15 30
2 27 6 28
2 23 46 25
39 23 39 26
6 27 19 30
22 27 33 28
45 12 45 12
42 17 44 27
45 13 46 28
15 19 44 21
26 10 43 13
18 10 37 12
42 19 43 26
28 11 42 16
16 6 19 7
36 24 43 26
38 2 44 25
20 2 31 21
42 24 46 27
9 4 13 12
40 16 44 26
21 4 37 21
44 28 46 28
44 24 44 25
34 1 36 9
30 13 41 27
42 5 42 21
33 10 42 15
35 20 39 24
12 30 26 30
17 23 19 26
3 21 42 28
17 15 46 19
21 4 41 5
38 28 41 29
19 20 36 22
31 8 40 8
42 17 46 17
9 11 10 17
13 21 33 26
10 8 42 10
41 23 43 29
43 8 46 28
1 28 6 30
22 7 41 7
9 12 29 19
27 29 44 30
44 12 44 23
20 12 34 29
42 14 45 16
37 21 43 21
43 17 44 19
10 21 22 25
9 14 29 28
10 10 35 28
6 17 35 20
37 10 41 26
13 5 14 15
20 23 25 25
2 11 25 19
30 28 32 29
18 27 35 27
10 24 22 25
12 3 39 14
44 17 44 28
31 20 36 28
1 1 15 8
17 7 33 10
3 22 17 22
7 23 12 23
9 5 15 20
39 26 46 27
43 3 46 27
25 30 31 30
27 18 31 24
38 8 39 12
16 30 39 30
3 23 44 25
26 18 26 18
11 22 33 22
6 24 26 24
1 15 18 19
44 16 45 27
37 30 43 30
19 19 42 25
36 14 37 27
3 25 33 29
39 14 42 25
30 1 42 1
9 18 13 20
27 22 39 26
33 5 38 26
24 11 41 25
32 18 34 29
46 30 46 30
22 25 32 27
32 15 34 25
34 13 40 25
28 22 46 29
3 22 22 25
2 5 44 11
8 1 42 20
23 5 41 19
42 15 43 21
12 20 17 23
4 10 19 25
25 16 38 29
19 14 27 27
15 23 39 28
7 18 31 22
4 18 32 26
19 5 34 14
34 6 45 18
2 17 45 26
16 27 42 28
3 11 22 27
30 3 31 27
17 24 41 27
13 27 26 28
39 29 39 29
19 4 45 14
41 4 42 17
33 8 39 27
20 5 23 9
39 25 40 26
13 25 22 26
41 1 42 29
29 3 41 5
2 16 32 18
17 19 41 28
38 7 45 19
35 3 35 18
26 7 35 25
1 5 12 27
17 12 28 18
22 3 22 18
37 12 39 15
26 19 45 29
28 28 46 28
40 15 41 19
35 21 42 25
1 27 24 30
35 27 35 28
12 7 45 18
38 12 45 29
1 10 17 24
21 30 33 30
5 25 32 27
40 4 41 13
4 26 8 28
25 29 41 29
18 11 46 30
17 16 37 20
39 13 44 28
40 28 41 29
41 19 45 22
11 4 40 25
17 30 35 30
18 12 18 28
17 12 26 29
34 22 45 30
16 6 39 17
33 29 40 29
11 17 23 18
17 3 20 25
35 27 38 27
15 24 35 25
5 6 14 24
33 7 39 13
6 3 6 4
40 6 43 14
17 1 39 6
18 4 42 25
37 8 41 8
6 26 13 26
2 21 11 26
14 18 24 30
9 10 34 26
46 14 46 27
15 12 39 27
39 28 40 30
6 12 9 17
5 2 9 24
2 8 13 9
44 3 45 26
6 3 30 6
46 20 46 26
4 13 12 25
27 3 45 10
41 21 44 29
35 10 38 17
6 4 36 21
22 8 38 24
38 4 40 13
33 12 42 16
9 30 40 30
14 30 37 30
26 17 37 30
38 12 44 18
9 17 10 17
4 12 33 27
12 12 46 15
17 25 42 30
22 21 41 23
10 18 28 23
4 23 6 26
27 14 30 30
45 22 45 30
15 28 35 30
18 29 42 30
4 11 28 15
39 27 46 27
18 7 21 8
13 26 29 28
3 28 24 29
11 23 39 23
27 20 39 29
26 24 45 27
16 26 31 29
43 20 45 23
16 25 26 28
5 18 23 25
24 27 39 29
42 10 43 17
16 2 21 16
11 17 46 28
42 15 42 20
30 23 33 25
42 8 42 29
5 14 44 16
8 15 45 23
4 20 36 29
13 25 37 28
29 26 30 26
9 21 15 27
15 27 22 28
36 7 44 15
10 12 33 24
46 21 46 26
23 8 23 18
33 18 34 26
3 5 11 13
13 2 36 28
29 2 37 27
22 19 45 29
4 20 8 23
43 26 45 30
25 5 36 15
16 1 23 22
10 16 10 16
19 28 31 28
16 10 34 17
18 28 27 28
34 11 43 17
45 22 45 30
7 28 15 30
24 10 31 25
6 1 7 15
11 10 26 17
42 14 45 21
27 21 30 22
18 18 39 24
28 9 40 28
8 20 30 28
42 4 42 21
43 27 45 28
23 7 38 7
24 10 26 19
1 26 25 28
28 3 34 3
43 8 45 24
28 20 30 24
1 15 35 24
40 10 40 29
14 7 44 16
27 1 32 19
21 19 36 19
21 24 29 25
29 17 41 27
42 8 42 16
29 24 41 24
1 17 22 25
39 28 46 28
45 16 45 24
42 30 44 30
12 30 44 30
28 30 44 30
7 25 29 27
20 18 20 24
13 20 23 21
41 27 46 29
14 8 41 26
40 15 42 27
38 2 40 16
12 19 37 25
37 23 44 29
39 21 41 28
21 5 39 14
22 17 26 26
35 8 38 25
3 12 14 28
4 24 37 24
18 12 46 26
36 4 43 13
39 5 46 19
28 14 29 29
20 8 44 30
25 15 42 27
1 18 4 23
25 22 37 27
46 29 46 30
40 17 43 30
20 1 24 19
7 1 9 21
7 25 38 29
42 16 43 19
17 9 25 18
12 27 34 30
9 27 38 27
18 7 21 26
2 24 28 28
37 4 39 26
36 14 44 29
28 29 32 29
36 27 41 27
41 20 46 28
20 6 36 28
5 8 7 17
4 10 28 26
45 20 46 29
30 25 42 28
18 28 29 30
34 27 40 29
33 11 42 24
40 9 46 14
11 25 28 27
17 9 37 22
15 27 16 30
15 23 36 25
41 12 45 17
24 28 25 30
12 14 16 29
2 3 10 15
25 24 46 28
11 8 46 8
15 26 31 29
32 11 41 16
31 29 40 30
9 30 25 30
32 28 40 30
15 30 46 30
8 9 15 24
37 30 45 30
18 5 43 12
5 13 5 18
24 10 46 22
29 12 36 12
26 16 46 23
24 8 45 30
38 11 42 26
7 15 21 23
4 30 41 30
6 23 35 23
39 24 46 26
18 23 24 26
45 8 45 29
21 5 46 6
25 3 38 21
19 11 20 21
36 5 45 21
33 24 46 25
21 29 34 29
39 7 40 12
19 28 45 29
28 10 37 27
7 20 17 25
2 17 44 27
15 24 18 24
14 3 33 7
24 21 46 30
12 30 28 30
15 9 32 21
42 18 43 30
9 8 18 15
39 20 42 28
5 21 24 22
11 11 27 22
42 19 42 23
43 28 44 28
33 4 33 21
10 30 15 30
10 25 22 30
4 14 8 16
46 1 46 23
11 15 23 21
32 30 36 30
14 24 18 26
17 1 34 24
18 28 28 30
34 9 43 23
31 25 45 28
27 18 31 24
46 8 46 20
13 24 43 30
41 3 46 26
42 20 43 27
36 20 39 27
6 3 38 14
29 22 32 22
34 23 34 23
46 7 46 7
9 13 28 27
38 17 41 22
11 18 13 23
43 1 45 11
23 12 30 17
27 25 41 29
29 19 33 29
16 8 38 27
26 17 34 29
34 23 34 26
4 20 27 26
45 21 46 25
31 22 39 26
29 3 33 7
12 4 20 9
41 6 42 17
31 29 45 29
39 29 44 29
29 2 41 27
37 7 42 15
6 5 22 10
19 23 46 28
23 26 45 28
15 25 39 27
3 24 46 27
22 5 45 14
12 4 42 13
16 16 30 20
32 12 44 30
45 8 46 17
16 15 35 29
15 1 42 10
28 7 37 24
30 19 41 23
41 13 42 19
2 16 14 28
16 6 27 14
5 11 34 27
2 2 36 2
9 5 13 23
40 4 45 23
35 27 43 30
14 20 24 28
1 13 7 16
45 29 46 30
25 29 35 29
34 24 45 24
9 22 29 25
42 21 45 28
19 19 38 20
6 23 24 29
46 23 46 27
13 28 39 29
41 5 45 17
20 19 22 25
23 4 29 5
33 9 44 12
28 6 42 22
17 26 43 29
24 15 42 19
27 25 33 27
36 17 37 24
30 10 36 21
23 1 37 20
9 18 15 25
29 16 31 26
35 14 39 18
25 16 33 26
38 16 43 25
25 25 25 28
17 18 38 19
15 26 19 28
20 29 40 29
33 21 40 22
33 30 33 30
43 25 45 29
38 7 43 28
36 24 37 29
23 29 24 29
34 8 37 15
23 5 37 21
3 2 36 6
4 12 18 17
33 30 33 30
27 14 37 22
32 3 40 22
45 5 46 22
46 11 46 14
35 28 39 29
1 8 38 10
14 2 30 8
44 25 46 28
45 21 45 22
17 2 44 19
32 12 44 19
34 5 40 19
34 14 45 20
27 19 33 25
5 23 8 28
32 9 46 21
19 25 33 26
7 23 30 25
8 19 8 30
4 17 37 28
34 22 46 26
30 26 38 27
38 22 44 28
1 26 20 26
4 8 11 23
43 13 44 30
13 29 23 29
22 22 33 23
44 3 44 28
18 23 37 25
8 15 39 30
34 3 43 23
12 4 12 15
6 19 26 29
26 12 32 21
17 8 23 24
39 1 46 28
22 18 40 27
5 2 37 2
3 8 23 21
4 26 23 28
12 9 16 24
37 19 45 22
2 16 42 24
45 10 45 14
6 3 45 3
38 24 42 25
1 14 16 19
1 17 31 19
1 1 35 24
20 27 29 29
18 14 35 17
14 27 22 29
42 26 44 30
9 10 19 27
15 18 27 27
35 9 44 29
18 28 34 29
39 6 46 20
15 16 29 30
7 8 36 9
6 13 17 16
20 8 29 15
12 17 45 25
36 25 39 29
12 30 32 30
2 26 36 28
21 15 45 26
7 21 17 30
18 11 41 14
15 10 45 21
17 28 42 28
40 9 44 25
25 10 26 11
11 7 33 28
46 22 46 27
22 8 42 16
36 2 43 19
40 17 46 23
19 26 34 28
8 13 36 29
43 7 43 8
19 16 41 16
9 15 28 21
34 9 38 29
39 9 40 17
7 2 37 23
43 23 45 23
21 16 31 27
43 5 44 22
12 16 18 29
13 10 26 22
26 28 42 29
11 14 44 28
13 3 33 6
15 12 34 27
45 29 46 30
32 20 36 26
23 15 28 16
34 20 46 28
25 8 30 27
39 27 44 28
14 8 25 26
1 20 38 22
1 12 28 17
40 11 43 21
5 4 26 18
45 12 46 17
31 14 39 23
20 17 40 23
20 28 34 30
38 5 42 7
12 15 13 22
26 15 30 29
8 2 10 4
30 11 38 26
36 22 44 27
32 13 35 23
18 26 18 27
7 9 44 30
32 10 40 11
32 24 32 29
24 1 33 10
25 28 29 29
1 10 22 30
1 8 30 13
37 2 42 18
42 7 45 27
13 15 23 30
28 4 29 17
42 25 43 27
39 8 40 27
7 21 19 24
1 8 46 17
9 6 33 18
29 7 45 11
29 12 38 27
1 20 10 25
1 6 42 7
3 6 21 27
32 29 32 30
7 19 15 23
22 29 25 29
21 27 39 27
31 6 42 18
32 7 41 14
25 25 46 25
4 4 29 4
24 3 36 28
46 27 46 28
17 2 27 3
12 29 17 29
2 19 24 19
9 11 46 26
20 7 34 22
4 27 36 28
38 26 44 29
37 25 41 26
5 15 29 15
1 13 18 25
36 13 45 25
24 24 39 24
23 24 27 25
13 21 24 24
29 14 35 20
34 20 37 28
26 4 40 22
45 21 46 30
16 1 30 13
8 7 14 21
30 11 42 25
3 18 29 18
43 5 46 9
1 10 25 29
27 16 42 19
10 10 36 28
12 16 24 20
4 11 45 23
13 27 26 28
17 9 22 29
44 2 44 8
45 16 45 23
24 4 35 28
36 20 37 24
12 6 40 24
46 20 46 28
46 4 46 12
18 7 40 18
3 15 28 15
42 26 43 30
1 24 38 26
24 28 29 28
36 26 40 26
32 10 46 29
15 18 33 29
2 28 12 29
3 1 36 6
27 16 35 29
33 6 42 27
15 5 26 29
24 2 34 30
9 18 44 18
16 7 28 11
26 20 29 29
32 3 38 4
40 2 44 23
37 3 39 30
27 21 29 27
10 24 27 25
36 29 36 30
4 26 45 30
16 2 16 15
10 30 30 30
4 2 18 5
14 4 46 17
40 4 45 23
9 25 37 28
22 13 22 17
45 8 46 20
46 27 46 27
34 27 38 30
18 24 34 30
20 29 21 30
27 7 37 11
15 30 43 30
32 4 33 18
10 29 33 30
34 7 43 7
15 29 43 30
31 11 34 19
9 26 30 30
13 2 45 28
15 30 36 30
25 5 27 29
2 24 27 27
10 4 25 9
29 13 36 17
28 21 41 26
45 16 46 25
32 7 46 9
9 26 17 29
20 8 33 11
23 12 31 12
4 9 30 23
24 1 38 6
34 23 36 27
33 24 45 29
4 30 45 30
11 29 24 29
19 7 28 9
33 3 41 5
37 23 38 25
39 19 43 30
37 9 46 22
42 24 46 27
30 19 30 23
11 12 12 27
15 16 15 16
45 27 46 29
35 18 44 22
17 28 46 29
26 15 35 17
26 16 27 22
31 14 32 18
29 11 43 23
2 13 15 24
8 22 11 29
32 29 43 29
30 6 33 15
28 14 43 16
33 7 33 15
17 4 44 29
27 1 39 10
12 30 30 30
22 5 37 6
17 12 43 19
44 12 45 12
35 11 41 23
34 28 44 29
40 23 41 29
28 14 33 26
28 4 31 15
9 9 43 27
15 13 17 24
34 13 35 29
7 19 22 19
40 21 40 24
45 14 46 24
42 2 43 15
45 6 46 21
43 1 46 7
40 3 45 8
5 21 43 22
9 20 9 23
31 20 46 30
44 28 44 30
34 22 36 24
35 6 41 6
13 21 21 23
5 5 31 18
15 6 17 22
17 14 19 16
14 30 22 30
35 1 42 9
38 27 41 28
4 26 16 29
38 29 41 29
34 9 43 10
18 21 32 26
41 27 44 27
13 2 27 23
16 13 37 18
18 29 24 30
15 11 32 17
17 26 38 27
11 13 26 16
17 15 31 20
17 28 27 28
6 24 32 25
29 4 34 20
18 17 18 27
29 20 35 27
40 18 44 21
44 6 46 30
45 8 45 19
3 26 16 28
18 12 29 26
22 9 34 15
14 3 39 20
46 3 46 14
7 18 34 23
17 3 46 28
38 24 38 25
13 3 37 4
32 4 38 18
8 23 40 26
12 17 36 22
18 2 43 3
37 8 45 26
8 1 37 13
8 15 29 20
36 16 45 21
39 16 45 28
40 25 45 25
23 28 46 30
6 14 42 29
4 18 27 28
4 17 7 25
4 8 7 26
36 23 43 29
30 20 31 22
2 3 24 7
15 25 37 29
37 24 42 29
7 24 25 24
45 12 45 22
29 12 44 22
38 24 44 28
26 10 41 30
2 19 9 26
19 25 21 28
29 4 39 20
33 14 44 27
27 13 44 17
5 30 21 30
23 11 30 26
28 9 45 30
27 14 33 27
33 16 46 24
4 20 45 29
40 12 42 16
41 18 42 30
2 10 3 25
31 16 33 16
40 10 40 26
40 12 42 14
11 16 45 19
11 5 36 10
40 13 44 17
26 8 36 18
19 2 42 2
30 11 36 17
5 17 32 27
37 10 43 21
29 19 39 26
33 11 35 12
4 23 11 24
10 1 32 27
11 7 33 9
44 27 44 28
35 16 38 24
14 13 27 19
7 30 38 30
36 23 42 30
22 29 25 30
34 25 45 29
4 5 46 27
8 16 22 23
46 26 46 29
28 13 46 18
45 20 45 20
1 16 29 22
13 29 23 30
35 7 38 22
46 9 46 30
35 9 39 20
29 2 35 21
17 6 42 30
16 1 30 14
8 6 38 18
44 5 45 13
27 18 46 28
12 26 12 28
35 2 40 2
1 14 43 26
24 24 35 26
22 21 34 22
41 9 42 14
32 17 32 23
6 6 19 26
21 28 36 29
25 3 41 13
30 2 39 18
40 20 40 21
8 11 24 15
21 10 27 28
32 1 41 8
14 23 30 30
1 21 21 24
20 5 26 28
17 29 32 30
29 19 30 20
6 8 28 17
43 24 44 28
19 25 44 29
22 30 23 30
22 22 26 25
28 15 42 30
24 24 30 25
11 20 11 30
4 22 38 23
19 19 40 26
30 14 41 17
13 6 35 8
11 6 38 21
21 28 32 30
45 9 46 14
3 9 19 9
30 24 45 29
19 27 29 27
13 8 23 9
11 27 41 28
39 13 43 17
26 10 32 12
33 10 38 13
44 20 44 26
42 18 46 24
44 27 46 27
40 12 46 15
9 21 11 28
14 23 29 25
45 29 45 29
31 4 39 13
18 26 44 28
4 2 26 8
39 20 43 25
28 28 37 29
45 15 46 19
26 29 43 30
8 29 10 29
26 2 40 28
17 9 31 15
33 30 45 30
22 4 39 15
11 8 21 21
1 16 26 26
18 5 20 25
11 15 37 23
3 24 13 30
2 16 16 21
1 16 8 20
41 27 44 30
14 10 45 10
