40 4 1481
....
....
..X.
X...
....
..X.
..X.
XX.X
....
...X
.X..
....
..X.
....
....
....
....
....
..X.
..X.
X...
.X.X
....
....
.X..
....
....
..S.
.X..
....
....
....
.X..
....
.X..
....
.XX.
....
.XX.
....
15 1 15 1
34 2 36 4
4 4 27 4
39 2 39 3
14 1 27 3
19 4 36 4
18 1 24 2
12 3 28 4
30 2 31 2
15 1 15 3
37 4 39 4
33 2 39 4
14 1 33 2
22 1 22 4
13 4 22 4
20 1 25 3
23 4 27 4
39 4 39 4
25 2 27 3
14 3 20 4
17 2 27 2
4 3 30 4
19 1 38 2
39 1 40 1
28 4 40 4
19 1 34 3
1 1 34 3
14 1 19 1
15 4 21 4
37 3 40 3
12 2 39 3
29 2 35 2
20 1 31 1
26 3 33 4
20 1 36 2
18 1 24 1
17 4 33 4
10 3 11 3
8 1 36 2
14 4 21 4
7 4 37 4
4 3 4 3
18 3 32 3
33 2 33 3
22 1 25 1
1 1 23 3
24 2 37 2
19 3 33 3
14 3 36 3
26 3 30 3
11 2 30 2
35 4 39 4
6 3 13 4
4 1 7 4
27 3 37 4
11 4 13 4
31 4 35 4
18 1 34 1
32 2 33 4
9 3 9 4
9 2 20 3
19 1 37 2
9 2 13 3
38 1 38 2
36 2 40 2
30 4 39 4
16 3 38 3
1 3 20 3
40 3 40 4
4 3 40 3
11 2 18 2
12 1 25 4
5 1 16 2
29 1 36 3
27 2 37 3
21 1 35 3
10 1 29 1
17 2 20 2
23 3 27 3
6 1 29 3
16 2 30 3
16 3 22 4
17 2 17 3
13 4 32 4
7 4 34 4
33 2 35 3
7 1 39 2
26 3 35 3
15 3 18 4
29 1 31 3
11 3 18 4
15 4 27 4
23 4 39 4
12 4 30 4
19 1 20 1
10 1 29 4
25 2 25 3
6 2 20 4
7 1 31 1
5 2 13 3
19 2 32 4
3 3 4 4
33 2 34 2
30 1 38 3
6 3 9 3
10 3 39 3
23 4 25 4
22 4 31 4
18 1 40 1
37 3 37 4
19 4 22 4
28 3 33 3
23 4 38 4
2 2 26 2
27 1 28 1
18 4 28 4
12 1 38 4
34 4 37 4
40 4 40 4
38 1 39 4
34 3 37 3
21 2 39 4
33 3 40 3
33 2 37 3
25 2 27 3
34 3 39 3
32 4 38 4
35 1 37 2
25 3 36 4
18 3 26 3
27 3 30 4
28 4 28 4
10 1 10 2
22 2 25 4
35 2 38 2
36 2 38 3
20 4 25 4
28 1 30 3
16 3 30 3
34 4 39 4
22 1 38 1
12 3 24 4
2 2 12 4
39 1 40 2
33 3 38 4
32 1 32 2
17 1 31 1
27 1 28 3
5 2 5 2
22 2 32 2
12 2 15 3
22 4 29 4
26 2 27 3
40 2 40 2
12 4 39 4
16 3 33 4
39 4 40 4
4 1 13 3
9 4 35 4
40 1 40 4
30 3 35 3
27 4 38 4
27 1 29 4
24 3 25 4
29 4 30 4
12 2 13 2
10 3 18 3
38 3 39 4
29 2 38 3
25 3 31 3
5 2 39 3
3 3 4 3
30 1 40 1
24 4 25 4
21 3 27 3
6 3 40 4
8 1 29 2
18 4 32 4
34 1 37 4
25 1 32 1
34 3 37 4
23 3 37 4
12 4 32 4
18 3 18 3
37 2 40 3
39 2 40 4
27 1 31 2
10 1 35 1
2 2 6 4
33 4 39 4
6 3 32 3
25 1 30 1
30 4 35 4
7 1 21 3
15 2 40 3
23 1 23 2
28 3 30 4
23 2 30 2
36 3 40 3
20 4 35 4
19 3 31 3
18 2 34 2
14 1 19 2
39 3 39 4
34 1 38 1
32 1 36 3
29 4 37 4
1 1 18 2
10 4 25 4
40 3 40 4
40 1 40 4
10 2 11 4
11 4 27 4
20 1 38 1
16 3 39 4
18 2 20 3
13 2 19 2
2 2 27 2
14 2 34 3
1 2 8 4
32 4 39 4
3 3 14 4
40 2 40 3
6 1 10 3
11 1 12 3
7 2 13 3
22 4 30 4
10 3 15 4
7 2 25 3
14 1 19 4
18 3 36 3
21 1 36 2
28 1 36 4
23 4 26 4
3 4 5 4
15 2 39 2
18 1 18 1
19 1 27 2
40 1 40 1
32 3 39 3
25 2 31 3
26 2 34 3
26 1 35 4
40 2 40 4
16 1 16 4
28 3 37 3
25 1 39 4
22 1 25 3
32 1 33 3
33 2 33 4
20 3 24 4
19 3 35 4
26 2 34 3
17 1 17 1
29 2 33 2
23 1 34 1
19 1 32 4
35 4 38 4
2 2 20 3
2 2 6 2
22 1 27 2
16 1 22 2
28 4 28 4
11 2 31 3
2 2 21 4
24 2 38 3
19 2 39 2
28 2 33 2
14 1 35 4
19 2 28 2
31 3 38 4
19 4 21 4
35 1 35 1
33 2 37 4
8 4 8 4
9 3 12 4
9 2 14 2
25 4 35 4
29 3 30 4
14 4 40 4
16 1 29 2
4 3 5 4
15 3 23 4
9 1 35 3
16 4 36 4
34 4 34 4
38 1 39 4
36 1 36 3
8 2 21 2
3 1 6 4
10 4 36 4
29 4 33 4
9 4 28 4
39 1 40 3
27 4 39 4
21 3 26 3
3 4 4 4
5 4 33 4
8 1 33 2
4 1 19 4
6 1 15 4
7 3 23 3
10 4 33 4
26 2 33 3
34 3 37 4
19 1 20 3
17 4 28 4
22 3 38 4
22 3 22 3
18 2 39 4
29 2 30 2
10 3 11 4
27 4 30 4
35 3 40 4
6 4 40 4
36 2 39 3
34 3 34 4
32 3 35 4
19 4 40 4
5 1 7 4
40 2 40 4
7 2 25 3
14 2 15 3
5 3 34 3
24 3 33 3
1 4 36 4
13 4 13 4
27 4 35 4
17 1 19 1
30 2 38 2
25 4 31 4
25 4 28 4
10 1 31 4
22 3 25 3
2 1 15 4
13 4 39 4
28 2 37 4
9 4 15 4
23 4 36 4
24 3 32 3
23 4 27 4
22 4 36 4
34 4 36 4
34 2 37 2
27 4 36 4
23 3 40 4
1 1 27 1
18 4 28 4
32 1 40 2
10 1 34 2
13 4 14 4
10 1 28 2
5 3 35 3
23 3 23 4
38 3 39 4
8 1 36 3
35 2 36 4
40 4 40 4
11 4 17 4
13 1 20 1
18 3 21 4
28 4 32 4
38 3 38 3
17 4 22 4
34 1 40 4
34 4 35 4
5 3 14 3
36 2 36 2
3 1 27 4
35 3 39 3
17 4 35 4
21 4 32 4
12 1 25 3
15 1 27 3
18 2 33 3
37 1 37 1
15 3 35 4
22 3 23 4
23 2 39 3
5 1 10 4
2 3 20 3
31 4 33 4
10 3 36 3
3 1 19 4
22 3 26 3
36 4 38 4
33 1 39 3
15 4 15 4
26 1 29 1
3 4 29 4
5 1 24 3
19 2 40 2
8 1 29 3
21 3 21 3
14 2 18 4
21 3 24 4
6 1 36 4
26 1 30 2
28 4 37 4
6 4 8 4
21 3 21 3
9 2 18 2
7 4 12 4
15 4 15 4
37 2 39 4
36 3 40 4
14 4 40 4
37 4 39 4
14 3 18 3
25 3 35 4
2 3 31 3
27 3 34 4
24 1 25 1
17 3 36 3
27 2 40 3
7 1 19 2
18 4 30 4
4 1 15 4
1 3 22 3
19 2 28 2
29 4 29 4
1 3 19 3
36 1 38 3
21 3 23 4
9 2 29 2
10 1 20 3
11 4 34 4
6 3 40 3
30 1 38 4
5 2 7 2
7 1 7 4
37 2 40 3
20 2 27 3
11 1 38 3
32 3 38 3
4 1 15 3
18 3 38 3
20 1 40 2
14 3 17 3
25 3 40 3
26 2 40 4
32 3 34 4
9 3 33 3
5 4 34 4
18 3 26 3
15 1 27 4
25 1 28 4
24 1 30 3
27 4 39 4
8 3 30 3
13 1 29 3
18 4 19 4
4 3 15 3
12 3 21 3
30 1 33 4
27 4 28 4
31 4 36 4
27 3 40 3
28 3 33 3
34 2 35 2
10 1 12 4
21 2 40 2
31 3 36 3
32 4 32 4
22 4 31 4
25 1 37 4
30 3 31 3
5 1 21 1
3 4 26 4
25 2 35 4
27 1 28 3
17 2 25 2
1 2 26 2
3 4 32 4
20 4 33 4
12 1 12 2
24 1 30 1
32 4 32 4
34 1 39 3
21 4 30 4
15 1 19 2
32 4 37 4
37 3 40 4
13 3 21 4
7 2 32 4
19 3 19 4
12 2 16 3
29 1 37 4
16 1 16 3
24 1 38 3
1 2 12 2
18 2 18 2
10 1 15 3
32 3 33 4
10 4 23 4
15 2 34 2
29 3 38 4
20 4 35 4
40 3 40 4
11 2 31 2
16 1 29 3
26 4 36 4
27 3 37 3
13 1 14 4
13 1 21 2
34 4 35 4
27 1 31 4
22 3 30 3
34 3 35 3
14 3 29 3
39 4 39 4
6 4 12 4
8 2 40 3
12 1 40 1
8 4 24 4
5 1 14 4
22 1 30 4
29 2 39 2
23 2 39 3
2 2 35 2
22 3 37 3
1 3 26 3
9 1 36 4
31 1 34 1
38 1 40 3
40 4 40 4
33 1 35 3
2 4 29 4
7 1 12 4
34 3 39 4
30 3 38 4
4 2 34 4
9 3 33 3
22 2 32 4
7 2 15 4
29 3 32 3
4 1 24 1
29 4 37 4
13 2 27 4
37 4 37 4
40 1 40 1
23 1 39 1
24 3 38 3
35 4 38 4
12 2 26 3
12 2 36 2
40 2 40 3
16 4 19 4
33 1 38 3
20 2 32 2
29 2 40 3
12 2 30 2
31 4 38 4
22 2 23 2
6 4 8 4
7 4 40 4
6 1 20 3
20 4 39 4
36 2 39 4
25 2 25 3
30 4 39 4
28 2 28 3
8 3 25 4
33 2 33 4
14 4 37 4
39 4 39 4
31 4 38 4
33 2 37 4
32 1 32 4
37 4 38 4
20 3 33 4
7 2 33 2
18 3 32 3
37 4 38 4
38 3 40 4
36 4 37 4
13 3 30 3
32 3 36 3
28 4 33 4
16 2 17 3
32 4 40 4
7 2 27 2
39 3 40 4
10 3 15 4
37 2 37 3
16 4 31 4
15 3 18 3
28 4 40 4
18 1 36 3
19 1 27 1
28 4 29 4
12 4 13 4
40 2 40 4
10 1 32 4
5 2 34 2
11 3 39 4
31 1 35 1
11 1 21 3
28 2 39 3
17 1 30 3
31 4 31 4
32 4 37 4
23 3 40 4
5 3 16 3
40 1 40 4
23 3 39 4
7 2 7 4
17 4 30 4
17 3 38 4
17 4 32 4
36 2 37 2
3 1 10 1
11 3 29 3
13 2 39 4
29 3 39 4
20 4 24 4
30 3 32 3
5 2 18 2
20 1 25 4
36 3 39 4
34 2 39 4
7 2 38 3
23 1 27 2
27 2 27 4
23 1 27 3
4 1 26 1
15 2 17 3
40 3 40 3
36 2 38 4
20 3 29 4
36 1 38 2
37 4 39 4
11 4 14 4
7 4 19 4
14 4 22 4
32 1 35 2
18 3 38 4
28 1 28 2
36 1 38 2
18 4 20 4
2 4 38 4
21 2 30 3
7 4 15 4
2 3 19 3
26 2 39 2
8 1 19 4
40 3 40 4
34 1 38 1
36 1 37 2
38 4 40 4
13 4 28 4
32 3 39 3
22 2 32 2
7 2 33 4
22 2 26 3
30 4 33 4
17 3 35 4
26 4 40 4
29 2 40 4
34 4 38 4
37 3 38 3
9 1 35 2
16 3 38 4
5 3 8 4
2 3 6 4
18 1 23 2
8 1 13 4
22 2 32 3
24 1 31 4
22 4 36 4
37 1 40 2
39 4 39 4
14 4 19 4
37 3 39 4
7 1 20 2
30 1 33 2
21 1 24 3
15 1 39 1
22 3 27 4
36 2 36 2
37 3 40 4
19 2 19 2
1 3 8 3
1 2 35 4
22 2 39 3
18 3 22 3
18 4 32 4
5 1 29 2
32 2 35 3
20 3 40 3
39 2 39 3
31 4 34 4
34 4 40 4
17 2 33 4
16 1 16 2
16 2 26 2
30 3 37 4
1 1 19 4
31 2 40 2
33 3 35 3
18 3 24 4
20 3 26 3
27 4 29 4
15 4 29 4
39 1 39 1
17 4 25 4
11 3 22 3
37 4 38 4
20 4 30 4
9 1 27 3
8 4 32 4
26 3 40 3
19 4 33 4
4 4 37 4
34 2 40 3
13 2 33 2
34 2 38 4
2 4 39 4
9 1 31 2
7 3 20 4
2 1 25 2
35 2 37 2
12 2 20 4
16 1 34 3
19 1 31 1
6 4 22 4
37 3 40 4
8 1 11 2
29 2 40 4
28 1 38 2
10 3 31 3
15 1 29 4
8 1 11 4
29 1 33 4
20 3 25 4
28 4 31 4
3 1 7 1
17 1 22 2
35 1 37 1
33 2 39 4
31 3 40 3
32 4 33 4
30 4 34 4
4 4 40 4
21 2 21 2
25 3 40 3
15 1 36 3
22 1 26 1
34 2 37 2
30 4 40 4
20 2 26 4
6 1 15 1
25 3 29 3
29 1 32 1
22 1 24 1
6 1 28 2
32 2 34 4
39 2 39 4
5 2 32 2
20 4 31 4
17 2 31 2
11 1 12 4
1 3 34 3
33 2 39 3
18 3 35 4
3 4 22 4
9 2 22 3
13 4 29 4
12 2 14 3
5 2 12 3
39 3 40 3
32 1 39 2
14 2 17 3
18 4 31 4
33 4 35 4
10 1 30 4
2 3 18 4
18 1 26 3
40 3 40 3
10 4 38 4
38 2 39 4
13 1 21 4
35 4 40 4
17 3 18 3
20 2 20 4
3 4 28 4
36 1 37 1
39 1 40 4
2 3 37 4
27 3 30 4
25 4 36 4
36 3 36 3
24 1 33 4
31 1 31 2
3 4 32 4
40 4 40 4
24 1 33 4
21 3 39 3
10 2 37 3
10 4 30 4
16 2 24 4
13 4 37 4
38 1 39 4
11 3 29 4
26 1 26 2
17 4 35 4
15 1 35 1
12 2 13 3
20 1 21 1
40 3 40 3
4 2 11 3
18 4 25 4
38 2 39 2
1 2 6 4
23 1 36 1
32 1 40 1
10 4 23 4
13 4 35 4
30 1 32 1
21 2 38 4
31 4 34 4
28 1 30 3
34 2 39 2
40 2 40 4
36 1 37 3
6 2 12 3
10 1 15 3
34 1 34 2
10 3 35 4
10 1 34 1
24 1 24 1
35 4 36 4
17 3 29 4
18 1 26 3
2 2 30 4
3 2 13 4
9 4 19 4
28 3 32 3
1 1 26 1
25 3 36 4
33 2 40 4
1 1 39 3
29 1 29 2
31 3 40 3
34 2 35 4
17 2 27 3
38 2 38 3
35 3 38 4
5 3 26 4
27 3 29 4
11 1 31 4
38 2 39 3
24 1 32 4
1 3 18 3
6 1 17 1
24 1 37 1
3 1 32 3
9 2 14 3
37 2 40 3
25 3 26 3
16 1 21 3
28 4 34 4
25 4 36 4
8 4 37 4
13 4 17 4
2 2 19 4
34 4 40 4
6 4 24 4
36 3 37 4
34 3 40 4
7 1 34 1
11 4 18 4
27 4 35 4
6 3 30 3
2 4 36 4
39 3 39 4
34 2 36 3
4 3 37 4
1 3 27 3
26 1 39 4
35 1 36 2
21 2 34 2
37 1 40 4
19 3 32 3
13 2 40 4
17 4 40 4
14 3 15 3
28 4 33 4
31 4 31 4
40 2 40 3
12 3 14 4
11 4 22 4
10 3 38 3
10 3 20 4
38 4 40 4
33 4 34 4
14 4 28 4
6 3 30 3
30 2 36 4
6 2 9 4
27 2 38 3
37 3 39 4
2 2 14 4
9 1 15 3
40 1 40 1
31 1 32 3
11 3 39 4
20 2 29 2
38 2 40 2
4 4 11 4
8 1 12 4
13 3 31 4
22 4 24 4
19 1 30 2
3 4 29 4
13 3 27 3
30 3 35 4
22 2 30 3
18 1 38 1
36 3 40 4
6 4 6 4
35 2 35 3
39 3 40 4
25 1 37 4
24 2 33 4
3 1 25 3
40 3 40 4
30 3 39 3
18 1 29 3
6 4 27 4
13 4 19 4
25 1 31 3
22 1 22 2
36 2 37 3
40 2 40 3
3 2 10 2
18 3 20 4
4 4 29 4
39 1 39 2
36 2 38 4
30 2 31 3
23 4 30 4
12 2 29 2
28 1 32 4
12 2 26 4
38 4 39 4
29 4 34 4
34 4 37 4
3 4 19 4
15 4 38 4
35 4 37 4
40 2 40 3
26 3 32 3
18 2 38 2
13 4 39 4
12 3 27 3
26 4 32 4
9 4 38 4
37 2 37 2
31 3 35 3
35 1 40 4
10 1 27 3
9 2 18 4
24 3 35 4
37 4 37 4
30 2 37 2
26 2 39 3
17 2 33 3
7 4 31 4
13 2 21 4
8 4 38 4
40 1 40 2
10 2 26 4
39 1 39 3
27 3 35 3
23 3 31 3
7 1 16 1
4 3 13 4
11 4 29 4
36 4 38 4
4 1 31 4
3 1 36 1
31 2 37 4
23 4 28 4
33 3 39 4
29 2 36 2
16 1 28 2
26 4 38 4
8 2 22 4
18 3 32 4
30 2 36 3
36 3 36 3
31 2 32 2
26 3 39 4
9 3 25 4
4 2 29 4
16 3 26 3
5 2 19 3
9 2 38 3
3 3 31 3
1 2 8 3
34 4 34 4
13 3 25 3
9 4 24 4
11 2 25 3
11 2 16 2
14 1 25 4
37 1 39 3
29 4 31 4
6 3 16 3
20 4 35 4
1 4 19 4
1 2 26 2
20 3 33 4
31 4 35 4
35 3 38 4
21 2 26 3
37 3 40 4
7 2 13 4
28 2 36 3
18 4 26 4
16 2 38 3
27 1 39 4
36 3 39 3
32 2 36 4
22 4 39 4
21 1 32 4
19 4 27 4
23 2 37 2
40 1 40 2
19 3 26 4
9 4 20 4
38 4 40 4
20 2 29 2
6 2 31 4
5 4 38 4
31 2 38 3
10 2 36 4
38 2 40 4
32 3 38 3
16 2 39 2
28 2 36 2
2 4 20 4
26 1 29 2
2 3 7 3
40 1 40 4
19 2 36 3
3 2 31 2
20 2 31 4
32 3 38 4
26 3 32 3
11 3 20 4
24 2 29 3
10 4 23 4
13 4 19 4
1 3 9 4
28 3 28 3
31 1 31 4
4 3 10 3
23 3 34 4
34 1 40 1
6 1 36 3
33 3 37 4
3 1 17 1
16 1 20 4
25 4 28 4
35 1 35 1
30 3 38 4
39 2 39 3
6 3 21 3
25 3 39 4
15 1 30 3
38 1 39 4
30 1 31 3
12 3 18 3
8 1 15 4
23 4 32 4
17 2 40 4
12 1 24 3
39 1 40 2
24 1 24 2
23 3 31 4
16 3 27 3
29 4 32 4
34 4 34 4
7 3 34 3
34 3 38 4
34 3 35 4
5 3 11 3
3 2 30 2
32 1 35 3
30 1 38 1
1 4 6 4
25 1 35 1
11 3 15 4
1 2 30 2
13 3 18 3
10 3 12 3
3 3 21 3
18 3 23 3
35 2 37 4
30 4 39 4
8 1 32 3
18 3 32 4
25 3 25 3
28 4 34 4
2 3 35 3
33 2 39 4
8 1 21 3
38 4 38 4
40 3 40 3
39 4 39 4
7 1 38 1
10 3 19 4
35 4 35 4
20 2 33 2
24 2 25 4
9 2 25 2
3 3 30 3
39 3 40 4
17 4 27 4
35 3 40 4
24 3 30 4
9 3 32 3
28 3 37 3
24 4 30 4
10 4 22 4
10 3 33 4
23 4 23 4
39 1 39 3
16 2 21 2
26 2 26 2
3 2 10 2
1 4 12 4
19 2 24 3
17 4 40 4
31 2 35 3
6 3 10 3
3 3 25 3
39 2 39 3
5 2 11 4
14 2 21 3
40 1 40 4
3 3 18 3
3 1 13 1
33 3 38 4
2 1 23 1
38 3 38 4
26 4 31 4
31 4 36 4
8 2 11 3
40 3 40 3
26 1 26 2
15 4 29 4
12 4 25 4
1 2 16 3
35 2 35 2
34 4 38 4
36 4 36 4
8 4 27 4
28 2 35 4
24 3 25 3
1 1 22 1
15 2 33 2
23 2 25 4
9 1 17 2
3 3 9 3
20 2 26 4
18 4 36 4
13 3 21 4
1 3 34 4
16 3 25 3
30 4 37 4
3 3 40 4
21 4 35 4
19 2 26 4
19 4 26 4
12 3 22 4
29 2 37 3
28 1 31 1
24 2 31 2
40 3 40 3
26 1 37 3
29 3 38 3
31 1 35 2
31 2 37 3
28 2 39 4
28 4 39 4
30 2 33 2
1 4 10 4
18 4 34 4
18 1 39 4
22 3 34 3
21 1 34 3
30 4 40 4
31 1 32 3
15 2 39 4
37 2 38 3
30 4 30 4
3 4 27 4
16 3 24 4
31 2 37 2
3 3 23 4
29 3 35 3
19 1 30 2
4 1 27 1
37 2 38 4
31 1 31 1
38 4 40 4
35 4 39 4
11 3 37 4
23 2 23 2
10 4 27 4
22 2 22 4
15 1 36 2
38 3 40 3
39 2 39 3
19 3 36 3
15 4 33 4
4 3 14 4
21 1 31 3
4 3 22 3
20 1 20 2
8 2 15 2
11 1 20 3
14 3 16 3
38 3 38 4
28 4 34 4
3 2 22 3
36 2 40 3
29 2 36 4
30 2 31 3
3 1 40 4
5 1 32 4
9 2 32 2
7 3 34 3
4 2 18 4
40 3 40 3
33 4 34 4
15 4 34 4
6 3 16 3
23 4 33 4
38 3 40 3
29 4 30 4
8 2 12 3
40 4 40 4
40 4 40 4
35 3 37 3
36 2 36 2
19 4 21 4
31 2 34 3
39 1 40 2
16 4 34 4
18 3 20 4
11 1 15 2
2 3 32 3
13 2 39 4
4 1 22 3
35 1 38 4
20 4 29 4
11 3 13 4
8 3 17 4
32 3 39 3
29 4 29 4
25 4 26 4
39 4 40 4
26 2 35 3
28 4 40 4
33 3 36 3
17 4 24 4
33 3 33 4
10 3 28 4
25 3 37 4
38 4 40 4
13 4 23 4
32 1 33 3
10 4 31 4
37 3 39 4
22 3 26 3
36 3 36 4
12 3 13 3
8 1 16 1
27 4 33 4
38 4 39 4
31 3 36 3
21 3 22 4
37 1 37 3
24 4 38 4
2 4 37 4
5 4 5 4
12 4 15 4
8 3 25 4
31 3 35 4
40 4 40 4
16 4 25 4
8 2 12 4
4 2 37 3
37 3 39 4
24 2 38 3
22 4 23 4
2 4 5 4
14 2 33 3
14 1 27 2
26 2 37 2
33 2 39 2
17 4 24 4
40 1 40 4
14 2 40 4
32 2 36 2
15 2 34 2
15 3 28 4
16 3 25 4
1 3 6 4
16 2 21 4
27 1 34 2
10 2 17 2
10 2 40 4
3 2 10 3
35 1 40 3
18 1 34 3
28 2 34 3
26 2 40 2
9 3 34 4
9 3 21 3
7 3 12 4
3 4 3 4
11 2 18 4
22 4 36 4
2 1 31 3
7 2 39 4
18 2 34 3
19 1 20 2
23 1 27 1
30 4 39 4
30 3 30 4
14 1 35 4
28 2 29 2
32 4 32 4
23 2 24 2
32 4 36 4
18 4 37 4
21 4 33 4
28 2 35 2
17 2 29 4
33 4 34 4
36 4 37 4
6 3 26 4
9 4 17 4
25 1 25 3
14 2 35 4
30 2 38 4
8 2 19 3
9 3 29 4
11 4 38 4
1 2 2 2
37 2 39 3
35 3 37 4
3 1 28 1
34 3 37 4
33 2 34 3
5 4 19 4
21 2 38 2
32 2 36 4
36 1 37 4
40 2 40 4
27 1 34 3
34 1 37 2
14 4 40 4
12 1 28 4
19 1 29 2
17 3 30 3
7 1 23 1
8 2 20 3
22 3 37 4
37 1 37 2
38 2 38 4
38 4 38 4
4 1 10 2
22 1 32 1
21 3 29 3
20 4 40 4
37 2 38 2
12 2 31 4
34 3 39 4
35 1 38 2
24 2 26 3
14 1 35 3
30 2 40 3
19 3 19 4
23 2 29 3
5 4 29 4
32 4 38 4
11 2 31 2
40 1 40 1
26 1 35 2
18 2 20 2
29 3 30 3
36 3 39 4
26 4 40 4
2 2 16 3
23 1 40 4
26 1 27 4
32 3 36 4
17 3 25 4
18 4 26 4
28 2 31 4
11 4 20 4
15 2 40 4
14 1 32 1
8 2 31 2
34 3 39 3
12 1 15 3
3 3 17 3
23 1 26 3
30 2 30 4
8 3 17 3
32 2 40 4
25 4 31 4
7 3 16 3
34 1 39 3
7 3 16 4
38 2 40 3
5 2 7 4
19 2 34 3
30 1 32 2
38 4 39 4
39 1 40 1
27 2 36 3
6 4 35 4
8 1 38 2
15 2 15 3
26 1 30 2
39 4 39 4
13 1 34 2
27 4 38 4
24 4 40 4
32 2 36 3
21 4 34 4
4 4 27 4
12 2 13 4
19 1 22 1
8 3 27 4
10 1 32 1
7 4 9 4
22 2 39 2
6 1 28 1
20 3 29 3
33 4 37 4
34 4 39 4
23 2 36 4
4 2 18 3
2 4 22 4
15 3 29 3
18 3 24 4
16 3 23 3
34 4 37 4
28 3 34 3
32 3 38 3
1 1 35 1
9 2 29 3
35 1 40 4
33 2 40 3
15 4 23 4
6 4 12 4
26 4 40 4
37 1 38 4
2 1 20 3
26 2 34 3
18 4 23 4
3 3 7 3
17 3 39 3
29 2 38 2
3 2 35 4
12 4 19 4
29 2 31 3
15 2 19 4
37 1 38 2
1 1 10 2
15 3 32 3
31 1 37 4
31 1 34 2
