69 48 4739
....................X....X.....XX.........X.....
X..X........XX..........XX.X.............X......
.X..........X.X...X..X.......X.....XX...X...XX..
..X.X.......XX.....X...XX............X....X..X..
.XX.X.....X..X..........XXX.X..XX...XX........XX
.X...X......X...X...X..XX..X......X.X...X....X..
........X.X......X......X....X...X..X.X......X..
....X..XX..X............X......X..X....X....X...
.....X...XX.....X......X..X.........X......X....
.X.......X..X.X.X...X.......X...X.....X.....X...
....................X.............X.......XX....
.X.......X......X........X.......XXX.......X....
........X...X.......X........X.........X..X.....
X............X..X....................X..X.X..X..
.............XX........X.....X....SX............
.............X.XX.X.........X.X..............X..
...................X..............X.X.........XX
X.......X.....X..X....X.......X.........X..X....
......X..........XX....X...........X..X.........
............XX.................X........XXX...X.
X.......................X.......................
....XX.X..X..........XX....XX...........X.......
........X.................X....................X
XX....X.......X....X..X.............X...........
.....................X....XX...............X....
..XX.X.X..........X....X..X.X..X......X.........
..................XX.........X.....X............
X...........X....X.XX...X....X..............X.X.
.......X........X.......X.X.X...X..X..X..X.XX.XX
.X..X...X..X...X....X....X.............X..X.X...
...XX...........X.....X.X....X.X........X.....X.
....X......X....X..........XX...........X.XX....
................X.XX............X..X..........X.
.....X.X.X........X.X...X............X..X.......
.X......X..X....X...X................X.X.....X..
..................X........XX.X.....X.......X..X
....X..........X..............X......X.X....X.X.
X....XX..XX..X...X.............XX.........X.X...
..........X..XX..............X....X..X....X...X.
.....X...X................................X...X.
..XX...X............X......X....X.....X.XX......
................X..X....X.........X.X...X.......
X..X......X............X....X......X..........X.
.X........X....X....X.........X......XX..X..X..X
X...........X......XX...X........X.....X........
..........X..XX.........XX.X....X.....X.........
.........X.X..X...X........X..X...XXX.....X.....
.................X.........XX...XX..X......X....
X..X...........X.X..X...X...XX...X..X........X..
.X................X.......XX...X.....X....X.....
XX..X........X.....X....X..X.X.X.X..X...........
......X.X..X..X.........X.X...XX....X..XX.......
..X......X....X..............XXXX...X..........X
X.XX...X.......X......X.X...X...X..X..X.X.X....X
....X.........XX...X.XX........X.XX.............
XX......X....X..X.X........X....X......X........
........XX.......XX..X.X....X....X..X...X.......
...XXX..X......XX........XX..XXX...XXX..........
X.....X............X.................X..XX......
............X.......X..X....X...X.X.......X.....
..............X.X.........X.X..............X....
.....X......XXX.......X.......X....XX....X..X..X
.XX.X..................X........X..X..X.XXXX....
...........................X.....X.......X......
X...XX....X...X.....X.X.X....X.XX....X..X...X...
.......X....X.X.......X...X.X........X..........
.X............XXX.........X.X.................X.
...XX.....X.........X................X..X.......
XXXXX..........X.....X..XX......X....X..........
6 48 30 48
38 21 63 47
38 32 68 40
31 28 33 33
2 13 56 29
45 38 66 38
43 19 62 48
55 17 59 20
57 33 58 43
20 25 39 28
38 34 57 41
69 11 69 12
41 36 58 48
31 36 49 45
21 36 44 41
41 2 52 44
4 47 28 47
5 33 10 43
54 18 61 36
52 15 68 19
52 41 55 48
41 24 43 40
17 3 25 26
42 9 69 26
32 11 68 20
1 47 2 47
48 47 69 47
1 24 67 28
21 12 28 13
10 32 63 35
14 46 32 46
17 4 57 25
30 36 47 45
42 34 69 39
43 25 68 32
12 38 29 39
50 11 51 17
67 30 68 46
10 23 62 36
20 37 41 41
40 10 43 20
3 11 3 24
20 33 27 44
42 26 61 28
65 24 69 26
56 17 56 41
48 13 50 22
8 44 65 44
31 45 50 45
25 40 64 42
18 21 31 37
60 19 65 45
42 18 42 47
7 25 30 33
37 1 68 48
23 7 35 30
64 30 69 42
30 43 63 44
54 39 55 39
67 33 67 36
23 25 46 32
51 6 55 25
56 1 63 39
4 40 19 41
35 28 42 30
69 3 69 30
58 23 63 37
30 36 64 43
44 46 48 48
25 25 37 37
52 15 69 37
57 46 61 46
15 39 32 39
64 32 67 34
42 35 58 36
2 29 48 30
8 48 27 48
11 1 43 1
4 10 15 28
15 9 45 21
66 16 69 28
58 35 66 44
22 29 52 42
28 11 64 27
27 15 27 23
64 14 68 18
44 3 69 18
60 26 67 32
23 5 33 46
10 11 16 28
9 20 50 41
69 30 69 41
6 11 10 19
13 17 42 36
41 8 61 15
17 48 47 48
18 24 40 38
45 40 59 41
24 8 53 15
45 6 60 48
48 37 49 38
40 24 47 29
57 43 62 45
5 43 59 45
49 8 56 21
56 26 58 47
24 41 63 48
52 20 52 47
11 27 45 38
36 37 47 37
4 43 17 48
1 11 45 12
57 38 64 45
31 2 67 42
50 24 66 40
2 39 62 45
8 47 14 48
65 7 67 7
26 9 65 43
44 16 44 35
40 16 44 31
39 31 48 32
68 20 69 47
55 31 69 34
62 1 64 27
5 47 6 48
31 19 49 47
28 43 53 45
4 40 36 46
15 17 66 34
7 13 61 42
32 28 67 30
31 15 69 43
69 12 69 14
4 11 47 31
27 27 54 38
1 46 68 46
32 24 53 37
1 36 69 46
52 47 62 48
59 27 63 32
46 30 65 31
58 48 62 48
37 16 54 37
48 48 58 48
36 20 36 21
61 8 69 38
26 7 57 10
12 4 37 47
51 37 60 40
25 34 64 44
42 43 52 45
11 32 45 37
33 38 33 39
1 41 17 46
50 36 69 41
63 26 66 42
36 17 37 36
55 34 55 34
48 43 52 46
19 29 59 48
43 45 60 46
40 7 68 11
16 6 18 36
12 30 35 35
45 19 55 34
33 15 52 37
24 48 67 48
7 7 14 46
57 42 60 48
62 34 64 39
66 14 67 14
1 31 48 45
36 26 50 48
49 41 60 45
39 10 69 14
10 46 28 48
34 43 46 46
60 11 68 48
54 11 60 22
36 45 68 45
29 6 54 20
57 32 65 40
29 9 32 30
36 35 69 39
13 18 59 23
65 33 69 40
63 13 67 35
34 40 60 40
32 24 49 34
55 37 64 42
41 14 48 40
42 37 69 42
3 46 40 48
22 4 30 40
54 21 54 42
18 17 58 28
49 30 64 46
3 23 64 42
30 40 62 43
2 4 6 6
65 16 65 39
5 21 26 37
48 1 55 29
6 38 27 41
34 26 48 34
40 22 40 37
12 39 26 41
29 16 61 43
5 38 36 46
13 18 57 38
1 35 5 38
15 41 64 43
51 27 66 48
18 18 42 40
29 12 49 37
33 10 55 47
34 34 49 42
64 45 67 47
35 26 65 38
31 26 46 32
1 18 36 43
60 12 63 37
54 38 69 39
42 1 69 4
9 3 60 25
48 6 66 42
53 7 68 10
39 39 57 48
61 30 68 36
22 19 44 32
9 5 28 31
23 5 62 20
30 9 35 12
25 27 61 35
51 24 60 37
31 18 42 29
55 14 62 45
28 39 41 39
68 9 68 48
49 6 57 22
22 5 27 25
64 46 67 46
33 15 53 30
30 26 60 30
30 5 41 23
52 40 66 45
5 3 38 36
50 21 58 43
6 6 66 28
64 30 67 37
62 43 66 43
5 15 43 15
54 48 68 48
23 7 26 9
36 33 46 46
62 17 66 42
8 44 62 44
9 43 45 44
27 45 35 45
61 2 62 16
8 1 12 43
57 35 60 38
54 37 58 43
65 10 68 40
21 39 42 43
61 38 62 41
37 19 51 35
20 2 32 6
43 23 63 45
3 44 18 45
47 15 68 39
69 17 69 45
54 8 67 19
25 29 58 30
68 15 68 32
23 47 58 48
69 34 69 38
2 2 27 29
69 45 69 45
46 4 65 8
58 14 63 31
46 34 54 39
57 48 62 48
44 41 54 48
55 2 69 42
19 22 43 35
45 17 64 41
61 5 61 32
62 25 66 25
29 5 55 22
67 7 67 7
63 1 68 21
25 40 27 48
11 23 43 32
59 26 66 32
64 19 65 30
50 9 57 43
9 36 21 37
48 18 54 27
34 5 38 31
7 3 45 21
21 5 59 20
64 40 66 48
39 47 42 47
21 14 32 47
30 1 36 35
42 19 42 38
48 24 52 31
18 35 30 42
6 16 23 33
24 28 63 32
22 39 57 47
69 9 69 27
30 27 61 29
10 25 19 43
12 23 42 46
42 25 63 27
8 41 35 45
26 20 30 23
37 29 43 42
21 41 34 41
41 2 64 5
5 21 65 45
32 19 52 34
45 35 56 38
39 15 49 15
45 2 47 46
55 1 69 21
21 31 58 37
60 38 64 41
24 5 68 41
59 13 64 37
62 35 62 36
58 18 65 18
64 22 65 43
48 1 69 25
55 9 57 25
5 40 28 41
33 11 57 22
50 20 59 36
59 25 68 31
61 2 63 45
67 30 68 38
22 15 28 30
67 9 69 43
55 39 68 39
60 6 69 47
67 8 68 36
41 19 52 39
34 48 36 48
56 28 63 29
10 26 47 38
13 46 58 47
30 19 52 24
64 39 66 45
6 26 61 43
12 19 56 47
33 10 63 17
43 47 54 48
2 34 34 34
27 9 68 10
23 13 47 22
26 12 41 38
3 41 48 42
25 8 52 20
28 19 56 32
23 23 59 33
25 7 60 19
14 8 67 30
39 20 44 28
12 23 54 45
30 37 47 48
18 34 24 37
44 24 55 39
3 5 60 48
65 42 65 46
36 13 48 14
18 24 66 36
11 39 53 39
25 46 33 46
56 17 58 27
20 43 57 44
53 7 68 24
63 26 69 47
30 39 48 48
60 9 62 43
37 45 47 45
23 37 44 47
51 6 64 39
28 26 41 32
57 16 69 25
51 39 60 47
46 22 66 30
29 7 32 46
67 23 69 30
26 24 54 46
19 32 19 37
41 24 50 25
23 45 28 47
54 17 57 21
19 11 52 34
61 35 63 41
13 39 38 47
31 10 33 29
65 31 65 43
53 34 58 47
7 47 13 48
32 41 33 44
11 37 13 38
26 12 41 47
21 29 33 41
11 24 27 46
6 20 46 42
38 25 39 27
3 23 17 25
26 46 56 48
24 36 62 38
18 2 40 37
56 7 61 27
9 19 31 27
63 13 66 31
13 46 33 47
4 4 19 25
21 16 44 38
49 40 56 40
49 22 53 43
69 39 69 45
30 28 50 44
42 28 67 30
25 32 39 46
43 22 62 34
7 32 12 32
50 2 63 3
26 38 27 45
37 11 67 29
62 34 69 41
47 48 47 48
54 48 64 48
38 30 53 39
38 28 47 45
66 1 68 10
57 36 66 37
10 6 12 18
58 6 60 10
54 26 69 27
4 28 32 29
28 27 35 46
28 6 47 21
29 21 62 32
44 32 64 33
61 5 61 29
31 22 47 35
39 41 55 42
14 22 23 38
8 29 19 41
28 29 54 37
34 14 60 22
37 8 39 30
2 10 28 17
48 4 62 29
55 13 64 22
68 29 68 42
48 4 68 40
36 2 46 31
67 29 69 31
41 30 41 45
7 3 18 19
46 31 58 33
32 38 53 42
50 34 64 46
19 32 54 35
24 19 58 36
6 48 9 48
11 33 31 48
2 19 12 21
52 7 52 29
1 36 9 46
64 35 65 43
18 34 40 34
19 34 66 46
28 25 41 48
56 33 65 33
14 39 34 44
43 13 48 28
52 40 58 41
16 2 65 35
45 41 61 46
34 30 35 42
16 40 17 46
24 31 31 39
31 1 46 47
18 32 66 39
37 1 57 6
35 46 49 46
27 21 42 47
32 40 61 46
54 43 59 48
24 41 27 46
11 16 55 29
67 32 68 45
45 31 57 40
53 40 53 42
57 7 61 9
34 15 62 47
7 20 43 34
17 17 57 43
59 36 65 46
50 29 60 48
7 3 58 8
65 14 66 37
57 14 64 34
13 2 26 23
16 2 29 24
62 23 63 36
22 29 55 40
69 23 69 26
6 43 51 46
51 2 56 9
26 42 69 43
23 4 24 16
29 38 69 47
16 25 68 39
33 28 65 36
10 31 62 38
38 41 60 46
18 3 56 17
43 11 57 18
68 2 69 46
17 30 30 37
11 41 61 47
20 48 33 48
38 20 56 39
31 12 44 24
41 2 48 30
41 1 52 24
35 30 67 48
58 44 63 46
25 6 54 48
23 25 36 45
56 23 60 32
4 21 62 46
30 13 67 26
2 45 18 48
18 39 62 42
31 15 58 36
9 32 32 48
26 39 28 44
35 38 46 47
4 35 15 44
32 22 42 40
67 30 69 47
50 29 50 42
11 39 38 42
29 39 68 42
67 43 69 47
16 19 52 19
7 5 60 14
3 28 12 40
47 37 50 42
46 48 54 48
34 37 43 39
22 44 66 44
4 36 8 38
9 29 31 39
58 46 67 46
15 15 22 32
46 48 52 48
41 1 47 25
49 8 59 17
60 14 69 34
29 34 40 47
35 4 50 21
64 11 64 22
66 16 69 21
31 33 39 36
16 47 22 48
54 32 57 46
62 29 66 43
19 21 24 40
35 25 45 41
26 46 36 46
66 46 68 47
46 39 52 43
69 42 69 47
25 45 67 45
67 42 68 47
61 30 63 44
8 43 40 45
62 38 67 46
53 9 55 45
54 2 60 6
65 2 67 45
69 16 69 47
19 36 69 36
64 28 66 35
5 42 32 47
20 19 36 42
2 33 57 48
45 19 68 38
49 8 59 23
3 8 66 18
3 11 29 21
57 47 65 47
54 38 58 39
53 21 55 38
54 7 66 36
4 24 37 32
36 11 37 40
21 37 51 43
69 31 69 44
10 23 47 42
42 47 64 48
2 45 4 46
52 42 54 44
11 3 32 7
25 27 49 46
21 7 21 41
15 48 16 48
20 37 67 43
42 22 62 27
14 10 49 46
60 26 60 32
56 36 58 40
11 41 27 45
13 47 33 47
45 31 67 39
11 40 28 45
23 10 38 19
68 28 68 35
60 23 63 27
14 9 20 27
7 19 16 41
15 27 15 39
6 43 44 48
17 32 33 48
16 12 68 16
28 4 61 21
25 34 43 45
51 20 60 36
25 27 57 44
20 29 59 39
13 36 38 48
40 45 52 48
28 26 59 33
61 16 69 45
4 10 6 24
49 4 65 41
42 16 47 26
31 5 33 33
38 27 47 48
31 16 40 31
32 6 62 37
39 2 50 3
34 15 69 22
64 41 67 42
50 3 69 7
50 17 52 39
47 30 67 48
3 8 38 48
67 15 67 18
65 42 65 46
52 33 65 35
50 4 54 10
42 2 47 13
1 3 49 45
65 31 65 32
32 37 58 48
56 21 63 42
15 6 49 7
39 17 47 41
48 3 69 40
64 31 66 34
3 26 7 45
30 14 61 24
30 7 30 26
18 41 34 43
58 40 58 47
33 14 44 41
48 8 50 33
29 10 67 30
14 39 34 48
42 25 68 40
54 31 56 42
13 42 49 44
24 31 56 31
29 8 29 41
42 35 58 45
66 17 68 41
42 8 56 39
7 18 53 19
67 12 68 34
10 8 29 47
61 27 65 29
58 47 61 47
3 2 28 44
63 38 67 41
21 31 30 35
63 8 68 29
3 14 48 30
43 19 50 19
51 44 68 48
17 20 25 27
21 39 66 39
44 40 44 43
27 43 47 47
63 11 69 34
37 21 54 44
36 43 47 47
57 35 67 43
64 22 69 27
36 1 50 8
24 7 56 29
7 12 50 38
59 12 69 28
47 18 66 20
51 17 69 19
64 15 67 45
44 5 67 32
1 32 33 42
9 19 55 23
16 19 16 30
11 9 44 43
62 4 65 38
15 36 59 45
62 16 64 29
64 33 65 38
34 21 49 42
69 13 69 42
54 31 66 32
36 4 60 41
31 11 32 44
61 21 69 37
30 39 38 43
59 11 61 41
4 47 23 47
32 4 53 18
5 48 36 48
28 29 63 31
43 7 67 39
23 2 23 18
48 2 53 25
25 34 43 34
58 30 68 37
3 24 21 42
58 38 64 41
15 18 58 46
38 41 49 46
5 45 17 48
31 3 64 33
20 38 47 44
63 18 63 35
10 9 13 45
56 2 64 5
47 37 63 48
46 48 68 48
61 5 69 34
39 25 56 29
3 7 25 36
22 43 67 48
61 40 66 42
23 35 66 38
20 37 25 45
23 12 58 40
25 26 34 37
62 37 69 37
13 6 52 20
65 42 65 44
67 36 67 45
33 9 50 46
23 34 66 47
30 45 42 47
51 29 54 44
36 22 57 26
12 18 53 23
51 30 69 35
54 45 60 47
20 4 43 38
24 12 36 15
17 36 29 46
61 13 64 42
61 44 67 45
21 43 61 43
28 23 35 39
23 19 58 43
46 37 52 42
34 4 54 31
10 32 68 45
41 42 52 42
31 39 66 48
23 17 57 42
11 22 16 24
51 23 65 48
16 10 46 16
40 9 66 43
46 1 60 28
50 20 57 32
31 7 52 45
6 21 45 32
46 10 68 23
51 24 55 37
29 21 36 22
54 43 60 46
28 8 45 22
38 43 66 45
66 45 68 48
27 5 40 39
43 19 43 27
24 6 28 40
52 22 52 33
50 11 62 23
26 19 57 24
69 32 69 32
23 8 26 46
4 20 13 46
53 1 66 4
68 18 69 35
53 11 55 34
12 40 28 43
26 4 63 30
1 34 54 37
12 8 24 25
67 15 67 28
2 36 27 39
20 26 60 38
2 38 61 40
19 2 39 14
22 42 28 47
21 18 29 19
41 14 60 46
42 8 62 18
61 29 62 35
18 48 26 48
45 22 67 40
13 25 26 45
16 6 60 21
34 46 37 46
26 24 28 24
47 45 58 45
34 43 51 44
37 3 68 19
66 28 69 37
43 45 55 46
58 22 68 42
48 8 54 38
46 8 56 16
61 16 64 48
10 14 18 27
67 4 68 26
43 38 52 41
46 47 61 48
42 12 50 14
1 31 38 47
18 13 54 25
52 17 56 29
26 23 53 41
65 17 65 46
36 38 46 39
21 30 37 48
37 39 47 44
67 3 68 43
47 24 57 36
10 30 19 44
3 21 55 30
59 44 64 45
37 27 54 30
9 26 41 40
39 8 53 20
69 37 69 46
34 40 57 44
23 9 35 23
50 8 55 19
64 5 69 12
23 37 59 40
41 36 66 43
43 45 49 45
45 4 66 15
7 44 14 48
18 33 32 45
45 48 47 48
64 10 64 28
65 37 69 37
58 26 63 30
13 40 24 41
20 48 39 48
16 39 29 46
50 7 54 19
8 14 50 38
57 29 63 39
42 10 55 20
45 14 67 34
8 40 51 40
18 9 63 30
40 38 62 43
49 9 51 38
34 32 49 38
19 13 20 38
55 20 55 28
53 48 59 48
49 14 66 19
67 16 68 32
12 11 56 16
31 41 43 41
9 40 51 46
35 42 49 48
61 19 68 44
18 46 60 48
58 24 68 30
32 19 36 24
20 21 25 48
58 22 63 42
7 38 56 40
1 4 52 33
12 8 64 16
46 42 53 44
52 24 61 44
58 20 60 30
55 4 58 25
69 1 69 33
57 8 59 14
16 44 57 45
18 2 36 38
61 19 63 26
29 29 45 43
58 19 65 30
33 40 52 45
66 24 66 27
44 32 66 43
40 33 68 36
36 17 46 29
56 41 63 42
57 8 65 12
2 30 50 34
23 34 49 38
48 29 66 38
49 45 68 47
9 19 60 44
38 5 58 7
57 45 66 46
21 39 53 43
44 39 64 47
50 33 52 36
15 31 30 41
41 31 68 32
61 18 61 19
50 15 56 33
69 13 69 28
61 28 65 34
14 45 21 45
45 5 57 48
56 31 61 41
40 23 58 46
52 15 60 25
3 29 15 31
29 27 64 46
58 6 65 48
34 48 35 48
24 31 39 39
13 27 38 32
42 19 63 22
55 25 65 26
66 1 66 13
38 6 55 42
46 38 46 39
9 1 12 23
2 45 43 48
25 5 26 28
2 21 46 43
46 48 65 48
60 43 64 47
39 47 56 47
61 42 68 43
15 15 42 47
37 17 54 28
36 44 65 45
49 13 64 23
50 5 62 33
13 41 24 45
52 5 52 5
69 36 69 47
59 42 61 45
38 27 61 33
15 17 17 20
49 41 66 45
35 22 51 48
56 13 57 47
60 24 62 40
57 19 57 31
47 2 68 23
5 9 20 23
45 2 63 40
65 27 65 27
18 37 68 48
51 6 54 38
14 8 23 40
4 24 25 40
45 24 48 44
32 45 55 47
37 1 68 6
67 2 67 34
63 17 66 48
28 37 33 42
15 37 54 39
46 1 67 29
49 42 63 46
9 6 54 28
34 29 44 32
46 30 58 32
62 27 68 41
2 24 56 42
32 16 32 41
55 48 67 48
54 42 59 46
36 20 63 46
64 22 67 46
22 48 50 48
53 1 63 27
34 33 44 39
17 8 44 27
7 4 8 5
60 24 67 46
41 23 56 24
56 45 67 45
28 39 58 39
69 21 69 42
39 31 68 35
37 45 57 48
52 14 64 30
65 2 66 8
11 48 11 48
17 33 57 39
54 35 54 48
19 22 43 47
55 2 69 40
34 16 35 23
63 28 68 32
17 10 39 30
40 14 67 17
60 18 68 24
6 4 27 15
18 21 39 41
14 27 45 37
40 48 50 48
4 32 34 45
29 15 44 18
4 1 28 35
10 16 27 39
8 10 57 35
36 17 44 32
55 9 66 30
59 45 59 45
40 10 64 17
60 1 67 44
11 26 14 26
21 28 44 32
7 38 40 43
30 41 37 44
22 28 36 48
5 7 8 25
33 8 47 12
69 33 69 33
15 23 50 33
12 37 21 37
51 39 61 44
16 16 50 29
35 20 66 37
35 30 45 38
36 12 40 46
32 30 33 48
57 26 66 26
43 27 68 30
51 13 60 47
39 35 66 41
69 34 69 37
59 35 63 37
27 20 49 33
45 40 69 47
58 34 68 40
1 46 18 46
51 25 59 32
58 4 60 45
61 37 63 42
18 21 54 35
14 35 15 46
66 15 67 29
27 16 28 22
55 47 61 47
15 26 21 46
39 18 63 48
69 45 69 48
66 4 66 18
66 22 67 25
57 20 68 26
14 3 25 44
64 13 67 43
12 16 46 32
10 29 35 33
49 10 65 16
48 17 53 32
13 31 31 41
8 21 49 29
33 11 47 26
28 40 34 45
16 43 39 47
61 5 64 33
13 45 65 48
52 26 61 27
49 44 57 46
50 20 65 28
35 40 38 48
6 48 40 48
60 43 65 48
17 43 33 48
48 4 59 9
53 17 57 37
26 16 35 24
58 1 65 7
42 10 69 42
43 22 43 38
48 1 51 45
47 14 68 41
19 1 33 45
6 38 37 47
46 24 68 26
52 10 65 37
41 18 52 36
58 41 66 45
43 28 67 31
14 30 52 32
7 36 33 47
7 39 66 46
51 38 61 47
51 1 54 22
31 15 52 34
54 25 61 35
63 28 68 31
67 43 69 47
26 43 53 48
41 22 48 23
16 41 52 46
29 37 64 44
13 17 46 43
60 6 62 19
14 18 49 21
7 38 30 39
58 8 64 11
9 18 62 29
30 17 67 37
32 22 47 36
62 25 64 46
48 33 64 36
15 13 58 32
15 14 48 23
44 26 54 28
11 27 59 35
59 14 59 43
32 21 32 30
40 37 60 39
45 41 68 46
52 13 59 17
44 35 58 37
14 18 68 22
29 2 35 13
68 1 69 47
22 1 29 20
1 23 26 27
3 30 15 32
30 2 30 40
66 38 68 41
54 46 61 48
64 5 66 48
26 25 68 34
65 10 65 47
10 46 60 47
39 16 53 33
27 28 41 44
37 37 66 44
4 16 51 33
47 22 64 45
26 6 56 23
24 48 39 48
2 11 12 22
48 48 53 48
45 44 60 46
19 2 19 34
29 23 63 28
55 36 57 41
69 8 69 12
55 4 55 43
66 29 67 30
46 29 66 48
65 17 66 42
28 28 29 45
20 19 47 46
15 48 25 48
41 32 56 45
17 4 22 13
37 35 43 35
57 23 58 43
5 44 6 47
56 36 57 40
19 21 55 36
15 41 60 45
34 29 35 30
14 2 44 10
41 16 62 26
59 14 69 47
10 27 65 37
1 40 19 41
11 44 33 45
63 47 68 48
67 15 68 37
27 30 59 47
45 33 62 38
49 3 69 46
57 48 67 48
12 26 40 48
62 8 67 41
38 2 69 22
42 38 60 48
22 6 40 35
52 40 69 40
47 20 63 29
64 42 65 42
68 26 69 43
2 25 14 46
37 18 68 18
19 19 48 43
9 28 55 35
10 36 35 36
36 36 51 38
22 9 52 30
32 22 39 24
40 32 61 34
15 32 28 42
27 37 29 42
17 47 26 47
69 37 69 42
30 16 65 44
48 46 58 46
58 48 69 48
10 44 43 47
53 27 59 40
14 44 44 46
7 47 54 47
68 43 69 48
45 42 61 43
67 39 67 44
2 23 48 42
29 29 53 31
54 3 60 39
64 8 68 12
47 45 50 48
43 39 64 44
24 48 26 48
19 22 54 22
11 43 40 46
27 3 58 41
10 9 12 25
20 26 66 40
1 8 63 26
9 24 64 39
45 21 64 30
44 43 53 44
12 44 62 47
20 15 39 17
24 28 58 30
10 33 34 46
36 32 48 48
33 30 34 38
48 38 55 44
65 4 68 40
15 11 17 41
46 31 60 44
12 12 28 39
30 29 37 37
34 21 51 28
54 26 55 35
33 36 60 36
34 35 55 42
28 39 55 46
29 37 32 48
35 9 52 38
47 14 60 44
4 8 18 22
45 26 48 41
40 32 47 33
23 23 27 41
66 48 68 48
45 1 55 5
65 19 65 31
19 5 64 43
7 23 15 27
48 32 60 37
37 9 38 21
35 32 63 40
31 22 51 45
22 1 37 35
64 11 65 23
33 1 46 34
58 20 63 46
20 28 32 36
19 48 40 48
63 47 65 48
68 42 68 46
48 23 69 33
31 16 39 34
8 18 51 18
45 31 64 44
41 28 53 48
62 35 64 46
5 18 63 24
15 27 18 46
23 2 60 28
28 2 30 43
11 40 42 45
55 22 55 31
31 34 46 46
63 4 65 44
13 27 24 29
1 41 33 42
44 3 65 21
16 2 38 33
31 4 36 25
66 27 69 47
59 29 61 41
54 34 68 43
53 26 56 30
63 36 65 46
48 24 59 34
36 30 53 41
5 21 34 29
1 29 10 30
29 45 44 45
50 46 61 46
37 45 38 47
44 13 47 17
40 3 46 33
34 40 36 42
13 27 62 34
45 44 47 46
26 18 34 43
30 22 30 38
18 6 61 29
20 19 23 44
32 35 67 35
20 16 27 34
37 22 50 32
7 41 35 45
47 13 62 37
20 12 37 18
65 20 69 28
36 6 69 48
38 8 58 35
48 20 60 25
46 7 57 22
35 3 55 28
69 45 69 45
43 47 63 48
50 39 51 42
30 39 39 47
39 19 67 19
52 6 61 34
54 29 60 37
48 10 63 16
26 18 56 39
38 16 58 34
51 16 55 45
1 36 65 43
40 19 62 46
6 37 14 43
5 40 62 45
36 14 65 33
9 29 16 33
2 13 11 17
50 30 59 32
45 31 55 34
52 40 69 43
1 17 51 36
38 40 39 42
39 32 49 48
21 12 57 47
30 24 51 24
3 33 28 48
44 23 60 44
41 18 46 33
68 10 69 38
57 46 67 47
68 46 69 46
32 1 67 17
51 48 59 48
13 25 36 33
28 45 68 45
19 2 54 17
1 33 38 33
34 41 43 45
67 10 67 39
42 27 54 42
30 22 42 40
10 6 16 44
53 31 63 41
54 39 65 42
35 37 68 45
44 25 56 44
40 36 60 46
2 27 33 47
32 40 52 41
52 41 64 47
19 31 40 34
26 33 35 42
4 38 9 38
9 30 68 34
42 42 46 47
34 48 39 48
47 40 63 40
13 17 64 44
59 45 65 47
1 16 35 34
46 37 64 38
58 41 62 46
68 30 69 41
23 26 69 30
46 37 62 44
10 30 29 41
20 23 40 41
33 21 38 42
28 1 58 10
30 41 30 41
36 31 51 34
7 9 69 33
54 31 62 31
56 17 63 34
36 15 52 16
13 14 38 14
17 10 36 43
61 14 65 46
24 29 48 46
59 29 68 33
22 23 45 39
37 41 46 43
37 36 43 38
12 45 67 47
49 48 53 48
62 25 62 34
14 25 29 31
20 23 38 39
37 28 67 42
56 38 64 41
44 6 57 43
33 34 48 45
28 19 57 40
46 24 56 42
21 2 28 26
57 22 62 38
9 30 38 35
6 40 10 42
14 21 59 32
55 27 58 42
64 36 66 40
11 13 42 29
6 8 44 28
3 26 16 47
27 13 60 28
8 47 65 48
68 2 69 14
3 26 38 30
69 18 69 24
9 7 34 48
9 27 19 29
44 36 58 44
48 26 56 28
23 28 54 41
21 28 42 44
61 14 64 40
28 29 34 38
1 7 63 22
17 12 57 33
55 18 69 28
47 36 58 39
57 46 63 47
5 35 52 39
9 40 54 48
6 6 29 20
66 27 66 36
62 41 65 46
4 22 15 33
47 27 50 41
47 5 57 41
69 23 69 42
26 38 38 48
29 44 48 46
50 21 53 25
13 5 38 31
41 47 59 47
58 15 62 42
68 2 69 19
35 25 45 42
40 26 60 32
10 30 45 37
42 4 43 30
51 29 60 29
20 14 66 26
53 33 64 40
29 20 59 47
27 8 27 13
39 3 49 20
17 15 31 21
38 41 52 42
11 2 15 20
10 2 69 30
4 48 38 48
28 27 28 43
7 4 41 48
35 33 52 36
4 44 66 48
9 2 50 44
44 5 57 40
24 42 63 45
37 44 38 47
62 23 64 34
3 14 65 48
67 37 69 38
69 23 69 34
26 1 56 13
36 5 42 9
39 9 40 24
29 37 54 44
20 25 35 45
14 20 56 48
9 30 57 46
1 15 43 22
67 5 68 28
50 34 58 36
14 12 27 35
12 12 65 30
8 15 28 23
46 40 60 42
46 28 51 37
45 20 58 30
38 15 50 44
23 29 36 48
23 5 57 24
24 48 56 48
52 11 61 18
67 41 68 43
38 31 49 38
43 7 61 41
51 13 59 34
55 21 65 45
3 19 50 22
2 1 31 3
40 29 46 32
16 8 24 21
67 24 67 26
15 38 46 41
15 33 26 48
23 42 47 42
3 6 15 29
3 31 38 36
11 3 35 11
24 35 38 38
10 38 14 43
10 35 50 47
68 42 68 43
8 44 46 48
35 14 69 26
64 11 64 20
55 15 58 46
58 28 61 32
26 41 61 41
54 46 69 48
21 9 56 34
59 12 60 26
52 12 68 13
15 20 59 44
14 16 51 37
68 34 69 44
28 33 38 35
17 37 46 39
44 28 63 31
20 40 59 47
47 15 51 46
16 42 36 48
4 6 63 41
9 38 9 43
45 15 66 25
50 26 69 38
17 21 55 36
17 3 59 6
46 7 50 20
63 13 66 15
40 2 51 12
46 23 67 33
67 17 68 36
17 12 44 45
5 3 5 15
41 42 61 48
30 37 30 44
49 14 50 37
59 34 66 46
22 4 41 18
59 41 69 42
35 43 62 48
65 23 65 44
17 14 32 23
6 39 26 48
68 28 69 38
43 24 67 35
4 48 16 48
38 7 67 17
9 23 40 29
47 47 67 47
17 16 31 33
53 31 59 44
7 39 46 44
69 20 69 48
67 8 69 32
24 9 62 34
10 1 22 38
5 45 24 48
47 31 57 45
5 13 9 23
46 31 67 47
41 20 68 20
5 30 34 31
23 33 35 35
3 24 32 42
2 48 52 48
4 12 68 48
36 47 54 48
23 21 48 23
31 42 68 44
23 33 28 36
32 30 46 39
61 28 64 33
11 25 47 42
39 21 53 34
68 23 69 43
64 24 65 44
10 5 47 15
30 17 52 36
4 17 40 19
56 30 65 34
69 38 69 43
61 44 61 45
54 20 67 32
32 24 66 47
60 37 65 44
48 14 49 43
34 8 34 38
8 13 58 39
69 25 69 36
53 32 55 35
8 6 53 15
58 21 63 47
65 43 69 46
31 9 48 31
38 5 41 19
30 41 51 43
29 1 37 19
17 17 56 18
66 13 66 44
2 32 62 39
27 22 60 27
36 33 64 42
37 7 48 39
22 2 44 41
11 31 35 37
4 32 14 34
46 26 64 26
32 39 35 48
12 22 33 31
7 6 53 37
40 30 63 32
15 24 47 28
61 34 69 42
3 44 9 48
4 12 21 33
42 29 64 46
27 27 50 45
16 40 46 45
56 27 58 27
35 28 63 43
37 25 55 32
5 21 66 46
12 19 33 28
34 15 44 47
29 21 61 21
46 40 57 46
35 13 47 43
42 13 45 46
3 7 61 12
35 43 60 48
17 48 41 48
38 15 39 17
61 5 63 21
9 21 68 48
31 36 48 39
55 43 64 44
18 9 48 17
57 46 61 47
10 33 68 44
22 11 29 48
48 42 65 42
14 31 19 42
26 32 64 48
8 7 20 30
1 33 63 48
62 15 65 27
45 40 65 40
24 21 41 29
27 36 34 47
41 23 65 36
64 34 64 48
10 47 27 47
9 29 13 32
30 29 36 36
62 4 68 28
53 13 53 30
68 36 68 48
43 43 54 45
17 25 54 26
60 5 66 24
14 16 53 19
31 9 55 37
12 38 43 45
53 17 64 37
24 9 47 29
44 13 53 30
1 21 28 36
23 41 56 47
68 7 68 33
18 1 52 35
30 13 37 35
24 35 61 36
53 3 69 46
42 12 56 16
58 6 63 12
63 9 66 36
8 4 51 19
13 7 23 14
3 9 20 23
16 18 64 33
10 34 61 35
62 9 69 24
63 45 67 48
5 39 54 47
66 5 68 28
33 42 63 47
27 10 45 24
62 31 68 48
17 22 19 42
35 18 42 23
45 8 49 9
16 2 45 18
67 13 69 18
69 10 69 28
7 32 48 36
51 8 64 17
46 32 53 40
49 9 68 28
20 9 22 9
51 10 62 12
18 41 23 41
29 40 46 45
16 28 23 41
52 31 54 41
67 31 69 42
60 45 68 47
41 32 47 40
9 32 59 46
68 27 69 40
6 3 52 46
36 45 66 47
43 35 54 38
40 19 68 41
57 47 59 48
28 27 32 45
26 2 31 8
41 2 49 32
55 11 68 13
50 35 61 47
16 37 24 46
5 45 33 48
61 14 67 40
15 28 29 45
18 34 45 46
2 46 46 46
52 16 52 47
6 15 16 26
54 3 66 21
60 44 66 46
38 26 40 35
47 2 53 4
47 48 65 48
38 31 44 33
29 34 32 45
66 47 66 47
38 31 48 31
8 32 36 45
61 3 62 16
13 46 30 46
5 42 14 48
13 22 45 45
45 34 68 34
13 5 43 47
49 40 61 47
34 9 59 19
48 9 68 36
40 14 63 40
59 34 67 47
31 2 56 27
1 47 56 48
3 32 18 46
41 47 69 48
20 24 49 24
6 13 15 31
54 36 59 41
33 39 39 44
4 35 54 43
57 10 65 14
59 1 64 42
67 2 68 27
7 43 18 45
51 46 60 46
47 31 66 44
52 9 65 13
19 25 52 33
6 17 65 29
13 39 69 44
51 19 69 45
37 20 44 32
45 44 61 44
1 47 35 48
32 24 61 34
29 21 35 35
40 22 50 42
10 17 25 31
51 17 53 36
14 19 36 32
4 39 8 40
43 21 64 36
7 5 59 26
37 38 66 46
31 24 57 25
9 34 44 39
16 13 65 21
68 22 69 34
6 32 15 38
14 48 28 48
27 31 47 35
55 28 62 36
55 23 68 23
69 23 69 46
53 21 64 28
6 31 54 36
51 22 64 41
67 32 68 32
38 22 55 23
7 23 9 27
27 36 64 42
69 34 69 47
52 43 62 43
8 29 16 37
44 9 58 36
33 5 69 14
11 27 51 27
49 8 58 21
4 14 30 16
33 2 42 3
5 30 32 34
17 16 23 22
46 41 63 48
22 16 67 47
55 45 69 47
26 14 65 34
57 5 67 5
60 39 67 46
65 14 69 25
60 9 67 23
55 23 56 41
29 32 46 33
23 28 30 33
40 41 69 45
25 41 36 42
5 17 17 43
31 44 37 47
37 6 37 29
32 2 37 26
3 37 47 39
19 40 41 46
16 41 38 48
44 26 56 35
66 1 68 42
36 7 64 12
4 25 8 38
63 42 64 48
67 15 67 40
3 1 64 6
2 47 69 47
39 9 63 34
27 22 69 25
8 15 38 27
58 18 62 31
16 48 31 48
61 47 62 47
41 24 56 39
15 42 48 46
15 21 16 23
69 16 69 16
43 4 56 47
28 31 63 37
4 18 46 34
55 3 59 16
48 44 60 46
68 10 69 47
29 31 58 46
37 48 69 48
53 23 58 38
25 2 55 11
23 34 45 44
25 29 49 44
40 13 62 31
41 15 45 32
57 21 66 34
4 4 48 6
18 7 21 24
7 26 67 41
36 31 65 48
34 45 38 45
28 44 45 47
64 10 67 26
41 25 57 47
58 30 58 44
59 36 69 43
19 7 19 10
47 26 48 40
10 1 55 48
42 39 63 42
55 26 62 27
28 42 30 48
65 46 67 47
66 14 69 31
42 10 63 29
11 1 13 3
21 11 42 23
42 16 43 40
45 15 46 23
5 40 16 44
33 2 60 21
51 22 63 43
32 1 46 32
19 6 27 48
50 10 50 12
64 23 66 28
26 25 55 40
53 4 65 19
34 28 37 31
54 27 63 40
67 14 69 34
44 25 60 37
9 31 39 33
50 42 68 44
56 9 69 15
63 13 68 25
39 11 48 33
36 29 49 42
41 1 46 30
35 8 43 24
40 8 47 8
56 43 61 47
2 46 31 48
50 19 55 22
35 31 50 44
45 12 64 30
31 8 41 26
61 37 66 48
58 23 60 35
37 25 64 46
51 8 54 29
23 38 32 41
32 8 43 24
58 25 66 35
1 21 34 32
12 47 69 48
67 27 69 43
9 4 37 44
46 39 56 46
60 38 63 42
24 23 61 26
48 35 55 36
69 39 69 41
35 6 43 39
60 4 64 13
51 13 59 22
63 12 63 21
55 4 58 37
63 27 65 34
3 10 12 44
58 30 60 30
27 10 39 47
31 35 62 41
60 34 65 43
33 22 69 43
6 47 64 47
65 36 65 41
48 30 50 38
5 11 12 26
13 44 26 47
20 39 23 45
46 21 60 32
44 5 44 37
20 8 46 23
16 19 25 21
33 16 37 44
43 29 59 31
53 43 67 44
38 32 55 44
4 22 49 28
37 41 68 48
22 45 46 47
25 22 43 31
26 31 59 41
39 4 47 35
33 7 57 45
30 46 39 47
59 3 64 37
65 19 67 21
11 32 33 43
37 15 44 20
1 11 40 32
20 48 51 48
28 48 55 48
65 34 69 41
17 14 47 29
35 2 68 25
33 32 47 46
49 45 53 46
20 4 56 8
31 33 40 35
33 7 42 24
5 27 35 36
4 38 49 43
39 6 42 34
69 45 69 48
25 1 65 33
10 43 64 45
25 40 58 44
33 27 69 28
13 41 30 46
30 27 49 32
4 47 29 48
35 24 54 47
48 26 63 45
69 15 69 47
7 4 25 20
60 44 63 48
3 28 6 31
13 13 67 35
43 14 65 28
28 32 30 40
3 40 16 45
23 48 46 48
17 21 52 42
55 42 57 47
33 37 60 38
59 45 61 47
45 18 53 29
27 21 49 28
19 11 63 25
10 46 42 47
15 28 31 41
49 38 61 47
51 18 64 29
39 26 69 47
51 27 64 42
3 39 47 39
37 19 37 37
33 42 60 46
35 24 56 31
37 47 38 48
18 21 27 39
2 36 57 43
19 26 56 26
53 39 61 40
1 1 27 41
12 34 62 47
49 41 61 44
24 5 62 29
49 46 64 48
25 12 66 23
20 13 65 46
41 35 62 43
55 20 66 31
43 9 69 33
67 15 67 23
54 9 68 40
6 11 67 29
40 33 48 40
50 38 60 44
13 29 56 38
60 12 63 44
15 28 48 37
3 10 45 26
66 41 66 48
64 46 68 48
23 19 31 25
37 20 51 40
37 37 46 43
60 26 62 48
19 13 25 30
51 27 64 37
6 39 64 40
34 38 69 44
3 34 50 47
66 40 66 40
61 9 63 17
48 12 52 35
49 42 51 44
65 33 69 48
51 2 66 16
18 4 56 7
2 14 11 41
54 48 57 48
7 43 54 46
5 4 45 38
55 22 68 45
37 45 67 48
40 43 52 48
28 22 69 25
12 8 58 29
34 46 44 46
55 10 68 44
60 33 64 45
34 46 51 48
1 29 23 30
9 33 51 37
15 30 45 45
47 15 53 33
46 1 54 44
61 38 68 47
38 36 51 43
60 19 64 23
63 35 69 47
20 19 39 48
32 11 61 32
37 35 58 46
67 10 69 45
44 48 50 48
3 28 48 36
24 38 26 38
58 46 60 47
14 36 51 45
42 13 48 44
37 37 69 43
19 39 50 40
17 23 67 36
12 41 55 44
60 38 60 41
44 46 60 46
47 33 66 36
40 37 57 46
17 19 49 31
2 10 19 21
41 11 43 19
16 11 28 12
4 20 21 40
26 36 60 36
13 28 19 31
46 2 59 24
9 31 67 43
2 34 46 43
63 44 66 44
46 34 51 46
30 14 49 23
27 46 61 47
54 20 69 46
17 36 67 42
27 25 64 25
41 16 45 41
44 43 69 46
34 47 57 48
20 22 52 26
6 14 24 16
39 9 50 30
21 27 61 34
6 47 49 48
35 2 51 45
25 22 58 43
24 17 56 20
48 27 51 30
7 36 58 38
23 43 50 46
42 8 44 18
13 19 43 40
22 26 22 35
7 15 46 40
63 40 69 48
1 46 14 47
9 30 59 39
32 27 43 39
19 42 29 44
14 20 65 41
66 7 66 30
38 6 39 20
63 20 66 27
50 13 58 45
44 14 63 47
51 24 64 40
64 1 69 37
58 34 63 36
36 26 48 37
69 41 69 42
4 6 67 35
34 42 65 45
5 35 46 39
59 34 68 48
40 13 56 32
39 46 46 47
1 1 59 46
26 10 28 42
69 29 69 40
27 20 36 46
14 13 30 48
45 25 59 48
26 31 68 31
69 6 69 47
14 46 34 47
20 40 59 43
21 25 62 36
44 44 47 48
2 45 63 45
46 14 48 35
68 5 69 36
11 44 66 47
58 48 63 48
16 35 19 45
49 27 63 42
1 32 22 37
47 17 69 43
4 48 48 48
69 33 69 38
8 16 63 20
65 24 66 32
6 28 55 41
69 17 69 33
58 2 59 19
22 27 60 36
43 47 48 48
20 19 63 41
1 16 41 34
37 36 50 43
30 2 56 18
5 13 27 24
28 17 45 43
16 11 33 46
24 44 66 45
58 25 64 46
30 30 32 33
49 6 61 36
50 37 64 47
5 15 26 44
59 30 63 44
27 47 62 47
4 37 42 41
13 5 13 16
10 9 50 22
37 45 51 47
9 21 63 28
6 21 10 36
32 7 67 14
50 25 63 38
48 44 51 47
15 6 20 11
67 33 69 38
17 42 26 47
10 35 14 39
57 1 57 24
25 46 34 47
45 8 52 33
30 32 65 34
43 13 65 31
42 6 67 23
29 43 68 43
61 45 65 48
56 18 65 28
6 18 41 33
38 12 68 35
50 18 54 44
37 24 49 30
23 41 33 44
62 2 68 31
3 21 17 33
49 8 63 42
64 19 64 34
69 38 69 47
46 32 59 47
60 9 65 47
40 41 49 48
52 46 59 48
29 11 69 46
41 3 51 46
25 2 26 34
7 5 38 5
43 12 66 12
69 15 69 25
28 6 47 33
7 32 7 43
64 45 69 48
48 36 63 44
39 30 50 48
14 25 39 38
49 5 67 26
18 10 27 40
45 1 50 21
28 23 33 48
59 45 66 45
53 10 65 47
60 23 64 23
19 18 32 37
52 12 57 21
10 27 40 35
27 25 39 29
65 18 69 42
27 26 40 34
4 21 67 36
49 13 51 45
60 32 67 43
16 32 47 36
45 17 68 47
5 46 20 47
63 20 68 27
39 20 54 36
29 6 43 40
3 1 22 7
43 20 47 42
5 32 8 44
51 44 64 47
48 16 58 40
9 42 49 48
1 44 46 47
36 43 58 48
53 2 69 12
11 45 47 47
3 15 9 47
40 12 46 24
61 47 65 47
34 22 41 44
50 17 60 19
63 38 65 42
43 32 64 35
61 43 66 48
30 10 55 24
3 34 16 41
17 12 28 27
17 6 65 42
24 19 45 42
38 23 56 47
5 11 45 17
62 31 67 38
4 35 4 46
18 29 45 42
21 22 63 28
28 45 56 46
31 2 41 47
2 12 32 38
40 4 40 16
3 40 62 44
30 41 60 42
67 13 67 28
54 13 66 20
63 24 63 34
7 31 34 47
3 7 50 31
64 10 66 13
54 38 67 45
67 44 69 44
52 34 65 39
47 18 47 42
27 25 28 32
14 24 16 31
42 23 52 31
59 13 67 18
64 25 64 31
23 28 64 42
58 13 60 48
57 35 57 41
30 31 54 41
59 15 64 19
61 28 68 34
7 29 21 29
18 1 60 21
44 26 44 35
46 12 66 18
1 18 19 48
44 26 60 29
39 20 62 23
60 22 60 37
8 43 33 45
69 47 69 47
23 5 35 16
59 33 68 37
4 15 60 21
14 42 50 43
53 5 58 41
52 38 53 48
15 6 62 27
12 2 19 47
43 29 64 39
37 12 52 40
16 8 24 37
62 48 66 48
4 36 54 45
32 11 45 47
59 46 68 46
7 42 40 47
52 2 64 39
46 11 64 43
52 47 67 47
68 27 68 41
62 32 69 37
42 21 69 23
23 3 60 19
9 40 66 43
63 5 68 46
42 48 43 48
47 19 52 39
25 11 68 44
19 9 43 22
48 37 54 47
68 38 69 40
38 43 45 45
43 37 67 42
6 26 38 42
63 36 65 44
39 16 40 22
42 16 61 23
43 25 51 39
57 6 60 10
24 19 53 32
1 34 16 35
45 26 69 33
67 35 67 38
57 11 60 40
43 20 62 33
51 35 54 43
21 3 21 8
69 16 69 42
24 13 57 16
52 46 62 48
18 14 51 32
45 27 46 45
38 37 58 42
9 18 49 22
33 29 44 40
24 19 44 25
67 36 67 37
25 24 57 39
33 23 43 39
63 32 65 45
67 19 69 37
29 39 59 47
22 5 52 42
59 10 67 14
26 25 53 36
16 7 22 30
35 13 35 46
44 10 64 36
26 15 68 30
57 1 62 6
69 26 69 35
58 39 67 46
38 11 38 29
4 43 56 45
56 17 69 38
39 42 56 48
60 39 60 39
69 32 69 39
45 44 47 45
64 10 65 39
25 27 48 36
1 21 62 24
4 18 48 19
51 47 59 48
18 29 51 48
16 20 38 26
33 11 37 48
38 33 42 40
30 23 60 26
31 20 55 36
51 16 61 21
43 9 51 14
17 1 49 9
27 29 46 43
48 24 59 47
55 46 57 47
30 33 62 34
33 8 54 42
9 27 47 39
10 24 58 24
55 1 62 47
31 28 53 28
25 34 39 35
65 16 68 28
11 25 60 48
51 1 55 46
10 3 52 16
59 13 66 35
62 15 63 16
18 32 66 40
43 9 55 9
58 39 69 41
33 13 36 32
42 48 48 48
17 9 51 40
36 23 52 24
29 10 40 38
40 25 69 42
7 29 44 44
64 36 66 42
30 15 63 43
14 4 30 38
64 28 66 34
12 6 54 40
25 2 31 40
18 23 42 29
63 47 65 48
29 5 47 29
1 46 38 48
25 45 32 48
14 12 16 48
12 26 33 42
21 8 55 17
24 43 69 43
43 45 43 45
3 12 45 27
35 26 40 26
65 11 67 32
55 26 60 36
10 4 31 37
53 43 62 43
61 4 64 17
3 10 18 37
54 25 58 42
31 35 42 46
7 47 65 47
60 21 68 26
24 35 41 46
21 11 56 37
47 2 47 16
16 3 23 8
2 42 10 44
37 42 47 45
41 39 57 48
6 29 22 46
21 39 61 43
34 8 57 33
9 22 51 38
2 25 51 29
48 17 56 48
34 46 39 46
67 37 68 48
30 18 52 21
60 48 60 48
29 19 58 28
41 30 58 45
18 13 41 47
13 45 56 45
49 15 64 40
20 9 64 45
69 20 69 23
68 47 68 47
39 26 59 34
56 44 67 48
31 14 54 37
61 46 67 48
43 13 55 40
54 33 57 44
21 4 56 38
28 35 68 46
68 31 68 31
12 32 26 37
42 13 69 27
24 5 49 15
8 41 8 47
4 15 59 24
66 33 69 40
40 12 52 34
29 2 50 34
60 40 65 44
42 40 49 46
13 32 43 38
34 2 47 42
43 2 51 27
63 27 63 47
5 26 44 45
53 17 69 24
50 38 64 41
3 17 3 17
61 18 67 41
36 8 66 32
64 43 67 45
60 19 60 19
45 46 51 48
49 30 68 36
48 41 65 42
11 39 12 47
46 24 48 35
50 27 55 44
46 24 61 30
18 23 43 36
45 7 57 30
56 8 66 47
29 1 65 34
14 11 30 25
37 35 43 45
51 12 51 38
5 43 17 43
34 25 44 26
27 37 68 45
56 15 57 37
66 14 69 35
15 27 54 46
41 20 44 23
37 26 50 37
22 19 30 41
4 25 46 42
69 24 69 30
2 4 14 25
1 1 23 14
62 9 69 26
32 26 66 30
37 37 60 40
66 32 66 36
40 37 51 39
48 1 56 31
32 22 57 36
62 41 64 42
54 4 68 27
2 21 25 38
47 14 58 24
6 35 53 43
22 47 29 47
1 31 2 38
2 37 11 48
18 6 35 28
58 29 66 43
2 38 15 47
7 19 59 35
54 43 59 45
60 22 67 44
2 18 55 25
30 17 55 30
47 25 56 37
66 18 67 35
65 12 65 19
67 38 68 43
27 24 33 45
5 26 37 43
22 26 28 31
36 11 53 17
8 32 62 33
31 5 52 40
68 23 68 40
42 22 58 45
41 26 53 36
3 12 69 30
46 8 69 29
34 17 55 45
28 45 58 46
41 37 41 39
23 7 57 30
56 36 66 46
21 18 32 22
63 26 66 27
25 11 43 44
17 6 42 35
54 48 61 48
58 3 58 23
67 28 67 35
26 15 37 36
51 15 57 45
40 6 45 18
4 3 49 43
48 23 53 48
67 23 67 39
38 13 44 20
9 23 45 32
50 38 61 48
4 1 28 35
55 31 66 35
37 48 51 48
43 5 62 46
49 20 68 29
6 37 6 38
12 39 37 43
27 44 47 48
66 24 68 38
41 6 54 47
55 19 60 29
5 17 7 27
43 22 51 38
52 10 64 42
62 28 62 28
53 46 68 46
17 21 57 46
21 10 55 31
53 27 63 33
14 26 25 48
66 45 68 45
65 45 66 46
38 39 63 42
13 14 48 39
54 6 65 10
46 43 52 47
31 40 69 40
20 32 61 32
41 25 59 46
55 44 67 47
13 23 38 37
53 11 69 48
41 45 68 47
11 25 20 32
68 43 69 45
64 4 69 46
40 27 51 43
6 9 68 48
7 44 67 45
53 21 56 45
29 26 34 35
47 36 61 36
59 18 67 34
44 5 53 20
42 2 69 7
59 19 62 40
69 6 69 20
14 44 45 44
3 27 8 37
14 13 54 37
15 47 32 47
61 35 66 46
8 30 13 38
57 26 58 43
31 37 39 47
2 33 4 36
5 2 61 37
36 19 63 21
16 1 26 20
23 30 64 44
2 32 51 34
34 15 43 45
8 42 39 42
67 35 67 40
9 14 37 20
47 22 49 29
10 9 24 47
45 23 64 23
30 22 39 48
18 1 38 9
65 36 68 39
45 34 54 45
30 16 42 39
10 39 10 46
45 37 55 42
37 44 52 45
53 34 63 36
65 16 66 35
7 36 55 37
6 30 19 45
32 6 45 25
1 5 53 18
69 7 69 39
36 32 53 33
52 19 57 39
60 44 65 47
10 40 30 48
58 40 63 47
43 18 50 37
59 16 65 24
60 30 62 30
24 16 53 36
2 10 3 19
51 6 53 35
60 2 66 23
3 31 35 40
69 35 69 36
25 24 69 42
51 27 60 39
52 45 61 47
30 22 40 48
35 13 58 43
30 33 65 40
37 19 43 21
33 25 69 45
20 29 20 40
18 28 50 46
51 8 68 17
9 23 58 46
54 17 60 26
63 5 63 5
13 37 57 48
66 5 69 22
12 48 22 48
59 3 69 17
57 16 59 38
4 45 62 48
25 34 67 47
15 31 67 47
59 35 67 36
29 22 61 30
39 16 47 36
42 15 53 46
45 6 60 17
59 8 62 45
9 33 55 35
14 45 39 47
13 31 64 43
61 44 64 45
32 13 36 38
26 33 51 39
42 40 56 47
47 25 68 29
7 29 18 37
61 17 62 36
22 40 58 41
15 7 68 24
2 40 59 42
6 39 32 42
29 8 61 42
62 15 62 40
40 22 47 28
24 43 42 46
24 15 38 40
60 40 69 42
26 15 55 47
20 35 43 45
3 5 54 19
58 42 58 43
54 28 63 31
66 9 66 26
43 18 46 24
40 30 61 35
37 20 48 21
21 36 32 45
40 15 51 17
59 42 68 43
60 16 66 22
20 29 34 47
22 19 31 41
33 9 39 18
61 39 63 47
42 27 68 28
42 39 67 46
52 48 69 48
25 33 68 47
23 38 57 38
63 1 68 33
16 41 27 44
3 6 15 37
18 22 31 45
54 44 55 45
50 11 63 19
37 47 54 47
65 4 69 4
65 13 67 28
69 15 69 19
14 3 45 46
28 39 56 41
52 14 54 19
53 11 58 33
15 10 18 46
44 8 68 43
37 38 41 42
46 25 62 36
35 13 64 20
16 45 57 48
34 13 64 43
27 17 63 44
3 19 45 28
64 48 67 48
65 43 68 43
29 9 49 34
35 36 56 40
38 9 46 38
37 41 45 45
13 27 32 45
41 25 41 32
30 46 56 47
47 47 65 48
18 31 34 40
2 25 32 37
23 25 69 46
11 19 42 36
25 43 62 47
64 12 68 23
67 2 68 48
48 47 61 48
5 9 22 42
19 10 58 40
69 15 69 15
8 26 55 44
68 1 69 40
17 12 65 37
10 26 62 46
26 45 53 45
37 25 62 28
40 41 54 43
17 10 39 29
69 15 69 26
24 43 53 46
33 10 63 24
51 8 69 31
29 8 58 45
42 46 61 46
48 5 51 11
57 27 61 38
59 16 69 33
18 11 54 28
61 5 64 38
36 11 36 47
56 32 68 32
60 25 66 43
11 47 46 47
17 48 20 48
51 47 52 47
17 32 38 44
9 13 54 21
66 19 68 42
48 5 58 8
45 40 53 46
51 6 63 13
58 11 67 29
64 27 64 37
67 10 67 29
14 34 44 42
50 1 64 13
25 24 31 46
51 45 59 47
12 42 43 46
42 28 42 45
41 20 41 30
69 25 69 36
41 21 44 25
24 4 52 45
24 8 56 46
6 7 39 32
33 27 56 46
58 17 64 38
16 43 56 44
9 30 59 48
29 20 61 35
1 28 14 34
30 21 48 38
49 22 51 32
63 25 68 41
37 28 46 37
53 31 63 35
56 8 56 25
16 34 44 37
63 9 68 28
31 15 34 18
63 27 65 37
49 37 67 46
66 11 66 28
46 16 49 21
22 23 41 40
64 44 64 48
7 27 10 35
52 23 64 41
22 5 58 11
13 46 29 46
57 17 64 30
5 14 8 28
21 12 58 26
26 36 39 44
62 19 69 42
57 12 68 38
50 36 53 38
3 20 28 36
50 43 62 44
22 25 51 38
4 37 41 40
21 8 50 40
20 48 46 48
36 14 65 22
43 40 55 44
56 8 64 40
68 27 68 48
52 18 65 18
39 20 47 45
4 26 69 43
52 34 62 36
10 30 68 46
4 18 50 20
62 41 68 43
38 15 66 24
40 40 68 45
52 41 59 47
57 10 69 47
19 10 38 25
67 26 69 36
17 17 26 27
37 6 56 25
43 26 65 37
31 12 39 37
61 34 64 43
68 22 68 47
59 7 61 45
32 4 57 37
21 21 61 21
69 18 69 19
45 25 59 46
69 44 69 46
31 1 50 27
23 16 49 31
10 41 12 42
28 27 30 34
16 30 45 30
49 42 55 42
65 30 67 45
21 42 54 43
48 37 61 43
3 23 21 41
59 16 67 40
49 32 51 34
24 29 44 41
51 16 53 29
59 40 63 44
14 5 47 46
16 14 66 42
63 12 65 17
59 12 62 41
9 33 51 41
53 48 67 48
50 35 63 48
54 39 55 48
2 13 54 44
35 28 51 31
19 29 54 44
60 14 61 16
1 32 43 47
14 9 25 25
5 35 35 44
24 11 52 38
9 3 61 25
51 48 51 48
21 44 65 44
49 21 52 39
52 29 62 31
31 40 57 43
65 1 67 22
34 21 53 40
69 22 69 46
69 41 69 47
56 24 64 32
16 33 68 48
34 6 41 9
65 27 68 47
51 11 58 19
47 36 68 36
3 38 25 43
20 39 58 39
35 18 61 25
64 3 65 42
51 45 61 46
45 36 68 39
56 3 64 48
49 24 69 47
1 3 35 6
20 27 69 41
33 24 43 44
5 26 26 47
15 33 16 41
46 34 55 39
62 25 64 27
45 33 63 37
15 13 47 16
9 35 62 37
6 12 24 31
30 22 51 37
37 34 64 48
36 6 37 42
25 11 30 22
35 16 51 34
47 37 65 41
53 1 63 15
60 29 67 38
36 23 46 43
40 48 40 48
12 30 66 46
12 27 19 29
27 20 34 44
25 10 58 23
56 20 63 29
5 12 64 22
20 14 27 43
43 12 63 34
30 44 30 46
30 24 52 44
2 13 16 38
57 45 69 47
43 13 51 47
22 39 68 41
66 25 68 25
56 37 59 39
69 47 69 47
34 34 55 48
8 27 67 31
30 28 39 41
34 43 54 45
22 16 22 47
5 10 57 12
4 11 9 43
38 23 68 41
23 9 26 19
13 47 42 48
60 9 61 22
3 46 50 47
65 6 68 27
69 17 69 23
64 30 66 40
47 37 63 48
3 14 64 44
21 40 61 42
9 19 14 36
32 22 68 37
38 26 57 31
66 44 67 48
16 47 51 48
19 24 56 47
63 16 66 26
50 38 68 39
51 26 51 35
21 35 44 41
57 26 69 32
1 13 67 17
48 13 69 37
64 32 69 33
5 47 46 48
19 9 69 13
66 15 66 43
53 38 55 43
42 8 69 45
62 35 63 46
49 8 69 17
41 13 59 18
21 44 36 48
7 2 44 8
68 1 69 28
2 14 54 37
61 35 66 48
9 14 39 42
52 32 65 41
40 16 54 24
27 38 33 39
44 32 64 34
17 16 22 17
11 43 36 45
64 27 65 27
47 47 60 47
56 22 63 38
54 8 60 14
58 13 62 24
33 19 39 38
25 12 63 25
3 29 57 35
46 17 58 23
56 20 68 40
47 25 48 27
42 21 66 48
16 17 25 41
39 43 48 43
1 37 60 37
12 21 15 27
21 20 37 46
65 15 65 44
33 9 37 35
46 39 62 42
25 34 34 38
34 41 50 48
15 28 24 42
24 34 31 47
47 4 53 6
65 32 65 48
49 7 54 14
2 31 54 36
64 33 68 38
11 28 11 47
50 32 60 34
4 4 41 25
24 33 31 34
6 21 38 32
10 1 60 6
67 27 67 46
26 29 61 47
45 4 63 45
27 34 37 38
58 12 61 24
46 28 64 46
55 16 58 38
13 25 49 33
12 13 52 32
63 6 67 24
2 33 43 37
3 32 15 48
2 40 36 43
59 4 63 45
16 32 53 42
43 46 44 47
10 5 17 18
12 45 65 47
42 20 52 30
2 44 35 48
12 10 13 44
50 25 66 33
4 21 20 31
37 1 53 4
10 1 30 24
40 32 46 36
2 28 49 38
42 5 69 17
40 2 67 11
31 11 46 16
52 32 60 34
23 48 59 48
67 19 69 24
60 1 67 45
20 41 55 45
29 11 42 17
47 30 66 34
13 11 38 16
10 48 20 48
66 45 68 47
29 42 36 42
44 32 52 36
8 43 36 45
2 47 55 48
1 32 65 35
14 8 15 12
59 37 69 41
7 40 41 40
64 7 68 33
42 11 64 34
63 19 65 23
8 16 9 37
9 7 51 38
33 2 36 32
59 47 65 48
4 15 20 28
21 24 34 27
24 36 65 37
17 48 52 48
37 46 42 46
40 35 66 38
35 25 67 30
11 14 61 17
45 36 53 46
47 47 59 48
64 26 66 39
56 2 63 28
49 9 59 12
38 20 49 40
22 14 22 15
53 3 60 20
35 22 62 36
33 27 47 46
58 45 58 47
58 41 65 45
11 2 66 24
11 27 17 48
24 32 37 48
52 45 56 45
23 21 64 48
41 28 50 48
55 30 59 42
53 22 56 47
53 23 58 46
27 7 39 36
4 31 62 33
22 12 57 42
54 17 59 32
15 3 34 15
41 11 69 16
61 24 68 33
25 10 25 24
64 40 66 42
47 27 69 42
41 17 67 31
40 11 60 27
8 31 32 41
49 6 61 7
7 47 25 47
36 11 68 34
30 47 60 48
25 5 69 22
44 11 51 16
3 2 68 41
26 48 58 48
68 47 69 48
59 43 68 44
33 24 58 31
28 10 31 22
63 28 68 32
6 10 62 18
4 22 48 23
13 38 29 39
46 20 66 29
18 13 67 43
50 3 58 27
15 11 26 46
6 32 15 42
13 46 31 48
34 23 53 38
52 34 66 37
27 23 35 29
53 20 65 26
66 27 68 47
15 34 19 37
7 33 45 41
37 7 64 15
24 6 60 30
9 19 69 39
4 39 63 48
11 48 15 48
50 16 60 23
20 29 60 38
67 48 69 48
51 38 69 41
63 2 68 8
22 25 24 47
51 20 54 44
18 2 40 12
15 19 41 23
26 30 34 31
55 28 66 39
20 26 46 44
51 43 62 44
40 4 62 46
23 46 57 47
19 24 67 39
43 19 53 45
42 4 47 13
33 21 47 44
4 19 11 42
51 18 58 48
6 21 58 31
6 38 63 47
18 36 62 43
47 48 59 48
4 15 60 33
10 11 14 37
61 34 66 45
43 21 56 47
14 42 55 45
57 11 61 14
64 5 64 45
67 10 68 22
64 15 67 26
23 47 42 47
60 38 69 48
58 38 58 38
55 21 62 31
6 13 37 21
56 28 67 44
16 18 42 37
63 37 63 41
29 31 42 34
29 31 41 46
46 4 62 40
3 38 45 41
5 13 13 37
53 39 59 45
17 22 41 36
64 48 69 48
19 14 23 15
67 29 67 30
51 16 68 19
28 43 45 47
69 10 69 22
48 24 58 26
56 8 63 11
7 16 53 36
34 9 47 13
53 17 58 34
61 8 67 35
63 38 66 43
6 20 65 26
39 30 48 43
63 8 63 29
8 22 61 23
32 18 61 42
5 9 58 28
50 46 59 47
33 6 41 26
37 43 58 46
19 26 19 29
1 4 16 48
49 48 51 48
64 39 64 48
64 23 68 27
41 1 58 36
17 12 43 23
48 47 58 47
49 42 55 43
4 14 16 46
29 32 32 42
23 43 58 44
54 27 69 35
36 34 44 34
67 6 69 9
57 33 66 43
24 16 25 46
61 21 64 40
47 37 54 38
25 11 48 24
53 3 62 22
40 16 66 17
47 38 55 48
41 48 63 48
67 11 69 19
43 41 66 42
14 16 27 36
14 24 20 37
63 17 63 31
41 26 57 36
40 43 50 43
16 28 28 38
24 12 56 48
61 43 69 43
42 48 56 48
19 35 44 46
11 20 68 22
54 35 61 39
31 21 59 21
66 22 68 25
51 1 69 31
2 42 6 47
3 37 64 41
20 11 32 42
4 12 4 41
47 24 56 43
3 21 48 23
55 44 63 48
54 28 68 36
14 22 27 29
63 15 69 33
38 17 55 32
64 10 67 28
67 27 69 38
26 42 34 44
68 16 68 23
57 44 57 46
66 15 68 47
19 46 43 46
9 19 51 25
59 28 63 31
23 43 27 43
65 20 69 35
24 34 34 45
10 2 45 5
19 38 58 38
39 3 48 3
12 3 27 44
51 36 62 39
28 40 49 48
7 19 29 33
14 32 45 44
18 28 55 41
36 41 50 47
32 45 43 45
9 48 61 48
46 34 58 34
33 18 68 33
13 8 19 40
63 28 63 40
37 12 45 36
68 26 68 26
39 12 67 26
57 43 66 44
51 4 67 25
33 42 60 45
52 2 67 36
46 21 53 35
60 33 66 44
52 9 58 29
69 48 69 48
29 2 68 11
46 44 66 46
68 31 68 35
35 1 39 30
49 43 59 48
8 44 13 44
12 20 40 31
48 10 49 25
16 39 59 45
12 25 47 28
9 1 41 21
18 5 53 40
26 31 42 47
2 43 61 44
59 29 67 40
68 9 69 37
37 41 37 42
9 27 33 47
57 32 58 38
39 15 54 48
58 31 59 37
6 48 23 48
45 3 62 28
2 45 49 45
48 41 49 44
62 3 69 29
56 13 65 28
46 13 68 13
34 45 40 45
58 42 64 42
51 6 56 9
52 23 63 32
46 37 56 47
69 31 69 33
16 39 53 41
40 33 54 47
65 9 66 29
20 42 68 47
27 7 45 14
36 21 37 29
22 31 43 47
55 1 60 8
4 46 60 46
30 11 52 28
49 1 68 10
15 46 35 46
67 37 68 46
62 25 69 29
44 6 64 40
47 25 64 40
27 3 49 6
18 41 63 46
69 7 69 8
29 24 44 24
38 32 46 36
60 3 61 28
13 11 14 39
45 21 65 38
51 4 52 25
24 29 59 36
17 10 58 35
69 7 69 8
60 24 64 37
22 33 57 48
31 44 60 45
33 7 44 25
1 3 36 33
39 22 57 47
1 42 19 48
11 44 66 44
5 14 21 33
9 37 64 44
26 27 37 27
33 46 65 48
6 31 59 39
16 5 59 27
50 39 63 40
34 6 66 25
24 32 40 40
10 46 42 48
68 23 69 27
31 10 68 25
35 41 54 44
50 24 59 45
43 34 65 48
10 36 42 37
47 48 50 48
41 28 55 39
20 33 66 39
48 44 68 45
26 31 53 38
11 1 36 8
59 10 60 29
36 41 49 47
11 14 24 24
58 31 68 43
51 39 65 46
4 3 69 40
26 35 65 37
37 31 62 42
44 31 55 45
46 34 63 40
65 8 67 24
48 40 53 45
10 27 43 29
67 47 69 47
11 37 22 42
54 2 54 34
38 34 40 48
53 33 56 33
65 48 69 48
27 6 35 35
45 28 53 30
49 48 49 48
27 3 38 34
37 43 65 48
19 2 63 19
59 20 69 44
24 37 42 47
5 25 55 28
62 26 68 26
17 38 53 46
66 47 69 47
42 41 59 47
50 15 52 32
24 14 45 43
26 23 58 25
18 34 56 47
28 6 45 36
12 34 44 37
34 24 46 40
35 44 54 47
52 41 69 42
20 44 66 48
41 23 48 48
40 15 61 48
34 31 66 48
67 3 69 41
21 30 40 34
12 20 63 26
65 32 69 38
33 16 56 40
28 4 60 34
64 34 65 39
46 21 59 21
47 25 48 36
68 17 68 48
38 34 39 39
8 5 54 28
46 8 52 32
11 30 68 33
18 43 39 43
11 24 69 43
20 5 60 33
33 2 33 33
39 37 60 43
51 39 55 46
27 7 45 35
56 37 65 38
44 24 56 46
21 41 49 42
34 38 52 45
39 48 45 48
63 13 68 45
62 6 62 23
7 42 53 46
69 26 69 27
53 43 59 45
14 7 36 44
47 12 60 35
18 43 32 44
60 10 64 40
48 19 65 25
18 35 45 39
40 43 48 48
34 19 47 47
62 18 67 45
26 7 35 8
7 3 31 4
24 13 29 41
63 44 66 48
64 1 64 11
47 10 63 32
2 48 57 48
59 26 61 36
65 23 69 27
45 25 56 37
59 4 59 7
11 19 45 42
41 4 55 19
14 7 37 32
29 18 51 32
3 32 50 41
24 13 29 14
47 12 68 38
32 33 33 46
22 24 46 28
60 28 63 44
35 48 35 48
66 10 68 44
49 3 60 16
31 8 36 21
55 12 58 37
43 4 46 6
47 9 50 35
22 42 47 47
19 23 29 45
65 39 66 48
38 35 46 38
4 24 8 36
11 9 37 44
64 27 69 31
69 8 69 39
51 45 66 47
18 11 63 37
3 41 17 44
11 16 54 28
17 46 49 46
52 36 61 39
45 40 46 47
53 4 67 38
42 37 46 38
24 28 47 40
29 33 52 39
20 43 27 45
35 25 57 25
4 12 49 20
6 42 41 48
22 29 26 32
66 18 68 35
41 27 56 47
5 45 37 48
12 19 22 34
48 41 62 46
17 17 48 46
67 34 69 43
13 36 17 40
56 37 66 48
50 7 50 11
13 15 28 34
67 40 69 48
13 30 64 48
25 4 35 4
2 14 51 47
17 39 34 39
19 29 27 39
41 32 51 35
37 6 58 6
59 42 69 44
49 9 58 12
32 19 59 43
55 48 59 48
19 40 38 48
30 26 34 37
24 6 49 6
41 35 43 37
62 42 68 42
48 40 61 43
30 32 60 32
21 23 42 43
16 39 55 47
29 28 69 47
44 26 44 36
38 37 69 47
41 7 67 7
10 45 16 47
14 26 32 46
43 35 63 39
26 34 39 46
52 4 64 6
54 26 62 28
30 28 48 30
37 1 47 48
23 40 38 43
58 18 59 46
41 5 51 41
33 27 45 31
59 33 67 39
58 8 69 13
67 8 69 24
36 40 55 46
24 23 49 46
43 22 47 25
27 44 40 44
34 17 37 35
28 19 37 42
13 36 50 41
5 41 37 47
60 29 69 45
25 12 57 28
57 40 65 48
10 8 57 23
68 4 69 43
31 26 34 37
56 12 67 48
20 32 68 32
22 47 61 47
35 38 50 41
43 24 64 36
69 25 69 31
11 4 62 44
53 23 66 42
17 2 45 6
45 12 45 47
1 14 66 18
1 5 23 7
43 20 55 31
22 16 64 35
16 18 64 21
65 25 67 35
39 21 56 22
22 45 48 47
40 26 61 41
54 10 65 47
19 30 65 32
43 28 64 34
58 13 60 33
40 32 47 42
69 21 69 24
17 3 41 45
26 20 54 23
15 35 17 39
55 21 67 35
33 29 64 40
60 37 63 38
12 28 42 34
58 35 64 47
40 47 53 47
30 42 59 48
65 2 69 41
20 9 63 23
1 3 50 12
61 11 69 18
53 14 57 26
8 30 42 43
3 48 18 48
66 31 67 39
53 7 55 13
51 10 55 47
40 31 42 38
20 30 66 38
41 5 64 19
50 6 55 12
59 38 64 42
7 16 39 38
65 16 69 45
56 41 69 42
16 31 45 47
16 30 61 40
67 33 68 38
49 27 58 31
31 2 61 22
32 31 66 48
67 15 67 19
48 21 57 37
48 5 67 33
45 43 47 43
9 18 24 42
45 14 53 43
24 18 55 36
37 10 48 45
41 19 60 32
37 14 59 30
9 17 62 38
35 37 65 48
8 25 59 48
48 45 52 45
54 24 64 27
61 35 62 36
22 44 36 44
59 36 67 37
11 17 37 20
31 13 63 44
56 37 68 39
57 27 59 29
20 4 45 22
25 26 27 40
42 11 61 45
41 24 69 24
52 39 58 42
25 34 54 44
41 6 69 44
44 37 53 39
51 36 66 41
16 45 25 47
33 15 34 20
21 41 43 43
18 34 47 37
2 36 32 47
25 44 59 48
6 12 62 48
60 42 62 43
51 46 58 48
22 40 23 48
32 39 68 45
56 19 58 42
55 4 60 5
50 24 61 48
59 33 67 42
61 5 64 46
22 44 53 47
15 38 59 42
9 3 55 10
41 8 59 13
50 16 52 17
11 41 66 46
44 19 45 36
64 37 66 42
48 24 68 28
40 25 65 40
23 27 55 32
29 19 48 44
56 26 60 40
17 15 20 22
31 18 40 22
64 10 68 15
23 48 65 48
15 18 59 38
46 1 50 1
44 19 59 24
51 2 51 18
49 26 52 39
52 47 69 48
60 5 66 34
9 6 43 44
1 48 14 48
48 20 65 44
56 40 67 48
32 22 55 44
22 27 28 33
12 9 32 31
56 21 68 46
3 25 55 42
67 19 69 33
27 37 53 40
5 35 63 38
56 8 67 11
64 33 66 42
63 48 65 48
55 10 64 28
68 42 68 42
13 44 33 47
52 18 67 43
32 19 64 29
59 7 62 36
41 28 44 42
20 4 21 20
54 5 60 10
44 39 63 42
43 26 59 46
23 29 38 35
14 40 35 48
51 3 68 3
32 12 65 47
62 22 64 24
54 36 61 42
45 18 64 18
13 45 28 45
66 37 69 47
11 18 20 22
19 13 50 37
55 2 62 19
5 21 11 25
62 41 69 42
56 10 59 28
58 5 59 26
56 27 56 44
5 34 14 39
51 35 57 38
20 29 24 34
30 17 51 18
18 20 29 42
27 32 48 43
50 18 62 22
64 14 69 22
61 39 64 39
3 39 55 42
30 13 57 17
12 26 61 35
39 19 47 46
60 2 69 17
7 5 56 12
26 45 55 45
10 33 10 43
64 25 67 46
18 19 35 48
13 32 47 46
41 40 65 40
63 34 67 41
40 45 41 45
30 11 38 36
32 16 49 29
68 39 68 47
11 13 45 35
15 36 49 41
57 34 57 48
67 47 68 47
64 26 64 32
1 21 27 44
53 21 67 23
38 19 57 43
35 45 64 46
21 5 26 21
58 17 67 34
57 42 57 48
5 13 36 35
25 13 45 31
51 46 59 48
22 44 40 44
6 18 29 29
31 4 47 46
46 37 55 46
62 33 62 38
41 37 69 44
7 18 53 34
41 29 42 40
22 34 23 39
4 45 32 47
52 47 60 48
58 15 62 40
14 6 68 25
36 2 52 15
16 4 52 15
28 18 42 23
11 37 29 45
35 12 69 45
16 24 55 33
65 14 66 36
31 24 54 35
32 20 65 30
61 35 68 40
38 11 48 38
62 22 66 30
25 17 30 38
53 14 62 15
22 18 38 18
29 7 61 36
2 12 38 32
25 48 30 48
67 26 67 30
61 36 61 42
65 43 65 47
29 1 44 48
44 44 69 46
19 20 68 22
43 24 65 29
37 10 48 17
18 14 26 37
53 47 60 47
4 27 45 37
53 34 66 46
16 42 21 47
43 14 67 48
24 26 48 40
52 17 69 40
31 24 45 34
31 8 41 24
69 15 69 21
16 16 61 17
15 14 48 33
4 5 39 48
32 18 69 24
24 37 64 40
17 38 47 45
12 46 62 46
28 41 48 42
33 11 60 44
12 23 12 42
63 41 64 43
46 30 48 38
3 23 18 37
50 10 62 28
55 1 67 11
2 24 2 35
52 19 61 46
52 22 54 36
65 27 68 29
15 48 57 48
55 22 59 22
46 3 52 45
19 17 32 28
16 29 25 43
40 24 68 41
61 42 67 46
15 10 46 27
48 23 58 42
59 2 69 4
18 1 56 21
39 30 53 34
2 38 59 44
31 11 43 13
34 19 64 25
12 38 62 42
68 19 68 38
45 44 67 48
4 5 10 15
60 41 62 41
64 5 67 30
60 43 62 48
2 33 27 41
57 15 64 31
18 37 34 46
2 34 13 38
59 30 62 33
55 17 63 37
32 9 60 37
51 41 57 43
15 4 68 8
48 6 57 36
39 43 67 48
2 38 9 39
45 12 64 28
29 22 33 36
42 35 48 35
11 35 18 37
16 45 60 45
35 10 51 18
32 39 36 43
23 7 46 44
28 31 32 41
67 9 68 18
34 33 42 47
35 43 66 48
39 27 52 43
58 27 59 38
65 41 66 45
40 38 48 41
58 24 64 29
23 24 32 33
10 5 38 9
32 48 37 48
9 14 42 37
58 41 63 47
33 15 48 26
42 1 64 47
12 38 65 38
41 5 49 20
8 30 26 39
51 2 55 3
18 6 65 31
52 21 61 21
36 27 45 43
3 10 59 29
17 25 42 34
65 48 66 48
67 45 69 47
42 2 69 43
40 4 52 45
40 46 55 48
21 44 62 44
29 1 68 25
33 1 56 36
68 39 68 48
43 32 59 38
30 47 61 48
41 7 67 33
67 4 68 8
4 34 12 42
28 20 39 34
37 31 48 32
32 28 49 34
15 25 60 45
38 25 68 37
54 15 56 39
35 39 35 42
17 46 57 48
46 5 48 16
62 17 66 37
54 46 66 47
26 23 51 38
14 32 27 33
21 29 41 29
42 24 64 44
44 46 66 46
17 19 47 35
12 41 26 43
13 45 48 46
55 43 56 47
1 36 51 38
27 47 47 47
33 22 45 27
1 36 56 45
36 46 65 48
55 7 59 12
12 26 61 46
15 3 34 12
25 6 30 30
41 7 63 29
51 1 66 39
23 16 53 44
42 38 51 40
7 25 19 35
37 3 50 23
58 33 69 41
63 5 63 32
34 5 63 8
62 41 68 42
27 48 51 48
57 12 59 36
62 33 63 36
1 26 37 47
33 36 34 41
31 2 60 37
40 7 51 15
28 31 43 44
57 22 62 46
53 31 63 33
22 14 28 48
46 30 57 35
1 13 26 27
18 43 47 43
30 31 58 38
60 34 65 39
47 1 69 16
14 15 48 35
69 33 69 36
42 48 69 48
39 11 60 43
21 2 57 21
26 44 62 48
30 34 57 41
5 17 9 41
3 44 49 44
48 24 65 47
41 47 55 48
43 13 61 13
6 38 66 47
69 30 69 32
37 31 49 44
50 7 61 37
50 39 63 48
36 37 58 48
47 11 59 24
41 38 45 46
28 7 49 7
19 21 62 45
43 42 62 45
60 34 63 48
47 47 58 47
34 39 58 44
30 20 69 30
5 3 42 6
53 38 60 40
28 18 62 28
46 1 56 29
27 34 32 42
35 36 65 42
49 30 65 30
5 26 36 39
36 6 59 28
23 34 68 46
61 20 63 37
60 39 66 45
33 23 53 48
56 22 56 37
42 43 61 48
67 14 69 23
55 29 61 33
22 43 47 43
5 27 37 31
33 41 47 46
5 1 16 2
29 6 38 44
12 13 41 28
41 31 49 47
42 11 56 15
65 1 66 33
45 8 60 30
18 41 39 44
39 33 69 35
43 35 43 37
14 4 28 8
58 45 61 47
56 45 65 46
16 20 43 29
52 25 59 37
43 5 48 23
10 6 29 25
1 13 61 37
42 16 55 37
66 9 67 19
8 21 61 21
5 5 44 36
47 48 66 48
63 16 66 35
49 48 63 48
15 37 55 47
27 2 65 35
60 18 68 39
60 18 61 41
16 3 40 5
48 29 63 36
68 39 68 39
10 48 49 48
40 25 46 28
19 41 68 43
8 40 13 43
62 20 64 25
46 47 51 48
32 14 53 19
17 11 28 12
26 21 65 22
27 27 59 33
27 37 30 37
58 43 64 44
67 11 67 20
67 39 69 40
61 5 62 48
52 13 62 13
27 31 55 39
17 26 34 28
16 38 20 44
26 11 55 35
57 8 62 20
3 13 41 41
34 33 59 40
27 28 34 31
17 30 40 33
3 39 6 45
46 45 65 45
20 25 48 30
4 10 66 10
2 16 57 29
59 2 65 24
5 25 28 25
8 18 16 41
8 48 9 48
18 24 27 34
52 20 55 41
35 1 63 31
56 32 57 33
1 40 22 43
33 18 69 44
33 44 54 48
42 23 56 45
25 25 40 26
36 28 50 34
41 45 63 46
24 46 55 47
64 36 68 44
49 9 62 11
2 27 5 47
13 44 54 48
56 32 69 34
63 18 63 48
29 15 29 19
49 41 57 43
23 37 39 48
23 13 45 13
68 16 69 17
16 29 16 35
52 27 63 34
62 4 63 23
69 22 69 41
17 17 64 24
27 11 49 30
46 47 53 47
23 25 57 37
24 28 26 41
25 12 61 16
30 36 38 45
64 2 65 26
61 6 63 24
30 7 62 35
62 13 67 14
25 40 51 42
46 24 52 27
34 2 55 7
55 34 57 47
60 19 69 32
17 24 25 43
53 39 56 42
16 9 32 12
39 28 40 44
59 33 61 34
36 46 60 47
28 12 31 12
41 10 43 24
19 24 49 39
28 13 60 28
30 34 61 39
22 37 34 48
45 39 46 41
4 30 9 41
25 36 68 37
46 6 57 11
36 5 51 27
45 40 61 46
20 25 49 37
21 4 40 14
17 27 58 27
34 20 41 45
47 25 58 38
24 39 43 46
17 32 34 48
18 9 30 27
50 12 56 22
10 39 30 46
63 12 67 22
35 47 61 47
24 43 64 48
4 45 54 46
59 23 63 26
45 47 68 47
11 29 13 42
15 16 69 27
60 42 65 45
8 15 17 45
24 11 68 28
1 41 8 48
19 44 44 47
50 26 55 35
10 43 20 45
52 31 59 43
65 37 66 47
21 37 67 45
60 23 63 35
15 10 43 22
13 14 15 44
25 26 42 48
40 39 61 44
24 18 46 46
53 14 53 37
39 48 57 48
34 1 35 24
33 32 65 33
30 29 58 38
9 47 62 48
16 31 39 41
61 43 61 45
48 20 55 24
48 32 61 45
14 24 63 25
49 11 61 26
40 42 44 43
41 10 57 25
55 37 61 44
20 41 50 42
39 23 51 28
19 21 56 39
53 13 68 32
8 28 45 42
22 4 45 15
60 26 63 40
29 40 56 42
19 44 47 46
49 24 67 41
66 48 69 48
14 47 53 47
41 34 49 46
44 27 51 42
26 15 27 43
17 25 27 48
16 37 66 48
66 5 67 45
37 48 41 48
1 30 68 47
28 13 58 18
23 31 29 42
64 10 69 41
51 38 55 40
27 18 39 35
21 16 35 40
52 5 53 20
39 26 67 31
15 29 27 38
17 17 21 25
61 41 65 43
4 1 31 25
9 5 25 43
36 24 54 41
5 31 26 31
1 3 30 39
7 3 31 44
10 31 41 37
10 46 42 47
48 25 61 40
41 46 41 47
30 46 46 48
4 47 31 48
23 10 32 44
60 46 69 46
33 27 36 32
41 8 67 33
27 46 68 47
6 43 64 46
31 32 57 45
51 3 68 35
52 30 69 38
19 30 41 43
69 37 69 37
26 40 29 46
47 17 62 33
22 46 50 47
42 32 42 39
31 14 53 33
13 15 16 16
46 19 68 29
21 43 48 47
28 13 37 18
30 1 41 43
51 38 62 38
21 45 38 46
66 45 69 46
26 14 60 30
1 30 6 44
2 15 53 20
44 6 68 14
40 46 52 47
31 35 60 47
14 40 36 41
45 1 46 33
30 10 44 39
52 30 58 43
62 32 63 35
49 6 67 26
30 24 58 46
12 38 35 48
5 48 41 48
31 43 40 47
8 19 42 42
7 3 50 18
49 46 53 47
62 42 64 44
44 48 67 48
53 46 56 46
12 4 51 7
15 26 61 29
5 9 18 45
28 13 35 29
67 10 68 25
39 20 69 41
22 21 31 25
10 43 60 43
45 7 49 22
59 31 64 40
38 12 48 23
38 13 64 20
40 35 43 36
54 19 54 36
48 7 63 22
31 13 47 23
17 38 65 46
26 40 54 44
65 45 66 46
9 2 47 44
61 9 64 11
53 39 56 43
45 6 67 26
26 20 59 35
2 3 57 47
53 23 62 46
55 43 58 45
21 12 30 45
20 28 54 44
5 48 21 48
63 19 67 44
52 1 62 29
10 13 35 45
27 11 30 36
19 6 42 24
15 11 23 39
54 13 60 18
46 15 56 21
57 29 61 43
37 35 37 42
29 4 48 36
31 20 35 25
66 31 69 33
20 48 24 48
54 26 69 45
58 35 59 47
55 20 65 40
44 26 57 29
28 40 29 44
17 19 48 24
20 4 33 16
63 42 64 45
52 37 67 38
23 44 30 45
40 24 58 31
56 23 61 23
34 10 53 20
42 23 68 42
34 23 37 35
23 25 53 46
63 30 68 35
64 27 66 46
14 10 55 26
40 41 65 48
32 9 52 43
7 32 31 45
60 24 64 45
25 29 39 33
38 19 59 33
57 14 57 26
54 25 56 32
48 48 65 48
30 21 34 46
15 46 36 47
35 21 61 46
48 23 61 32
29 6 40 8
12 7 31 13
16 21 66 39
16 12 38 13
23 14 23 20
68 34 68 44
13 32 44 46
30 22 36 24
45 38 67 38
48 38 58 46
57 14 64 18
51 29 64 32
29 21 65 25
26 43 65 43
46 8 68 21
37 26 45 40
23 35 31 47
9 25 13 42
29 21 39 28
2 36 49 43
47 25 55 41
41 41 55 47
45 29 62 39
50 4 53 23
60 46 62 47
49 18 57 32
34 41 66 42
24 16 51 41
28 10 63 19
28 44 61 47
53 16 58 48
4 2 17 2
54 22 65 26
4 16 50 41
38 10 55 12
63 1 66 3
56 25 62 35
25 21 44 27
44 47 67 48
36 6 56 8
67 43 69 47
49 3 54 12
22 8 27 31
68 40 69 45
32 20 36 30
49 18 67 44
48 44 52 47
44 31 44 35
13 45 20 46
58 27 67 34
19 36 50 38
32 4 46 13
48 13 63 35
31 6 34 6
24 22 55 34
61 46 61 47
13 29 35 31
42 25 50 34
36 29 58 44
60 5 69 13
56 35 59 40
22 14 56 47
9 14 42 29
64 1 67 31
2 25 29 30
31 44 54 44
3 3 7 26
57 27 58 44
15 39 27 45
30 27 50 42
51 35 67 47
55 10 55 48
26 19 60 47
33 36 55 40
9 6 50 22
2 39 31 45
66 7 67 41
13 30 47 37
5 37 47 42
40 8 48 22
36 27 38 44
31 18 54 22
29 23 40 25
44 7 53 26
43 37 63 37
61 38 66 39
28 4 59 44
64 12 68 44
12 47 50 48
67 4 68 17
67 36 69 39
29 29 61 41
42 48 42 48
7 4 10 41
58 16 68 21
24 20 68 29
14 1 29 3
43 12 51 31
9 48 44 48
33 41 37 41
65 41 65 47
40 22 52 25
27 10 35 42
69 34 69 35
40 16 51 43
51 41 61 46
47 40 61 42
38 25 60 39
5 31 20 42
68 14 68 44
44 33 48 48
48 5 48 29
15 44 63 46
39 12 44 35
18 14 60 26
30 47 58 48
51 1 52 19
19 11 57 35
15 21 45 41
18 14 53 15
53 38 58 39
22 20 27 48
58 48 61 48
9 42 41 46
3 18 24 34
26 13 58 18
66 23 69 41
31 43 38 45
38 29 57 41
18 1 39 13
62 16 68 33
37 42 39 46
31 15 51 23
63 5 68 39
62 38 68 40
1 30 5 46
44 17 58 30
51 19 58 35
49 30 54 41
23 32 56 41
39 26 60 28
69 18 69 20
68 1 68 42
14 22 49 44
26 34 38 38
63 42 67 43
21 24 53 44
63 26 64 26
8 18 64 39
28 4 36 4
27 43 49 46
