17 45 2742
..............XXX..X..X.XX...........X..X....
..X.XX............X.....XX...........X..XX...
X.XX.X...X....XX...X.............X...X.X.....
........X...............X...X.........X......
.....X...........X.........XXX.X.X..X.......X
...X.......XX.....X......XX.......X.X........
.......XX.X.....X...........................X
X.X...X...X..X.XX........X......X....X.....XX
....X...XX......................X..........X.
.......X.........X....X.........X..X.......X.
..X..X.........................S......X.X....
..........X.X.X.............XX..X.......X....
........X......XX..X......X..X.X.X...X.......
....X..........X...X.X...X...........X.......
....X...........XX........X.....X....X.XX...X
......X..X.X.X......X.............X........X.
...X.........X..X....X............XXX........
17 37 17 37
11 31 13 38
15 2 15 9
2 2 11 30
9 6 12 37
9 42 11 42
14 33 14 38
9 14 9 37
11 6 15 24
12 30 14 33
16 8 16 44
11 1 15 42
5 33 11 44
15 20 15 30
9 3 9 32
6 13 14 19
7 20 16 28
3 24 15 38
10 3 14 39
15 31 15 32
16 9 17 16
7 12 11 43
16 9 17 42
6 7 7 12
6 2 13 31
15 43 15 44
6 20 14 45
9 41 14 41
11 41 15 43
9 37 11 44
11 24 11 39
14 14 17 18
16 19 17 31
7 15 11 32
4 32 6 45
2 44 15 45
1 1 14 13
1 32 6 37
12 34 17 34
7 45 14 45
6 9 10 27
16 40 16 44
11 32 11 33
17 6 17 24
17 19 17 24
13 20 15 28
12 10 17 36
6 24 8 26
1 44 6 44
17 12 17 31
7 28 9 39
9 26 12 31
16 32 17 34
10 6 14 34
3 39 9 43
3 7 15 28
5 31 12 31
1 38 9 43
13 27 14 38
3 30 14 32
12 14 14 31
1 21 16 44
1 3 12 29
17 10 17 15
17 20 17 20
17 32 17 40
14 23 16 25
14 25 16 36
2 45 5 45
1 2 11 16
4 17 10 41
17 12 17 33
15 1 17 1
5 27 5 38
5 23 12 45
6 32 11 42
1 45 4 45
13 8 13 34
6 45 13 45
17 34 17 38
3 30 8 41
14 25 16 36
9 38 14 45
8 32 8 38
6 2 16 34
14 1 17 11
2 31 11 38
5 30 6 35
5 26 15 32
5 43 13 43
8 32 11 44
13 3 16 39
8 35 8 45
5 5 8 5
1 45 11 45
14 39 17 39
10 22 14 33
7 1 17 26
4 17 11 22
1 45 8 45
9 13 12 20
1 14 15 15
12 14 17 19
10 26 12 45
7 39 9 42
17 16 17 31
6 1 9 16
10 35 16 35
6 22 10 25
4 23 15 30
10 29 13 30
6 39 8 44
16 14 16 18
14 30 14 36
16 34 17 36
9 3 16 19
4 30 17 32
10 21 15 28
3 13 3 40
13 22 13 23
8 6 13 42
11 24 12 42
16 18 16 35
6 30 17 44
1 41 2 44
14 36 14 36
7 45 10 45
16 10 17 43
8 24 16 29
11 42 16 43
13 36 14 40
12 1 17 33
17 17 17 44
2 31 4 42
11 14 13 45
11 40 13 40
12 22 13 33
14 31 14 39
10 27 12 40
8 7 8 37
8 12 12 16
16 15 17 25
13 28 14 31
9 2 12 23
11 43 12 43
4 29 5 44
3 6 9 8
17 23 17 44
3 14 16 18
15 31 16 44
15 12 16 37
5 1 15 36
5 36 8 37
9 20 17 38
9 20 17 37
9 36 11 39
1 22 5 44
15 45 15 45
15 43 17 43
4 39 15 43
10 7 14 43
11 41 13 43
7 11 8 20
14 9 14 29
14 41 17 44
3 3 15 22
5 8 15 37
7 28 17 43
6 15 10 30
3 28 9 36
15 5 17 33
16 9 16 12
9 15 17 22
6 10 13 18
5 15 7 38
15 29 17 35
12 17 13 38
16 32 17 45
15 16 16 37
1 32 1 34
13 10 17 28
12 5 13 15
11 19 13 36
9 32 13 35
1 36 1 43
11 12 13 33
6 29 9 38
4 16 10 27
17 2 17 23
11 30 13 36
4 39 14 40
15 27 15 42
7 30 13 39
3 7 11 28
2 44 10 45
1 28 3 45
2 24 8 24
14 37 14 41
2 13 12 24
13 14 14 40
9 7 17 7
1 34 1 38
2 29 7 37
4 29 15 37
13 28 14 44
5 24 9 44
15 25 16 36
5 17 15 45
12 21 15 41
6 27 9 30
10 22 13 35
14 33 16 37
6 10 11 38
17 6 17 35
16 18 17 32
17 12 17 42
15 8 17 10
16 33 17 39
1 8 6 27
16 43 17 43
13 14 15 38
14 13 17 17
8 15 8 26
9 31 9 32
14 28 15 29
6 25 12 31
14 32 16 36
7 4 13 27
16 36 17 40
14 42 15 43
7 12 10 33
14 13 17 44
15 36 15 44
10 25 14 35
4 30 7 38
15 38 17 38
7 4 17 39
15 29 16 30
17 31 17 37
10 16 17 20
5 32 6 36
4 24 8 42
8 30 11 31
4 38 9 39
13 43 13 43
15 21 16 23
1 15 13 23
6 42 13 44
13 30 17 44
12 10 16 12
16 42 16 45
17 15 17 44
8 26 14 29
9 23 11 35
17 27 17 31
12 19 13 26
16 19 17 26
15 15 15 32
1 32 5 32
11 27 15 40
5 16 12 44
6 37 16 38
17 26 17 29
17 39 17 40
16 3 16 25
8 45 11 45
3 34 16 37
5 15 8 38
7 39 16 44
11 31 14 34
1 30 15 37
16 17 17 43
3 32 11 37
6 26 6 30
1 18 2 38
6 11 13 22
13 44 16 44
4 32 16 41
14 33 16 35
8 18 8 27
14 26 15 34
6 41 9 41
12 23 15 36
2 15 3 40
7 21 15 38
7 27 11 41
5 5 7 39
2 10 5 24
3 20 15 45
2 34 5 44
14 27 17 38
13 1 13 20
3 35 11 45
17 17 17 44
8 38 8 43
15 30 16 32
15 9 17 21
15 36 17 36
14 31 14 33
17 13 17 31
6 26 12 27
15 3 17 41
9 10 15 25
17 37 17 42
8 35 12 45
15 26 15 31
13 16 17 18
7 10 10 41
9 9 12 41
15 14 17 34
7 33 9 44
10 28 11 34
5 8 12 45
14 44 17 45
3 2 5 38
5 21 16 42
9 33 11 34
3 35 6 41
11 32 17 40
6 21 9 30
3 20 13 41
12 22 13 22
14 20 16 37
15 2 15 18
13 18 15 32
5 11 7 41
13 44 17 44
5 26 17 37
7 9 10 10
13 15 13 32
2 1 13 37
1 44 8 44
17 12 17 35
9 15 16 15
11 34 14 44
9 20 12 32
9 25 13 32
1 10 13 43
4 40 13 44
3 45 17 45
2 27 14 34
4 32 17 41
4 34 10 36
8 5 8 5
9 6 10 35
6 18 16 33
2 20 8 37
13 22 16 26
5 41 14 41
5 39 13 41
11 5 12 37
10 41 10 42
16 3 16 18
9 17 16 37
12 34 12 43
4 13 9 26
8 7 8 10
11 38 12 39
3 12 13 34
12 41 17 42
15 31 17 36
7 2 16 43
9 5 9 32
16 23 17 37
5 36 10 42
11 25 13 45
9 23 13 29
14 44 17 45
7 18 7 29
14 25 17 33
15 36 15 45
3 28 10 30
13 23 13 39
8 21 14 35
6 25 7 26
5 37 9 45
12 38 17 45
8 12 11 14
3 22 6 44
16 2 17 14
14 25 17 37
16 30 17 36
14 12 14 24
16 31 16 45
11 38 14 40
11 38 12 39
3 1 17 24
3 11 10 25
7 16 11 40
2 16 11 32
17 26 17 30
8 10 16 12
17 7 17 44
2 39 13 39
4 5 16 44
14 35 15 35
5 5 9 6
17 28 17 32
2 40 17 44
15 27 15 41
17 2 17 43
11 42 16 44
11 13 14 35
13 38 14 45
13 36 16 37
17 33 17 42
7 9 12 36
13 9 15 19
16 5 16 26
6 9 11 31
16 18 17 36
3 9 13 11
12 16 13 41
13 30 13 42
14 39 16 42
6 27 14 44
14 26 16 39
5 16 5 28
9 33 14 37
14 30 15 32
4 42 11 43
15 36 15 39
13 41 15 42
7 41 8 41
16 14 16 28
13 11 17 43
1 22 13 34
15 21 15 25
10 7 11 19
1 23 15 25
3 3 13 3
13 22 14 39
1 32 12 40
6 32 10 37
10 38 12 40
2 19 10 31
3 43 14 44
1 4 13 20
17 20 17 30
8 24 9 25
11 42 13 42
10 8 10 31
2 19 17 30
12 15 13 41
1 42 16 42
1 23 12 24
6 43 10 43
10 36 14 36
6 12 14 24
1 43 8 45
14 39 14 42
1 33 8 44
8 29 8 29
14 34 17 40
2 31 3 45
7 40 16 42
1 16 7 37
10 2 11 34
11 34 11 37
3 5 14 21
12 17 13 43
2 21 14 36
10 8 13 28
2 11 3 42
16 28 17 36
17 25 17 29
8 39 8 39
14 38 17 39
12 21 17 26
9 28 17 45
12 5 16 35
11 22 17 26
5 32 11 37
17 22 17 31
2 36 6 38
11 4 13 5
16 12 16 31
4 41 6 42
13 27 15 38
6 42 6 42
5 33 7 41
10 25 11 35
10 7 12 19
1 42 13 45
12 34 15 39
4 41 4 44
4 9 14 40
6 5 10 45
7 2 15 33
16 45 17 45
9 45 11 45
9 22 9 28
17 16 17 32
9 4 11 26
10 8 13 41
13 38 15 40
9 14 15 27
3 36 7 36
4 14 5 44
1 7 8 19
11 13 15 39
16 5 16 11
10 39 15 43
6 28 14 36
3 30 17 31
1 3 16 11
13 40 16 40
7 13 8 17
14 29 16 29
10 11 16 11
15 36 17 44
2 38 2 38
15 3 16 10
10 9 11 18
12 27 15 35
2 40 4 44
11 29 14 32
5 28 6 42
14 43 17 44
4 44 9 45
13 44 13 44
5 44 14 45
5 44 10 44
11 18 16 26
5 27 16 34
2 13 13 15
10 24 17 26
15 3 15 24
4 42 7 44
13 25 17 25
6 17 17 36
2 22 6 32
1 21 12 22
11 17 13 40
8 43 8 44
2 44 13 45
9 18 14 25
16 36 16 38
1 2 11 27
5 33 10 33
6 7 10 17
10 28 12 34
5 20 12 24
1 16 8 36
8 45 9 45
11 21 12 45
1 25 4 45
12 30 13 43
13 19 14 20
10 13 11 36
2 39 4 42
3 15 6 25
6 22 13 22
14 23 15 25
8 33 15 34
4 34 13 44
13 19 16 19
14 5 15 31
16 3 17 26
16 35 16 41
7 24 16 34
2 20 7 45
1 20 2 23
1 13 4 25
5 33 9 36
2 41 3 43
8 20 17 29
17 18 17 40
7 10 13 16
13 20 13 23
14 25 15 25
10 14 15 28
17 3 17 10
8 12 14 40
15 35 17 36
10 4 14 23
14 17 15 34
13 38 14 42
13 8 14 38
7 27 13 32
4 45 11 45
2 7 4 30
10 29 15 31
1 6 5 15
5 9 11 32
16 44 17 44
15 11 16 38
3 12 14 14
15 17 15 20
12 4 13 4
15 15 17 24
11 17 15 39
2 19 6 22
14 21 14 35
9 32 17 41
8 40 15 42
10 6 12 32
3 43 12 44
14 31 14 32
11 16 14 32
16 21 17 22
15 9 17 30
10 28 12 32
14 13 15 39
10 18 17 20
8 26 17 38
17 27 17 30
1 4 9 5
11 16 17 37
8 37 12 40
15 16 17 36
12 26 12 37
14 25 15 41
1 9 16 9
4 7 12 30
7 31 15 42
12 30 14 35
1 14 16 15
8 7 12 22
6 27 14 43
6 15 10 43
6 43 15 45
4 7 17 26
8 11 10 14
14 2 14 44
9 16 15 30
2 21 3 38
2 37 6 38
12 43 16 45
11 17 14 23
7 25 12 28
15 43 15 45
7 4 11 28
4 41 16 44
12 30 14 41
12 38 12 40
2 12 3 17
10 42 15 44
2 41 10 45
8 45 16 45
17 16 17 21
3 37 3 38
1 24 7 40
14 27 15 27
17 1 17 42
12 31 12 32
14 45 17 45
17 19 17 19
7 33 10 35
14 33 15 44
17 39 17 41
2 11 11 42
5 11 13 23
4 1 11 22
1 30 7 35
13 37 17 39
8 10 12 38
8 25 8 44
1 1 13 8
2 34 9 39
3 6 10 16
13 35 14 41
9 31 16 32
5 44 10 44
14 31 14 31
11 33 11 36
6 23 7 39
1 40 9 43
8 8 9 44
15 32 15 32
14 37 16 40
7 36 9 39
3 42 11 42
14 13 17 17
8 32 9 39
1 4 12 4
9 20 17 24
9 29 15 37
1 2 5 41
6 32 8 43
6 16 6 20
14 19 17 41
12 20 17 21
14 32 17 37
15 43 17 43
12 37 15 40
4 18 13 38
5 28 15 41
10 26 10 39
15 39 17 44
16 3 16 25
9 2 10 42
12 38 12 38
1 42 3 42
8 29 13 33
3 23 6 38
13 14 17 17
12 2 15 33
14 42 17 42
17 44 17 45
15 22 17 41
5 34 6 40
5 4 7 37
4 28 13 42
1 42 7 45
10 8 17 38
3 43 13 45
9 27 11 30
11 42 11 42
6 33 8 34
16 38 17 39
13 22 15 36
13 26 16 36
15 5 16 43
3 12 13 40
9 6 14 45
8 27 9 42
17 39 17 43
2 38 4 45
1 34 17 35
17 1 17 10
17 34 17 37
5 45 6 45
11 17 11 25
3 27 11 35
9 23 11 27
17 43 17 43
3 36 3 37
17 10 17 12
2 23 16 41
12 31 14 40
14 32 17 41
5 24 14 24
1 33 17 37
1 19 6 44
15 23 16 40
4 38 8 45
15 26 17 43
1 39 8 45
15 25 16 41
5 35 11 35
9 3 11 44
15 35 17 42
3 28 7 34
13 26 16 32
13 27 16 44
3 38 8 40
12 10 16 26
14 25 17 36
1 19 2 40
11 14 17 36
17 44 17 44
1 28 15 42
12 23 15 26
2 39 13 42
15 17 16 26
16 40 17 42
13 31 13 35
10 16 15 24
14 12 14 38
8 8 14 30
9 1 16 38
10 40 11 45
16 25 17 25
16 33 16 44
11 20 14 28
3 41 14 45
3 10 6 12
17 39 17 39
7 26 7 29
5 34 14 36
8 2 9 36
14 36 17 44
1 39 14 44
13 21 16 25
13 23 14 42
16 36 16 43
15 24 17 45
15 18 15 23
16 19 16 37
5 4 12 10
3 13 10 18
4 4 14 25
6 11 8 40
17 6 17 19
3 25 13 27
3 37 5 40
16 37 17 39
9 44 11 44
10 15 11 27
11 31 12 41
16 29 16 37
4 32 5 42
13 13 14 24
11 13 12 45
12 45 16 45
10 17 16 45
2 5 11 32
5 24 10 43
13 43 17 44
7 42 11 44
3 28 13 36
6 30 17 42
14 29 14 30
15 45 15 45
6 35 14 36
14 42 16 45
7 10 16 36
6 6 11 33
11 31 16 44
4 32 9 38
2 40 15 40
14 27 16 40
5 14 7 42
12 31 16 32
5 1 9 21
8 35 15 36
8 36 12 39
13 15 14 19
9 10 10 29
8 36 15 41
14 39 14 39
17 28 17 42
7 23 9 40
10 13 12 42
14 45 14 45
13 35 13 44
16 1 16 16
8 5 11 25
17 35 17 42
11 12 17 40
9 16 16 37
3 43 7 45
3 14 15 30
11 3 14 36
1 37 8 42
15 27 17 27
16 41 17 44
4 9 7 22
13 20 14 29
5 34 7 45
16 2 17 32
14 33 17 36
9 14 9 36
7 41 17 45
10 38 12 38
2 18 12 42
3 10 12 36
12 1 14 42
13 36 14 37
7 12 15 14
4 6 6 40
11 28 15 33
16 23 17 37
14 35 14 41
15 25 17 31
5 36 7 39
17 19 17 40
13 5 15 18
10 1 15 26
5 25 6 37
6 15 14 24
9 33 12 43
6 23 7 45
3 5 12 18
15 26 17 33
5 40 9 45
10 25 11 27
3 24 6 40
13 21 17 29
16 26 16 42
3 5 9 12
17 42 17 42
11 6 16 35
2 24 12 33
13 22 14 41
1 2 15 30
1 40 2 42
6 8 16 11
7 7 13 24
15 31 15 39
2 30 3 32
11 10 15 31
8 25 11 32
2 33 2 44
11 34 15 44
10 6 11 6
15 14 17 45
10 44 10 45
1 19 7 33
9 5 11 39
3 16 17 22
9 25 15 30
10 6 14 12
13 31 14 43
6 27 11 43
1 45 17 45
4 33 5 34
10 17 12 31
14 40 16 45
5 34 16 34
15 21 17 25
6 21 9 32
14 40 16 42
12 17 17 20
11 38 11 43
5 5 13 8
7 32 13 37
6 9 15 16
8 37 8 45
9 8 16 28
17 21 17 31
7 37 13 42
17 18 17 36
15 9 16 41
8 3 17 30
17 40 17 43
5 34 6 41
15 29 16 45
15 36 17 40
1 16 13 34
1 20 7 30
7 17 7 18
3 6 15 17
16 25 17 32
5 8 5 10
16 23 16 42
10 44 15 45
16 13 16 14
11 21 16 40
17 39 17 44
16 42 16 44
4 15 15 20
12 45 14 45
3 16 11 20
14 37 17 40
11 12 17 43
12 29 17 39
4 13 9 36
3 6 15 33
16 19 17 19
16 3 17 26
16 8 16 23
2 7 11 18
8 15 14 33
3 35 3 42
8 21 10 25
6 40 16 44
17 36 17 37
9 32 14 36
8 16 13 39
6 33 13 43
10 21 17 37
14 45 16 45
15 31 17 37
11 27 17 34
13 27 17 31
16 12 16 18
7 33 12 34
14 25 15 44
4 24 10 44
13 5 16 36
6 13 13 45
13 26 15 37
14 39 17 44
12 12 16 30
3 1 5 40
15 13 15 41
17 39 17 44
16 37 17 41
7 30 13 43
17 26 17 31
15 18 15 29
16 21 17 45
5 35 13 42
8 3 17 3
14 22 16 32
17 19 17 44
1 9 15 40
17 12 17 41
5 22 5 39
3 28 9 41
12 2 14 15
14 13 16 34
2 24 14 27
17 27 17 41
14 31 14 45
2 12 6 43
7 10 13 35
13 34 15 34
1 16 3 25
7 10 15 42
3 39 6 44
5 1 7 19
3 41 14 41
13 32 15 44
15 14 15 41
9 6 17 19
2 4 10 10
9 29 13 44
17 26 17 35
3 16 15 41
11 8 14 44
8 37 13 45
2 38 2 42
10 13 17 18
10 37 12 37
13 39 16 43
8 27 13 38
9 31 14 39
12 28 13 30
14 4 17 33
8 22 9 37
1 11 1 34
9 43 13 43
2 44 11 44
8 13 9 23
13 42 15 44
5 3 12 15
5 18 14 45
5 41 14 43
16 19 17 21
13 42 16 42
5 17 6 31
5 22 9 35
2 41 17 44
1 23 16 37
10 5 14 37
3 35 15 42
10 17 12 24
13 40 17 44
9 27 13 30
5 4 15 34
13 4 17 25
5 14 13 36
16 24 17 38
5 39 11 42
2 35 11 41
1 8 9 35
11 31 13 37
3 34 8 42
12 20 12 36
10 30 13 45
3 6 11 28
17 28 17 45
16 1 16 38
4 26 16 43
12 40 16 41
14 11 17 17
9 20 10 22
11 18 11 29
11 33 11 42
11 5 12 25
14 21 17 35
11 13 12 41
15 14 16 27
16 14 16 27
11 4 16 10
14 18 17 35
9 11 14 18
14 3 14 37
17 31 17 31
14 37 16 45
12 22 17 22
1 9 11 30
12 24 17 36
14 13 17 18
4 14 6 24
3 41 15 41
16 20 17 20
13 15 17 22
15 27 15 29
15 34 15 40
1 17 5 43
6 38 17 41
17 9 17 36
8 26 8 36
4 34 5 34
7 28 17 33
15 3 16 11
4 44 10 44
14 23 17 37
7 45 16 45
9 11 9 14
2 6 15 36
9 40 16 40
15 5 16 27
17 24 17 25
2 9 15 23
1 39 1 41
3 15 5 39
8 45 13 45
8 43 16 43
14 32 14 40
6 19 7 22
6 8 14 35
17 14 17 40
13 23 14 27
4 35 6 43
5 36 11 42
15 36 17 43
1 23 9 37
15 18 16 35
14 36 17 36
2 14 9 21
9 2 14 3
16 34 16 45
2 45 17 45
16 9 17 25
15 4 15 9
17 18 17 43
9 28 16 36
6 21 11 27
9 42 14 45
11 13 13 42
17 38 17 44
16 15 17 40
6 39 17 39
11 27 13 33
3 33 13 43
4 23 15 43
10 25 10 44
14 1 14 2
10 32 16 45
16 39 17 43
5 29 10 44
4 29 4 39
14 30 16 45
4 28 13 39
9 10 11 43
6 1 8 20
2 42 3 43
10 5 17 11
11 31 13 39
2 43 4 45
16 8 17 45
5 2 12 15
11 39 11 39
6 41 14 44
17 42 17 44
15 12 17 16
3 10 10 36
16 32 17 37
17 38 17 39
7 6 8 15
3 6 15 26
7 25 12 31
9 18 9 36
7 14 12 37
11 5 14 27
12 18 14 19
15 29 16 42
6 12 15 37
12 13 16 32
15 6 15 20
13 26 17 41
13 24 13 35
5 14 9 42
11 5 12 13
13 27 14 36
7 28 13 39
7 3 10 43
12 40 15 43
8 25 9 41
16 37 17 39
16 33 16 40
3 17 13 36
4 5 8 37
7 36 15 44
1 22 5 36
15 43 16 43
17 1 17 41
8 21 15 45
8 9 11 16
10 33 16 45
1 26 5 30
15 8 17 33
3 44 14 44
4 45 11 45
3 2 7 4
5 7 10 34
6 18 9 30
15 16 15 36
10 26 16 40
8 44 13 44
6 38 14 38
11 3 13 17
4 41 9 42
15 26 17 37
17 9 17 23
11 10 12 11
7 43 11 45
3 14 15 22
4 7 8 34
7 32 7 35
16 10 17 19
15 3 15 18
5 21 10 25
1 33 15 43
1 7 2 23
1 35 16 42
14 28 14 41
5 24 14 40
8 37 11 38
14 26 17 32
17 43 17 45
12 9 15 42
8 8 8 15
16 13 17 19
14 32 14 43
2 43 4 43
7 44 11 45
3 14 15 31
3 33 11 45
12 44 16 45
8 7 10 34
4 12 4 21
11 44 11 44
11 41 16 42
14 25 17 32
16 24 17 42
10 36 13 40
4 19 15 20
16 27 17 45
10 19 13 38
16 13 16 20
6 15 14 41
11 27 17 33
9 37 11 44
16 30 16 30
16 19 16 40
14 17 14 44
12 2 12 19
3 24 7 31
10 7 12 42
4 37 7 37
7 42 17 42
8 25 9 40
2 41 6 43
5 42 10 45
3 14 14 22
4 3 8 19
13 2 14 21
8 26 13 39
11 14 15 34
15 33 17 44
13 40 16 44
10 31 12 31
11 35 15 42
13 26 14 27
17 30 17 37
17 37 17 40
10 29 14 38
8 44 10 45
13 20 13 43
9 9 10 10
13 25 16 41
1 42 7 45
2 2 14 23
1 36 2 36
11 35 11 41
5 28 13 44
9 30 9 38
13 15 15 15
8 26 8 44
12 14 13 30
5 42 11 43
13 38 14 39
8 35 9 45
8 45 14 45
4 33 17 35
1 21 11 34
12 24 15 44
3 41 9 44
5 40 6 43
17 12 17 35
16 8 16 35
1 17 2 42
2 43 10 43
5 28 8 38
8 44 12 44
5 36 9 41
16 19 16 45
16 4 17 18
12 7 15 34
9 11 15 37
3 30 3 33
13 36 17 43
7 36 7 41
8 4 8 45
14 4 17 39
13 11 16 31
4 33 12 36
15 41 15 42
8 15 8 31
1 27 14 36
11 23 14 33
17 6 17 6
15 5 15 17
15 2 17 10
10 21 15 44
4 4 15 41
16 11 16 16
11 44 11 45
7 9 13 36
16 25 16 44
12 44 17 44
1 23 17 30
6 43 15 43
2 44 8 44
16 30 17 33
12 16 12 29
14 36 14 44
1 40 10 42
13 8 14 22
2 9 7 24
2 19 15 28
15 39 17 45
14 5 16 42
5 45 14 45
8 45 12 45
4 23 4 40
17 20 17 20
15 2 16 42
11 41 12 43
3 33 11 40
5 27 13 33
8 28 10 32
3 33 11 41
1 12 11 19
9 5 15 7
14 7 15 34
5 14 6 36
8 2 14 30
3 14 5 20
8 19 8 35
11 28 12 35
5 1 17 19
14 24 14 45
7 2 12 2
5 11 6 17
8 7 10 23
1 19 15 40
6 44 9 45
5 13 14 44
7 19 14 36
4 12 15 27
14 1 16 8
7 1 14 33
13 4 16 26
13 20 14 26
3 33 10 38
1 13 13 25
2 25 9 37
5 28 13 34
4 7 9 17
3 28 15 40
7 9 16 9
6 26 16 36
6 24 10 24
16 8 17 12
15 15 15 22
1 5 13 17
1 42 17 44
4 40 7 43
8 3 16 35
15 43 16 44
15 44 15 44
4 20 15 45
16 29 17 40
11 2 16 7
16 11 17 19
2 10 3 13
11 6 16 34
5 10 5 39
13 14 16 41
12 12 15 28
16 8 17 27
8 13 17 29
13 36 13 37
15 21 15 31
4 26 9 27
6 20 10 36
1 17 3 42
5 39 6 41
10 19 14 35
5 45 16 45
6 9 16 11
10 8 15 8
11 1 16 10
7 33 12 45
15 32 17 39
8 25 13 32
15 33 15 35
17 37 17 39
6 34 8 34
4 17 16 42
7 11 13 20
4 37 5 45
13 2 17 9
13 9 14 37
13 42 14 43
10 25 17 31
4 42 15 42
11 2 13 16
15 21 16 27
14 36 17 40
1 9 1 25
7 39 11 43
5 22 11 32
13 5 16 30
14 3 17 15
10 19 11 28
7 6 8 42
5 37 8 43
12 4 13 30
12 11 14 42
14 10 16 27
3 45 17 45
17 10 17 23
14 30 15 37
12 39 15 39
9 22 9 38
15 38 15 45
11 3 15 3
16 12 17 24
13 44 16 45
17 31 17 36
4 11 16 11
4 39 4 45
11 34 13 44
7 37 11 38
5 11 14 25
8 45 12 45
11 38 17 41
5 13 15 14
17 17 17 32
11 33 14 41
14 36 15 39
5 21 12 25
16 3 17 33
4 3 7 43
1 2 12 30
8 39 8 39
2 5 2 7
5 28 17 31
7 7 12 40
8 15 17 15
13 4 15 11
2 15 5 44
1 37 2 38
2 17 7 25
15 18 15 42
7 5 14 8
3 30 15 37
5 1 10 42
2 12 16 32
10 38 17 45
7 33 15 34
1 27 10 44
16 30 17 35
11 2 12 10
12 9 16 33
2 39 3 44
14 29 16 45
4 11 5 44
12 26 14 45
14 19 16 40
2 44 12 44
6 27 15 32
4 13 7 35
8 4 9 40
7 1 7 39
12 6 14 25
13 7 14 24
13 27 17 33
13 38 13 43
5 17 12 20
2 25 2 33
16 42 16 42
1 3 10 44
8 11 12 33
2 11 2 35
13 40 14 45
12 7 14 25
1 28 16 30
16 6 16 40
12 21 13 25
7 23 7 45
1 34 4 37
16 5 16 27
17 30 17 31
12 19 16 32
7 36 16 45
7 35 17 38
12 37 16 44
4 9 8 44
1 15 6 32
7 19 17 25
14 10 15 17
12 28 16 43
14 36 15 40
8 41 17 43
14 14 17 18
16 31 16 44
4 18 10 27
13 3 13 34
10 7 15 29
17 30 17 39
15 11 16 29
13 5 13 15
16 19 17 32
10 3 14 26
6 26 12 33
11 42 11 44
9 40 16 42
7 42 17 44
3 9 10 42
16 32 16 37
4 40 13 42
12 12 16 37
11 16 17 32
13 42 16 44
5 10 17 45
17 10 17 35
13 7 14 20
8 34 16 37
6 27 13 43
4 15 9 35
11 41 13 44
4 36 17 40
3 36 7 41
4 19 9 25
5 43 9 44
10 45 17 45
17 20 17 40
8 37 8 45
8 16 12 18
5 14 11 39
4 41 7 44
17 18 17 43
3 2 11 22
3 17 14 30
9 6 11 17
6 38 9 42
12 40 13 41
13 9 17 35
2 26 16 42
17 7 17 23
4 45 4 45
1 43 12 44
11 34 15 42
16 24 16 32
12 41 16 44
4 13 11 19
7 2 8 12
9 15 16 16
4 7 14 24
7 24 16 31
14 13 16 32
12 31 12 41
4 4 17 10
5 30 10 35
6 16 15 37
9 26 15 31
12 27 15 42
14 4 15 32
17 4 17 15
16 18 16 45
6 26 7 36
12 7 14 35
9 16 17 43
4 20 15 23
2 23 14 33
12 32 17 33
7 34 16 34
5 44 15 44
17 37 17 37
14 17 17 41
3 26 16 36
12 3 15 16
13 6 15 26
1 15 15 20
3 21 7 25
7 36 8 44
14 37 14 37
17 15 17 23
17 7 17 33
12 39 14 45
4 11 14 41
10 5 12 15
13 42 17 44
10 45 17 45
1 24 7 32
7 30 9 40
6 20 6 40
6 5 11 21
15 24 15 30
1 29 8 33
1 39 10 39
13 28 16 42
12 32 13 43
16 45 17 45
10 16 13 40
8 40 14 43
15 11 17 41
16 38 16 43
3 2 14 36
11 35 17 35
7 19 15 19
16 14 16 23
15 36 17 40
3 36 9 39
1 27 15 33
7 2 15 5
7 3 13 16
13 7 16 26
4 30 9 39
2 1 9 11
3 27 15 27
8 21 13 25
3 17 13 36
1 6 6 33
7 29 15 31
14 17 15 44
10 17 14 31
17 12 17 38
4 29 4 36
14 28 16 45
7 19 8 35
15 23 16 27
16 27 17 29
7 26 7 39
3 41 12 41
10 41 13 42
17 34 17 41
2 29 15 44
11 43 12 43
12 10 17 29
7 27 7 43
9 32 13 33
4 25 15 36
17 12 17 34
7 45 17 45
4 28 7 33
3 7 9 40
17 11 17 34
4 7 13 42
2 19 5 22
13 21 15 26
4 19 14 45
9 16 15 37
12 11 17 42
9 14 15 40
5 32 17 33
12 42 17 43
17 21 17 38
10 25 13 38
7 7 11 10
17 32 17 32
15 38 16 43
4 1 14 33
8 39 17 41
12 5 16 15
16 36 17 45
5 18 5 36
6 32 16 42
11 6 12 41
17 40 17 43
16 8 17 14
3 27 5 28
11 16 16 20
10 21 14 36
8 42 10 43
5 9 7 45
12 27 15 41
17 18 17 20
9 33 15 38
11 35 11 35
15 23 15 24
6 30 13 34
13 6 14 28
9 1 12 39
4 9 12 32
13 26 15 40
8 4 9 11
5 25 17 42
1 19 4 27
5 32 6 35
6 26 13 28
8 8 16 8
15 5 16 20
17 32 17 38
3 29 5 30
8 29 9 35
8 23 12 38
5 40 6 42
1 16 15 30
4 40 14 43
17 9 17 41
2 30 8 35
4 18 4 29
14 24 15 35
17 25 17 26
14 22 17 44
12 8 12 28
4 39 4 40
16 7 16 38
12 8 14 43
14 21 14 40
13 25 16 33
9 15 10 32
5 41 12 43
7 1 15 31
8 33 15 42
8 20 14 38
10 16 17 18
2 20 2 44
6 19 8 42
4 8 17 31
15 41 17 45
1 43 11 44
11 14 16 34
7 9 15 23
9 37 9 37
2 30 14 36
12 45 13 45
13 13 13 26
10 5 11 27
15 22 15 37
13 34 16 41
6 35 7 41
3 29 14 40
4 44 13 44
5 8 17 45
7 8 8 31
9 3 14 37
7 23 12 30
9 34 12 38
1 26 17 29
7 20 8 24
3 36 10 44
15 40 17 45
1 7 10 22
17 7 17 40
7 45 8 45
12 21 13 33
12 8 15 45
17 40 17 42
7 9 9 14
8 23 17 31
10 17 14 24
9 42 13 44
4 4 9 17
13 43 16 43
14 18 16 27
17 38 17 40
11 34 17 42
15 44 17 44
15 5 15 11
7 24 14 33
7 27 7 30
10 17 15 39
7 31 13 45
11 32 15 38
11 12 16 43
2 13 17 26
6 25 9 34
11 16 13 32
3 24 14 25
10 1 13 44
6 43 15 44
3 2 12 15
15 42 17 42
10 2 12 24
5 18 5 34
1 11 7 40
10 36 12 38
4 43 10 45
1 13 12 33
7 21 13 21
16 30 17 36
5 10 17 34
6 34 6 36
2 27 5 34
1 27 2 35
15 6 17 39
5 45 17 45
8 38 13 39
15 24 16 38
3 21 16 32
17 34 17 36
5 28 17 36
3 8 15 20
1 41 16 45
4 7 6 9
1 10 9 10
15 18 17 22
12 22 14 35
13 1 15 40
14 22 15 37
15 36 16 39
13 40 17 45
7 38 12 44
1 39 5 41
17 6 17 18
16 23 16 23
16 33 17 36
4 29 6 31
7 34 11 42
2 43 8 45
4 40 6 44
9 7 11 27
15 12 17 19
5 15 16 16
14 32 17 35
11 38 13 44
17 4 17 38
4 11 10 34
11 9 15 34
1 11 8 27
7 16 7 40
15 5 15 29
1 33 8 40
8 16 12 22
13 23 16 30
2 16 16 36
5 18 13 21
4 38 13 42
5 43 10 44
17 11 17 24
2 44 12 44
3 35 10 38
9 45 17 45
17 42 17 42
6 43 7 45
9 3 12 5
13 23 15 38
8 8 10 43
5 16 12 28
14 29 14 41
15 1 15 34
1 28 6 32
11 11 15 44
8 38 14 42
6 15 9 40
8 11 16 23
4 18 14 42
1 18 6 39
4 2 11 24
10 7 10 7
2 9 7 21
5 16 12 23
8 36 8 38
5 20 5 34
10 34 10 45
3 38 10 39
15 29 17 29
6 41 7 44
3 44 14 44
10 1 14 6
10 4 14 28
17 23 17 26
14 31 17 36
12 22 13 42
5 22 15 24
13 7 14 38
11 1 17 16
6 3 7 40
15 23 16 29
11 22 16 22
9 2 10 8
6 23 15 34
14 23 15 39
8 19 13 19
15 34 17 40
15 4 16 7
13 9 15 29
3 17 9 41
11 22 17 42
15 31 17 40
4 34 9 45
3 28 3 37
1 15 14 35
10 32 14 40
4 40 9 40
8 13 15 27
9 4 9 27
10 35 10 41
15 25 15 33
4 41 15 42
11 10 12 11
3 37 13 39
16 36 17 39
9 6 15 26
11 22 17 43
6 5 12 32
2 35 4 39
16 17 17 28
6 37 10 37
12 17 17 35
6 9 13 45
13 28 15 43
7 32 9 45
16 41 17 45
11 6 15 24
15 19 17 36
5 26 9 39
4 14 15 25
11 33 15 37
17 4 17 10
7 25 12 34
14 3 14 14
2 9 8 11
5 16 11 30
4 25 16 44
8 37 16 37
13 7 16 28
13 39 16 42
11 12 13 45
6 8 12 32
14 30 14 40
7 33 15 45
8 28 15 37
4 29 15 30
9 44 15 44
14 7 16 37
10 33 11 34
6 36 8 42
7 35 17 42
9 36 13 40
16 39 17 45
17 17 17 31
4 31 9 32
16 41 17 42
16 34 16 41
4 15 11 43
3 44 6 44
9 37 13 42
1 28 7 31
6 13 6 45
10 45 10 45
1 39 5 40
9 14 11 36
2 16 15 18
10 17 11 26
12 23 12 32
13 24 16 44
15 36 16 39
4 10 15 38
16 37 17 39
13 6 15 18
15 6 17 41
12 23 17 34
3 10 14 40
13 37 13 39
15 11 16 38
7 43 9 43
3 45 15 45
5 30 16 41
3 14 9 15
7 31 7 33
8 43 8 43
2 15 17 25
15 23 15 42
4 23 12 27
4 45 17 45
10 39 14 43
8 19 15 28
12 30 12 37
10 30 11 39
16 34 17 40
14 1 15 41
2 43 9 44
6 34 8 35
12 30 12 39
17 1 17 27
4 13 5 25
11 36 12 45
13 13 17 14
3 25 6 35
13 37 15 40
10 23 17 29
3 39 6 45
6 26 17 29
13 21 16 25
17 16 17 32
4 10 6 29
9 6 12 26
1 24 2 34
13 8 16 12
4 6 5 23
12 27 16 31
2 12 12 40
12 8 16 33
6 25 15 28
6 36 14 39
9 25 15 41
4 44 9 44
17 16 17 37
3 39 3 43
5 31 13 37
12 37 13 41
2 41 2 43
13 41 14 45
14 23 15 25
17 32 17 33
17 21 17 45
7 24 11 41
7 11 7 21
2 27 13 36
7 22 8 45
13 26 16 27
14 2 17 22
3 10 14 33
14 36 15 36
11 18 15 24
10 43 12 43
7 12 15 30
5 22 14 26
3 31 6 44
7 37 12 37
16 36 17 36
8 11 12 39
2 39 9 39
16 39 17 42
16 42 17 42
17 30 17 40
9 11 13 15
17 38 17 38
11 11 12 43
5 9 12 9
7 24 14 41
8 45 17 45
13 3 17 15
15 4 15 24
7 30 17 41
4 16 4 40
8 2 12 7
16 17 16 30
4 11 16 45
17 25 17 38
13 39 17 39
10 18 16 37
8 22 13 30
11 24 14 30
3 37 5 40
7 15 17 26
4 28 17 39
16 28 16 42
13 17 16 41
14 4 17 14
13 20 16 39
7 13 10 24
3 45 16 45
16 11 17 32
6 7 9 42
2 19 11 39
2 4 13 20
3 31 16 42
3 9 13 45
11 36 11 40
12 9 17 43
15 33 16 41
3 14 12 27
12 43 12 45
4 32 12 42
14 23 15 39
16 38 17 43
11 44 17 45
10 25 11 28
11 27 11 34
7 21 13 45
9 15 15 22
2 38 4 45
17 15 17 22
9 4 13 33
13 33 13 42
15 33 16 42
10 27 11 28
6 14 12 39
8 8 10 10
7 37 16 38
12 32 14 45
8 5 15 42
16 4 16 33
10 13 11 36
11 2 17 38
5 43 8 43
10 37 16 39
6 41 8 43
11 27 12 30
7 33 17 41
14 29 16 33
4 13 11 36
11 33 14 45
7 16 9 24
1 38 7 39
15 8 17 39
4 29 11 34
15 34 15 41
2 19 12 25
3 6 5 31
10 21 17 27
11 44 11 44
2 7 8 13
15 1 17 3
9 6 14 24
12 11 12 37
1 14 5 20
2 9 9 19
8 30 11 31
17 24 17 30
10 32 17 45
6 37 6 37
17 4 17 26
9 22 16 25
11 29 12 45
7 6 13 13
8 7 10 26
10 12 15 15
5 2 9 8
11 3 17 41
2 31 9 43
12 37 15 40
1 21 14 44
12 32 17 45
17 5 17 37
16 15 16 35
5 10 6 31
6 15 17 27
6 23 16 28
3 25 5 36
13 21 17 29
15 9 16 41
2 29 4 38
17 35 17 42
16 34 17 37
12 24 17 28
7 7 16 43
7 17 13 23
13 11 15 37
2 5 15 7
10 18 15 23
3 19 11 40
16 15 17 29
5 35 9 38
9 11 16 26
1 6 7 37
14 29 14 30
15 33 17 40
17 18 17 21
9 22 14 45
17 22 17 39
10 35 15 35
2 37 7 38
17 1 17 30
4 2 16 6
15 33 17 41
3 40 13 41
12 2 13 23
15 31 16 41
12 20 14 30
5 45 6 45
7 26 16 40
9 14 17 24
4 23 14 39
16 21 17 21
5 16 11 39
1 40 13 41
4 19 14 41
3 36 5 44
2 45 6 45
12 19 12 35
17 29 17 39
5 29 11 43
4 17 10 27
6 10 17 32
10 19 15 40
5 39 16 44
4 24 9 25
12 38 13 42
2 5 8 39
15 19 16 38
1 20 12 21
5 10 14 15
16 27 17 31
3 28 13 45
9 18 9 38
11 3 17 22
11 40 13 43
14 5 17 27
15 45 16 45
6 8 15 14
7 41 11 45
2 1 5 32
3 10 11 18
8 34 9 41
2 33 15 38
13 22 15 22
12 15 13 28
7 4 17 42
12 11 14 45
12 14 14 16
4 18 9 32
8 42 16 42
8 20 13 44
4 29 17 34
5 38 8 44
4 45 12 45
2 6 6 17
11 17 12 33
7 40 14 45
4 18 17 45
2 42 7 43
10 31 17 35
6 34 17 38
1 11 3 15
4 42 10 45
15 16 17 27
17 6 17 7
6 40 11 40
2 4 15 14
12 20 17 25
1 18 8 25
13 13 13 13
14 2 14 16
5 40 10 44
17 24 17 38
5 23 16 45
3 12 9 34
12 27 15 42
11 16 15 23
9 24 13 24
15 6 16 12
8 6 14 39
13 25 17 42
16 28 16 40
16 14 17 33
8 42 9 44
16 7 17 7
1 38 2 45
10 9 16 20
9 2 17 39
2 35 6 36
2 12 8 28
1 31 11 36
14 45 14 45
1 16 12 44
8 14 17 18
3 25 10 26
10 27 15 31
2 41 16 42
11 10 11 30
3 30 4 43
5 34 14 40
11 41 16 43
8 10 10 25
3 1 13 4
6 27 6 37
8 7 11 44
9 18 9 19
3 16 7 20
15 25 15 32
11 43 12 43
13 20 14 31
15 43 17 44
6 1 14 41
13 5 14 36
6 19 16 23
6 21 7 37
7 9 14 33
3 35 10 39
17 32 17 45
12 34 17 37
4 8 11 14
12 24 15 38
3 21 16 39
9 41 17 43
10 30 15 34
12 1 15 12
1 33 2 41
16 42 17 43
16 9 17 17
3 25 13 43
10 27 11 33
3 41 13 44
8 14 13 38
4 28 14 44
12 11 14 40
10 16 11 35
6 26 13 40
12 29 14 43
14 22 17 44
13 35 17 35
6 13 15 29
1 30 14 36
7 22 8 41
1 1 15 19
11 33 12 33
16 32 17 37
4 36 13 42
10 43 17 43
4 31 14 32
10 30 15 34
11 32 13 44
14 20 17 32
6 18 6 44
15 44 15 44
2 32 6 32
2 43 12 44
15 27 15 40
4 5 10 7
17 7 17 13
12 38 14 45
1 17 15 41
8 35 11 40
17 37 17 45
3 20 15 36
7 16 15 18
3 32 16 36
13 13 16 26
10 43 16 45
12 12 14 12
3 44 9 44
8 37 10 39
6 27 11 35
13 27 16 38
2 9 5 45
1 43 12 44
2 6 16 34
3 39 7 43
13 17 16 35
4 37 17 43
2 23 7 38
1 44 4 45
7 24 16 44
5 37 14 41
1 18 2 40
1 13 11 26
6 40 6 40
16 2 17 17
12 22 17 44
14 7 17 15
8 23 14 30
5 8 11 30
4 2 8 12
14 34 16 34
7 40 15 41
16 32 17 42
4 17 9 36
15 31 15 40
13 45 16 45
3 26 13 35
13 3 17 37
13 43 14 44
8 3 9 6
8 22 17 34
12 34 14 44
10 11 17 26
7 3 8 5
13 7 14 18
8 18 17 27
2 29 16 37
4 19 10 39
6 28 7 42
10 41 17 45
5 6 10 9
12 39 14 40
3 7 14 40
2 38 10 38
14 38 15 38
12 26 13 40
5 27 15 42
9 19 10 34
12 43 12 43
13 7 16 33
2 16 4 34
13 27 15 36
1 18 11 32
15 16 16 28
10 19 13 22
1 18 17 32
16 44 17 45
3 6 8 44
5 26 11 39
11 33 16 36
15 23 16 43
16 25 16 44
10 38 14 39
4 25 7 38
7 10 13 10
10 6 12 35
14 14 14 41
13 39 14 43
2 23 12 44
16 14 16 18
3 24 16 24
4 7 15 14
13 37 15 42
4 39 14 42
3 10 12 17
4 19 9 31
12 22 12 43
1 13 14 22
4 12 13 17
9 13 12 45
3 16 16 41
2 10 8 28
15 27 15 38
1 32 12 45
9 31 15 34
16 23 16 44
15 11 17 24
3 8 17 37
14 44 15 45
7 20 9 28
9 28 17 44
13 28 14 33
4 22 5 35
8 21 17 34
5 30 11 32
5 31 6 42
4 32 10 41
10 19 13 29
8 12 10 33
9 23 10 43
8 37 16 40
13 34 15 44
15 1 15 13
17 4 17 6
16 30 16 37
5 12 12 36
15 15 15 43
2 18 11 33
5 1 13 45
15 29 17 38
9 6 12 10
12 17 14 44
15 33 16 44
5 7 8 16
17 7 17 30
16 21 16 41
3 3 5 4
10 14 10 33
4 13 4 31
13 40 15 44
9 39 11 42
8 31 11 45
14 11 14 37
9 9 14 25
5 23 6 24
3 12 13 21
2 36 7 39
17 11 17 14
7 10 8 44
4 33 8 42
10 40 17 40
6 32 14 35
3 18 8 34
17 37 17 45
4 34 13 34
4 38 4 41
1 12 8 26
1 11 6 26
17 11 17 20
11 21 16 44
8 15 15 25
2 2 9 12
6 43 10 45
15 36 15 42
8 44 14 45
10 14 10 21
13 12 16 16
10 31 14 36
16 11 17 14
7 34 15 42
7 15 7 32
13 14 17 41
4 10 12 27
17 22 17 44
8 30 12 45
12 30 14 33
12 7 17 20
7 45 14 45
15 1 15 42
11 27 11 42
17 13 17 13
8 18 8 38
10 6 16 38
8 31 11 34
11 26 13 33
3 29 12 37
8 34 8 44
9 27 12 44
11 44 17 44
12 17 14 19
6 36 9 39
5 27 7 43
15 37 15 44
16 15 16 31
2 30 15 36
2 21 2 31
2 22 3 43
16 43 16 43
9 41 16 42
17 8 17 35
4 26 4 31
2 13 13 40
2 35 4 42
4 8 17 16
8 12 12 24
4 44 5 44
14 8 14 13
14 39 15 40
5 10 14 19
2 3 7 23
10 24 17 37
2 14 13 21
7 40 7 43
14 28 17 37
17 24 17 29
15 16 16 22
10 19 10 33
12 10 17 37
9 34 10 34
4 28 14 38
2 42 8 42
14 36 15 38
13 17 14 20
4 40 10 42
17 17 17 30
13 44 16 45
3 44 17 45
1 21 4 45
13 15 15 36
3 32 3 35
5 7 7 9
15 33 16 36
1 24 13 35
4 7 13 40
16 10 16 30
3 11 12 26
12 3 16 13
17 8 17 43
4 39 17 42
2 39 7 41
17 2 17 26
8 8 10 45
14 21 16 33
1 44 13 45
6 19 16 41
5 18 6 35
11 19 16 28
6 9 14 33
16 10 16 21
11 13 16 38
4 25 8 40
8 27 16 42
5 9 7 25
17 8 17 17
17 26 17 42
5 11 10 26
16 33 17 37
3 35 4 36
2 31 13 39
9 1 16 27
2 21 17 27
16 43 16 44
9 18 9 33
12 20 12 38
15 13 17 17
3 5 10 45
15 23 17 25
2 45 7 45
11 16 13 32
4 37 10 38
13 17 13 19
14 24 16 44
17 33 17 37
5 18 6 25
3 19 7 22
7 44 15 45
15 21 16 28
3 43 11 45
11 3 15 18
11 24 12 27
7 15 9 28
11 35 13 44
14 30 14 42
17 22 17 22
11 22 16 23
14 16 15 17
16 4 16 44
17 19 17 25
7 36 7 41
15 35 15 42
1 2 10 5
1 24 4 33
2 45 6 45
5 20 5 34
11 4 14 16
13 35 16 37
6 32 9 32
2 16 17 18
4 42 5 42
3 26 12 42
6 34 12 40
10 1 16 31
5 6 14 23
17 7 17 11
7 32 12 35
10 5 13 37
8 18 8 30
4 41 11 44
11 26 16 41
11 3 11 17
11 45 17 45
15 9 15 29
16 13 17 36
13 12 13 40
9 39 9 41
10 25 16 33
7 7 17 18
10 18 17 44
5 4 8 31
14 43 14 45
7 24 13 40
6 16 15 25
7 19 12 35
5 22 17 39
5 41 12 45
6 35 11 40
2 37 15 45
17 34 17 40
11 12 16 14
8 12 14 23
14 20 15 40
12 22 15 33
15 10 17 11
4 33 10 33
7 6 8 23
4 43 15 44
12 10 14 22
10 43 10 44
3 29 6 42
13 3 16 8
12 23 15 38
8 30 14 38
5 37 7 38
13 16 17 38
17 10 17 32
1 35 5 38
12 7 16 44
5 7 17 35
10 41 17 43
15 30 15 40
14 23 14 42
2 43 4 45
8 15 12 41
11 28 12 31
13 28 17 45
7 11 8 34
11 24 17 37
15 8 17 31
10 2 12 19
13 12 15 34
3 34 11 36
3 9 15 42
17 5 17 10
1 22 16 24
7 44 12 45
9 23 13 29
12 18 12 28
3 6 5 35
11 16 14 45
3 10 4 18
1 22 5 32
2 31 17 32
8 31 16 38
1 11 2 28
16 11 16 39
9 34 10 41
17 43 17 44
9 21 14 44
7 6 7 12
15 8 16 23
10 18 17 39
7 34 14 43
10 20 11 36
13 5 15 31
4 17 9 22
17 17 17 33
8 19 12 36
16 19 17 30
10 19 13 24
14 40 17 43
12 22 12 39
2 45 10 45
4 18 12 37
10 27 16 32
3 20 11 28
4 11 5 13
3 37 12 38
7 24 10 32
5 42 14 44
7 35 14 45
6 41 15 44
12 43 17 45
14 2 14 5
8 4 10 22
10 31 15 31
15 43 15 45
4 15 16 44
1 24 3 24
7 11 15 35
12 41 13 42
11 4 17 12
5 6 11 18
4 23 17 34
15 37 15 41
6 38 11 38
13 34 13 43
4 33 8 45
4 16 13 35
11 14 14 25
12 37 14 37
1 14 12 39
12 16 16 36
2 17 11 38
17 31 17 34
10 28 15 43
12 16 17 27
14 5 17 10
2 31 15 44
2 12 16 27
5 12 5 35
13 6 13 17
13 16 14 28
13 39 14 42
11 21 15 26
16 10 17 38
