41 85 3295
.XXX..XX.X.......................X.XX.....X......XX..X..........X..............X...X.
.......X..................X...X.......XX.............X................X.S.X....XXXX.X
.................X..........X.....X...X.....X..X..X.........................X.XX.....
......XX...X.X.XXX.........X.X......X......X...........X...X..X......................
.X.X..XXX.....X............X........X....XX.X..X.XX..XXX....X..........X.X...........
.X...X..X.............XX..................X..X..X......XX............X..X..X.X..X....
X........X.XX..X.....X.........X............X..X.......X......X....X...XX........X...
.............XX...........X..............X...X.................X..X.......XX.X...X.X.
..X................................X....X.........X................X....X..X...X.....
..X........XXXX....XXX.XXX........XX....X..........X....X......................X.....
........X.X......X...X........X..X...............X.X..XX...X.....................X...
...X............X................X....X.....XX..X.............X...X.XX...X...........
.....X.....X...X.......X.......XX..X....X.X...............XX..................X.....X
...X...X..X............X.............X....X.................X......X..X....X..X..X...
..X...X.X..X............X..XX......X....X.........X....X..X................X....X.X..
.......X...X.....X...X................XX....X........X.X....X...X..............X...X.
.X............X..................X.X..XX.X...X...........X..........XX.X...X.X....XX.
.......X..........X...........X.........X..X.....X...X.X..XX....X.X..X.X.XX..........
........X...X......X.......XX...........X..X....X...XX......X...X..........X...X.....
..X..X..X.XX..........X...X.......X.X.X.X.........X...XX...XX..XX.................X..
X.....XXX...X..X...X....X.X...X..X.XX...X.....X..X.........X..X...X...X......X....XX.
...X............X.........X...........X.....X..X......X.X......X..X....X.X..X.X...X..
....................X...X......X.X.....X...X......X......X......X.................X..
.....X............X.....X.X.............X.X.........X....X....XX......X.....X..X...X.
............X......X.....X..XX.X......X..XX..........X.X...XX.X..X.............X...X.
..X.......X..........X.....X........X.X.....................X..X....X..X.X...X.......
.......XX.......X...XX.....XX..X.X.......X...........X..XX...X.......................
....X........X.....X...X.X.X........X........................X..X...X..X.....XX.....X
.X.X........XX.............XX......X...............XXX..X....X....X.....X...X...X...X
...XX..X...X..X......X..X..X...X...............................X...XX.X...X.XX.......
.....X......X.X.........X....X.X..X.................X.X.X..........X....XX...........
.......X.......XX....X..X.................XX.......X...X..........X.X...X..........X.
X.......X...X............X..X....X................X........X.....X.....X.X.......X...
X...X....X.X..............X..X.X.X.X.....X......XX............XX....XX..........X.XX.
..X..X.................XX........X.X..X..X..............X.....XX..X..X.X......XX.....
..XX.....X..XX............X......X...........X............X.X..X..X...X.........X....
.....XX..X............................XX.....X....X..X.X.X.....................X....X
...X.X.X.................................X...X........X.....X.X.X....X.X...X.....X.X.
........X.XX..X...X..........X.X...X....X........X.....X...X......X...X.XX...........
.....X..X..X.................X.X.....................X.....X.....X.......XX..........
....X..X........X..........X....X..X..X...X...X...............X........X.X.......X...
20 85 29 85
10 11 33 36
4 75 33 80
20 40 30 53
25 57 30 85
30 15 38 50
20 84 20 85
21 51 33 61
11 75 41 78
37 14 39 72
16 18 37 32
27 74 29 75
4 7 12 37
26 31 32 71
28 12 36 67
2 43 38 54
23 82 41 85
6 84 13 85
41 53 41 72
33 64 38 66
32 38 33 77
2 39 27 63
1 1 34 77
24 78 36 82
16 53 20 82
8 59 15 73
27 60 31 73
14 64 17 65
4 57 26 63
7 70 41 72
13 6 25 18
6 25 39 61
13 54 24 64
36 79 41 85
17 10 28 45
22 40 41 48
32 24 34 77
27 74 34 79
29 8 37 57
11 63 12 64
20 59 40 76
26 41 29 47
33 19 37 49
30 71 33 83
39 2 41 47
23 79 35 80
2 34 34 48
11 70 13 74
1 84 2 85
9 71 9 80
27 59 40 83
41 43 41 75
36 85 40 85
40 16 41 76
11 2 30 8
19 15 41 78
9 85 13 85
19 1 29 65
32 72 38 74
14 75 27 81
39 43 41 61
3 63 29 69
24 82 27 83
10 79 19 79
14 29 32 78
12 30 22 53
8 79 24 85
29 71 36 71
13 84 13 84
18 67 33 81
35 69 39 73
33 51 35 71
7 66 27 83
6 58 11 82
4 24 12 29
26 80 41 82
12 48 34 75
30 49 37 62
17 13 20 41
29 71 32 85
41 27 41 41
4 64 20 65
37 35 37 83
31 39 33 56
10 18 36 67
25 51 28 61
24 81 27 81
21 40 31 66
33 42 36 76
22 63 26 81
20 23 38 31
10 26 24 69
33 6 35 11
20 39 31 40
24 26 38 80
6 10 7 78
33 17 36 77
23 74 33 85
14 19 26 53
16 67 30 78
7 36 8 69
23 31 38 50
39 36 41 68
30 67 37 73
35 61 37 78
37 19 41 35
9 82 32 82
33 30 37 40
38 19 38 22
15 4 26 18
31 17 34 38
22 41 32 64
34 27 41 79
30 1 31 22
31 68 31 78
32 46 40 68
26 63 31 85
8 14 19 63
39 43 41 83
6 37 33 55
9 44 34 73
26 21 34 41
31 27 36 73
23 83 24 83
14 38 25 57
11 37 20 66
12 33 36 76
17 28 40 42
16 37 17 80
1 21 12 81
12 71 20 78
15 9 39 33
41 76 41 84
19 23 34 75
16 59 33 77
3 4 24 33
17 29 30 85
7 42 27 68
12 38 36 58
5 35 40 70
31 23 35 71
31 10 37 83
12 48 34 79
7 41 30 55
17 59 41 69
8 78 18 83
39 11 39 73
8 82 39 85
40 58 40 61
35 41 35 67
1 12 37 56
14 43 28 54
3 81 13 83
37 3 39 15
12 6 34 40
38 23 39 63
10 67 41 82
23 30 24 46
17 39 33 64
29 53 37 57
25 36 25 77
37 84 38 85
13 4 37 80
18 51 19 71
9 75 19 80
4 7 25 21
36 76 41 84
7 17 22 76
22 21 28 43
29 24 32 65
26 77 27 85
19 18 23 60
13 34 20 67
14 3 16 64
20 23 23 42
39 21 40 56
12 48 26 73
36 72 36 79
17 68 21 71
34 69 37 78
26 50 33 50
37 17 38 74
14 2 18 12
18 44 19 71
8 19 12 64
17 71 32 85
22 38 25 59
15 3 35 83
2 71 9 85
5 10 34 72
39 4 41 48
6 84 23 84
2 11 6 26
28 73 37 83
22 41 26 56
2 57 13 68
9 10 40 30
26 59 40 74
17 63 28 76
41 59 41 81
17 26 27 29
7 69 21 75
30 46 32 47
32 79 35 85
11 1 27 11
9 39 28 73
14 44 34 66
40 2 40 16
18 38 19 47
27 56 31 79
16 72 39 77
36 76 40 80
1 36 9 71
4 49 22 64
12 45 20 71
12 17 20 18
24 22 29 37
24 36 27 46
23 52 41 77
23 85 38 85
11 75 21 80
37 26 37 45
31 48 35 73
21 79 41 84
32 18 33 62
33 41 40 63
30 21 34 85
33 63 41 73
8 40 41 85
41 29 41 33
33 35 34 36
15 9 29 18
9 9 11 41
33 15 40 22
27 11 33 32
40 84 40 85
28 33 33 48
30 47 37 72
17 47 27 58
29 57 34 60
38 61 40 64
38 61 40 81
5 2 27 76
11 75 31 77
5 11 25 18
2 80 35 81
26 28 27 55
15 50 18 60
30 41 33 60
20 27 33 29
15 44 34 68
8 30 30 45
29 26 41 60
6 20 19 67
29 23 39 47
40 36 41 80
34 34 39 34
4 57 37 62
39 73 39 85
20 69 20 70
28 49 32 77
38 50 40 68
29 52 33 66
31 12 37 82
4 46 19 84
10 26 29 60
32 42 32 57
14 83 26 84
29 14 34 43
35 75 38 84
17 24 40 66
5 79 11 83
5 10 37 68
38 39 39 76
40 61 41 70
21 63 36 84
13 9 14 37
11 60 30 83
22 64 27 73
7 54 15 80
11 71 12 74
22 9 23 43
20 39 28 68
36 18 37 31
33 6 40 26
11 35 34 66
10 68 34 77
13 38 37 50
11 9 40 64
33 44 41 73
32 17 33 44
25 37 35 66
32 58 35 83
24 28 30 33
27 40 31 70
6 8 39 76
17 19 17 33
12 53 15 81
5 81 6 82
35 55 40 85
13 17 34 48
12 3 13 42
13 13 41 57
41 57 41 71
35 70 38 75
37 71 38 82
4 81 29 84
41 18 41 60
17 14 29 22
12 36 41 80
38 33 40 40
3 12 29 78
10 64 24 79
37 7 38 75
16 82 22 85
18 52 26 81
14 56 37 60
33 9 36 23
9 8 20 50
13 1 21 52
15 31 21 63
23 80 36 85
3 49 41 70
20 17 33 74
41 67 41 68
40 26 41 42
14 10 17 31
34 75 40 78
19 47 38 53
22 36 25 40
13 33 17 76
38 38 41 66
3 25 10 71
34 46 35 76
4 65 20 80
31 4 35 73
8 30 16 49
38 68 38 75
15 83 25 83
39 30 39 33
24 48 35 70
25 11 27 60
40 3 40 57
33 67 33 67
6 17 34 46
3 57 17 64
36 75 41 80
28 2 34 59
12 14 13 66
22 61 27 67
24 42 35 77
1 2 29 76
41 70 41 80
7 10 9 49
18 67 29 74
9 23 25 41
20 8 38 30
13 9 16 33
31 58 31 81
13 6 25 7
14 15 26 22
20 75 35 81
35 20 39 27
7 43 32 72
33 80 39 84
1 33 21 62
16 66 33 83
10 1 36 43
22 53 26 54
20 26 33 69
36 60 41 61
19 49 35 60
24 45 40 67
41 4 41 31
5 20 12 23
28 51 35 55
26 56 31 60
41 79 41 85
11 70 40 79
24 30 35 62
1 21 20 58
26 82 38 85
11 12 41 45
10 84 15 85
17 66 32 84
5 80 32 83
6 38 13 49
31 73 37 80
31 38 36 63
3 12 9 43
29 21 38 51
11 25 38 31
38 41 38 80
2 47 14 59
13 39 23 55
41 53 41 76
12 48 39 80
4 1 7 77
11 1 32 56
40 55 40 61
20 37 37 79
36 79 38 79
7 10 39 73
30 3 33 33
32 20 41 36
9 36 24 43
28 62 29 69
8 1 40 1
22 6 41 45
26 9 28 20
34 64 41 83
18 36 19 74
3 11 29 63
36 12 41 41
41 7 41 48
15 71 34 71
17 14 40 36
35 12 35 39
17 10 22 29
19 20 32 46
26 38 38 62
4 12 41 31
23 32 32 63
38 32 39 33
35 15 40 83
25 83 30 83
32 46 34 48
7 66 30 79
11 73 36 73
21 72 35 77
26 67 34 71
9 33 38 36
10 81 35 82
4 57 14 74
14 83 36 85
35 18 37 37
33 23 37 34
33 53 40 56
22 3 25 21
20 22 37 67
10 36 23 79
32 3 39 72
31 70 31 80
7 1 20 33
34 11 34 17
2 75 31 79
10 56 41 73
40 4 41 64
6 46 35 57
28 61 39 83
1 70 5 77
32 19 39 32
23 71 34 76
35 60 37 80
12 51 41 68
9 14 10 36
41 55 41 85
2 84 30 85
32 46 39 61
20 56 33 61
15 27 16 84
8 20 20 44
15 56 38 65
23 28 24 48
35 23 39 42
2 48 15 59
4 13 24 50
30 35 34 81
32 59 35 70
7 50 12 76
38 30 41 42
5 44 21 63
27 62 28 64
37 21 41 42
11 5 39 44
18 69 26 73
38 8 38 81
26 38 34 50
38 11 39 62
2 1 31 73
23 6 25 9
28 79 32 82
29 34 34 76
33 16 39 32
30 51 40 84
39 22 40 50
7 79 23 82
32 17 39 43
19 50 23 81
10 75 32 85
2 46 40 61
23 50 26 71
18 28 19 84
21 3 34 43
27 15 39 45
24 74 24 85
9 69 24 83
36 63 38 67
14 58 32 82
18 15 30 18
22 1 24 15
37 29 41 79
28 11 28 58
1 66 12 79
9 39 41 45
41 36 41 38
38 65 38 65
8 79 25 85
21 39 26 57
34 73 41 81
32 5 32 62
24 15 41 23
13 11 35 11
36 22 39 57
19 61 23 62
22 50 26 65
17 34 28 39
11 5 22 19
12 73 15 76
35 8 36 56
22 77 32 83
30 72 35 83
4 11 7 75
31 8 34 19
4 42 18 58
29 4 40 25
19 5 31 77
1 9 15 33
15 35 27 83
27 25 31 54
40 23 40 51
32 41 33 56
19 56 20 56
36 1 37 34
20 45 22 62
21 37 26 69
14 11 35 31
38 32 41 51
21 41 31 53
26 79 33 84
18 65 34 75
5 28 11 77
33 32 41 36
10 85 11 85
1 13 28 30
35 8 38 84
22 42 36 64
11 75 21 80
20 6 34 50
41 17 41 30
27 74 40 78
5 52 21 52
29 29 29 84
26 38 33 62
13 85 27 85
37 33 38 58
38 29 40 32
35 42 36 65
7 48 33 72
23 33 28 76
9 68 30 74
23 72 28 85
17 26 22 77
18 84 27 84
34 3 38 46
39 66 41 74
4 81 38 82
32 19 37 79
29 63 30 78
3 48 7 48
23 51 39 82
40 26 40 35
18 46 34 63
21 65 34 80
4 73 41 82
10 29 18 47
40 20 40 20
24 81 30 83
30 72 40 81
9 12 26 38
15 57 31 71
11 9 37 64
25 35 37 84
8 52 20 68
29 27 41 56
17 56 17 61
40 28 40 63
5 73 39 85
25 16 41 27
16 54 35 80
1 10 36 85
18 29 22 84
17 48 41 56
3 44 7 45
20 68 34 82
20 17 34 65
37 85 40 85
22 37 39 63
10 43 27 48
31 64 35 72
39 70 40 70
27 7 31 47
30 65 30 79
2 80 32 82
40 42 40 57
41 70 41 80
15 13 21 69
7 14 37 14
12 51 22 61
25 60 40 84
21 72 37 79
6 81 9 82
5 38 10 76
22 46 25 60
20 34 24 58
40 52 41 81
5 5 8 74
4 32 29 32
31 32 39 34
41 5 41 17
31 51 31 76
29 53 29 69
9 16 29 19
5 24 24 38
5 57 33 70
11 5 38 73
13 40 39 62
17 81 26 81
7 24 33 56
30 74 40 79
18 49 23 53
13 2 21 10
18 34 28 61
14 19 30 40
19 36 32 46
17 60 25 84
3 68 7 73
20 28 40 79
41 19 41 30
5 26 25 79
41 52 41 55
35 41 38 75
33 40 34 76
36 40 40 41
35 31 40 80
40 9 41 35
19 21 29 70
39 56 41 83
10 48 11 62
9 30 13 85
35 34 41 68
28 22 28 40
35 49 37 73
2 9 15 65
1 76 5 82
15 27 32 72
19 1 32 72
24 53 32 77
14 17 21 21
33 30 40 42
36 56 36 63
35 44 39 63
40 61 40 64
20 73 24 82
27 2 36 61
4 76 24 79
37 27 41 52
27 74 41 74
1 67 18 67
16 32 23 53
32 36 37 69
12 20 22 28
34 22 37 80
7 59 16 62
33 8 35 62
28 77 40 84
16 4 31 31
25 65 32 79
5 70 41 70
17 1 25 46
28 44 28 48
12 67 40 72
41 61 41 72
29 73 31 83
27 29 38 43
8 17 13 75
12 38 41 39
36 23 36 54
25 27 29 51
23 38 24 85
4 42 15 67
13 69 30 81
31 23 33 56
19 37 31 58
8 63 38 82
39 84 39 85
15 64 40 78
24 54 30 68
20 40 25 67
3 52 29 70
30 27 39 68
20 60 39 64
24 37 38 66
32 66 38 84
28 16 28 66
9 44 15 70
16 44 24 78
27 44 31 45
13 26 33 80
40 68 40 68
11 40 11 76
7 42 28 47
37 36 41 81
22 18 36 71
33 59 36 84
32 41 41 75
36 44 36 73
26 81 36 81
2 10 40 10
16 15 32 75
4 19 11 78
15 24 17 63
6 2 33 49
30 50 34 60
23 65 24 72
28 65 38 65
41 57 41 85
32 42 40 45
33 51 34 62
8 16 37 75
29 59 37 81
24 9 36 26
27 25 34 48
2 69 40 76
9 69 20 76
23 71 29 81
13 11 18 30
15 32 36 54
28 81 32 82
7 54 16 80
2 61 29 77
14 24 36 84
26 46 40 79
31 48 36 72
23 46 31 73
9 12 18 22
14 21 39 37
31 35 38 44
24 42 32 53
39 33 40 84
39 72 41 83
8 77 18 80
12 22 34 80
40 36 40 63
30 60 31 73
30 16 30 31
4 58 5 78
2 60 15 65
35 66 40 67
26 71 29 82
15 13 22 21
15 33 24 38
27 50 31 70
31 33 34 59
34 23 39 37
11 32 30 71
36 38 39 56
39 67 40 70
22 85 37 85
3 44 7 76
26 4 31 71
22 53 22 74
8 83 38 84
33 59 33 69
28 73 30 80
39 26 40 82
18 30 33 50
21 36 33 65
40 66 41 71
4 50 12 50
30 42 30 85
33 42 41 46
12 10 17 16
2 83 22 83
4 25 20 44
28 55 39 78
17 3 39 40
19 83 36 84
3 5 30 60
39 8 40 38
37 45 37 76
29 70 33 77
19 41 25 56
7 64 9 67
8 47 39 73
30 82 33 83
8 22 19 56
15 28 35 71
21 49 41 58
19 41 36 78
18 70 40 73
40 81 40 82
30 29 31 37
24 36 28 47
14 2 15 17
8 69 39 81
29 16 34 61
25 33 26 73
30 55 41 58
37 27 41 70
23 22 28 24
5 17 13 62
21 51 22 58
25 62 33 77
30 47 30 74
38 59 40 70
23 52 35 61
7 64 38 73
3 59 3 66
8 50 19 80
8 72 35 80
40 67 41 75
15 14 19 59
13 55 30 61
30 57 34 65
30 78 31 80
24 22 40 40
5 64 31 85
39 82 41 82
7 65 39 81
12 67 40 78
13 67 40 68
14 20 39 28
32 36 32 76
2 23 11 60
22 43 31 45
26 81 40 84
7 22 14 26
16 67 23 81
36 14 40 18
6 80 36 83
23 45 40 82
21 20 38 74
13 6 31 38
32 55 41 85
38 43 39 83
39 72 41 75
28 51 36 57
40 33 41 35
10 12 22 69
32 46 35 60
30 40 36 65
10 37 30 76
7 24 28 29
21 52 37 74
27 31 37 39
8 69 8 75
40 18 40 35
18 58 29 58
10 53 12 72
7 49 29 75
29 43 39 76
31 4 35 16
14 5 38 25
5 6 31 6
2 83 11 83
4 19 31 75
30 79 37 85
38 50 41 79
24 43 37 75
34 35 41 48
33 84 36 85
31 1 34 33
27 51 31 70
35 65 36 78
18 58 32 74
16 28 31 29
40 16 40 34
8 71 17 81
6 84 24 84
18 56 40 82
14 56 21 69
9 9 33 12
18 32 28 77
3 59 24 84
28 11 34 78
41 3 41 52
7 32 40 54
22 85 41 85
36 9 40 59
20 53 24 81
17 70 38 82
21 34 26 46
13 53 15 56
15 57 25 81
38 10 38 69
25 19 32 30
26 82 28 82
2 41 31 47
15 24 40 49
21 82 33 82
4 69 31 69
23 66 34 69
16 82 23 85
1 33 35 43
2 42 17 49
31 33 32 45
14 62 40 75
17 58 29 60
26 7 29 20
19 36 28 57
2 33 38 37
19 75 39 81
34 56 40 59
40 47 40 70
10 74 25 76
11 76 15 77
17 42 19 68
11 70 13 72
8 3 35 73
37 70 41 84
24 56 38 67
41 6 41 7
25 52 34 62
36 68 39 80
22 28 41 51
10 24 22 42
1 70 3 74
20 65 36 83
30 37 33 41
22 66 35 67
24 59 26 72
39 63 40 79
26 72 30 73
25 49 30 63
6 62 6 67
9 74 10 77
24 6 24 34
21 68 24 76
21 8 36 85
36 43 39 58
5 45 34 64
37 53 41 75
37 3 41 49
39 30 40 66
3 12 7 55
6 64 38 77
34 28 41 53
3 69 31 70
3 11 11 77
30 9 35 14
18 36 26 67
23 34 23 67
32 55 32 69
28 33 28 83
17 10 35 79
17 14 40 38
41 53 41 85
30 35 39 52
11 84 33 84
26 34 29 39
24 25 41 39
10 58 27 59
28 76 39 85
21 31 22 65
35 47 38 75
6 41 20 53
16 49 17 49
39 85 40 85
36 53 38 66
27 13 35 17
18 68 27 81
12 84 27 84
38 21 38 37
24 48 29 75
11 84 13 84
15 65 37 77
15 41 25 54
26 15 32 31
6 35 14 54
36 8 37 64
9 70 20 77
39 62 41 84
27 9 29 81
4 73 12 81
3 40 28 41
11 20 28 27
9 77 36 79
6 46 16 56
31 56 34 70
39 76 39 78
3 38 15 63
14 35 40 41
25 57 27 73
9 63 19 66
12 13 33 26
13 76 16 82
23 22 39 58
10 55 11 59
33 31 39 79
5 10 20 76
30 68 36 80
2 12 6 16
20 50 38 75
6 49 41 62
3 85 14 85
1 39 31 49
13 81 31 81
21 60 39 81
17 13 24 83
40 3 40 47
5 51 13 62
33 76 37 77
41 85 41 85
6 65 35 65
26 82 36 83
24 28 28 64
22 16 41 74
21 1 25 51
35 41 41 82
29 82 41 82
2 27 21 51
22 81 22 85
15 42 20 72
15 27 21 85
25 84 37 84
27 35 30 48
20 23 36 25
9 57 23 80
24 52 30 83
33 17 36 27
29 14 32 40
17 24 38 79
3 12 19 71
28 46 28 68
31 76 31 84
28 7 41 67
23 77 35 84
40 11 40 48
22 40 26 82
5 55 31 65
9 58 25 71
26 58 40 70
13 57 19 80
28 67 41 81
31 13 39 52
9 45 31 82
21 66 34 83
11 37 21 72
40 83 41 83
9 35 37 67
36 69 41 82
16 10 38 19
18 17 31 38
4 13 31 83
12 39 30 61
17 15 17 17
2 77 22 78
1 47 1 59
1 10 20 53
13 10 18 44
36 46 41 59
3 20 14 64
41 48 41 82
12 69 34 83
17 55 24 68
7 11 22 30
19 64 22 70
12 51 13 73
17 12 26 31
22 2 25 61
14 63 40 81
26 76 40 82
12 6 14 53
27 7 40 31
32 16 35 84
4 25 8 33
19 75 19 75
30 4 32 9
33 13 37 49
22 29 31 57
21 60 27 74
13 39 40 81
14 19 30 30
6 17 36 47
11 53 30 77
15 79 32 84
2 53 2 57
14 18 35 61
19 77 31 79
5 37 25 42
15 53 30 77
4 83 33 84
38 34 41 62
25 71 38 75
26 29 31 66
1 27 30 53
23 55 25 82
8 22 8 26
32 40 40 60
11 50 19 56
10 68 21 83
27 13 29 58
20 24 38 53
24 21 32 27
16 28 20 29
28 34 41 65
18 8 23 63
18 75 23 85
31 72 33 77
5 5 33 31
8 8 9 26
5 17 7 68
37 30 38 83
23 36 26 77
35 46 38 74
19 82 35 83
24 50 37 68
32 42 40 81
12 65 30 66
13 26 24 41
39 21 40 21
34 21 34 25
22 65 37 69
30 52 30 84
14 71 21 74
11 48 20 84
16 30 36 50
38 11 41 51
3 34 35 68
21 24 41 84
30 42 32 45
38 67 38 80
19 38 37 84
1 12 10 25
16 26 26 28
39 66 39 77
32 45 37 51
22 45 41 78
22 5 28 59
16 83 18 85
28 68 40 73
16 48 17 61
23 82 36 82
2 58 38 72
28 48 32 50
18 76 35 78
22 39 37 83
19 26 41 73
24 29 32 77
34 44 35 66
15 60 29 83
4 80 31 84
24 77 24 79
7 50 35 53
30 8 40 57
10 49 39 62
27 28 32 69
1 82 6 82
14 6 17 63
41 72 41 85
1 9 17 11
7 8 37 61
18 37 19 48
23 69 37 81
38 9 39 76
7 62 21 66
38 65 38 73
28 83 29 83
31 24 38 55
15 77 15 78
13 7 31 82
25 38 41 70
7 6 7 12
29 65 35 80
17 1 31 23
2 36 8 63
13 56 28 81
20 63 32 81
25 14 26 74
10 54 12 71
38 70 38 71
25 80 37 81
41 58 41 60
13 20 23 42
15 16 31 52
30 41 30 66
2 59 26 59
23 56 23 64
23 17 41 71
28 44 31 65
26 11 30 73
22 29 36 35
20 22 24 58
8 57 41 65
25 52 26 65
10 1 14 43
19 20 34 81
32 63 39 73
11 77 39 79
38 20 38 24
13 57 17 63
1 62 3 70
4 83 27 84
10 50 21 83
27 53 31 63
39 51 40 68
4 26 40 74
5 54 15 62
9 6 39 52
2 10 21 83
10 63 12 74
41 81 41 85
11 15 16 73
13 8 23 68
30 43 34 85
15 81 17 85
40 12 40 50
39 74 40 84
7 17 28 71
15 70 24 71
22 52 36 72
39 63 39 64
18 62 27 79
28 20 40 28
26 73 28 85
13 2 35 84
7 45 32 50
28 12 32 51
20 28 40 63
11 11 27 52
9 54 41 73
31 28 36 68
24 70 25 83
23 27 36 63
5 71 32 75
2 54 12 59
26 81 33 83
14 63 26 84
17 71 31 81
25 42 26 82
21 32 41 61
26 83 31 84
34 60 38 71
19 28 21 81
16 66 26 82
5 13 37 63
21 76 34 85
28 85 37 85
7 10 25 66
34 7 41 55
17 70 24 85
8 64 35 71
17 4 20 43
27 50 30 69
9 17 12 31
26 78 35 79
9 63 22 85
36 53 40 67
15 69 16 78
30 19 34 67
2 65 5 76
26 80 29 85
41 16 41 47
38 32 39 52
15 79 38 84
6 12 9 25
5 50 13 54
18 28 31 82
24 14 41 33
7 7 26 49
31 78 40 81
32 17 33 54
11 71 39 72
13 4 33 37
35 41 36 80
25 32 28 37
27 58 36 72
25 56 40 59
18 11 38 84
8 32 35 79
8 16 27 28
9 74 28 75
26 71 30 82
41 68 41 78
26 74 35 81
11 42 27 59
20 43 27 84
41 1 41 49
12 14 34 49
40 49 41 58
25 30 27 70
30 52 36 55
36 37 36 48
41 23 41 41
8 42 28 74
39 37 40 56
20 13 31 61
14 76 39 77
33 83 34 85
33 23 37 48
11 79 18 84
20 62 29 66
4 23 11 39
18 39 30 53
9 70 31 81
40 71 41 71
39 82 41 84
28 29 33 74
11 20 18 33
6 39 26 62
24 83 26 83
39 65 39 67
30 23 40 84
31 82 33 83
6 45 40 85
15 84 17 85
9 19 38 63
18 34 22 57
32 63 34 79
36 36 37 76
29 25 39 25
11 41 39 58
15 15 26 70
25 2 27 75
14 54 38 61
26 78 40 78
11 18 37 49
41 34 41 67
5 17 19 85
22 33 28 58
41 1 41 13
30 7 33 44
17 46 21 62
25 46 31 78
35 41 35 74
35 40 38 50
18 76 23 76
28 59 30 68
20 83 20 85
7 42 7 56
12 31 14 75
12 69 31 77
25 52 35 82
19 40 24 44
38 1 41 64
31 35 37 56
5 68 8 76
2 9 18 14
19 9 27 55
3 58 18 63
34 47 39 50
15 25 24 56
31 12 33 27
36 1 39 11
24 83 36 85
5 36 14 47
27 59 30 85
34 15 36 36
27 25 30 85
39 7 40 22
2 65 25 65
33 51 35 66
22 3 35 81
26 68 32 81
10 31 32 78
5 6 35 30
27 80 34 84
7 84 36 85
6 18 27 35
31 19 39 30
29 62 41 76
3 14 26 22
38 70 39 84
26 66 37 74
14 72 38 80
12 74 31 76
32 27 39 49
7 61 41 61
10 46 29 58
17 6 19 81
33 33 35 44
40 20 41 21
6 68 32 78
9 3 34 11
2 60 39 82
30 26 32 83
8 12 30 59
33 13 34 40
33 28 34 60
26 2 35 4
18 33 20 36
4 14 30 16
3 14 39 78
14 56 20 82
1 15 12 74
28 74 31 76
2 29 34 63
20 55 26 62
17 41 22 80
8 59 17 63
4 12 10 70
2 25 26 80
1 76 22 78
28 24 41 82
35 2 40 66
23 69 35 72
26 72 30 73
35 5 41 81
8 77 34 85
32 28 39 40
32 64 38 81
22 4 28 80
21 62 22 83
4 33 40 41
2 31 21 57
30 70 37 78
41 68 41 85
5 54 34 68
24 66 39 71
11 31 36 79
21 26 40 64
38 84 38 85
5 35 20 50
18 16 30 56
25 55 39 81
10 79 22 83
7 76 31 76
22 64 22 65
8 84 28 84
34 66 40 66
37 24 41 30
6 30 21 82
24 56 34 81
5 8 23 36
31 7 38 52
21 74 26 78
40 8 40 59
37 58 41 84
14 74 26 74
19 61 39 72
1 23 17 53
38 46 41 58
27 81 28 84
31 31 39 55
8 13 36 49
38 83 40 85
8 28 18 77
37 50 40 79
21 17 21 72
18 20 38 57
21 49 31 78
7 85 40 85
40 22 41 83
39 21 41 84
26 85 28 85
37 11 40 46
20 83 29 85
21 31 21 55
29 76 37 79
7 27 16 56
10 80 34 84
6 61 25 67
35 74 35 84
36 60 36 79
22 76 36 80
12 11 20 21
26 69 40 70
13 39 34 56
28 76 29 77
21 5 33 83
32 49 34 79
22 59 31 76
33 53 38 75
4 55 6 62
14 20 21 24
32 5 35 38
3 1 38 66
13 69 31 80
28 71 31 75
31 45 33 73
32 46 36 51
34 79 38 83
30 1 34 82
38 74 41 79
13 28 19 67
15 46 20 53
3 51 24 80
20 26 38 71
26 4 30 8
27 51 41 82
1 67 4 71
21 75 39 81
4 77 27 81
37 82 41 82
17 13 17 67
25 1 32 20
4 55 28 77
4 12 30 19
13 3 14 37
9 59 25 85
20 82 30 82
9 78 23 83
1 63 10 77
23 36 34 46
38 1 40 28
39 67 40 74
29 62 41 63
34 31 40 76
33 83 41 83
19 58 40 62
36 56 40 59
3 49 25 78
33 72 41 78
31 48 38 84
18 16 38 38
10 48 39 76
22 11 23 78
21 60 27 65
8 25 32 78
33 79 41 80
28 14 38 54
12 39 18 45
30 77 30 85
8 17 36 41
29 58 34 82
26 17 41 39
2 80 4 83
10 45 17 68
12 28 33 58
13 57 33 83
34 14 39 71
2 65 26 66
16 5 35 40
31 7 31 40
10 42 22 60
28 42 36 46
39 63 39 63
24 45 40 55
4 15 6 58
2 16 5 29
15 49 37 52
7 28 31 54
39 61 41 68
1 81 20 81
35 9 39 28
1 43 39 76
5 33 28 84
31 45 39 64
35 19 39 42
7 62 18 80
7 83 27 85
3 8 11 46
1 16 34 72
31 34 33 60
35 35 36 36
39 1 41 46
26 13 39 75
15 31 41 84
39 69 41 80
18 3 19 43
32 3 41 66
6 49 20 73
20 84 37 84
7 39 32 74
40 59 41 62
2 64 33 75
4 48 38 61
4 57 9 76
7 76 27 76
32 75 40 79
34 67 40 77
23 16 26 48
28 16 35 46
19 1 28 54
19 85 32 85
12 50 33 65
36 52 36 70
39 18 39 55
3 50 22 84
2 42 7 54
17 10 25 18
11 10 32 51
3 23 26 35
21 23 21 48
2 5 16 22
19 49 37 53
23 23 40 24
32 81 34 81
31 22 40 27
41 12 41 19
37 30 41 43
19 26 39 75
40 83 41 85
38 42 39 59
8 66 36 72
28 55 38 67
29 47 32 65
17 41 41 78
32 10 32 14
20 65 37 67
15 65 33 70
6 23 20 80
25 76 36 81
41 12 41 83
8 41 41 45
20 78 24 80
33 13 35 75
16 61 19 83
21 13 27 64
30 53 34 71
9 38 32 45
8 2 13 46
39 70 39 81
11 51 28 74
17 47 40 76
24 29 34 33
7 57 36 69
24 68 29 77
15 65 40 73
6 10 13 62
37 5 39 11
40 35 40 62
29 74 35 75
1 10 15 66
29 5 36 75
38 28 38 58
9 19 17 48
15 17 16 84
3 44 23 72
19 59 36 68
1 27 36 27
39 68 40 73
24 43 33 71
15 41 24 60
34 31 41 35
34 7 36 15
11 2 17 57
25 63 38 73
28 80 38 84
14 71 19 72
13 73 17 81
1 21 1 77
31 24 34 41
18 4 32 36
19 65 22 74
23 76 33 81
10 36 36 71
25 46 40 67
17 83 32 85
17 43 36 79
32 82 38 85
17 6 39 63
29 18 29 64
33 25 39 39
28 56 34 64
12 66 32 82
40 70 40 74
26 69 41 75
6 75 25 85
38 12 38 67
4 61 14 66
37 52 40 66
22 32 38 49
23 75 40 80
27 3 37 45
3 66 15 71
18 51 27 74
28 19 29 21
33 13 37 31
29 56 33 61
39 18 41 36
34 15 38 76
1 21 37 43
12 10 22 33
35 9 38 77
16 61 36 69
17 72 33 80
12 76 33 82
19 62 41 75
18 44 27 70
30 35 34 85
38 28 41 84
11 67 24 74
28 66 35 72
19 37 24 78
19 52 27 57
34 71 39 73
30 50 34 81
28 33 30 38
16 78 24 79
10 72 14 73
37 44 41 85
21 81 32 82
22 29 22 72
4 77 20 78
34 25 41 81
40 41 41 77
27 67 40 71
41 49 41 84
29 38 35 82
30 8 40 22
17 70 21 75
2 81 6 81
5 19 38 44
32 23 39 33
31 30 35 42
7 10 35 73
4 52 8 52
13 38 19 80
10 45 41 67
14 5 28 32
37 21 37 46
35 2 35 38
36 52 41 62
18 75 29 81
29 19 34 78
31 3 35 20
13 38 21 39
19 73 28 84
18 73 39 85
23 54 24 68
31 82 40 82
2 5 4 13
17 80 32 83
34 25 37 40
28 72 38 83
24 5 30 29
1 77 36 85
8 67 28 74
3 8 15 18
22 71 36 72
31 75 38 78
32 32 36 78
36 29 41 72
16 66 19 79
29 62 34 64
33 66 37 79
2 46 13 78
29 59 30 67
29 49 40 71
26 33 28 60
39 35 41 60
35 24 37 75
23 15 36 48
18 69 32 73
26 22 29 26
24 22 31 25
17 66 38 74
22 78 29 81
7 8 14 42
2 8 25 20
2 35 9 62
34 2 34 55
1 44 11 64
37 37 41 37
21 56 41 65
24 83 24 84
23 36 31 44
3 1 32 3
1 22 4 41
22 61 29 70
5 57 7 81
6 40 39 81
35 25 35 27
16 33 32 63
18 70 28 75
25 32 40 55
21 61 21 70
9 1 37 60
39 29 40 35
31 31 36 50
33 66 37 82
12 84 21 85
20 13 29 70
32 78 36 84
41 46 41 61
36 65 36 82
11 78 24 79
3 20 29 30
15 64 35 67
39 46 39 50
21 8 26 72
13 20 29 63
37 48 39 59
34 55 39 66
9 37 35 75
39 24 40 80
7 33 34 61
13 39 24 46
2 21 14 42
39 75 41 83
12 1 15 76
19 17 23 36
19 37 33 59
1 9 12 84
24 60 40 69
18 72 39 73
39 28 39 29
10 13 17 31
10 38 37 71
29 6 35 73
27 42 33 84
12 77 15 78
34 17 34 33
11 38 15 66
15 51 38 73
39 30 39 78
19 45 21 59
36 2 37 48
31 76 36 83
4 76 16 83
3 81 7 82
33 1 36 28
21 16 38 42
23 34 40 45
6 58 28 83
11 30 31 57
37 34 41 82
8 33 20 63
6 44 39 81
15 76 27 79
30 28 36 32
40 68 40 77
36 79 38 84
29 2 32 66
5 56 21 79
35 38 35 76
10 67 31 78
32 68 35 72
37 35 39 35
7 41 29 78
4 38 40 44
22 3 26 75
5 59 32 76
30 57 37 60
38 57 40 78
36 45 40 67
36 6 36 64
18 8 20 19
34 16 38 74
15 54 20 54
28 52 38 79
39 54 39 61
18 6 35 40
41 82 41 83
29 30 33 72
20 43 22 49
3 50 29 74
19 41 37 44
20 31 24 83
6 78 30 82
37 36 41 37
19 60 30 69
11 85 40 85
27 34 41 72
32 40 38 76
12 63 19 84
3 49 27 54
27 63 32 79
15 80 29 80
36 53 39 62
20 11 27 21
8 85 39 85
2 1 32 40
25 68 26 81
29 21 40 64
16 25 20 39
27 27 34 62
25 31 32 45
31 50 34 79
20 42 30 84
15 36 19 56
28 18 33 24
18 18 28 64
32 19 37 38
28 27 36 54
25 56 31 75
38 67 41 78
25 35 33 43
6 11 7 21
8 14 25 83
18 45 33 60
13 42 19 44
5 51 9 78
15 79 34 84
14 45 15 80
20 24 32 31
22 14 33 67
37 56 37 72
14 30 27 33
32 66 37 74
6 19 25 61
18 48 26 77
34 39 37 63
13 75 32 85
28 16 30 21
41 61 41 68
41 83 41 83
39 4 40 19
6 9 40 61
41 54 41 57
39 16 40 32
6 7 12 72
6 7 36 21
16 75 27 83
34 40 38 84
24 54 38 67
32 65 39 70
32 34 36 52
18 79 38 83
41 65 41 68
35 16 39 37
31 49 39 61
2 80 32 81
7 17 33 65
14 11 39 24
13 79 40 80
41 37 41 74
6 49 34 60
41 63 41 83
12 28 20 74
5 44 11 74
2 38 39 69
41 36 41 80
28 57 30 71
27 34 40 70
17 37 17 43
5 65 39 68
28 46 33 61
5 20 38 40
31 73 35 77
36 69 41 70
30 78 40 80
23 6 26 54
32 12 41 13
16 71 40 84
22 71 36 77
6 27 24 84
18 61 32 78
3 43 31 67
5 55 36 80
7 38 33 60
36 14 37 52
24 53 36 65
3 52 35 53
24 80 24 84
12 40 34 81
40 50 41 52
7 58 36 68
25 14 38 55
5 29 34 66
1 42 15 55
32 12 33 24
24 46 24 60
5 55 11 72
40 85 41 85
7 30 21 74
22 77 22 78
40 49 40 69
24 28 39 34
1 31 6 62
15 78 20 79
34 33 35 73
10 3 17 11
39 22 41 44
5 43 9 65
7 62 28 64
7 23 39 34
24 63 35 77
29 77 32 79
41 8 41 70
1 45 11 57
20 31 21 83
30 62 38 73
38 43 38 56
18 27 36 30
6 25 24 78
36 10 37 35
27 21 31 32
35 61 40 67
23 37 32 59
25 83 35 85
9 62 17 67
5 34 35 64
31 62 35 62
32 25 36 67
16 29 40 79
32 11 34 52
16 70 38 77
19 35 41 47
9 31 15 69
11 60 18 63
36 62 38 84
8 83 18 84
28 80 28 80
7 57 12 85
1 60 41 85
17 78 24 80
23 50 33 71
8 72 37 81
14 66 34 76
26 84 28 85
26 57 29 71
16 66 16 69
18 12 35 63
20 75 37 81
29 7 34 83
15 56 32 71
29 64 29 66
7 29 8 69
41 74 41 81
2 63 11 82
8 53 30 84
11 44 15 59
41 65 41 79
7 46 15 84
18 84 31 84
4 8 14 63
17 8 21 85
10 15 25 32
39 55 41 60
27 28 30 30
17 83 27 83
6 36 10 66
11 6 21 25
11 73 39 84
31 43 37 68
14 42 41 85
23 18 32 51
7 63 27 73
30 66 39 74
2 36 30 82
1 20 15 26
2 42 21 73
14 64 38 70
21 15 37 50
6 17 13 27
4 20 35 35
40 48 40 50
40 46 41 67
6 73 32 73
18 71 19 79
15 9 31 53
25 4 26 84
33 33 41 54
23 19 38 53
7 49 37 73
41 56 41 73
26 52 33 60
2 13 10 82
17 37 34 67
37 17 40 37
4 64 33 64
18 7 37 11
37 55 37 58
33 74 38 74
41 60 41 76
13 11 24 73
17 64 28 66
22 46 23 69
1 22 25 30
15 52 23 66
14 45 33 83
14 17 15 75
28 70 35 76
32 5 35 20
4 73 18 74
33 4 38 55
35 64 36 68
35 75 39 82
13 39 35 46
37 75 41 79
32 45 37 57
4 6 16 79
4 12 26 60
25 1 31 59
7 9 36 56
33 40 35 65
6 18 22 77
34 7 40 54
21 46 27 50
29 50 32 78
29 5 40 8
39 36 39 47
37 76 40 78
26 42 39 85
33 27 35 79
32 10 39 47
21 76 26 85
31 27 38 46
15 47 30 73
19 60 24 73
24 62 36 82
17 16 34 47
18 75 19 83
5 71 26 77
18 27 36 83
36 36 41 52
6 29 7 59
4 17 16 62
24 56 36 85
18 51 28 84
39 17 39 68
33 47 33 63
15 35 38 39
8 67 41 71
41 11 41 82
23 51 27 67
31 29 39 38
22 34 40 68
6 21 30 72
16 29 33 31
34 2 39 42
41 79 41 83
33 53 40 62
23 72 35 74
19 11 20 37
33 81 40 83
15 40 24 57
28 1 39 45
9 60 35 76
28 44 34 82
32 78 34 81
33 16 38 38
2 84 37 85
40 25 40 30
33 4 33 18
20 25 40 39
10 48 39 68
7 46 20 85
14 30 15 56
12 30 27 53
14 31 26 50
9 35 10 39
27 1 38 36
5 43 20 51
24 21 33 41
4 6 22 24
20 53 29 75
6 77 28 80
22 32 33 63
7 47 11 63
32 64 40 81
3 45 11 54
37 3 37 53
13 12 34 26
31 32 33 38
29 50 33 78
28 74 34 81
17 64 20 67
22 65 24 69
13 16 17 50
30 60 37 83
3 74 13 75
22 7 40 53
13 43 40 80
11 73 29 83
35 24 41 34
30 46 31 53
27 38 32 65
7 74 13 78
34 85 37 85
31 73 36 75
15 17 24 81
8 34 10 60
33 6 41 53
32 45 36 46
35 57 41 83
23 80 30 81
9 20 36 69
3 9 27 68
19 1 27 38
16 18 25 34
1 28 4 35
14 61 14 76
26 35 36 48
21 74 32 82
41 53 41 73
22 10 23 79
37 85 40 85
7 75 9 79
31 60 31 69
4 79 5 85
35 42 41 67
35 69 38 70
24 7 37 54
27 37 27 44
21 1 37 69
36 12 36 58
1 59 15 59
19 50 29 52
36 8 39 68
14 6 26 28
12 51 31 65
9 9 37 72
9 31 35 38
17 72 23 82
41 5 41 19
10 21 39 23
40 40 41 46
7 7 9 30
12 79 29 81
13 85 24 85
5 11 21 20
4 5 28 24
33 81 39 82
7 22 34 24
36 76 37 81
21 7 36 22
39 8 39 13
24 19 34 21
34 9 36 40
24 21 28 37
6 48 9 73
19 72 38 76
12 49 26 64
36 28 37 79
15 70 33 76
22 2 35 34
5 73 13 80
18 50 39 52
17 52 20 56
41 12 41 64
19 29 27 82
19 3 35 41
14 17 17 35
12 17 27 41
25 35 30 46
22 78 27 85
33 6 40 10
19 47 31 58
7 30 30 75
10 29 22 71
12 8 16 24
21 58 23 61
20 2 36 2
6 72 33 81
9 1 28 15
8 29 20 45
29 84 31 85
24 41 30 62
9 26 26 33
33 7 37 50
15 13 28 55
2 77 32 77
33 53 33 65
22 2 23 48
31 70 39 78
27 85 33 85
14 73 35 75
31 54 39 58
36 4 40 66
36 35 38 57
6 20 30 71
4 40 27 63
20 63 32 65
40 60 40 68
11 82 14 84
38 2 41 21
31 31 36 42
40 75 41 78
34 3 38 11
32 13 39 73
14 67 39 73
6 10 14 64
1 34 29 51
30 35 37 52
33 42 35 51
9 57 28 61
15 81 22 85
26 6 38 14
5 31 30 34
20 15 25 65
30 73 41 75
33 59 36 80
35 6 36 58
16 8 37 41
24 51 37 75
17 44 38 81
7 30 28 84
35 37 39 74
21 44 32 83
11 61 18 62
16 31 38 71
15 23 24 75
21 74 24 84
38 43 39 59
24 61 35 79
38 40 39 66
41 53 41 60
2 62 26 74
41 15 41 74
9 53 31 53
36 53 40 85
11 15 37 68
32 61 38 70
12 77 26 79
21 75 22 80
29 77 38 77
26 42 36 49
5 35 22 68
34 48 36 71
33 35 36 73
4 26 25 84
7 4 28 5
18 23 41 43
11 4 38 29
28 81 37 85
12 36 29 84
15 16 16 40
24 50 37 55
30 8 31 17
34 13 36 64
11 7 11 71
36 30 41 62
38 39 40 48
2 26 21 30
22 35 28 71
11 39 20 75
29 46 41 65
23 65 28 80
39 8 41 17
25 27 40 36
24 66 32 70
27 50 27 62
5 16 36 36
32 47 41 76
39 10 39 85
38 71 39 82
38 71 41 80
12 27 22 37
40 39 40 52
22 8 41 58
4 40 14 54
14 32 22 72
15 19 30 54
10 19 24 64
32 42 39 52
6 21 16 45
35 57 39 71
6 70 39 72
2 51 18 57
19 4 27 45
5 59 15 66
22 48 34 73
7 39 39 82
16 29 25 29
8 22 12 80
33 55 37 76
20 74 34 82
34 65 35 74
21 76 31 82
22 52 26 62
21 38 32 41
35 8 35 29
5 45 38 54
4 69 20 85
20 33 27 58
34 56 38 67
40 39 41 83
17 21 39 70
15 27 23 61
30 18 34 46
21 39 28 78
11 43 33 45
36 60 41 73
14 42 30 76
33 60 37 75
12 12 37 15
22 75 33 84
28 36 36 43
24 16 40 57
12 49 31 49
19 40 34 76
24 75 37 83
10 50 10 76
38 42 40 80
32 6 35 83
40 58 40 83
41 46 41 80
7 27 8 50
32 33 33 52
28 53 39 55
6 73 9 74
35 82 41 84
28 83 28 83
41 53 41 58
17 60 22 74
22 79 36 79
36 3 39 40
22 14 29 29
32 63 35 85
27 6 30 36
27 59 36 85
34 49 35 56
2 9 37 52
5 10 39 65
7 51 38 73
31 63 38 84
4 36 7 85
39 83 40 83
39 17 39 76
25 21 26 74
39 65 39 85
36 24 36 83
14 80 35 82
30 55 32 61
13 80 31 83
10 15 31 60
1 72 36 74
6 1 7 36
16 76 24 85
17 29 22 62
28 55 31 57
7 39 7 51
1 72 15 75
38 71 40 79
15 49 28 52
8 72 25 85
15 7 37 17
6 12 26 34
3 58 8 59
26 55 32 64
22 81 35 81
10 36 35 45
19 57 27 60
8 75 29 75
17 7 29 33
32 9 39 30
14 72 34 74
5 13 8 72
1 18 26 25
14 62 15 75
17 54 24 75
21 40 27 54
25 67 30 83
16 33 26 65
30 13 37 15
19 4 23 42
3 60 40 83
21 58 34 78
9 24 37 25
34 56 39 68
19 62 34 83
14 59 32 69
24 81 24 83
38 39 41 42
16 62 20 67
12 67 18 76
36 69 38 73
11 40 33 45
27 28 32 33
5 64 37 79
17 13 39 82
17 49 34 66
36 9 38 32
40 4 40 66
3 56 5 74
6 38 34 61
14 13 33 43
4 32 26 32
35 1 35 49
27 56 37 63
22 45 24 47
29 50 31 55
24 27 34 43
28 35 40 72
41 73 41 82
39 14 40 18
16 15 24 16
26 74 38 80
21 5 27 20
22 6 27 83
23 79 24 79
29 57 36 64
9 67 33 76
17 71 35 71
15 22 40 23
33 46 40 85
30 59 31 77
16 76 21 78
18 40 36 80
30 42 32 66
31 52 35 60
34 56 41 77
30 80 32 83
25 61 28 68
1 18 31 82
21 71 28 72
14 76 39 81
31 9 34 72
14 53 29 58
11 46 30 65
11 42 17 74
33 66 35 71
10 83 10 85
11 53 17 55
7 61 14 76
16 76 34 80
26 24 26 62
4 63 20 76
29 8 38 72
24 48 35 72
21 38 27 57
37 61 40 67
2 71 26 79
5 60 16 72
4 51 21 55
16 13 20 27
10 3 29 43
8 73 33 74
26 70 31 76
20 21 26 58
7 35 30 79
34 62 37 71
34 41 40 49
21 70 26 70
22 68 25 79
1 67 21 80
14 66 32 74
6 73 40 83
11 80 38 80
41 47 41 65
27 79 28 80
25 35 40 65
22 3 34 67
37 38 40 84
8 64 37 64
10 51 11 65
22 65 24 85
19 73 27 84
27 46 31 49
37 47 38 73
28 82 36 83
8 56 40 76
28 9 40 82
25 82 28 85
8 12 39 61
33 14 33 68
39 5 39 64
32 46 40 79
39 79 41 85
9 25 39 49
3 54 35 70
10 77 21 81
25 20 32 53
36 70 41 85
5 84 12 84
4 25 41 65
32 60 41 81
22 23 32 31
5 27 11 50
5 25 41 32
7 7 41 49
23 82 30 84
20 1 23 27
14 47 32 47
8 66 21 72
2 12 30 19
31 19 33 46
41 49 41 73
18 73 24 74
22 63 41 78
6 31 16 83
19 36 24 36
22 66 31 77
15 28 17 79
14 42 23 64
27 1 40 48
23 40 34 59
15 51 30 72
35 72 36 75
18 67 35 73
7 14 40 20
27 45 32 58
32 82 32 85
30 49 37 57
12 17 17 48
16 16 32 46
26 52 34 65
36 62 36 67
36 31 41 64
13 54 36 80
36 34 39 68
28 2 28 2
11 38 18 57
7 77 36 80
25 79 26 80
12 15 25 64
12 12 33 85
25 27 39 53
16 34 24 55
32 76 34 81
8 60 24 85
38 50 40 62
29 7 38 67
8 37 23 50
21 5 30 25
30 73 34 83
30 28 39 74
26 81 32 83
32 44 35 74
31 63 40 76
14 39 31 68
16 60 40 74
5 6 41 60
31 80 37 82
18 47 21 55
39 77 41 78
7 14 7 30
16 6 24 43
40 23 40 62
14 74 28 79
17 60 38 73
15 52 15 57
25 4 34 20
30 43 37 77
25 36 25 74
12 78 40 81
25 66 34 76
20 64 20 65
19 41 21 64
30 35 34 80
21 32 37 52
8 16 19 65
28 42 35 72
9 80 41 81
17 28 18 50
16 50 38 71
37 67 37 81
17 12 19 31
6 53 39 62
21 27 24 75
6 1 26 61
38 44 40 57
33 24 39 51
12 2 21 18
32 47 38 69
19 55 23 68
19 4 26 51
10 47 27 48
12 61 29 84
8 85 15 85
20 71 23 81
6 3 10 62
19 32 29 72
22 32 33 55
32 28 38 51
38 34 41 72
28 17 31 30
27 33 37 62
13 23 14 57
31 37 31 63
31 37 40 68
11 33 34 75
5 37 23 53
21 70 34 71
28 27 37 58
30 40 33 45
6 72 8 81
13 13 32 14
37 78 39 79
17 59 33 64
40 51 40 62
23 41 27 74
39 63 39 76
29 2 30 61
24 35 33 75
7 40 32 65
35 14 41 30
14 46 31 49
27 38 30 72
6 63 6 83
5 52 10 83
33 71 41 79
2 52 8 62
26 9 40 77
22 64 34 64
25 78 35 79
37 68 38 80
11 85 41 85
20 22 40 45
32 65 33 66
2 54 6 64
14 53 27 78
5 2 38 25
16 14 32 24
2 83 38 85
27 81 37 85
27 15 39 43
28 28 29 40
38 10 41 68
4 66 16 72
13 32 16 35
23 11 41 42
5 65 7 71
1 25 2 68
19 43 36 76
19 1 27 25
9 75 19 78
41 63 41 71
37 85 41 85
16 18 23 36
34 15 39 18
5 19 15 41
9 61 33 66
22 62 28 67
22 32 35 81
13 49 36 69
22 38 27 64
31 54 32 55
34 46 37 66
41 21 41 74
16 31 39 45
41 69 41 82
26 58 34 62
32 77 34 83
11 52 11 64
1 12 7 37
1 83 34 85
29 43 30 80
29 41 37 65
28 23 40 70
6 29 26 37
19 37 26 52
19 50 21 79
20 63 28 77
9 75 40 83
17 39 38 81
1 12 15 56
19 39 28 55
24 38 25 54
17 35 37 61
34 70 36 80
26 48 27 85
6 40 36 79
39 63 41 79
15 52 31 59
41 9 41 11
31 70 32 74
20 46 35 69
34 26 35 60
25 23 37 53
34 8 35 11
28 64 34 67
27 48 29 52
27 23 30 37
18 72 26 80
17 48 28 66
9 80 32 83
31 65 35 74
28 13 33 46
26 19 32 79
37 7 38 77
40 8 40 76
8 30 19 65
12 78 29 81
3 79 30 85
4 31 7 82
20 82 37 84
28 46 37 68
40 47 41 56
3 2 6 50
21 62 26 62
20 10 29 24
40 82 40 83
40 54 41 77
25 43 25 51
37 5 37 69
22 43 36 56
16 21 41 34
35 51 37 82
34 13 37 70
6 34 35 72
29 79 41 85
10 7 36 34
21 18 35 80
33 60 38 73
20 26 41 48
25 47 32 53
20 54 37 63
36 47 41 58
27 38 27 42
18 22 38 54
3 47 15 55
39 58 40 63
6 55 35 62
4 62 18 72
20 34 23 60
17 21 35 41
6 85 36 85
31 26 38 30
19 4 25 49
38 57 38 80
17 85 37 85
38 18 40 54
31 77 38 81
30 31 35 57
31 28 37 52
27 29 34 57
39 1 40 29
17 69 21 72
21 63 41 67
7 27 40 48
19 16 21 50
8 85 36 85
29 10 41 78
16 7 40 52
27 48 29 77
19 80 19 80
20 2 37 54
34 76 38 80
31 71 38 79
22 35 22 35
32 50 40 55
35 62 38 74
34 64 38 85
10 40 23 74
26 28 37 45
25 19 37 53
3 29 31 72
31 78 32 78
33 64 35 69
28 79 40 81
7 35 37 80
40 79 41 83
18 32 33 63
12 50 16 82
17 26 34 51
31 3 31 76
22 59 25 77
26 77 41 78
34 37 34 71
33 47 37 85
3 36 5 44
19 43 35 52
3 37 13 63
7 10 27 56
21 56 31 72
10 61 20 61
30 27 34 69
9 58 37 74
27 36 39 66
41 36 41 42
2 52 9 74
8 65 35 79
8 7 18 78
18 12 31 66
40 75 40 82
29 5 32 67
34 53 36 82
20 66 40 70
33 48 36 59
8 21 12 60
1 29 18 49
4 12 38 39
25 36 25 53
12 31 20 37
37 74 37 79
21 84 21 84
28 67 28 82
27 14 38 29
41 8 41 12
19 84 27 84
40 54 40 54
4 85 4 85
35 85 39 85
31 13 33 47
18 29 38 82
10 45 29 62
36 25 38 58
37 48 39 65
3 15 28 54
3 12 30 51
13 42 20 55
25 72 39 77
19 7 21 17
22 22 41 80
36 26 40 49
41 55 41 67
31 61 33 83
26 32 26 50
27 2 31 71
3 48 36 81
32 19 36 64
6 44 30 70
16 50 25 67
1 41 37 41
2 23 8 80
14 3 16 11
6 67 20 83
23 25 27 64
37 24 38 34
31 80 33 84
26 48 29 51
14 69 27 83
2 46 21 84
34 82 40 85
35 79 37 84
1 59 24 74
39 79 41 85
1 13 32 18
18 50 37 61
28 23 39 54
36 83 41 83
31 27 37 64
33 52 33 57
10 34 14 85
35 54 40 77
6 29 38 78
15 57 28 69
27 9 41 81
18 72 18 85
32 72 32 85
12 9 15 59
39 35 39 60
33 26 37 30
2 2 41 28
37 84 41 85
4 65 39 79
12 47 20 57
23 42 38 54
14 60 39 78
34 19 36 54
8 17 23 82
17 20 22 63
5 36 6 67
33 38 41 75
5 3 39 84
19 48 22 77
40 43 41 80
7 2 9 79
28 23 39 84
8 63 41 75
26 46 32 69
12 39 40 80
40 16 41 41
14 2 27 62
33 48 33 53
5 76 39 77
15 27 22 83
1 75 38 85
39 1 41 24
8 82 19 84
15 51 32 54
22 67 30 76
28 43 37 64
36 72 36 73
38 55 38 77
14 84 19 84
17 7 21 14
34 47 39 64
34 67 41 70
15 74 40 75
31 71 36 83
38 72 38 74
40 35 40 85
35 85 38 85
28 23 35 43
17 29 32 64
24 3 27 70
10 42 16 76
24 27 32 57
16 82 28 84
11 6 27 73
33 17 36 43
9 35 22 44
24 21 38 47
21 39 23 50
34 70 38 81
12 53 40 81
37 23 38 81
36 37 36 68
3 5 14 74
21 19 21 39
39 68 40 72
28 55 37 63
36 80 38 85
3 77 34 82
17 12 22 60
13 75 39 75
22 55 41 59
31 49 32 82
29 58 37 66
18 72 27 85
40 30 41 84
39 6 39 36
1 41 34 74
41 19 41 44
17 66 32 69
6 31 31 65
26 73 36 77
9 41 33 69
41 9 41 21
40 23 40 33
7 24 22 45
14 7 33 85
7 58 38 85
41 79 41 79
37 25 37 84
40 47 40 82
27 7 32 17
20 41 22 64
26 78 27 79
15 40 20 60
10 78 22 84
9 12 17 42
13 72 26 74
24 28 34 77
25 39 32 85
33 43 40 52
11 61 32 83
31 5 41 8
14 19 32 37
26 25 35 47
22 20 26 46
20 47 25 58
19 12 26 74
21 82 40 84
4 32 38 51
11 81 41 82
33 61 41 75
23 23 32 39
30 19 33 62
38 76 38 85
19 82 25 83
2 6 37 44
27 59 27 60
41 13 41 34
28 6 28 61
5 53 21 65
24 65 31 69
5 80 12 80
36 43 36 49
38 18 41 58
11 37 23 42
8 53 21 61
21 69 37 81
10 56 22 59
28 40 37 47
18 72 39 77
9 35 17 77
6 56 10 66
37 59 37 84
13 83 37 84
7 31 23 76
24 13 32 84
27 6 36 13
14 48 19 85
41 39 41 84
18 28 37 75
6 82 8 85
31 28 33 79
11 7 20 76
21 64 38 80
17 2 25 64
26 19 41 25
40 66 41 69
27 60 31 67
38 73 41 73
34 64 36 68
25 81 30 83
33 38 38 52
25 67 31 81
14 59 36 76
4 41 27 85
23 31 38 49
25 76 26 81
35 27 37 61
21 44 25 49
40 5 40 40
22 55 41 60
27 57 33 63
38 61 38 71
37 58 40 75
12 33 12 57
34 69 37 72
31 65 39 68
26 16 41 52
29 23 40 58
30 43 30 76
26 9 38 46
12 7 29 52
1 52 12 65
32 4 33 83
8 60 13 79
25 31 29 79
31 69 36 69
4 42 30 73
24 76 41 79
16 1 34 8
17 77 41 80
24 34 38 83
23 15 34 35
19 14 25 44
1 5 10 37
3 42 35 50
18 25 18 57
40 36 40 75
22 81 23 82
17 57 36 62
25 52 27 70
27 20 27 74
14 3 32 33
25 83 26 85
34 71 37 77
6 40 31 42
34 72 35 81
12 6 37 85
6 45 27 63
35 48 39 59
8 19 29 75
7 29 28 36
5 76 31 80
32 71 36 73
41 41 41 81
17 69 34 69
10 5 37 29
30 31 31 72
10 76 31 85
8 23 36 44
6 33 33 84
26 8 34 57
14 32 23 74
21 16 25 51
11 68 26 76
19 39 33 61
39 21 41 26
41 66 41 73
40 41 40 52
32 22 35 37
27 34 40 75
40 46 41 72
14 47 32 60
4 85 4 85
13 72 17 80
15 67 41 85
11 48 38 85
12 42 12 54
3 64 24 64
21 9 28 38
29 66 31 67
39 51 39 64
25 44 30 45
41 84 41 84
1 61 29 85
17 33 31 61
19 42 41 57
36 20 36 48
29 60 31 77
29 65 39 77
7 7 20 14
21 11 40 43
9 37 13 45
26 31 39 73
2 22 14 57
9 28 21 74
9 11 13 41
6 30 21 72
40 47 40 84
30 4 33 16
11 71 27 78
32 17 33 71
4 43 7 80
13 40 41 85
22 11 29 50
3 55 24 83
30 41 33 73
27 75 31 84
10 7 41 11
28 23 34 50
18 46 18 75
14 10 20 34
38 8 40 73
29 11 38 11
3 46 23 75
14 63 32 80
23 80 38 81
24 62 35 66
22 84 37 85
39 35 39 66
21 26 32 84
16 28 37 33
1 44 26 70
6 54 38 71
11 76 37 80
28 48 33 54
1 44 11 44
29 10 34 33
35 13 40 15
31 20 33 27
24 12 41 49
29 41 41 85
2 82 2 83
22 3 40 21
28 58 31 66
10 18 39 63
26 42 34 51
37 4 39 82
6 85 40 85
28 24 33 45
14 5 29 38
18 29 27 75
35 26 35 82
18 8 28 34
13 6 26 80
33 62 40 65
21 36 40 60
17 22 34 46
29 44 37 68
33 44 39 78
14 2 15 73
3 33 31 78
13 10 38 47
1 4 27 68
10 16 25 30
8 77 31 78
40 27 40 42
7 63 19 77
14 46 41 71
38 35 41 41
15 54 36 66
29 75 33 75
5 63 34 80
41 36 41 40
32 67 33 84
1 36 14 36
38 34 40 68
18 20 26 50
6 13 12 70
36 81 38 84
30 44 39 85
4 24 22 69
30 45 41 55
9 31 34 58
28 31 38 62
13 77 21 85
4 61 6 84
13 1 17 77
3 7 37 46
30 13 41 66
38 37 38 63
17 7 23 36
24 49 39 84
34 60 39 69
14 1 22 9
29 14 40 63
30 48 33 67
23 10 29 59
17 76 35 83
40 60 40 69
15 58 23 60
36 60 37 70
14 2 17 14
20 76 32 79
3 4 3 62
35 70 36 85
6 41 36 48
17 41 37 52
28 55 38 67
25 64 36 66
25 80 25 80
40 60 40 82
34 30 41 36
6 44 40 63
33 82 39 85
8 42 36 63
15 17 26 70
33 62 33 65
22 49 35 72
11 19 24 60
15 12 19 71
16 33 39 79
2 19 15 62
25 82 34 83
21 74 38 77
34 27 39 51
26 80 29 84
23 56 37 82
41 76 41 81
37 35 41 63
32 40 34 85
26 10 33 18
8 17 37 65
11 44 39 44
17 44 30 70
39 26 40 83
38 65 38 71
35 27 38 75
19 3 27 66
30 66 33 76
26 6 40 80
14 11 19 58
39 6 39 67
