69 30 8041
.X.....X....X.................
.......................X.....X
X.......X...X.........XXX.....
.X......XX.X......X.X...X...X.
............X...X......X......
X..X.....X....X..XX..XX..X...X
..X.........X...X.....X..X....
............X.....X...XX.X....
.....X..........X.............
........X.......X....X........
...XX.X.........XX.......X.X..
.............X.....XX....X....
X.......X......X..X.......XX..
.XX...X..........XX..X..X.X...
.............X.XX........X..X.
.X......X.......X......X......
.....................X..X.....
......X.....X...XX...........X
..X...X.........X.X...........
..X.X..........XX....X......X.
...XX..XX...X....X............
X.X...X........X..........X..X
.X...X..X..X.......X.XX.XX...X
.X........XX............X....X
.X.X.XX.X.X.X.....X...........
....X..XXX...................X
X...XX............X.X......X..
...X...X.X..............X...X.
...XX.X.........X.............
.XXX..X............X.X.X......
...X........XX...X..X.XX..X...
X....XXX....X.........X..X.X..
......XX.XX.X.................
..X...............X..X.X....X.
.....X........................
......X..X..X............X....
............X....X......X.X.X.
..X.................X...X..X.X
..X..........X.......X.XX....X
.....................X........
X.....S.............X.X.......
..X.......X........XXX......X.
..X.........X....XX.....X.X.XX
X...XX...X..XX...X...XX...XX..
....X......X....X.XXX...X...X.
.......XX..........X....X...X.
..XX..........X..X..X.......X.
.X.X......X.X.X............XX.
....XX..................X..X..
..X...X...X.X............XXX..
.X.......X......X.XX....X.....
.XX..X.............X..........
..XX........................X.
...X.X..X....X...X....X.......
...X......X..X....X...X.X.....
X...........X..X.........X....
..XX.......X......X........X..
X.......X...X.X..........X.X.X
.XX..XXX.............X.X....X.
....X....X...X.X.......X......
..........X...X.......XX.X..X.
X..........X..X....X...X......
....X.............X....X.XXX..
.X......X..XX.................
....X......X..............X...
.....X..........X.X..XX.......
.......X.....XXX..X...........
XX..X.XX..............X.......
..............X...XX..........
26 27 53 28
30 10 37 10
16 17 42 27
65 13 68 23
69 11 69 29
54 27 63 28
40 7 42 19
52 15 58 25
53 15 64 21
7 13 23 28
55 21 59 25
6 10 34 14
8 22 56 24
38 28 68 29
60 10 63 17
45 12 69 17
44 14 59 27
7 14 52 28
54 12 69 30
59 27 69 27
54 7 61 21
32 24 56 27
50 15 52 20
58 2 60 12
36 8 42 10
30 15 53 25
61 26 65 28
14 12 58 27
5 15 62 26
38 1 49 27
2 1 62 10
54 15 61 17
58 28 58 29
55 12 60 22
22 7 64 17
53 1 62 17
43 12 54 12
52 3 53 29
52 10 53 21
9 21 16 22
11 28 30 30
45 28 46 29
35 6 58 23
60 11 64 21
8 7 37 22
38 27 67 30
39 8 62 19
6 3 20 26
62 4 62 20
30 18 56 24
46 30 57 30
36 20 40 28
66 30 66 30
36 10 60 16
1 17 31 21
20 25 63 29
10 4 64 28
68 19 68 19
28 15 57 15
30 5 50 28
64 5 67 9
59 23 61 27
29 26 54 30
14 26 48 26
16 22 49 24
45 23 69 24
29 27 48 27
34 6 49 21
10 29 24 30
59 16 62 25
31 6 53 27
23 23 46 30
58 2 60 21
33 2 52 19
60 21 63 29
10 19 46 24
14 11 61 24
67 9 69 24
10 3 11 9
10 28 28 29
40 29 47 29
64 12 64 27
60 9 69 14
15 22 57 22
64 15 68 16
50 29 54 30
51 14 53 15
54 17 59 25
57 21 61 28
34 2 58 22
52 2 59 29
14 29 62 29
39 11 55 27
1 8 53 8
12 1 44 13
68 7 68 19
6 19 37 29
56 3 64 27
20 15 53 26
15 14 46 28
32 4 52 13
32 29 56 29
60 4 65 22
24 7 65 22
50 8 58 16
61 27 69 28
66 17 67 18
33 14 54 28
21 27 57 27
61 27 63 30
40 26 59 27
10 27 25 28
29 16 32 17
26 8 36 25
47 29 58 30
3 15 26 15
1 10 8 24
34 4 38 21
15 8 55 25
33 5 63 22
51 1 53 2
57 29 57 30
13 14 27 16
10 2 66 6
3 29 50 29
9 8 17 23
67 29 67 29
63 30 66 30
50 13 50 14
37 27 59 29
25 27 34 28
37 25 37 26
39 7 55 19
21 28 36 29
51 19 60 25
34 17 42 20
3 15 43 28
28 28 30 30
63 16 69 25
68 26 68 28
64 21 69 23
42 10 57 26
66 8 67 14
51 19 60 30
14 10 24 12
38 3 69 6
29 11 54 30
57 27 60 30
11 17 56 19
32 18 34 29
51 26 54 28
54 19 58 20
8 16 43 21
44 2 52 16
55 15 59 26
56 12 62 20
53 19 60 20
39 28 45 29
38 10 61 14
36 28 51 30
63 24 65 26
23 19 43 20
19 19 46 22
47 11 67 30
42 4 63 22
36 28 50 30
62 15 64 22
45 21 58 23
48 9 50 26
47 11 47 11
16 23 53 28
29 5 68 26
35 25 49 27
23 18 41 23
19 23 53 30
63 30 66 30
1 21 16 29
11 13 23 18
63 19 66 26
30 22 64 26
11 21 68 22
6 7 39 23
48 11 50 26
14 25 55 26
51 24 64 29
31 7 45 13
65 22 67 26
57 28 65 30
21 27 39 28
11 11 24 19
17 19 39 24
28 27 32 29
57 5 66 11
39 9 47 16
18 16 36 21
57 10 60 27
28 20 31 30
68 7 68 18
7 29 28 30
39 5 47 9
47 14 56 26
67 3 69 11
53 20 54 24
11 19 49 27
20 19 26 26
57 12 58 14
47 6 47 6
56 17 60 18
31 7 33 18
19 21 54 27
28 17 29 17
68 5 69 22
33 2 63 4
65 28 68 29
29 23 61 24
18 1 37 5
46 16 65 16
20 13 25 22
57 15 65 17
42 11 46 16
57 3 65 24
60 7 68 27
17 15 48 28
60 20 60 23
54 21 65 22
16 10 37 15
20 8 66 27
26 24 46 24
44 23 55 23
68 8 69 20
10 16 38 30
22 29 25 29
57 10 60 21
21 10 51 16
4 19 28 19
3 6 18 13
39 5 67 10
36 26 56 29
50 24 52 26
49 2 49 28
33 8 66 15
41 29 53 29
25 15 32 15
38 7 50 22
65 9 68 29
55 25 59 27
41 5 46 27
30 7 54 15
50 5 53 25
17 18 56 29
11 12 11 19
2 19 30 25
17 14 65 24
19 29 34 29
33 8 36 12
67 3 68 3
65 30 69 30
69 18 69 18
27 28 63 29
29 23 58 23
52 2 66 22
3 10 42 14
19 14 58 22
43 9 48 17
13 14 59 23
23 25 42 26
13 26 24 26
11 28 35 28
31 13 42 27
1 9 8 25
55 17 68 27
55 13 57 17
1 11 45 24
28 19 40 24
47 30 67 30
8 16 29 19
23 8 59 13
15 5 62 28
59 28 67 29
41 9 46 23
3 29 60 29
1 15 1 21
33 4 65 12
22 4 34 24
48 6 49 17
63 3 63 3
64 15 67 15
27 12 66 24
18 12 63 27
4 20 37 26
12 12 13 23
38 27 44 29
23 29 26 30
25 5 66 17
18 30 32 30
25 23 52 28
2 11 15 16
41 30 48 30
63 22 69 27
36 29 66 29
44 9 60 25
64 23 69 23
56 10 66 19
30 2 32 13
24 27 27 29
50 16 54 19
28 30 62 30
30 20 60 22
40 17 59 20
8 26 60 28
53 30 56 30
45 27 62 27
18 28 69 29
24 8 36 20
48 29 62 30
14 28 26 30
46 28 50 29
63 22 65 26
46 19 49 27
16 11 66 26
30 11 68 29
49 14 50 16
3 26 24 29
41 24 53 29
27 6 29 12
11 24 40 28
4 5 41 9
15 19 26 20
22 3 37 28
19 27 46 29
40 27 40 28
22 7 66 30
22 29 42 29
51 3 56 21
13 2 26 6
61 1 67 19
28 18 60 29
14 8 20 8
20 26 30 30
43 13 44 29
7 28 36 28
57 21 61 28
1 20 12 28
52 5 57 24
50 6 69 17
33 15 51 20
53 16 69 17
25 5 27 27
27 2 52 17
47 30 50 30
63 12 69 15
41 2 46 30
61 15 61 28
61 18 66 29
30 5 68 19
68 5 68 16
67 19 69 20
7 21 47 29
47 13 56 28
51 5 56 24
52 18 69 20
68 27 69 28
50 10 62 25
30 3 64 5
40 11 65 18
63 28 69 29
32 11 52 24
1 18 25 20
26 12 45 19
52 12 60 19
51 8 54 16
62 23 62 29
46 23 62 26
48 17 64 17
33 7 49 29
30 27 68 28
14 24 33 28
43 1 57 24
37 29 60 30
64 9 66 18
11 30 44 30
2 14 50 29
12 25 36 26
5 19 38 25
39 10 46 24
65 27 69 29
62 19 66 25
47 15 58 22
41 16 44 23
34 21 38 22
24 1 66 26
50 13 54 24
29 18 52 23
62 18 66 24
35 5 39 14
41 4 42 22
6 13 32 20
53 20 67 22
29 24 43 27
29 3 31 16
31 29 59 30
44 16 49 23
10 24 37 30
25 14 45 27
61 10 61 12
7 8 51 10
35 13 53 20
33 3 35 10
43 19 47 23
1 6 69 29
55 26 59 30
5 6 41 30
53 20 68 22
8 17 16 27
69 21 69 22
62 26 67 26
15 25 43 30
69 11 69 16
49 5 49 7
2 16 64 27
1 13 50 23
25 6 57 18
62 4 63 28
31 14 45 19
43 17 43 27
27 5 59 20
38 12 60 17
34 30 40 30
51 18 58 23
17 22 24 22
58 26 60 27
45 20 59 30
3 23 21 29
18 22 21 25
69 16 69 16
41 26 49 28
40 19 57 25
38 5 57 15
10 13 37 13
68 13 69 20
9 3 29 29
37 29 63 29
64 21 68 29
62 26 66 26
56 20 60 25
46 7 65 19
53 14 65 24
19 9 40 9
39 19 66 28
59 1 64 28
59 7 59 25
47 28 66 28
67 30 69 30
17 29 60 30
34 22 64 29
27 12 45 12
20 25 61 27
43 28 67 28
26 29 40 29
58 5 58 17
42 10 65 17
54 9 69 11
47 5 68 23
38 27 62 30
2 2 47 11
7 5 14 21
63 17 65 28
60 17 61 22
38 18 39 20
9 4 18 24
11 2 40 28
7 15 35 23
67 10 67 12
16 16 49 27
52 15 55 26
19 21 43 24
65 8 65 26
68 5 68 11
36 13 46 13
28 10 44 19
56 26 68 28
51 23 51 29
19 27 42 27
63 11 64 11
16 25 25 28
15 15 43 15
57 8 68 28
23 16 42 26
35 19 48 27
35 27 57 27
16 21 47 22
24 27 58 28
18 24 69 24
32 5 38 5
65 18 66 25
39 20 65 20
27 25 49 28
15 1 27 26
52 7 66 16
57 29 63 30
41 11 67 28
67 16 68 24
18 14 39 14
62 15 66 25
15 30 34 30
34 19 62 28
60 6 62 21
18 3 38 11
12 16 17 29
30 17 39 27
20 25 50 27
36 21 57 24
32 20 67 21
43 15 46 23
39 11 60 25
46 5 67 29
48 8 57 20
32 24 35 24
13 19 20 21
13 8 39 17
16 8 55 16
35 23 38 26
42 14 42 30
49 24 69 24
17 28 22 30
24 15 51 21
15 26 19 26
15 7 67 21
13 21 24 25
32 5 64 26
13 21 37 24
66 16 69 18
32 22 34 24
8 11 13 16
37 24 54 29
23 15 28 15
32 5 34 11
67 29 67 29
38 1 52 28
39 23 50 24
68 4 68 8
13 14 46 21
31 2 64 28
67 4 68 25
8 25 16 25
19 20 41 23
7 12 51 15
68 28 68 28
34 9 35 17
54 11 61 13
5 13 28 21
27 18 38 29
25 24 35 26
68 4 68 27
43 17 59 30
11 10 35 30
43 14 61 29
56 7 63 15
45 27 68 30
40 16 40 24
33 12 65 22
30 13 52 15
56 17 61 20
36 21 64 27
59 21 69 27
49 16 62 19
8 17 13 21
41 15 57 25
64 1 66 12
11 16 32 23
24 14 41 22
19 28 66 28
25 16 50 27
43 14 43 19
8 9 26 18
48 1 63 28
38 14 61 26
18 18 64 18
51 28 52 30
59 12 69 25
48 5 48 16
36 22 47 29
17 5 23 16
31 14 44 20
38 27 54 27
16 7 28 13
12 14 67 21
23 3 62 28
62 26 63 30
46 26 50 30
62 8 65 25
5 9 19 27
38 20 39 25
68 25 68 25
58 23 63 28
14 5 59 15
30 15 62 22
64 18 68 20
34 27 64 28
10 19 42 24
34 11 62 22
49 15 67 16
38 7 42 22
15 22 47 29
19 6 22 17
20 14 61 15
61 13 69 28
16 30 64 30
2 14 6 15
23 22 37 22
45 6 67 26
27 25 60 26
59 26 62 26
21 4 30 10
1 28 50 29
26 16 47 24
68 13 68 27
41 20 62 24
45 3 50 29
8 23 38 27
30 22 56 26
4 8 31 29
4 12 23 15
41 28 42 30
36 3 52 10
65 30 65 30
24 5 37 22
66 24 66 28
17 14 55 25
65 19 67 29
58 7 62 11
57 1 65 14
50 6 58 13
30 8 33 21
15 12 39 13
7 15 66 22
4 5 68 18
59 5 69 29
3 20 46 26
31 27 42 27
1 15 42 22
61 22 61 27
54 2 69 3
25 3 64 8
59 27 67 29
65 9 69 22
28 24 67 25
29 10 64 15
1 10 61 20
37 21 48 28
4 12 20 27
9 20 16 26
46 20 61 30
19 30 21 30
66 1 69 19
31 13 33 22
44 2 53 21
67 12 69 12
48 8 54 28
7 12 41 19
67 13 67 19
45 6 54 16
20 6 51 19
37 15 40 16
19 12 34 27
41 2 69 24
17 10 54 19
57 7 65 11
8 15 18 26
60 13 61 29
19 23 45 27
41 30 45 30
43 25 60 25
37 28 54 30
25 18 44 18
17 6 43 6
28 6 31 13
46 28 62 28
62 4 62 19
6 2 14 8
39 4 47 18
37 5 55 6
50 14 67 24
52 18 54 22
67 30 67 30
34 9 48 19
30 28 59 29
13 24 31 24
48 22 49 25
36 10 53 22
20 16 50 30
1 5 3 26
54 28 66 29
21 22 56 26
19 26 59 28
6 13 47 29
41 5 66 18
50 13 50 19
26 5 38 28
15 12 61 26
63 9 67 26
25 17 45 19
69 3 69 11
18 13 61 15
59 4 64 6
32 9 49 12
18 16 58 23
61 20 66 22
67 13 67 18
29 2 62 17
60 3 61 17
35 14 57 25
66 10 66 25
61 2 68 23
60 3 69 6
2 27 50 27
55 2 55 28
53 29 65 29
6 26 24 27
43 11 65 20
13 15 67 17
18 2 37 9
24 22 33 26
61 15 62 22
3 29 9 30
28 19 39 22
66 6 67 25
54 15 64 25
53 27 57 30
13 20 27 20
36 18 44 19
55 20 69 28
63 29 63 29
62 2 64 21
48 4 49 22
10 6 48 29
12 24 29 26
58 11 59 21
53 27 55 28
41 25 51 26
25 30 42 30
69 19 69 27
62 13 68 19
6 10 49 22
34 23 52 26
26 1 26 1
21 4 38 15
29 9 62 24
7 22 9 23
62 1 62 5
20 9 62 24
2 4 35 8
16 29 29 29
26 6 66 22
17 16 61 19
61 22 69 27
35 10 44 22
30 2 63 11
51 23 62 29
45 9 67 29
59 7 65 28
57 13 67 22
12 19 31 28
53 15 53 17
21 1 53 19
39 4 43 6
8 17 39 20
23 25 36 30
67 7 69 25
48 1 63 1
38 21 55 27
9 14 58 25
69 9 69 24
52 6 61 8
44 15 53 26
1 12 67 20
36 17 60 24
52 26 65 26
68 13 69 30
24 3 42 25
56 8 67 29
1 21 41 21
39 26 44 27
41 11 57 23
51 22 65 30
21 13 65 14
34 24 49 26
3 24 31 27
41 13 52 27
14 3 31 16
55 19 69 20
45 28 63 30
60 22 63 25
20 14 63 15
38 12 47 21
40 25 42 30
66 27 69 28
26 28 58 30
10 21 15 28
13 20 59 24
21 18 22 24
14 5 30 28
9 3 21 13
54 26 60 29
36 16 46 28
3 30 29 30
14 26 50 29
49 26 49 29
23 12 60 30
55 1 62 12
4 16 49 19
42 20 44 22
1 27 44 27
50 2 53 19
36 22 36 25
22 16 48 26
61 10 62 13
21 3 68 17
55 8 65 11
29 11 45 22
63 30 65 30
52 29 63 29
69 19 69 26
69 14 69 18
29 2 69 19
1 30 28 30
43 9 45 28
2 8 42 20
29 29 65 30
34 28 60 30
34 22 54 29
10 7 15 22
9 8 62 13
31 19 55 29
48 23 51 27
43 9 52 11
23 29 69 29
8 25 47 30
25 24 27 25
65 20 65 29
59 4 68 8
43 19 47 25
45 23 62 23
51 22 66 26
19 9 38 12
53 30 55 30
26 21 28 27
2 21 24 21
39 3 51 8
18 19 44 29
29 29 55 29
63 15 65 29
2 1 30 27
34 26 68 30
46 26 54 29
17 28 17 28
44 13 59 23
33 11 47 13
31 27 60 28
23 4 51 24
34 15 54 16
64 21 65 25
49 5 50 21
46 6 66 19
40 7 47 26
37 2 62 16
65 15 66 29
28 5 66 29
30 30 51 30
33 10 54 16
20 24 57 26
41 14 42 14
41 26 46 29
69 28 69 30
11 7 63 30
53 21 60 27
16 7 67 8
6 20 27 28
42 12 54 27
6 22 29 28
18 6 47 18
46 19 65 26
39 15 46 26
40 18 40 20
8 28 32 29
39 7 65 30
43 26 66 30
44 18 50 27
61 25 68 25
15 26 60 26
43 16 61 19
18 19 18 20
36 3 45 9
2 15 46 23
35 13 44 13
39 20 43 28
57 11 60 29
31 30 49 30
38 29 56 29
46 2 55 19
43 23 69 28
42 21 62 27
26 21 36 23
21 18 25 27
8 19 55 26
61 9 67 30
30 30 51 30
23 3 32 20
24 19 39 22
48 25 66 25
46 18 64 22
42 18 49 30
57 26 62 26
54 17 63 18
65 1 65 28
24 25 37 27
66 23 66 28
63 17 68 29
61 4 68 5
33 12 48 24
40 26 65 30
49 1 54 28
59 5 65 6
23 29 65 29
13 25 36 25
51 5 58 19
27 4 63 27
45 11 68 20
28 2 51 8
31 24 55 27
26 20 42 25
28 24 62 26
61 28 66 28
10 9 56 20
47 5 58 23
36 14 38 18
38 5 45 30
25 30 46 30
51 25 64 28
29 8 37 27
61 17 69 25
53 19 57 23
58 25 65 30
6 5 58 13
58 3 66 19
37 20 50 29
25 1 52 30
58 25 60 25
12 28 13 30
52 18 64 24
22 7 23 9
35 16 48 26
68 24 69 29
11 16 11 21
20 8 49 27
2 17 46 20
13 9 15 26
31 2 50 30
67 15 67 24
58 28 69 29
13 19 14 19
36 2 53 7
59 6 61 19
1 13 58 22
62 26 62 30
35 16 50 19
22 1 30 12
18 2 25 26
64 28 69 28
69 9 69 17
8 28 20 29
54 12 65 19
13 27 68 27
20 19 27 29
48 14 63 18
68 22 68 29
52 1 69 24
46 28 55 30
19 9 49 28
45 14 47 16
39 16 51 29
60 23 69 27
42 29 54 30
15 12 35 13
29 12 43 23
6 8 27 14
5 7 69 12
26 12 62 15
21 15 48 26
35 24 54 30
53 1 56 21
58 15 64 23
41 17 69 22
20 29 23 29
22 18 59 23
9 3 58 4
1 25 63 26
10 21 20 30
25 22 51 25
21 20 36 29
5 10 26 21
68 27 68 27
23 21 25 24
31 17 43 28
46 15 63 18
40 8 58 16
27 14 35 28
36 1 39 24
58 16 60 22
37 26 51 26
46 17 56 30
57 22 57 27
56 15 67 22
6 20 33 29
37 15 50 18
3 10 47 23
4 9 62 29
7 21 64 22
4 20 8 25
7 22 11 22
7 4 39 17
52 16 61 21
24 22 50 22
53 28 59 28
64 22 69 26
7 13 10 28
38 4 58 9
24 10 29 10
4 24 41 28
1 13 9 23
45 6 62 11
27 16 33 17
1 29 31 29
52 26 59 26
4 8 50 13
64 5 67 7
66 1 68 22
14 12 27 24
68 17 69 24
2 30 11 30
29 14 41 26
28 20 38 21
17 18 43 19
17 17 68 22
18 6 40 6
43 12 47 19
9 12 59 18
6 22 59 22
50 15 68 21
55 26 58 29
67 26 69 28
66 19 66 28
48 14 58 26
63 4 66 7
7 15 48 23
52 19 59 25
60 18 66 18
61 11 61 18
15 28 34 30
26 30 60 30
27 23 57 23
60 12 67 26
64 18 69 27
47 20 51 27
41 1 42 7
18 7 33 30
65 6 68 10
30 20 63 27
62 7 68 18
13 2 18 18
35 16 49 20
65 15 66 30
5 13 11 22
18 19 32 29
51 2 62 14
13 23 26 28
16 21 42 29
28 17 35 22
11 24 68 25
31 6 63 23
22 28 48 30
9 25 38 29
58 21 63 28
41 5 42 11
15 16 40 16
21 25 51 25
60 17 65 26
66 20 67 26
45 11 46 30
27 3 30 29
56 16 56 24
8 7 61 9
51 22 53 26
19 15 66 15
67 9 68 24
60 20 65 20
5 21 51 27
63 14 66 18
11 25 41 30
52 2 67 12
9 11 15 17
60 30 66 30
46 8 55 22
17 28 58 29
23 14 33 15
14 27 46 29
66 12 69 22
19 4 58 19
12 22 61 27
11 12 67 22
24 8 41 28
1 18 26 29
28 8 42 20
6 2 14 2
62 10 64 16
32 14 44 14
16 8 31 23
64 5 67 28
52 14 61 28
38 19 38 24
13 21 16 21
69 27 69 27
35 25 52 30
28 28 42 28
34 19 60 30
24 2 39 28
22 1 54 21
63 14 66 14
13 22 15 22
51 8 58 12
56 26 64 28
42 20 55 22
54 5 58 5
30 1 53 27
31 23 63 27
42 17 45 23
30 30 68 30
19 7 27 30
38 18 65 30
31 26 33 28
20 7 25 28
56 26 60 29
28 29 40 29
12 10 48 17
35 30 64 30
44 24 47 26
40 13 54 16
19 10 45 20
24 22 54 27
43 9 47 14
43 23 46 26
30 20 64 22
50 26 53 26
45 20 47 27
52 23 67 28
9 14 61 17
58 18 59 19
2 2 35 23
48 23 59 26
67 13 69 27
50 4 68 11
31 3 34 16
63 29 64 30
55 15 59 18
22 27 46 30
19 25 55 29
31 18 59 27
29 4 43 25
46 27 59 29
50 25 57 26
6 12 26 13
56 1 61 11
43 18 66 30
57 29 62 29
65 15 69 28
34 18 69 28
46 13 56 28
45 11 69 28
14 6 31 11
12 9 46 27
25 6 43 26
46 16 53 27
37 25 37 25
25 1 60 10
28 27 52 27
8 24 57 30
56 5 59 10
69 21 69 30
9 3 42 5
69 9 69 16
36 6 44 12
12 13 20 27
50 29 66 29
16 10 32 27
51 26 55 27
25 9 48 21
5 25 44 26
56 1 61 25
56 14 64 21
33 11 42 15
40 23 68 26
52 13 53 17
48 16 50 22
21 27 63 27
32 17 52 21
64 28 68 30
34 19 50 22
25 8 53 8
7 13 64 24
48 2 54 23
17 21 28 22
54 19 58 24
37 20 67 29
37 30 63 30
12 28 31 28
19 18 52 20
69 27 69 30
29 30 49 30
1 15 17 29
33 3 47 4
56 30 61 30
32 10 54 11
2 20 49 24
11 7 50 7
51 17 61 25
32 9 53 29
44 11 50 16
23 16 62 24
50 6 56 17
44 6 49 18
21 17 25 18
58 24 62 26
54 28 62 29
9 22 11 28
46 1 62 27
6 12 15 16
66 20 66 28
11 22 12 28
68 24 69 29
3 24 54 27
47 28 56 28
52 11 53 19
32 29 36 29
37 16 52 25
1 10 23 22
8 20 50 21
32 23 33 25
45 5 54 5
9 30 17 30
68 6 69 29
15 29 41 29
40 18 50 22
5 27 23 27
13 12 58 30
45 8 67 27
47 5 63 12
52 25 68 29
32 16 48 20
10 9 56 19
50 12 59 28
59 30 65 30
41 12 46 24
58 8 64 26
12 11 64 22
49 5 55 8
29 12 31 23
69 15 69 19
2 26 54 29
55 25 62 26
26 1 59 18
8 24 36 28
24 24 26 25
40 22 45 24
30 18 40 27
31 24 43 29
13 24 40 29
24 28 26 28
66 8 69 23
7 1 19 28
12 22 36 27
61 12 61 15
16 8 37 14
29 1 44 9
54 24 59 25
46 14 62 20
19 23 40 25
50 29 51 30
60 19 68 24
1 26 66 28
54 30 55 30
55 12 59 30
10 9 57 11
56 30 67 30
10 24 69 25
29 16 51 26
29 22 64 28
66 5 68 17
39 26 62 26
45 13 51 21
23 3 44 30
32 28 43 30
58 14 67 26
34 16 35 18
52 2 53 30
9 5 53 30
33 26 38 29
15 13 69 24
18 30 18 30
26 14 55 23
7 1 26 24
57 26 62 30
37 11 46 27
20 1 65 13
51 29 54 30
17 26 25 26
68 21 68 23
50 15 69 26
29 28 39 30
45 7 63 29
66 5 67 20
8 6 42 13
34 23 35 26
58 23 59 30
26 7 27 28
30 6 33 12
62 18 68 26
10 5 32 19
33 15 47 24
7 30 9 30
60 26 64 27
1 5 59 16
2 22 24 24
34 9 59 24
12 13 29 26
47 29 60 29
67 22 68 26
44 19 51 30
49 3 69 27
58 16 66 29
36 1 46 25
14 10 21 19
48 23 55 28
25 21 68 26
20 2 53 13
67 16 67 19
36 17 68 21
23 16 32 18
66 21 69 29
31 11 31 20
12 28 25 30
65 7 67 26
48 13 49 23
6 5 24 12
14 18 44 26
59 4 65 9
25 8 58 29
15 12 29 25
65 25 69 27
52 22 54 28
15 24 44 26
43 22 67 29
61 24 64 24
26 11 28 16
37 14 42 30
48 1 62 2
39 1 47 3
53 27 64 27
29 10 42 28
28 15 31 20
24 30 54 30
10 11 27 30
63 3 66 8
7 4 60 6
53 9 60 14
54 11 60 27
64 5 68 20
4 10 51 19
47 1 61 21
33 22 69 22
54 12 58 13
55 2 57 22
36 21 41 26
65 8 68 25
30 11 62 17
31 21 43 28
69 23 69 29
24 17 69 22
35 18 67 24
36 26 63 30
44 19 51 27
19 8 27 16
46 7 68 23
53 27 55 27
48 3 63 14
9 17 28 18
33 27 34 29
36 28 60 29
60 18 60 27
20 19 35 26
54 30 60 30
54 20 61 27
57 27 63 30
61 6 66 22
41 16 67 20
3 3 8 15
55 4 55 13
64 30 66 30
54 18 68 25
54 13 62 15
48 7 62 22
3 2 15 14
68 16 69 18
8 25 12 28
14 26 41 27
32 26 60 27
58 21 58 21
32 12 39 23
5 14 37 22
68 8 69 21
54 1 65 30
17 2 52 3
25 13 67 23
33 7 42 10
10 4 37 5
44 9 48 12
56 13 61 19
63 6 67 25
11 27 66 29
68 21 68 21
45 19 52 29
8 16 46 30
26 18 57 23
43 20 54 23
17 12 57 29
59 18 67 19
23 24 33 27
50 3 65 19
36 2 59 13
51 5 65 6
56 27 65 28
34 13 39 16
67 11 69 28
7 2 63 5
36 25 64 27
60 30 60 30
25 27 52 30
62 10 67 20
35 7 49 21
7 24 59 24
41 16 41 16
39 12 61 27
43 25 45 29
66 18 68 18
64 12 65 27
41 4 54 29
11 15 55 22
62 12 63 16
33 29 60 29
55 12 63 20
54 26 56 28
22 12 57 20
26 27 68 28
55 14 59 24
27 16 46 27
64 15 67 17
30 20 52 20
48 17 61 19
24 25 34 28
22 29 64 30
58 22 64 29
50 19 64 30
58 8 65 22
38 16 68 25
40 30 45 30
13 8 59 16
34 30 61 30
17 11 31 25
32 3 58 15
61 23 63 28
26 17 53 28
15 10 36 18
14 29 39 30
68 19 69 21
37 25 59 30
34 6 68 22
68 26 69 28
66 18 69 25
27 2 61 20
42 19 58 22
46 3 50 4
64 4 65 22
48 30 55 30
63 17 64 23
3 20 52 20
51 20 55 28
66 2 68 7
13 19 37 23
12 11 35 15
63 10 65 21
41 19 45 23
4 7 38 16
58 23 58 28
20 20 36 22
69 21 69 21
52 14 69 25
52 24 55 26
27 9 60 18
52 22 64 24
4 18 19 20
44 22 52 25
17 17 67 27
25 3 65 22
42 15 43 16
3 14 46 26
60 8 63 18
20 6 47 11
46 18 49 22
8 10 52 13
3 3 57 11
64 9 66 20
65 13 66 25
32 1 64 16
10 8 18 25
61 9 64 16
50 12 64 24
69 9 69 20
29 15 59 29
62 16 66 23
22 26 53 29
36 2 52 2
12 7 42 8
43 18 52 25
10 9 37 13
40 7 47 24
60 23 69 29
46 4 54 18
8 5 23 23
14 10 48 14
10 7 15 22
26 29 35 30
40 25 69 26
12 19 12 21
6 25 42 27
54 23 68 30
58 21 65 22
64 29 65 29
57 19 66 28
27 24 41 24
30 14 62 25
16 2 55 23
27 4 40 27
66 30 67 30
39 30 51 30
51 28 59 29
22 4 38 20
38 1 49 16
56 3 68 12
45 6 46 11
18 27 61 27
38 3 51 16
44 28 44 30
44 25 68 30
61 14 66 28
2 14 42 22
48 23 61 29
36 29 48 30
66 9 67 15
25 17 36 28
13 18 23 25
16 24 42 27
27 7 65 8
69 17 69 22
53 22 54 29
35 1 47 6
63 9 69 18
61 25 61 30
2 2 35 9
68 30 69 30
14 20 21 21
6 21 7 22
54 20 54 21
14 19 54 23
50 26 51 30
62 23 67 27
43 18 51 29
18 26 20 30
35 10 51 21
55 2 59 2
67 28 68 29
35 6 62 21
13 7 50 30
19 27 66 30
37 4 40 9
49 9 69 25
48 7 61 22
29 25 58 25
29 17 58 25
58 9 65 20
43 14 54 18
17 4 48 13
45 16 56 21
68 6 68 27
48 13 54 28
63 16 69 16
49 7 68 15
26 10 27 22
24 20 63 26
66 13 67 21
67 8 68 28
54 6 58 19
12 19 47 22
49 11 50 25
24 21 57 29
5 13 39 13
5 3 61 8
38 10 40 17
10 29 67 30
36 22 39 22
24 19 65 21
68 22 69 27
23 7 59 19
19 27 65 27
28 5 41 13
45 9 48 26
4 11 44 19
46 28 58 29
22 13 38 17
3 7 58 14
11 7 53 26
14 26 43 28
46 29 67 30
10 10 58 27
9 23 34 24
46 9 68 15
6 7 50 8
10 30 54 30
55 2 55 13
64 25 69 30
61 4 62 10
11 9 55 21
44 14 57 26
51 17 53 27
12 19 62 25
9 8 14 27
67 5 67 8
45 17 66 19
41 8 51 27
4 4 6 23
7 16 14 26
35 22 68 28
53 25 55 27
53 7 65 20
11 28 59 30
19 28 60 29
44 16 64 25
35 29 44 29
40 11 60 25
69 13 69 25
7 6 60 25
64 27 66 27
27 1 58 14
8 28 66 28
51 21 68 30
7 1 42 7
40 27 51 30
8 23 11 26
23 9 30 19
45 25 56 25
65 7 66 21
17 16 53 27
28 14 47 26
50 5 58 25
20 5 61 17
19 4 60 17
20 2 20 18
40 30 53 30
10 19 16 28
2 20 68 25
43 10 55 12
32 3 45 18
35 18 63 18
48 28 57 29
5 15 67 29
47 6 69 28
31 21 58 28
13 16 27 29
30 30 53 30
27 23 40 25
26 18 46 19
22 20 43 30
28 25 59 29
63 26 66 30
27 7 46 7
1 18 50 26
16 26 19 28
23 20 39 22
30 14 64 14
22 11 63 13
55 10 69 14
52 7 52 15
12 6 63 14
1 28 54 28
13 17 55 27
36 29 69 30
40 19 54 23
8 3 56 28
47 1 67 7
62 19 63 25
42 15 65 26
56 6 67 10
62 19 62 25
64 26 65 28
26 15 40 24
30 1 59 7
42 19 52 21
48 30 56 30
15 20 35 28
62 13 66 16
26 24 64 24
59 11 62 15
31 20 38 25
28 13 54 14
17 10 43 17
22 28 42 28
14 17 53 29
54 11 66 28
40 5 43 27
2 19 13 26
31 1 63 28
59 9 61 25
44 10 64 16
17 8 47 15
26 27 44 28
58 25 68 29
63 11 63 17
28 7 37 28
28 18 30 23
19 16 56 24
52 22 52 24
28 19 57 24
55 7 56 17
51 12 51 23
35 20 65 28
8 29 66 29
13 19 26 25
5 3 8 16
65 17 65 29
67 29 69 29
59 4 67 16
69 4 69 30
25 19 64 27
12 7 44 17
36 30 42 30
22 1 61 29
42 13 63 16
64 19 66 25
57 11 60 19
1 1 53 26
13 25 39 27
58 18 68 30
25 7 43 27
59 23 64 26
29 24 40 26
42 10 50 24
1 21 51 22
39 26 41 30
14 29 16 30
15 23 61 28
2 4 52 22
15 18 23 21
67 21 69 30
1 24 56 26
8 3 54 19
28 25 28 29
23 26 26 28
69 12 69 12
4 30 58 30
61 7 63 16
33 19 56 30
37 13 57 15
19 15 32 24
53 11 54 22
1 5 44 12
7 15 26 20
54 9 54 10
65 8 66 18
42 24 65 29
54 1 54 28
56 26 66 26
50 9 61 16
27 18 32 18
68 25 68 26
31 6 48 23
25 2 63 26
3 20 24 29
23 9 47 28
44 18 56 24
3 14 51 30
65 6 67 19
55 15 57 24
26 29 50 29
20 3 38 11
9 26 45 29
67 18 69 18
44 23 67 26
60 7 63 29
41 17 41 26
55 11 55 12
36 6 60 15
65 25 69 27
60 20 69 25
18 8 33 10
44 8 53 19
22 11 55 13
39 19 54 24
46 27 47 30
38 3 50 30
27 25 49 26
46 2 58 10
40 18 46 25
43 2 57 16
17 9 64 20
32 5 68 24
55 12 58 23
19 20 43 26
29 30 46 30
10 16 17 24
13 9 60 18
21 19 38 28
41 21 43 28
20 8 21 26
6 23 19 25
33 1 64 5
67 2 68 2
49 18 54 19
17 26 49 27
54 7 59 28
13 15 16 23
23 26 32 27
69 22 69 24
8 21 51 26
66 29 69 29
20 26 61 30
41 20 51 20
13 1 58 23
48 18 57 24
13 20 56 26
7 5 62 12
35 10 40 26
9 6 69 23
17 3 51 15
37 6 42 17
10 30 15 30
44 16 57 26
57 7 66 30
14 7 67 15
37 29 67 30
9 18 22 28
36 4 59 16
17 22 61 30
46 20 59 22
59 28 69 29
12 4 30 16
15 3 56 9
56 17 64 29
38 9 64 14
31 23 65 27
62 23 65 27
8 15 30 26
10 29 63 29
61 6 67 25
66 11 68 26
41 10 61 30
50 2 59 21
62 2 62 3
58 23 63 30
49 24 60 29
42 29 67 29
16 20 44 20
16 1 22 13
20 8 55 11
67 27 69 29
55 6 60 28
18 15 38 28
30 22 62 22
35 12 56 12
67 4 68 4
28 22 50 27
28 3 31 23
53 16 67 29
54 23 69 26
20 21 44 25
15 3 30 11
63 12 64 15
7 27 48 29
21 15 46 21
9 30 28 30
45 10 66 13
44 14 63 26
53 7 63 18
54 7 56 21
50 14 67 16
34 5 69 9
12 24 54 30
58 20 59 22
44 10 57 27
41 20 62 26
53 1 68 2
60 11 68 13
35 7 39 14
26 30 57 30
16 17 38 27
51 21 55 26
11 9 20 23
36 3 38 17
28 29 48 29
1 30 20 30
25 22 69 22
45 11 45 29
57 1 64 19
17 2 66 30
44 17 55 22
58 9 60 24
48 25 57 25
1 30 35 30
27 7 38 29
48 21 60 23
63 8 67 9
18 2 18 24
8 4 25 6
51 19 53 21
14 18 57 30
7 29 19 29
35 26 44 27
35 26 37 27
26 9 49 23
59 17 60 29
42 22 67 27
12 20 44 28
64 10 67 19
6 4 69 18
25 28 43 29
52 3 52 15
50 29 61 29
2 11 11 26
12 28 53 29
65 30 67 30
46 14 66 30
35 28 65 30
7 29 41 30
20 3 20 13
35 20 44 30
31 9 67 13
8 7 27 13
54 17 54 24
47 24 66 26
18 3 46 10
4 30 55 30
46 15 57 26
42 16 61 18
46 15 48 26
66 3 66 12
52 2 64 19
13 24 52 27
31 5 46 27
13 18 24 24
57 14 65 16
24 24 51 29
33 5 44 15
30 24 32 27
60 20 61 24
69 22 69 30
49 29 58 30
28 13 28 26
26 23 39 30
40 25 58 25
49 5 57 22
53 27 66 30
14 25 33 28
57 22 68 27
60 26 61 29
26 9 52 30
20 26 50 27
36 21 53 24
46 5 54 29
51 17 61 25
21 13 53 14
22 22 61 25
41 10 65 14
52 29 62 29
42 8 54 8
67 26 67 28
62 9 67 30
25 30 51 30
49 25 58 26
15 11 52 14
48 2 50 12
36 29 58 30
24 29 41 30
3 27 63 27
19 20 59 29
49 11 61 24
30 5 55 13
4 17 9 17
54 14 69 17
30 9 60 19
2 11 34 12
61 15 64 20
19 12 22 29
52 10 61 28
18 19 22 25
7 7 36 7
2 18 12 29
35 5 58 26
35 9 57 26
21 16 67 24
54 4 63 14
20 21 43 28
52 23 59 26
52 27 54 28
5 3 39 9
30 21 48 22
48 30 54 30
16 18 28 22
16 5 37 20
50 13 68 17
35 27 58 27
62 15 63 21
4 26 7 27
29 15 41 24
39 26 47 28
2 14 50 30
14 27 35 29
46 23 48 28
16 21 59 23
35 14 50 16
26 3 62 7
10 22 49 28
44 8 50 15
11 15 31 22
34 10 67 17
66 19 69 21
3 18 14 21
52 9 54 14
60 14 69 22
48 10 49 16
62 25 69 26
64 25 64 27
27 8 27 26
69 9 69 26
37 15 59 24
39 17 62 30
49 20 58 21
29 20 36 22
26 30 47 30
50 16 68 19
21 6 64 28
37 15 60 27
65 24 68 26
37 18 60 27
49 14 50 29
38 27 51 30
64 8 65 25
53 29 67 30
58 1 58 26
46 17 54 23
20 15 52 23
45 8 69 15
54 4 68 10
50 21 65 27
66 8 67 22
52 3 67 4
22 13 35 13
32 19 38 22
5 7 37 7
51 13 67 15
19 26 29 29
41 2 47 27
67 16 67 17
14 12 60 29
38 27 46 28
62 24 68 28
3 28 43 28
24 2 44 14
40 11 54 20
9 5 20 30
30 9 68 30
37 18 58 26
65 18 69 19
14 26 21 29
14 19 59 29
12 26 49 26
20 12 46 22
8 27 20 28
18 7 57 17
66 22 67 29
13 2 21 24
7 17 54 18
15 25 34 25
49 17 57 24
22 3 33 6
19 18 65 26
1 28 41 30
49 23 61 30
32 21 69 27
65 16 68 17
54 30 54 30
7 18 33 27
36 24 64 30
37 10 55 26
24 7 65 11
49 3 57 13
61 17 64 21
24 2 68 11
12 6 38 8
32 30 39 30
49 8 62 21
24 3 51 7
35 21 55 27
25 4 49 23
30 5 67 16
2 17 62 28
55 18 61 22
22 5 65 17
8 22 67 27
48 16 49 26
53 6 57 18
50 11 68 20
21 18 41 20
52 25 67 26
4 29 47 29
7 17 61 28
14 5 27 19
12 8 67 24
29 9 32 11
60 21 66 21
2 5 64 7
49 7 59 9
35 17 66 19
22 28 54 30
54 26 67 30
59 30 60 30
62 13 65 17
14 12 61 15
41 4 53 28
57 8 68 30
55 4 59 13
34 17 50 27
19 6 65 24
33 4 55 15
21 13 58 26
63 30 68 30
67 5 69 10
28 26 33 27
7 27 26 27
25 19 44 28
14 2 29 14
31 24 36 29
3 28 14 30
64 16 66 22
34 15 52 25
24 28 27 30
51 21 63 29
60 26 62 30
54 6 57 10
24 15 55 22
9 5 24 22
22 25 63 27
52 22 62 25
56 20 60 28
31 26 65 28
28 9 60 25
59 2 67 22
8 19 20 20
36 14 53 21
16 15 30 20
27 7 46 25
37 10 37 15
39 6 68 12
34 11 39 21
56 25 61 28
63 5 64 23
61 8 65 16
23 4 63 25
50 18 63 29
61 17 61 29
49 14 52 18
60 18 67 27
19 24 50 27
25 18 37 22
17 19 35 26
37 17 47 17
3 1 69 8
9 28 39 30
3 4 63 25
68 2 69 22
2 9 58 14
1 20 33 24
38 9 59 12
2 9 29 9
3 14 42 25
32 17 47 20
15 30 22 30
11 5 64 18
12 17 12 29
59 19 68 24
43 29 47 30
32 24 50 24
1 11 11 12
34 10 47 25
59 6 69 17
48 20 60 24
21 22 25 23
67 26 69 26
58 26 64 30
63 4 67 19
45 28 66 29
10 7 56 21
20 18 57 27
66 6 67 27
16 20 33 28
42 19 51 28
33 26 40 26
1 14 35 18
57 18 66 29
22 8 54 12
59 4 67 29
69 27 69 27
55 24 68 26
21 4 50 22
14 22 42 28
56 27 66 27
62 5 68 25
7 15 52 30
44 23 54 29
3 30 28 30
29 15 35 17
58 25 66 30
7 21 58 24
23 11 38 18
39 2 39 30
40 7 59 19
49 10 56 15
37 15 51 17
59 3 68 15
57 12 69 15
23 24 62 25
14 6 37 28
62 16 68 20
56 28 61 30
15 29 49 29
19 6 64 13
27 2 47 30
53 7 66 30
5 26 53 28
15 19 49 29
58 21 69 30
64 18 68 22
19 24 21 26
55 21 69 25
48 9 67 19
36 9 48 11
26 12 48 26
4 17 14 28
7 21 53 25
23 28 26 28
5 14 47 22
59 30 61 30
15 25 54 26
59 6 62 25
37 14 68 26
30 8 31 9
27 26 29 27
66 17 66 28
21 11 24 27
14 15 38 19
22 4 50 18
62 25 66 30
4 7 63 20
50 16 68 28
43 19 67 29
27 7 59 16
61 8 61 17
17 19 34 19
20 18 50 22
27 19 36 24
10 5 56 13
7 26 50 30
1 21 23 28
55 20 55 30
11 14 11 18
60 18 60 26
18 26 23 27
28 22 50 27
16 2 21 14
8 14 61 26
8 20 48 21
39 3 66 13
10 23 15 27
36 27 61 30
23 23 65 30
14 28 53 28
23 29 64 29
30 13 34 15
21 29 57 30
39 25 63 26
63 13 69 14
6 4 11 22
66 17 69 25
27 8 57 22
26 11 54 21
42 22 52 27
14 29 28 29
67 8 68 17
55 9 64 27
18 1 41 26
55 24 61 28
15 24 38 28
22 8 26 16
57 21 58 22
30 14 35 20
64 23 66 29
35 26 56 29
11 16 13 20
14 3 33 18
53 25 66 29
65 1 66 29
16 6 21 16
9 24 68 28
54 30 58 30
22 4 48 8
28 17 35 27
66 5 66 7
19 28 68 29
17 15 56 25
52 10 56 26
34 30 62 30
24 7 28 11
52 9 60 22
52 22 66 22
30 8 45 26
6 12 10 30
53 3 65 14
19 24 27 30
27 18 42 26
24 19 31 23
64 12 68 12
32 28 63 30
7 4 51 20
5 14 59 27
40 22 61 30
62 6 63 26
51 10 65 14
30 27 45 30
3 25 46 28
31 19 69 30
29 14 56 26
37 5 46 8
59 3 62 29
60 8 62 27
36 30 48 30
10 25 41 30
69 5 69 21
57 12 58 20
19 11 44 19
52 24 65 28
55 28 64 30
68 27 69 27
29 6 52 28
20 9 64 9
11 17 13 18
32 17 57 26
26 27 33 28
60 3 69 11
1 12 4 26
9 28 65 29
40 30 50 30
15 11 35 30
45 16 63 29
50 8 61 28
48 19 52 25
66 4 67 13
39 15 61 24
35 20 40 24
48 7 64 23
61 3 68 14
28 27 41 28
59 29 65 30
27 11 67 12
6 6 39 20
59 25 67 28
3 16 27 27
54 29 57 30
60 23 66 29
27 21 64 23
59 16 67 17
15 21 28 29
34 29 60 30
27 11 34 20
58 3 61 23
44 13 59 27
50 16 61 17
18 9 39 24
46 7 58 10
7 28 52 29
41 24 53 24
48 28 69 29
44 10 46 27
62 12 66 15
63 24 65 30
38 15 57 29
15 23 50 30
32 3 58 11
13 6 19 18
12 2 41 13
13 23 61 24
7 10 14 18
5 25 46 27
9 11 58 29
61 8 67 16
2 30 34 30
9 9 17 26
22 12 39 27
38 28 43 30
48 1 57 26
18 22 26 25
48 10 56 18
59 10 59 22
27 5 58 26
42 15 66 24
44 7 52 27
29 18 37 24
18 13 38 20
61 18 68 25
39 19 69 26
63 6 69 22
31 5 33 13
19 25 34 27
33 30 35 30
33 30 64 30
22 9 44 21
62 19 65 25
30 14 52 20
65 1 66 13
37 7 69 9
43 23 48 30
33 18 33 25
4 28 61 30
55 28 63 29
58 13 67 13
10 19 68 25
22 19 29 26
38 19 63 19
28 9 52 11
12 4 26 17
25 20 39 30
56 14 69 20
37 3 44 16
53 17 53 17
67 11 68 30
29 21 37 22
41 23 62 24
67 18 67 24
17 7 35 25
27 28 59 29
3 16 5 16
20 20 62 27
30 26 56 29
65 28 67 28
45 19 64 26
3 25 36 30
48 20 61 29
29 27 42 29
55 28 61 28
20 17 28 25
57 4 68 29
65 17 65 30
2 5 57 8
24 15 31 20
30 1 57 22
64 3 67 14
31 18 36 19
50 25 65 25
38 15 40 18
56 12 59 29
6 12 40 19
19 8 19 25
66 24 66 29
35 12 55 19
46 30 52 30
5 16 47 19
62 21 65 23
7 1 21 23
21 2 39 6
14 29 63 29
32 30 67 30
19 28 43 28
31 30 51 30
38 20 66 23
32 13 35 23
4 19 31 26
21 18 59 28
32 23 35 25
42 24 69 29
31 28 56 29
14 5 55 8
17 10 19 30
67 2 68 15
49 9 50 24
44 21 50 24
58 22 65 23
20 26 56 29
1 5 65 9
40 10 54 29
48 23 51 29
24 28 57 28
4 7 62 10
68 1 68 23
34 29 35 29
29 12 68 20
69 20 69 23
55 4 55 26
47 7 51 27
23 10 60 16
32 9 34 27
58 2 69 15
12 19 37 30
65 9 67 14
35 19 58 21
42 24 68 29
36 6 69 17
53 17 58 23
52 25 63 25
19 7 64 9
44 11 54 21
55 20 61 25
67 18 68 19
41 1 62 4
35 19 63 29
31 25 53 27
23 7 38 29
36 4 41 10
25 14 65 30
67 13 67 21
54 18 61 19
23 12 41 25
39 4 64 23
39 6 57 14
2 27 60 29
69 23 69 27
68 1 68 7
27 24 58 25
15 3 41 14
4 19 21 21
15 28 36 30
40 18 63 19
41 17 52 25
50 4 67 10
24 30 25 30
65 20 65 20
22 26 30 30
57 25 58 29
23 8 37 12
61 12 61 20
65 14 67 17
68 25 68 30
33 10 41 13
58 2 64 12
63 19 69 20
49 26 66 27
68 19 68 28
32 27 61 28
42 13 53 25
18 16 39 28
28 1 55 19
23 4 28 24
40 6 60 10
36 30 55 30
3 18 15 26
42 29 48 29
18 16 58 29
59 10 63 24
6 3 21 16
8 20 65 23
3 15 69 16
59 26 59 29
43 2 60 3
10 7 13 9
43 14 51 23
43 13 68 18
62 25 67 30
59 25 67 28
53 2 69 12
68 1 68 21
31 2 64 14
11 19 50 20
11 13 66 30
54 12 60 16
53 24 54 27
51 30 55 30
33 29 67 30
33 29 69 29
31 20 60 29
61 21 68 29
20 5 44 29
67 20 68 28
43 2 49 18
59 27 60 27
30 25 63 25
23 4 44 30
31 12 64 26
66 19 67 21
52 13 65 18
5 21 39 23
56 2 66 28
61 10 62 22
67 24 68 27
37 5 45 28
53 17 57 25
58 5 69 18
39 16 58 27
34 15 41 20
26 14 63 24
68 2 69 19
34 9 56 27
42 25 60 30
1 2 2 5
13 29 18 30
11 20 43 20
26 11 58 28
32 2 67 9
20 30 52 30
36 7 63 8
32 30 32 30
54 1 68 1
31 16 42 20
17 21 63 22
13 2 51 29
43 30 68 30
66 26 67 26
19 30 21 30
8 9 11 28
67 4 69 4
45 30 58 30
30 12 61 25
9 28 67 28
65 30 67 30
56 14 68 14
47 8 69 11
1 12 6 21
69 16 69 25
37 28 51 28
53 12 61 16
51 23 53 28
11 28 15 30
27 21 44 25
11 5 17 10
35 23 40 24
20 15 24 21
3 22 61 26
8 13 59 23
39 3 66 5
21 1 21 22
14 3 42 20
43 14 49 28
42 29 54 30
42 6 52 23
29 4 56 7
25 21 66 26
33 17 52 26
38 5 66 20
60 1 66 24
7 8 59 20
34 21 43 21
3 20 47 24
41 26 57 28
47 23 54 23
61 6 62 7
68 30 68 30
7 30 8 30
47 11 49 21
17 6 17 8
44 15 67 25
10 4 65 13
64 10 69 19
47 21 62 30
47 9 61 9
45 30 62 30
24 28 41 30
61 5 67 27
53 5 58 17
48 10 50 22
51 2 63 18
12 18 45 23
7 15 31 25
11 27 40 28
34 22 49 23
60 19 69 29
14 5 55 13
52 19 67 19
45 1 66 27
59 17 66 26
7 4 67 9
36 28 50 28
10 3 45 20
2 9 4 23
28 4 41 6
47 13 54 14
17 8 58 16
55 25 59 30
29 17 51 30
4 22 21 22
54 9 62 13
69 17 69 27
23 16 38 25
28 23 31 28
47 2 52 27
45 26 67 27
24 10 28 29
40 11 46 27
2 11 60 18
25 18 30 18
67 11 68 21
3 17 45 29
1 25 68 25
59 13 59 19
16 1 31 27
66 21 69 22
23 21 45 26
42 16 56 18
62 30 63 30
6 19 39 30
5 25 58 25
26 29 63 30
65 28 66 28
6 13 69 16
31 15 37 21
56 9 62 22
64 17 67 18
45 29 67 30
68 27 68 30
17 20 24 30
1 9 40 9
69 20 69 30
9 17 46 17
54 8 58 23
4 3 34 3
26 3 49 21
32 26 68 26
10 18 30 29
64 16 64 23
5 28 49 29
36 11 41 13
44 18 67 23
55 11 68 12
54 7 68 13
30 30 64 30
20 16 57 16
44 6 64 16
25 19 58 24
56 27 63 28
10 3 53 28
66 18 66 28
26 6 41 17
63 30 65 30
17 2 56 30
38 1 48 17
64 14 65 30
26 12 55 16
7 30 51 30
62 1 64 4
26 10 42 11
2 20 51 24
57 18 64 26
41 15 54 20
14 16 56 23
36 2 62 6
26 25 44 26
35 25 67 28
48 5 57 18
68 10 69 24
17 22 49 24
5 17 12 24
22 17 31 30
32 24 68 28
37 12 63 13
34 7 60 14
42 22 49 27
54 17 60 22
20 16 22 26
2 26 23 29
56 13 66 25
49 16 55 19
22 16 65 27
47 25 59 30
59 24 60 30
61 4 63 28
2 8 21 11
38 10 50 13
35 11 58 19
52 21 62 21
61 20 68 30
28 25 34 26
57 5 67 25
37 23 45 28
28 29 36 29
40 28 53 28
13 10 20 26
59 16 69 16
34 18 35 30
30 14 40 20
25 8 32 28
66 2 69 12
57 17 58 17
19 10 62 20
50 6 54 16
7 6 42 18
51 12 51 12
27 17 49 24
15 20 46 28
2 2 31 30
15 27 44 30
32 18 58 30
22 9 47 25
52 20 54 21
26 1 30 25
3 6 25 26
26 3 53 14
49 26 50 28
63 18 66 23
20 20 41 21
5 20 56 23
18 29 37 30
28 20 37 25
24 29 29 30
49 17 59 21
51 18 65 26
6 12 46 23
26 2 68 26
69 6 69 18
24 5 32 15
68 12 68 24
68 1 68 25
60 26 65 29
2 30 24 30
9 9 49 27
10 14 66 24
44 27 54 28
45 3 64 18
1 3 57 19
44 14 66 28
66 25 67 30
18 5 23 23
54 26 62 27
19 19 21 20
13 9 26 25
13 4 48 27
35 23 57 27
63 11 65 17
8 15 53 17
18 20 43 26
27 4 45 27
61 17 62 26
23 27 50 29
59 28 67 30
19 10 25 27
48 11 65 19
58 10 67 22
16 5 38 15
2 17 51 17
45 20 61 25
54 2 60 14
22 19 38 29
22 5 29 14
66 2 67 29
40 21 55 22
18 12 59 28
68 9 69 29
21 11 69 18
36 24 37 26
60 7 65 12
48 23 57 30
61 10 61 30
43 17 59 28
63 24 66 28
39 8 59 21
13 29 26 29
46 9 58 14
54 29 62 29
45 28 62 28
21 26 48 30
16 20 49 30
49 4 50 24
39 3 52 14
66 10 67 10
16 12 43 15
33 2 54 4
23 12 35 14
43 17 63 29
43 20 43 25
24 4 30 21
7 9 30 22
42 25 62 28
40 10 46 10
11 17 44 19
25 20 29 23
55 19 60 21
46 21 61 27
61 22 67 28
41 3 56 5
42 16 50 26
23 17 29 29
45 16 67 16
6 19 9 24
41 16 69 21
44 2 53 22
49 2 68 28
32 23 41 29
1 27 59 29
27 13 55 18
30 5 36 27
31 3 56 22
51 23 58 23
55 14 59 19
41 18 46 19
15 19 62 20
49 6 63 11
62 3 68 16
54 29 59 30
56 9 67 27
19 6 22 6
16 23 47 26
63 16 65 25
22 30 23 30
27 19 56 29
45 22 60 27
43 6 67 10
7 27 57 27
29 28 33 28
51 6 62 11
9 14 65 30
36 24 65 24
42 6 45 9
29 6 67 16
39 23 56 30
42 3 57 7
51 8 51 12
9 30 63 30
15 19 55 29
54 30 69 30
40 24 62 24
3 27 54 30
15 14 66 16
16 20 31 24
60 29 68 30
30 28 33 29
26 10 57 12
67 13 69 26
3 25 23 25
46 10 56 17
64 17 68 23
5 21 32 26
39 4 41 9
51 27 56 30
65 5 69 13
57 3 62 30
12 25 15 26
62 4 69 24
4 12 9 25
47 30 57 30
14 2 35 16
17 4 69 7
39 13 47 16
51 22 56 30
26 7 45 9
46 17 66 29
34 21 65 23
37 9 46 19
47 6 52 24
52 25 61 25
60 30 65 30
66 5 67 15
25 6 36 18
52 1 69 16
7 18 66 18
43 22 59 29
62 6 65 19
2 25 7 28
54 20 57 23
45 14 47 21
8 24 17 25
58 1 65 11
57 6 61 19
48 1 64 4
6 4 42 23
59 10 60 23
63 28 68 28
27 27 49 29
25 12 56 30
29 10 69 29
46 1 63 10
7 12 28 30
39 7 66 16
55 1 69 15
14 25 69 27
17 2 67 22
12 8 23 8
34 30 69 30
65 20 66 25
20 26 20 28
35 8 59 23
41 18 68 22
43 25 52 26
62 11 69 24
35 26 55 27
49 15 64 15
39 24 67 27
16 11 30 17
66 25 69 28
46 17 49 29
26 30 34 30
30 24 48 28
42 18 67 29
5 24 28 25
33 1 53 9
27 13 35 29
9 8 68 30
9 28 48 30
69 1 69 4
56 26 62 28
53 24 66 27
22 15 60 28
12 25 17 30
45 9 66 26
31 30 41 30
7 3 7 8
30 11 44 11
34 5 49 29
13 28 35 30
10 1 59 4
61 2 67 3
26 28 40 30
66 27 66 27
12 28 43 30
35 28 45 28
24 18 56 25
31 3 38 28
18 9 20 19
34 21 68 25
47 6 48 24
59 14 62 19
28 30 57 30
50 16 67 20
37 26 52 26
13 23 34 30
32 15 34 25
64 1 69 24
66 3 68 5
26 24 63 29
1 23 46 25
13 8 40 12
23 23 53 27
11 18 65 19
38 5 65 22
51 4 63 17
42 28 65 28
68 27 69 27
69 30 69 30
54 3 62 12
16 19 34 21
64 15 69 28
19 14 55 17
43 3 62 30
2 10 68 12
12 13 69 17
9 25 18 27
37 27 62 27
3 21 69 24
10 3 23 8
42 1 47 7
37 27 40 27
37 7 63 20
16 3 57 19
58 2 61 30
28 20 69 23
57 7 58 22
38 10 38 20
42 8 54 8
40 2 52 12
62 20 69 21
16 18 39 28
53 15 65 17
18 29 67 29
22 12 48 19
34 25 63 28
26 9 43 11
31 16 47 28
57 21 57 27
54 12 65 20
57 4 69 22
6 1 61 26
23 7 53 25
63 12 66 30
25 27 27 30
55 6 65 23
37 14 59 19
34 9 47 13
37 25 66 27
44 18 64 18
33 27 52 27
35 15 59 25
26 13 59 29
8 4 61 28
6 28 61 29
64 2 69 11
28 11 37 19
20 16 26 27
8 23 16 24
43 14 56 17
15 10 19 20
64 14 67 14
2 24 19 28
23 29 37 30
61 26 64 28
25 2 34 8
69 18 69 22
19 9 51 11
64 13 66 21
8 14 43 26
45 6 59 10
53 15 59 29
63 29 66 30
26 19 48 28
31 27 65 29
49 18 67 21
33 15 64 18
51 8 56 10
30 22 39 23
43 9 54 19
4 8 36 24
35 25 62 26
19 2 49 29
52 4 69 22
63 21 69 26
32 10 57 13
32 22 47 23
47 6 51 19
5 3 48 14
44 18 50 29
56 25 67 26
10 5 62 5
48 9 63 19
5 27 19 29
33 18 58 27
35 5 45 10
41 11 55 13
20 29 47 30
7 7 12 16
24 29 53 30
50 21 58 27
67 21 69 30
19 22 66 22
37 7 53 26
43 1 56 19
25 21 29 21
17 6 47 21
10 17 32 19
62 4 69 26
65 13 66 16
31 23 40 24
10 21 56 29
15 6 15 25
31 24 45 26
23 3 27 21
32 24 44 24
44 9 54 14
32 13 65 26
3 19 23 22
14 3 26 8
55 6 59 25
65 23 67 28
32 7 50 8
47 12 66 30
69 4 69 29
13 5 17 11
45 22 56 29
17 21 40 24
51 1 66 22
61 18 65 30
43 26 43 27
54 4 60 29
36 17 69 20
43 29 55 30
20 25 58 25
2 26 37 27
48 9 57 12
51 15 65 25
53 20 56 26
41 26 52 29
69 25 69 30
45 23 45 29
17 17 20 25
23 9 55 16
48 25 60 28
26 3 39 8
19 3 34 18
53 26 65 26
59 29 62 30
59 17 59 22
3 20 65 21
3 12 46 26
54 18 65 20
56 27 56 27
36 6 41 18
17 6 34 23
11 13 23 13
28 16 31 24
61 26 66 26
34 11 41 24
14 20 28 22
42 19 54 21
55 20 68 24
15 28 63 30
64 13 67 28
54 20 63 21
61 24 65 27
42 3 46 4
17 14 17 16
7 1 7 14
13 6 56 20
54 26 64 27
58 6 62 12
3 16 4 22
14 17 27 29
7 6 7 20
13 3 34 12
13 6 16 28
64 24 65 30
37 7 37 20
57 29 61 30
49 17 65 18
26 23 56 29
44 19 56 26
15 25 34 30
65 15 66 29
56 12 59 14
66 3 68 16
52 4 63 15
35 17 69 23
3 3 5 4
59 21 66 24
25 14 47 27
33 18 41 28
15 21 27 27
46 14 69 22
46 5 54 22
60 12 68 20
11 17 42 28
28 2 57 10
9 14 11 25
52 17 52 20
60 1 68 5
44 13 52 30
37 25 69 27
32 8 63 26
25 25 62 26
14 8 19 10
55 6 66 17
16 25 44 29
3 9 38 28
22 11 44 12
17 23 65 25
59 8 60 11
42 16 64 30
69 6 69 13
14 17 17 25
60 5 67 12
57 16 61 22
48 8 64 19
52 15 67 30
33 17 54 30
54 9 68 15
52 7 60 16
30 15 62 20
11 27 11 27
62 16 62 29
68 9 68 30
7 23 9 30
43 30 45 30
64 6 66 7
30 25 45 27
6 15 61 22
29 5 32 26
31 27 50 29
52 8 62 24
42 8 59 16
43 1 69 22
67 21 69 27
46 18 69 19
44 22 63 22
16 23 39 29
1 26 18 28
69 15 69 17
61 25 67 25
60 26 69 28
14 2 53 6
39 5 40 19
17 20 60 23
54 5 59 28
32 9 55 12
12 2 25 20
50 8 54 12
17 30 47 30
34 25 49 25
27 12 36 20
56 9 57 14
27 7 37 11
67 12 68 18
50 23 51 25
24 3 35 21
2 27 24 27
31 26 49 26
47 8 67 18
25 27 31 27
66 1 67 7
43 11 55 13
38 18 56 21
59 11 59 29
19 16 21 22
27 2 62 30
29 24 60 27
5 23 24 25
16 4 67 7
69 2 69 5
6 18 10 20
41 15 62 21
38 19 63 26
27 23 61 24
18 25 26 28
24 24 37 30
17 19 67 28
43 9 50 26
10 13 29 19
10 27 34 28
56 18 67 19
35 17 45 28
22 14 26 25
60 10 64 30
26 16 40 25
15 25 42 28
15 5 48 17
15 13 16 19
33 7 44 29
61 3 66 3
37 10 68 14
31 20 47 20
35 8 40 29
64 28 65 30
35 29 51 29
59 10 64 17
10 10 38 27
12 6 58 9
26 24 58 24
26 24 47 24
8 25 17 27
55 3 69 27
54 24 63 25
27 1 44 24
20 7 45 22
12 20 37 23
28 18 58 26
15 12 19 22
34 15 61 15
55 23 61 24
23 24 45 30
67 8 68 23
51 25 56 27
51 11 51 22
14 6 63 17
11 12 33 25
9 11 49 14
62 8 63 22
64 10 65 20
40 13 60 23
14 20 32 28
50 2 52 17
52 23 67 30
31 14 39 15
37 10 64 28
59 22 62 28
31 16 45 23
12 13 22 14
53 29 69 29
30 4 69 27
51 8 62 20
2 12 32 25
59 26 69 30
69 22 69 24
46 26 48 26
59 12 67 24
37 7 45 22
44 7 65 27
40 9 59 30
3 9 35 20
24 7 61 13
37 15 45 30
68 10 69 15
53 23 68 27
15 24 47 25
62 4 67 10
48 10 67 17
62 9 66 9
61 12 62 23
53 3 63 20
41 14 53 20
7 11 34 27
26 18 68 24
8 17 51 30
15 30 62 30
50 3 57 13
59 2 65 26
49 10 55 22
56 28 65 28
27 16 64 25
65 17 67 28
13 24 30 27
56 25 65 29
69 3 69 10
34 1 64 28
55 8 64 25
49 9 59 13
10 24 10 24
58 18 58 19
68 18 68 22
63 14 68 30
3 7 10 15
47 23 51 24
43 2 61 15
55 5 68 16
15 22 48 23
39 10 54 25
61 4 62 24
1 12 24 13
27 7 33 15
64 13 67 30
49 25 65 25
43 18 67 21
33 11 67 22
55 23 67 27
28 21 62 28
27 19 39 20
21 5 43 10
62 30 62 30
25 20 48 28
37 23 37 24
31 17 67 18
8 14 19 14
48 4 61 16
48 25 53 25
33 23 53 24
31 22 38 24
27 7 42 30
63 5 67 30
49 28 54 30
20 24 36 28
63 20 65 28
21 13 36 14
48 30 53 30
24 7 46 22
22 28 25 30
24 8 63 15
34 9 64 10
61 15 61 25
40 30 68 30
37 8 42 19
69 30 69 30
42 4 63 23
55 8 63 26
7 25 59 26
35 3 43 4
43 13 48 25
7 4 44 8
16 24 27 26
24 12 69 29
9 10 48 11
44 11 50 13
16 18 25 26
67 24 68 28
62 21 63 23
28 3 33 6
64 11 68 17
63 2 69 23
69 19 69 29
48 12 57 29
9 15 11 25
9 12 38 27
30 17 54 25
10 19 46 25
11 2 43 11
38 2 39 3
37 13 56 18
49 26 49 30
29 24 29 25
42 22 57 22
67 25 68 28
28 2 56 28
52 19 66 25
33 12 53 27
41 5 48 23
26 15 59 25
16 9 40 15
47 13 48 22
5 23 31 27
22 15 43 27
9 23 26 27
32 4 35 17
64 30 67 30
29 19 68 29
55 28 56 28
64 9 66 27
13 3 16 6
25 11 58 28
61 23 65 23
34 30 60 30
58 30 59 30
35 3 49 20
10 6 39 15
22 24 56 28
8 21 44 23
22 22 62 28
69 18 69 21
40 29 65 29
44 7 60 23
4 11 42 18
2 9 60 13
17 13 32 20
65 2 65 10
41 12 55 23
58 23 69 26
33 27 34 30
19 8 26 10
2 13 56 16
40 1 47 3
10 5 43 25
48 18 51 21
7 18 31 20
31 1 44 24
55 24 67 24
19 28 52 30
56 11 67 13
12 5 57 9
37 20 42 23
13 22 20 29
37 9 52 11
20 13 44 15
27 21 42 25
58 19 58 28
47 15 58 17
60 24 66 29
28 6 44 30
16 24 24 29
53 3 63 8
51 21 56 24
65 11 65 14
22 4 32 23
46 11 51 25
15 28 36 29
2 12 50 29
23 28 57 28
57 19 61 25
53 5 65 24
22 8 25 22
40 3 56 6
28 14 44 19
12 14 66 20
10 25 53 29
26 24 37 27
27 7 55 10
38 24 41 30
36 15 49 21
7 22 38 23
49 26 55 27
63 4 68 21
39 5 61 14
10 14 58 14
45 5 58 5
7 23 14 23
68 23 68 23
37 14 44 30
12 16 30 23
12 18 59 28
50 6 63 15
10 12 48 20
49 24 69 26
7 28 45 29
22 14 48 29
25 10 66 16
45 25 66 25
33 18 62 24
18 15 34 23
64 19 68 29
42 1 49 6
4 23 9 30
10 12 56 16
34 12 61 30
69 9 69 18
46 24 49 24
54 7 66 17
37 9 38 14
16 5 50 21
46 15 46 30
24 23 49 26
17 28 41 29
13 12 48 18
42 4 63 4
46 8 60 29
37 5 45 5
25 1 41 22
67 28 68 29
68 30 69 30
4 11 40 19
10 21 12 23
16 29 36 29
60 14 67 21
9 28 21 30
54 18 57 21
40 17 49 20
11 14 17 24
6 22 62 22
8 6 40 16
56 11 66 20
30 14 59 16
17 4 25 11
21 13 31 18
37 5 58 26
53 25 62 27
50 1 67 11
40 10 54 23
3 16 48 19
39 25 63 27
64 15 69 26
63 18 68 24
50 14 64 19
8 16 21 22
29 4 49 5
47 22 48 29
51 21 63 28
3 21 47 24
30 25 48 30
52 6 53 25
8 4 49 28
22 8 56 28
4 12 47 14
26 11 62 16
49 23 50 24
35 24 52 25
67 23 69 29
66 11 69 27
59 4 69 13
15 7 57 22
15 18 48 20
15 12 17 15
57 22 57 22
24 13 63 15
67 28 69 28
35 11 55 23
39 3 57 18
4 17 42 23
45 12 59 16
13 28 51 28
15 17 29 18
56 17 57 22
1 20 37 29
51 21 58 22
15 1 15 18
52 20 65 21
55 30 55 30
44 22 54 29
34 10 66 15
21 2 43 2
53 2 69 27
20 12 67 25
38 4 42 21
14 7 57 16
6 19 41 25
29 22 56 30
9 27 25 29
28 10 32 11
27 27 67 29
29 22 66 22
2 1 3 30
58 19 62 25
42 26 43 26
38 24 40 25
28 18 64 20
40 10 50 10
41 9 42 20
38 30 42 30
66 12 66 18
34 30 69 30
9 4 14 13
15 15 68 23
51 29 64 30
10 5 39 20
61 20 69 29
25 10 65 19
61 8 62 14
36 11 45 20
65 8 69 15
1 11 32 21
47 16 62 22
43 5 68 27
59 11 64 16
39 26 48 27
68 2 68 21
59 24 65 28
53 7 67 15
50 1 67 8
61 10 69 15
69 18 69 20
32 24 41 30
15 11 23 14
2 29 55 30
53 7 63 24
54 22 63 25
14 2 19 22
43 1 56 1
59 7 63 12
65 5 69 19
66 16 68 17
57 12 68 20
26 28 44 28
36 9 42 15
54 6 61 15
7 1 15 17
25 29 51 30
21 22 23 27
58 19 59 21
10 24 36 28
5 7 53 29
65 5 67 30
62 11 64 21
3 29 29 29
50 10 66 21
12 3 47 15
53 22 53 22
68 16 68 29
67 18 67 26
60 18 68 25
6 19 37 19
35 16 40 24
27 2 61 2
18 8 43 10
14 16 51 17
38 2 42 25
4 16 56 26
18 8 28 18
64 1 64 23
12 22 29 26
7 2 64 8
60 8 61 13
51 30 59 30
65 22 69 25
4 25 45 28
68 20 69 24
66 10 69 25
33 10 60 14
12 16 20 26
43 1 68 20
4 23 19 23
18 5 21 6
60 26 67 28
66 13 68 22
36 27 50 29
68 6 68 18
68 13 68 25
24 4 65 9
57 29 66 30
12 26 53 27
67 13 67 20
26 9 32 22
21 16 40 24
56 28 66 29
67 8 68 24
42 8 45 26
49 4 65 12
69 5 69 6
19 18 51 30
58 10 65 17
32 11 44 15
27 24 42 28
56 21 69 26
54 5 55 16
44 8 48 20
29 14 44 18
1 11 58 16
63 1 65 10
69 13 69 14
61 14 61 19
6 10 15 18
9 15 58 28
62 4 68 24
40 22 55 23
15 4 42 17
53 7 53 13
66 24 67 30
55 22 64 27
13 20 43 27
27 6 47 17
63 23 63 27
58 23 63 26
60 17 63 19
26 6 39 20
45 17 47 21
10 11 59 23
10 26 16 29
5 7 66 8
31 9 56 19
55 14 66 22
43 15 64 16
38 12 53 17
18 11 29 13
64 5 69 14
54 14 66 14
52 15 58 15
20 10 67 21
32 30 42 30
14 26 65 28
21 6 35 10
66 18 66 22
62 24 69 25
68 2 69 30
36 28 68 28
39 17 54 28
65 11 65 14
54 1 69 29
58 3 65 21
41 24 58 26
26 3 66 4
21 29 37 30
33 11 43 23
18 13 46 13
42 29 58 30
6 14 26 20
63 5 66 14
9 8 10 23
29 29 45 30
33 22 64 26
59 23 61 24
53 20 61 23
64 25 66 26
68 9 68 27
33 30 50 30
25 24 54 28
16 8 49 15
5 15 51 17
62 14 65 19
65 23 68 30
42 22 56 29
46 30 48 30
26 25 34 28
4 24 50 30
1 1 66 12
6 22 46 24
38 10 58 19
42 4 58 4
8 2 33 19
47 15 57 24
57 11 64 17
50 18 61 18
46 30 69 30
31 17 44 17
49 24 54 25
7 7 26 28
64 17 64 21
29 14 49 23
3 12 34 21
32 4 68 30
69 27 69 29
23 4 37 27
11 22 27 27
33 19 52 20
67 24 67 29
51 10 56 26
61 26 67 26
48 26 69 29
57 4 58 10
38 11 63 30
41 12 57 12
11 23 11 23
53 25 54 27
69 5 69 11
36 28 44 30
31 17 42 17
16 3 26 8
20 12 24 13
67 26 69 26
4 21 44 29
56 19 63 24
5 9 56 22
29 19 50 22
60 29 61 29
41 2 69 18
40 8 40 15
29 30 58 30
29 19 65 26
1 19 39 25
12 17 12 25
38 21 42 23
36 7 68 16
1 10 2 10
19 10 40 29
56 18 61 30
68 7 69 27
66 10 67 16
12 24 12 30
12 20 39 29
44 2 59 21
28 17 33 28
21 26 42 26
10 25 15 28
61 13 63 15
39 15 65 27
22 28 34 30
1 29 19 29
57 2 62 7
28 13 45 13
68 6 69 13
29 25 33 25
6 15 47 30
4 9 40 13
43 30 57 30
1 3 45 14
28 15 58 21
19 21 65 21
21 9 39 17
69 27 69 28
59 20 62 26
45 9 55 21
41 5 42 23
38 20 54 23
63 30 63 30
46 8 66 21
54 4 54 5
6 3 32 24
27 2 53 18
41 25 66 28
41 29 41 29
36 23 48 30
14 2 26 20
5 8 42 10
32 27 44 29
22 11 30 19
3 29 17 30
47 29 56 29
14 4 45 11
51 26 56 30
59 29 60 29
68 2 68 11
16 2 65 17
49 11 58 21
14 2 46 17
52 6 69 15
64 2 65 24
55 23 68 27
17 27 67 29
63 20 64 20
17 30 66 30
8 17 61 23
19 22 33 28
32 25 45 29
56 28 58 28
53 15 66 26
4 12 22 25
61 6 67 25
27 26 54 27
15 29 54 30
47 25 55 30
41 10 68 23
7 5 63 24
1 7 42 28
10 7 37 23
55 16 58 24
34 14 40 16
7 10 63 15
23 5 46 22
46 13 66 24
47 15 57 19
52 15 59 26
26 5 55 6
21 8 28 23
16 28 38 29
65 20 69 28
17 5 33 25
1 1 5 12
28 13 29 13
60 3 68 3
13 1 48 27
3 2 14 28
14 23 50 30
60 6 68 20
33 4 46 25
3 16 44 21
50 30 63 30
11 12 32 22
42 23 55 27
37 13 67 19
49 10 56 20
69 9 69 14
15 24 42 29
2 17 17 24
28 22 62 29
19 11 38 27
22 25 44 27
21 5 69 21
6 11 40 19
3 3 67 25
41 10 69 17
6 19 54 20
44 15 47 22
29 26 40 26
42 30 55 30
42 10 42 18
35 10 37 15
60 14 68 16
48 20 49 27
2 16 36 24
26 11 57 12
43 7 58 23
22 14 27 23
44 3 67 6
21 20 38 28
2 20 33 26
23 16 33 18
30 12 68 30
26 13 36 16
48 21 68 25
64 22 65 26
24 5 25 8
1 12 27 14
68 16 68 28
69 15 69 17
64 24 68 30
62 18 64 27
56 13 68 19
53 7 67 15
4 18 54 26
41 12 50 26
30 3 56 6
53 12 56 22
30 3 54 12
53 6 54 9
63 29 64 29
51 21 60 22
62 17 69 26
7 28 46 30
8 7 24 27
53 7 57 12
8 19 20 26
46 26 53 28
18 15 23 16
22 12 25 19
61 14 61 18
48 13 67 15
63 21 69 26
10 14 40 19
64 2 64 8
46 23 69 30
38 6 44 6
34 11 63 21
21 27 68 28
43 12 64 27
5 22 28 26
65 27 65 29
34 25 64 26
34 18 42 24
65 21 67 26
49 30 55 30
25 2 38 18
32 27 51 30
26 22 67 28
30 26 39 27
69 2 69 8
2 20 9 24
8 25 27 30
27 27 46 27
69 21 69 24
63 22 68 26
65 17 67 17
45 15 53 26
7 20 18 21
32 8 55 13
56 7 66 12
30 6 34 10
56 12 63 16
44 22 49 27
25 20 29 24
60 19 62 29
16 8 16 10
54 30 66 30
10 4 44 21
13 19 58 22
63 20 68 20
33 4 36 14
32 17 34 23
28 22 38 22
48 21 49 29
29 21 67 27
51 17 68 20
27 18 48 24
17 7 49 28
27 14 65 16
48 4 54 5
69 14 69 17
58 12 63 28
25 1 58 4
63 4 67 9
61 14 67 19
40 7 55 23
39 22 49 24
2 21 11 29
43 16 57 26
33 20 57 27
68 17 69 20
57 21 59 23
67 23 69 25
60 17 60 27
32 1 46 17
24 28 43 30
45 13 69 18
66 26 67 27
44 17 63 23
14 5 55 19
50 4 56 21
35 10 44 20
8 16 48 25
34 13 48 19
19 13 33 26
53 4 65 22
25 25 55 26
23 27 49 28
8 4 69 8
61 20 62 24
37 15 43 24
13 11 24 16
50 22 51 25
16 28 53 29
54 7 59 14
35 17 58 29
58 7 68 29
58 20 69 26
4 12 32 21
46 8 51 16
37 5 69 17
28 1 40 29
14 29 17 29
12 28 67 29
46 5 56 23
5 8 48 9
69 18 69 23
5 27 35 28
3 17 58 27
27 14 69 23
23 19 38 23
57 20 63 30
13 1 29 15
10 4 52 23
41 21 62 24
62 27 66 27
27 18 29 18
28 17 62 30
17 22 37 24
32 19 40 19
68 15 69 15
24 28 52 29
66 6 67 26
17 6 23 14
53 5 59 9
21 28 58 28
5 14 37 25
24 8 24 16
22 22 36 30
45 12 50 21
34 8 57 19
43 4 58 6
52 24 61 26
11 6 65 16
19 6 31 12
65 26 66 28
17 29 34 29
38 10 64 19
45 9 62 26
35 11 64 11
7 9 26 25
45 21 52 24
56 8 59 15
20 23 27 28
39 5 44 26
35 9 40 21
64 23 65 25
40 6 62 20
6 1 10 3
34 24 57 24
68 8 68 25
66 1 69 25
69 1 69 17
41 29 59 29
18 17 59 27
29 6 69 20
33 27 69 28
56 2 64 18
9 28 59 29
31 9 49 28
17 4 46 10
50 14 55 15
18 14 55 22
7 29 10 30
35 13 65 20
60 11 60 24
55 28 60 28
40 26 54 29
13 3 50 17
57 13 62 16
67 8 68 10
3 26 65 26
32 23 42 28
62 15 62 18
66 12 66 17
38 2 66 12
61 10 63 29
11 11 62 12
27 27 48 29
41 14 54 23
13 13 49 16
25 7 49 24
10 13 44 16
46 19 65 24
16 13 27 25
24 6 61 17
47 10 67 13
27 13 66 19
15 29 35 30
25 18 56 27
68 1 68 11
4 6 5 18
48 29 59 29
43 9 47 17
17 4 36 27
19 1 63 24
5 19 25 30
36 12 64 26
46 27 49 29
69 2 69 22
62 22 68 25
33 6 66 8
1 17 66 26
32 12 39 20
32 22 50 30
54 29 64 30
13 19 53 28
33 29 40 30
46 7 57 20
18 25 35 30
3 1 37 13
29 5 69 21
39 4 58 8
36 10 38 11
29 13 64 25
52 11 54 26
32 19 46 29
10 26 67 29
45 5 59 9
52 21 67 28
17 9 57 9
9 23 46 29
5 14 31 28
17 9 45 21
65 12 67 14
54 1 65 28
54 4 54 25
39 1 63 4
61 18 67 23
13 29 42 30
1 5 5 28
49 2 60 23
37 22 66 25
64 20 66 26
69 16 69 23
35 29 65 30
51 16 65 24
53 25 61 30
38 5 68 28
23 4 26 29
55 2 69 4
1 12 52 26
34 29 48 29
69 7 69 11
23 1 29 21
26 26 63 29
27 2 58 28
22 27 46 28
3 24 30 24
9 21 16 22
63 8 68 26
56 26 60 29
11 27 44 29
1 29 25 29
27 30 31 30
55 28 63 30
17 10 56 24
20 25 46 25
32 16 41 28
42 6 63 6
27 17 56 25
62 9 64 9
47 19 64 22
39 8 68 29
46 28 67 28
22 1 56 28
17 15 39 27
13 4 35 28
49 12 49 23
36 1 41 27
51 24 68 26
31 1 34 23
16 28 35 29
64 10 69 28
1 15 55 18
13 6 43 23
9 4 58 13
57 17 62 25
55 30 62 30
61 26 63 26
1 28 22 29
58 10 67 18
57 21 61 24
29 30 52 30
42 20 57 29
42 5 66 29
59 19 61 24
7 27 41 27
57 25 64 30
3 22 18 23
24 20 49 29
38 4 47 14
27 28 59 28
47 22 60 30
9 14 10 30
66 30 67 30
51 13 57 29
60 6 63 24
38 20 65 20
67 18 67 26
31 6 50 6
36 1 49 19
62 30 66 30
55 18 63 19
6 29 31 29
43 2 62 15
22 9 55 24
59 24 61 27
9 19 56 28
43 10 46 30
21 21 31 21
30 16 68 22
62 20 68 29
15 22 43 22
4 22 30 25
1 1 51 9
54 18 67 23
53 21 55 25
37 23 53 24
64 28 66 28
61 8 67 15
38 22 69 22
2 8 18 16
5 25 65 28
54 24 57 29
31 7 61 25
46 28 49 28
49 16 52 27
58 5 69 18
69 4 69 27
26 13 28 23
65 1 67 14
62 6 65 14
2 16 18 29
32 11 67 19
64 17 68 22
31 24 49 25
64 27 68 27
40 29 46 30
19 16 49 22
46 19 50 20
52 7 57 20
49 3 67 26
50 30 56 30
16 1 69 13
11 21 62 23
23 27 61 30
63 8 68 22
53 12 60 18
2 19 6 25
27 14 30 22
22 3 54 14
43 8 55 23
24 22 30 24
40 24 66 30
19 3 67 16
47 1 57 7
2 22 41 22
10 5 17 5
36 28 50 28
62 7 66 30
38 1 39 5
6 18 50 18
11 17 58 29
20 29 43 29
67 26 69 26
17 15 45 17
66 16 68 25
54 20 56 26
56 15 69 23
24 11 24 18
12 13 29 30
5 22 43 29
33 18 51 24
30 16 56 22
49 22 60 25
46 3 46 11
39 30 39 30
20 18 65 20
45 8 67 8
5 6 9 20
30 19 67 22
22 6 50 7
42 20 43 29
10 1 66 25
52 27 61 29
49 24 61 30
6 4 16 27
50 8 59 15
43 19 53 28
37 11 45 30
2 20 27 30
62 19 64 22
15 10 33 26
44 11 53 20
62 30 68 30
60 29 63 29
5 30 10 30
58 10 65 21
5 5 40 5
40 3 56 22
4 11 24 12
17 19 57 27
46 23 49 30
3 3 52 11
24 21 38 22
18 22 46 26
16 22 25 25
69 5 69 19
3 22 39 24
6 7 51 17
32 19 52 25
43 16 47 24
43 30 62 30
58 19 65 27
16 26 21 29
20 28 61 29
50 25 62 30
23 4 58 29
43 16 55 18
45 5 66 24
36 27 53 29
55 20 55 25
55 18 56 20
63 24 69 28
44 6 45 9
48 6 55 29
57 29 66 29
16 1 30 2
24 22 65 28
63 1 69 7
56 21 65 28
58 8 60 28
46 4 65 14
67 21 68 27
50 10 63 16
46 30 48 30
30 23 67 25
5 20 35 26
63 18 69 18
13 21 41 27
25 21 59 26
6 2 56 2
5 19 8 30
10 15 22 24
4 6 61 26
15 9 51 11
44 15 54 16
35 3 37 23
30 9 57 19
29 20 49 22
35 14 41 29
37 28 53 29
7 30 20 30
5 6 46 12
9 6 19 20
25 30 50 30
31 1 65 6
32 23 48 26
4 11 4 16
10 11 44 18
12 26 45 27
51 13 69 26
43 24 45 27
57 28 58 28
37 16 51 26
46 5 48 27
26 6 38 21
16 21 19 30
17 14 32 22
67 25 67 27
23 26 24 26
40 28 44 28
60 16 66 24
33 13 38 25
32 30 38 30
6 15 51 17
3 26 19 27
50 6 55 19
51 8 60 14
51 11 67 30
35 28 53 28
36 1 42 27
16 3 30 19
50 20 59 26
21 11 22 19
7 17 15 18
59 25 59 26
51 8 51 29
2 4 31 19
50 4 60 16
53 4 63 17
37 9 50 29
51 7 64 12
19 28 58 30
20 11 26 15
47 27 55 29
32 6 49 21
25 15 29 28
63 12 65 30
53 11 55 18
36 23 60 27
61 27 61 28
60 30 69 30
47 4 48 20
3 12 21 16
59 10 62 12
43 7 44 20
27 23 69 30
33 6 54 21
39 22 51 25
14 19 46 23
17 30 56 30
5 16 8 24
42 19 63 21
57 27 69 29
47 27 64 29
5 14 63 17
29 11 63 17
14 23 17 30
8 3 41 30
56 24 66 24
42 19 59 29
44 26 62 30
38 26 68 29
25 29 39 30
37 28 56 28
53 16 63 17
67 28 68 29
61 9 67 23
69 11 69 20
35 15 65 22
6 30 27 30
33 18 56 19
43 16 57 26
48 10 60 21
45 24 51 28
66 25 66 29
30 13 61 18
53 5 55 29
63 5 65 24
24 10 59 19
3 29 29 30
9 24 30 30
67 5 67 30
36 14 59 21
33 11 66 27
6 16 64 17
25 2 67 12
52 21 57 29
25 12 44 22
51 23 57 27
67 5 69 28
34 17 66 25
62 21 69 28
23 19 39 25
20 8 41 21
9 27 64 28
44 7 46 16
16 9 62 24
8 19 33 27
23 5 43 7
46 13 67 28
49 9 63 20
46 7 51 29
43 5 55 20
16 28 44 28
9 12 10 30
11 25 20 27
35 24 39 26
63 15 65 15
50 24 60 30
55 6 55 29
52 18 53 25
4 18 18 28
66 29 69 30
16 21 26 27
44 21 66 23
63 13 67 18
12 14 68 17
46 19 55 20
48 28 48 30
11 24 64 24
1 11 46 15
23 21 24 22
65 20 66 23
37 18 60 19
49 21 61 22
69 30 69 30
27 27 39 30
63 11 68 21
16 6 37 25
45 29 46 30
58 23 69 24
57 27 57 28
37 6 56 18
27 22 31 29
20 4 20 7
56 19 60 24
22 16 33 18
4 13 15 19
7 14 60 20
11 30 53 30
41 20 53 20
34 20 62 21
69 17 69 19
64 26 69 28
30 14 50 16
14 2 48 16
44 15 63 28
64 7 66 28
12 2 43 21
48 10 60 22
26 14 63 24
3 12 35 13
61 15 61 23
27 4 53 12
14 18 14 30
44 13 44 29
5 4 7 10
16 2 53 28
33 5 55 16
37 4 67 18
4 1 15 23
59 2 65 12
28 28 52 28
46 1 46 27
47 6 52 15
34 27 57 28
28 22 30 26
30 25 40 27
69 6 69 21
52 3 68 19
40 27 55 30
18 3 31 18
49 23 57 23
27 14 68 14
51 5 68 21
67 13 68 24
43 3 57 17
24 15 60 17
6 13 62 24
8 3 33 6
62 13 65 13
57 18 59 22
7 21 30 21
21 13 43 20
32 9 68 22
67 4 69 6
14 29 22 30
35 30 36 30
41 27 65 29
26 15 63 17
27 25 46 30
58 4 65 18
39 2 64 10
29 23 37 30
7 30 59 30
43 29 48 29
66 21 66 29
6 3 54 7
38 27 59 27
17 2 24 18
17 7 58 23
68 9 68 17
6 24 25 29
24 2 57 11
44 23 63 24
10 24 22 24
33 25 53 25
43 5 62 21
30 10 42 20
67 10 67 24
38 6 53 9
41 29 51 29
6 13 41 13
31 21 46 24
23 22 36 23
55 5 61 6
63 13 66 14
64 26 65 26
4 20 28 23
16 27 33 29
48 29 52 30
52 7 62 20
41 10 68 17
4 25 36 25
1 5 12 15
44 11 58 27
2 30 16 30
47 23 64 25
18 11 52 25
38 22 46 30
21 24 48 30
18 28 40 30
20 29 37 30
60 2 63 17
29 12 38 23
57 25 65 30
19 24 37 26
48 16 62 27
46 19 50 27
32 26 38 29
60 3 69 16
13 8 44 29
52 2 60 9
48 23 54 27
17 12 40 20
53 10 61 28
5 25 55 29
61 16 69 30
39 1 69 21
42 24 64 26
45 2 58 30
35 16 60 30
67 8 69 22
50 15 58 26
46 20 62 27
56 19 61 29
61 6 63 30
28 12 34 13
68 3 69 7
39 27 66 29
47 21 58 23
40 25 59 30
9 19 29 29
51 13 65 29
16 27 30 28
63 24 65 29
24 7 51 27
20 28 22 28
44 17 49 26
15 25 28 29
32 25 65 29
30 6 31 29
57 22 63 22
50 13 61 28
64 14 65 14
15 19 24 21
62 6 69 13
5 19 40 27
23 20 35 26
28 8 45 20
57 1 60 9
50 11 57 18
39 23 69 29
57 21 67 28
26 20 48 26
5 1 6 13
17 8 28 9
6 24 52 30
51 7 62 26
59 17 67 19
66 25 66 27
27 9 63 24
7 20 37 26
13 22 32 27
33 10 45 23
62 27 64 30
67 3 68 11
6 30 61 30
7 20 54 22
65 23 67 27
35 17 38 27
22 23 55 26
7 17 12 17
58 7 58 17
31 23 39 30
52 2 69 10
52 13 62 25
61 7 62 27
66 27 69 28
36 6 46 25
15 9 64 12
34 13 61 27
63 21 68 27
25 19 68 26
35 28 67 28
42 20 46 26
46 11 49 25
17 9 55 21
37 26 64 29
31 17 48 26
37 30 53 30
7 10 51 21
41 7 53 24
62 25 63 28
61 26 65 30
49 16 49 30
52 7 54 28
41 23 42 25
34 5 49 25
40 17 49 23
28 22 51 27
18 8 45 10
29 2 51 11
8 7 29 26
12 2 15 13
53 25 56 30
19 30 41 30
53 26 58 29
17 25 35 26
1 3 29 14
58 9 69 28
11 26 28 30
68 29 68 29
47 3 68 12
34 25 53 30
62 19 64 26
15 6 47 26
33 17 65 20
19 20 22 22
32 2 67 10
19 8 68 12
7 11 27 18
10 6 22 26
36 8 67 14
49 2 58 3
60 7 61 10
31 27 52 29
1 19 38 29
64 27 64 27
32 26 62 26
58 3 65 15
8 27 10 27
40 21 57 22
4 11 26 13
29 6 40 18
14 3 63 19
65 12 68 27
56 4 62 13
22 18 66 23
1 29 53 29
41 27 58 30
16 13 50 20
44 11 57 16
2 25 25 26
66 18 69 20
20 14 39 18
8 17 39 28
18 26 37 30
47 13 59 20
20 26 61 30
5 26 7 27
16 6 25 19
43 22 63 25
25 28 39 28
24 11 46 18
19 5 61 22
51 28 53 29
55 6 60 8
46 17 67 17
62 8 62 16
22 20 43 28
38 16 38 19
67 7 69 18
22 19 63 29
26 24 53 26
61 10 62 26
24 25 64 26
14 7 64 15
4 30 48 30
10 14 55 15
49 27 60 29
5 8 44 14
46 10 50 13
23 9 35 28
59 26 65 30
29 16 68 19
45 25 67 27
42 16 57 19
65 8 69 21
32 14 48 16
15 4 54 27
10 25 30 25
65 3 66 30
58 22 61 29
56 23 62 29
25 10 63 21
13 20 55 26
51 30 54 30
67 6 67 18
44 12 60 19
43 16 66 20
27 15 28 28
7 7 67 25
44 3 66 25
61 29 69 30
29 6 62 22
60 16 68 26
5 21 33 26
1 28 43 28
12 8 60 14
18 20 21 27
43 27 69 28
38 6 65 13
16 27 52 29
33 22 57 23
65 11 68 24
2 12 22 21
57 17 64 25
59 12 63 30
36 23 54 30
36 2 64 11
30 22 51 27
56 12 59 16
56 26 64 29
24 15 38 29
46 2 64 12
55 9 62 26
21 25 40 25
24 15 45 29
4 16 12 17
35 17 60 20
12 4 59 5
44 10 55 18
67 20 67 21
54 10 54 30
16 27 36 28
55 7 67 19
26 26 62 26
62 13 64 21
18 30 27 30
10 28 38 29
31 30 37 30
57 14 65 14
8 19 37 24
57 25 57 27
5 13 24 18
21 14 66 30
67 7 69 7
37 11 69 22
47 6 58 16
14 11 53 27
38 19 44 19
60 30 67 30
1 20 16 23
36 13 59 27
37 27 41 27
19 20 61 30
30 20 68 24
37 9 66 30
55 3 66 9
61 26 62 26
4 3 10 15
62 9 63 21
12 18 23 19
32 2 55 22
25 28 53 28
2 29 41 29
18 4 20 29
31 21 48 27
50 26 53 28
48 28 60 28
32 1 34 26
5 17 32 24
14 2 22 22
52 4 57 25
13 14 31 20
52 18 64 20
60 10 61 24
1 9 59 15
14 21 60 23
25 9 58 22
16 14 50 18
30 16 42 18
22 23 24 27
44 24 44 25
24 17 64 24
68 26 69 29
9 4 52 17
4 14 54 25
18 29 68 29
2 27 53 28
18 22 51 26
56 11 65 20
26 20 26 28
35 1 60 4
41 30 54 30
32 23 51 24
33 1 47 4
26 28 53 30
67 2 68 15
9 27 59 27
29 6 68 13
64 16 68 25
41 28 69 29
7 7 32 29
68 24 69 29
24 17 54 26
51 7 53 23
58 23 58 30
20 1 69 24
43 7 46 20
49 9 51 13
41 9 58 16
46 19 55 24
48 24 56 28
48 10 52 26
57 10 62 26
61 29 69 30
67 14 67 29
48 13 66 30
3 19 4 29
3 27 42 29
68 1 69 26
47 14 69 17
20 26 24 29
54 12 61 24
46 12 53 30
45 4 48 12
52 23 57 24
50 26 54 27
47 24 48 26
5 29 17 30
16 5 41 6
63 5 63 19
49 17 62 28
52 19 53 29
54 30 67 30
52 30 57 30
6 25 34 27
9 3 11 15
66 18 67 21
45 25 47 27
19 5 35 20
42 1 43 1
58 2 62 25
28 12 60 20
60 11 69 11
55 6 67 27
36 28 53 29
7 1 48 12
27 27 41 30
52 28 54 29
50 2 62 9
34 27 39 28
66 23 66 24
49 17 50 24
62 17 64 19
16 29 21 30
22 10 57 16
19 24 34 24
35 30 63 30
23 19 50 25
44 3 59 5
63 1 64 23
27 11 56 24
52 19 52 21
19 4 36 7
50 14 65 20
64 24 68 25
25 17 66 30
65 19 68 29
17 26 63 30
14 17 69 17
69 8 69 9
37 28 56 29
48 19 54 20
5 4 8 14
43 19 53 19
6 22 11 28
44 15 44 26
20 14 44 17
11 22 48 26
18 28 28 28
34 25 37 30
43 2 69 21
34 3 63 10
65 30 66 30
41 23 50 28
49 28 54 29
55 6 61 29
10 8 34 15
34 12 47 28
42 16 54 23
26 20 55 21
5 2 60 19
9 22 56 26
35 10 49 29
69 3 69 3
63 24 66 25
27 7 53 28
29 29 36 30
46 25 69 27
55 29 65 29
66 20 68 26
19 28 42 30
37 23 65 23
8 10 28 17
43 21 65 24
13 1 23 21
17 30 21 30
49 15 52 21
69 17 69 28
50 14 56 30
55 26 65 28
46 12 48 29
17 22 38 23
41 15 46 26
4 29 5 29
1 6 25 22
43 14 68 30
27 5 40 13
50 15 63 24
39 7 59 10
53 24 69 29
21 10 23 28
22 6 60 20
18 9 22 25
11 20 20 22
11 10 63 29
48 8 59 30
39 13 41 17
57 28 63 30
65 24 66 26
54 9 62 15
51 11 59 17
58 17 59 20
26 17 68 24
6 11 52 14
65 8 67 18
30 23 39 24
1 23 11 29
31 20 40 26
52 12 67 29
67 22 67 22
56 16 67 25
47 30 63 30
15 11 61 17
9 7 23 11
51 29 51 29
42 6 47 16
8 18 35 20
35 13 37 30
61 16 63 24
16 9 64 23
26 21 52 21
47 18 63 25
67 5 69 12
68 5 69 12
23 16 41 16
51 24 62 29
23 8 34 26
5 16 53 19
66 8 69 11
35 13 63 16
32 20 42 21
54 9 68 20
2 19 63 21
47 9 56 30
38 26 62 28
44 18 58 18
28 1 54 23
24 19 41 23
21 8 36 20
31 25 68 29
42 17 43 17
24 8 44 19
58 20 61 20
31 13 31 14
60 26 60 26
22 30 52 30
35 8 64 25
69 10 69 27
24 10 33 17
67 21 67 21
60 23 64 24
12 30 62 30
1 21 13 28
48 22 63 26
37 27 53 28
52 26 59 29
7 15 25 17
43 9 46 22
40 28 42 30
13 26 64 30
47 6 66 18
38 14 47 18
14 15 67 15
32 27 50 28
20 8 34 23
10 30 25 30
30 29 35 30
37 5 63 14
28 17 67 23
45 27 52 29
23 24 55 25
47 2 50 16
12 29 44 30
60 21 60 21
42 8 60 27
56 1 67 24
2 16 56 19
46 17 63 22
43 11 60 23
44 18 62 21
48 12 53 28
23 2 41 5
2 21 38 24
33 21 58 29
26 10 54 26
44 2 69 17
27 18 63 25
53 23 61 27
32 7 38 28
41 27 53 29
62 12 69 29
7 18 31 29
16 1 67 26
17 7 48 17
23 19 51 24
68 30 69 30
50 8 52 16
10 16 59 27
30 29 37 30
54 30 57 30
32 21 40 24
26 10 56 25
66 20 67 29
44 1 64 22
64 6 65 9
48 1 66 24
61 22 66 24
36 3 68 14
37 19 48 28
56 30 69 30
55 21 56 30
56 4 66 18
66 10 68 30
12 20 38 21
54 10 57 29
50 25 68 26
34 6 59 28
11 8 40 15
48 8 54 12
11 4 46 19
66 18 68 28
3 18 41 24
68 4 69 21
23 9 48 14
29 10 56 21
34 12 48 25
25 10 62 10
54 8 61 24
15 10 21 17
66 9 66 25
49 4 66 22
43 28 44 28
65 2 69 5
53 2 66 23
10 21 59 25
9 11 17 28
44 25 47 25
58 8 60 20
62 27 65 27
51 19 62 30
66 14 67 16
16 29 68 30
37 24 64 24
60 12 64 20
7 19 30 27
59 29 64 29
4 19 49 20
69 20 69 21
36 26 39 28
49 30 67 30
20 7 36 23
30 4 56 7
46 7 55 23
59 8 67 11
5 12 42 25
65 21 69 26
31 16 53 26
45 11 69 19
16 4 52 29
27 24 47 26
31 28 46 28
22 23 61 29
21 27 53 29
28 25 55 25
28 8 69 30
68 22 69 22
56 7 67 15
55 30 68 30
17 6 63 20
45 18 68 20
69 17 69 30
57 14 57 28
6 16 67 19
6 22 6 22
33 8 35 8
2 5 5 10
53 9 58 11
28 17 50 18
58 24 69 26
54 21 65 28
51 15 68 26
2 6 67 22
41 1 44 15
39 11 64 18
22 30 22 30
66 13 66 19
12 30 47 30
33 25 44 28
58 15 59 28
52 25 59 28
60 9 61 26
1 26 4 28
60 18 61 28
40 22 40 24
2 8 18 22
19 10 58 12
54 24 54 26
39 28 50 29
40 4 51 13
3 15 14 23
18 13 25 21
68 15 68 16
13 29 37 30
54 10 59 16
53 17 55 23
52 8 67 23
24 9 40 10
66 5 69 16
20 21 23 27
62 8 65 26
11 19 11 23
55 2 55 23
13 27 68 27
68 26 68 26
45 3 60 3
26 16 49 18
39 3 46 29
39 11 62 28
4 20 45 29
61 30 65 30
42 28 44 29
22 20 61 22
40 2 60 3
28 2 36 13
5 18 8 23
55 5 55 15
57 21 68 25
15 26 45 27
4 7 43 25
36 22 62 22
9 18 15 29
4 28 53 30
5 30 47 30
20 3 34 17
38 1 41 24
13 30 13 30
47 20 48 27
12 9 13 16
45 21 49 25
62 13 65 21
33 5 36 8
23 10 29 13
66 6 68 13
61 22 63 29
54 3 54 27
22 18 42 25
1 8 60 13
7 15 55 21
43 22 55 27
18 18 38 18
66 28 68 30
57 18 58 28
16 20 30 22
19 13 32 15
65 10 66 27
46 5 60 24
55 15 59 26
41 23 46 28
3 6 49 13
37 7 66 22
33 23 58 27
15 10 31 27
35 26 46 27
5 23 65 30
53 8 56 24
56 9 66 15
17 9 39 13
50 13 66 28
69 8 69 15
54 8 66 18
3 2 34 7
53 19 57 19
49 13 61 22
44 11 51 14
37 13 47 30
45 9 46 21
46 28 63 28
26 4 49 19
12 10 25 23
14 20 59 21
6 24 28 27
66 12 68 19
27 4 45 5
66 4 66 9
4 23 16 29
63 12 68 21
20 25 26 27
59 11 60 24
27 27 58 30
20 30 49 30
18 7 39 26
42 2 54 22
5 1 36 22
61 18 68 22
47 27 49 30
56 3 58 3
40 19 68 20
54 10 68 16
56 3 60 5
53 13 62 30
2 23 67 26
56 5 64 16
6 1 48 23
58 27 68 30
30 29 46 30
3 13 22 15
34 16 55 26
69 28 69 28
18 6 20 13
28 8 61 26
59 5 66 5
10 14 31 16
15 21 55 26
7 3 61 24
38 20 61 30
52 9 55 24
35 16 49 23
44 17 59 28
48 17 62 20
27 7 30 29
1 25 14 30
21 14 32 30
27 12 42 25
22 11 26 16
30 16 58 20
41 12 42 16
38 29 60 30
66 10 69 14
11 12 18 17
17 4 61 11
57 15 65 22
34 23 44 26
15 28 65 30
44 24 69 28
32 23 53 30
50 26 52 28
40 2 64 17
8 16 45 24
13 25 69 29
33 30 39 30
19 4 44 5
40 12 68 14
28 13 61 25
19 1 65 1
8 20 13 26
1 17 20 21
24 5 54 9
60 23 65 24
46 30 60 30
5 26 56 30
8 24 47 25
38 17 57 29
2 5 67 13
17 21 62 28
49 29 63 29
13 13 31 19
63 20 67 21
6 16 68 23
65 18 68 20
4 3 52 10
30 17 56 19
54 7 56 8
62 13 68 24
61 25 68 30
57 10 67 21
47 13 68 13
13 18 17 20
37 16 62 26
40 22 53 26
65 8 66 28
68 28 68 29
4 1 14 24
11 17 40 20
11 24 43 29
36 7 37 23
52 18 63 30
2 9 62 19
20 16 56 24
49 7 54 26
59 23 68 26
52 1 52 18
22 25 64 26
33 23 46 28
61 18 68 29
68 1 69 17
54 19 54 23
58 2 60 15
66 14 67 23
26 10 47 24
34 16 49 29
20 22 60 22
19 30 49 30
62 10 66 22
45 9 58 24
29 17 54 18
66 28 67 30
66 7 66 29
12 8 16 24
9 6 27 7
28 4 33 25
63 16 64 21
8 13 65 21
7 15 44 28
58 24 64 26
34 19 66 27
16 16 35 21
52 8 65 13
69 17 69 18
3 30 60 30
7 10 31 30
6 29 7 30
39 11 51 16
45 6 45 10
56 2 64 17
12 23 35 25
13 10 64 21
43 3 52 11
47 26 55 26
19 3 34 24
48 27 59 29
3 29 6 30
40 4 63 10
41 11 46 26
68 29 69 29
57 11 60 25
4 22 42 23
17 11 38 27
64 28 66 28
8 16 64 24
59 25 68 29
41 15 53 30
16 12 37 13
34 20 55 25
47 8 69 26
1 24 61 24
21 3 51 10
42 5 63 17
34 30 47 30
13 4 47 23
54 21 66 24
40 9 57 13
61 6 64 11
22 7 40 18
9 28 9 30
25 18 51 27
65 3 67 15
48 18 68 28
8 22 67 22
14 22 44 28
51 28 66 30
58 24 59 29
17 9 53 20
18 5 49 7
46 8 64 10
40 25 40 28
7 15 39 19
4 1 10 28
33 30 53 30
15 19 27 19
28 2 61 16
14 8 22 11
5 10 59 16
29 6 58 9
29 1 42 8
59 26 64 27
27 6 33 8
31 25 67 30
1 7 3 27
50 20 68 28
62 23 66 25
13 21 65 24
34 8 39 21
63 27 67 30
35 27 57 30
62 29 68 29
8 28 26 30
13 17 54 23
6 2 33 25
10 22 43 26
37 10 56 14
49 26 52 30
66 9 67 11
46 24 56 24
37 28 66 30
5 3 37 26
51 14 53 16
13 13 46 18
26 28 67 28
21 14 24 29
27 3 60 19
68 1 68 30
15 13 37 14
5 17 32 18
1 29 49 30
51 28 57 30
1 15 54 25
28 2 68 3
29 15 51 26
24 1 61 22
14 16 43 17
25 30 67 30
13 29 13 29
1 27 35 30
64 13 66 25
2 18 56 24
37 11 67 25
56 23 57 27
46 14 69 18
2 6 17 27
18 29 18 29
9 19 64 19
9 12 47 30
16 22 33 29
49 1 58 12
7 27 64 30
44 15 64 30
21 4 28 5
53 24 63 24
63 12 69 20
40 15 66 26
40 27 69 28
20 9 42 18
17 2 30 28
64 9 66 26
62 22 66 23
57 28 61 30
64 23 67 27
51 7 64 27
30 15 47 17
51 27 65 28
22 24 36 29
47 11 48 29
48 20 54 30
58 15 61 29
2 22 60 26
10 16 53 24
27 25 31 28
67 24 69 30
46 21 65 26
18 7 20 8
51 20 57 20
6 18 6 20
50 1 61 30
11 27 53 28
59 8 68 10
37 12 42 20
69 30 69 30
47 3 47 5
65 16 65 16
58 20 69 28
16 18 38 29
26 30 44 30
57 10 61 15
35 24 45 29
47 4 57 24
31 29 48 30
64 20 64 24
34 21 52 29
64 23 68 26
11 7 59 10
61 7 69 11
48 10 64 21
65 3 69 3
50 19 68 30
24 5 27 10
6 1 41 14
15 20 65 24
58 3 61 4
23 26 43 28
5 10 24 21
27 15 62 28
44 7 51 26
55 1 55 2
31 9 67 24
20 30 27 30
53 23 62 25
9 22 63 25
63 11 67 22
23 27 37 29
14 14 28 26
65 14 65 24
64 6 64 12
50 21 56 23
66 9 67 11
17 15 32 23
46 24 60 27
5 16 34 21
51 24 69 29
29 7 65 15
27 12 32 25
65 16 65 17
21 27 36 29
20 7 35 25
32 22 63 28
29 2 66 18
10 2 66 14
26 15 27 23
35 3 38 6
43 2 60 3
54 5 54 21
54 5 58 15
47 29 55 29
24 23 49 26
56 29 64 30
16 22 69 23
14 16 19 17
4 1 42 18
62 21 63 21
61 10 67 18
23 3 55 18
40 12 61 25
23 17 27 27
69 15 69 24
63 20 68 27
47 21 56 23
22 17 58 19
9 16 58 21
37 22 53 27
60 30 68 30
49 30 66 30
6 2 69 2
64 17 69 25
52 24 69 27
26 22 46 23
16 17 48 19
6 27 14 29
3 1 34 19
57 29 65 29
56 7 58 15
60 15 62 18
3 25 11 28
55 24 58 27
8 20 63 23
20 15 64 24
61 25 63 29
46 21 58 22
32 24 63 24
29 7 44 26
2 3 39 15
41 9 60 18
2 11 26 28
4 22 64 23
10 13 41 16
31 16 46 20
23 5 67 7
28 18 43 22
7 30 43 30
44 20 59 26
64 22 65 25
24 1 52 21
19 14 64 23
48 22 57 27
67 30 67 30
49 8 53 28
13 19 60 27
32 18 45 27
21 15 60 17
68 23 69 23
66 22 67 29
7 27 9 30
47 6 48 30
1 3 29 14
62 29 64 30
65 19 65 22
9 4 9 19
2 26 16 28
3 21 10 27
59 6 65 23
40 7 61 17
15 18 29 20
54 26 62 27
18 21 51 30
69 11 69 24
66 20 69 20
2 26 6 29
39 16 51 29
41 15 53 18
35 2 67 17
59 28 65 30
8 23 9 26
23 9 37 18
55 7 60 11
45 6 47 25
47 28 58 29
12 19 51 21
1 11 43 12
19 20 61 20
10 6 61 16
44 29 44 30
3 16 27 22
23 5 41 22
69 28 69 28
6 10 30 11
24 15 53 15
3 8 48 26
56 10 64 29
65 9 65 26
11 30 18 30
58 29 60 30
52 2 68 6
44 14 48 19
7 21 59 21
25 16 62 28
7 4 69 19
10 21 63 30
12 1 34 13
18 3 36 22
69 7 69 29
37 2 50 13
2 20 64 23
61 4 65 21
49 16 58 20
43 20 62 25
35 8 68 29
27 14 31 16
51 21 64 30
45 8 52 13
59 12 64 16
64 10 68 15
62 28 69 29
42 28 57 28
22 24 41 30
34 18 38 25
16 1 29 8
28 4 37 13
13 1 22 11
38 22 40 26
33 1 57 5
68 4 69 8
23 21 50 30
55 22 69 30
54 12 55 17
46 8 50 25
37 24 65 24
24 29 34 29
29 16 66 18
68 25 69 26
14 23 31 29
6 2 37 19
52 12 67 12
24 4 51 19
17 4 67 17
3 15 54 21
5 23 24 25
46 19 57 20
37 22 64 24
61 14 64 25
40 13 55 20
61 28 66 29
41 11 55 26
59 9 67 25
39 2 64 20
54 26 67 27
8 9 38 14
35 23 51 27
27 4 30 22
39 3 48 10
44 25 64 25
24 30 25 30
50 29 54 29
28 9 45 22
27 1 38 3
52 6 54 9
59 1 67 30
47 5 50 28
5 7 22 23
30 10 35 14
7 18 16 19
10 13 40 16
46 28 50 29
8 29 43 29
63 30 66 30
24 28 54 29
60 22 63 28
20 11 57 27
10 15 24 22
26 22 34 23
50 5 52 24
67 14 68 14
10 17 26 28
28 25 53 28
40 12 44 23
29 13 52 20
11 5 13 22
24 18 41 18
9 22 42 23
13 24 26 30
9 26 47 27
60 15 65 22
30 17 65 21
39 1 41 11
33 30 54 30
46 10 66 29
44 21 50 22
29 14 64 24
41 21 49 28
3 24 64 28
16 2 26 6
61 2 65 7
26 30 34 30
24 27 28 29
49 24 68 25
16 6 29 26
15 27 50 30
13 23 39 28
48 28 61 30
11 6 46 10
2 24 26 25
35 23 40 23
61 11 64 30
47 14 59 19
33 6 50 18
9 26 28 28
33 21 53 25
64 4 65 26
29 21 42 24
6 24 68 29
68 8 68 26
21 9 64 30
31 1 67 23
41 29 60 29
21 9 68 30
69 27 69 29
20 17 65 30
1 3 15 9
3 20 61 27
22 24 39 25
49 23 65 26
66 20 68 23
25 21 33 28
5 21 36 24
24 22 33 23
42 6 49 17
67 7 69 28
54 5 58 8
9 14 23 21
49 17 65 27
27 3 56 19
37 10 61 12
57 21 66 27
25 21 62 30
69 20 69 29
6 6 7 7
45 30 51 30
5 8 44 14
10 8 11 15
2 13 46 16
46 15 60 17
17 4 30 23
58 1 65 20
1 30 13 30
62 16 68 23
58 8 58 22
9 29 40 30
60 6 69 27
9 22 27 26
18 21 41 26
42 4 56 27
41 22 54 27
65 22 65 30
51 11 64 11
22 2 63 20
5 1 46 27
68 29 69 29
46 4 65 5
40 9 45 20
69 3 69 19
51 7 64 20
7 23 52 30
49 5 50 14
52 6 69 12
32 26 34 30
26 14 50 27
36 6 68 23
60 28 61 29
64 8 66 20
7 13 8 15
65 21 66 25
31 17 48 29
22 17 28 29
2 2 9 28
51 3 55 11
44 14 58 26
6 16 22 18
6 28 47 28
49 9 49 28
57 20 59 24
22 5 41 25
21 6 29 13
40 17 58 30
7 22 55 23
38 24 44 30
43 14 56 25
53 11 62 16
10 14 20 24
39 3 52 6
36 10 43 16
25 22 56 23
26 14 49 22
9 13 17 29
34 28 61 30
30 1 49 30
62 25 66 30
44 20 48 30
38 21 55 22
23 27 35 29
46 21 56 27
26 20 43 26
1 10 12 10
50 12 59 15
58 20 65 26
63 21 66 24
44 7 55 11
69 14 69 22
44 7 54 10
8 1 10 8
19 2 21 20
10 11 19 16
27 15 64 21
21 11 23 26
19 19 40 26
11 13 38 17
56 22 57 29
65 16 66 17
40 30 63 30
45 25 49 30
27 26 36 27
10 1 17 4
18 28 50 29
1 6 29 19
14 13 51 24
60 16 67 20
38 4 52 21
36 9 40 28
40 29 68 30
69 11 69 14
42 14 57 27
38 15 44 26
31 29 55 29
69 13 69 21
40 10 52 20
53 10 63 25
4 4 64 26
19 28 55 29
62 21 69 29
20 30 46 30
36 28 41 30
48 2 68 7
64 1 65 22
26 19 51 25
56 9 65 27
38 26 62 29
2 28 55 28
60 20 62 22
9 26 17 28
36 10 52 28
16 3 63 20
51 20 62 27
1 15 1 16
60 15 62 23
59 22 63 30
51 23 58 27
46 24 65 27
56 17 69 25
24 12 67 15
8 27 48 28
2 22 18 27
20 20 50 24
38 11 54 16
37 11 49 22
23 1 63 27
10 27 17 27
5 15 35 26
19 27 50 29
22 13 27 16
62 28 67 29
57 27 59 27
14 7 57 13
56 11 61 25
25 9 58 16
34 27 50 30
40 3 44 29
18 3 57 5
64 21 65 27
9 25 52 27
25 12 64 14
35 8 68 15
27 27 52 28
31 6 55 17
47 23 68 28
20 14 53 26
35 11 43 28
59 18 63 21
42 26 47 27
51 27 63 29
35 1 66 26
26 19 66 24
57 7 62 7
13 6 68 28
5 7 65 29
15 2 38 16
47 12 59 29
32 1 66 18
68 13 68 25
47 24 57 29
18 4 35 10
23 23 61 23
63 8 63 17
46 19 62 21
45 13 54 22
4 30 63 30
27 25 49 25
61 1 64 23
31 27 38 29
53 22 59 30
9 26 18 26
40 4 58 9
66 23 66 25
54 6 63 27
27 15 64 26
3 30 36 30
24 26 60 30
67 28 68 29
39 26 61 30
49 25 55 26
41 16 47 22
33 14 55 29
12 22 52 22
24 19 67 23
41 7 49 9
42 11 50 22
32 6 33 27
34 24 53 26
66 20 68 27
57 13 61 20
50 12 64 16
44 20 69 21
33 9 68 20
59 8 61 25
20 6 52 29
31 27 67 27
51 20 57 24
29 15 31 15
33 12 33 25
47 14 57 22
38 7 53 10
26 18 26 19
18 21 48 27
33 22 42 24
28 27 56 28
17 24 69 28
56 23 64 24
36 7 39 13
43 11 67 27
15 7 54 18
55 24 61 27
16 13 51 20
39 13 66 25
44 11 64 20
36 17 40 26
69 5 69 5
49 1 49 27
14 9 30 24
33 24 47 25
11 1 33 10
48 13 54 27
31 27 58 27
20 14 23 24
64 9 69 23
1 18 61 18
4 17 64 24
3 12 57 17
11 7 57 13
9 18 16 23
57 14 57 17
8 1 15 7
66 18 68 30
49 13 49 20
2 27 20 28
11 5 54 6
31 21 49 28
32 18 40 25
13 6 48 18
62 16 67 26
38 6 51 23
28 26 59 28
57 27 61 27
50 26 65 30
31 13 54 30
45 5 57 14
27 8 35 9
64 6 64 16
69 18 69 26
5 7 65 9
7 17 53 20
27 15 44 25
27 18 34 25
21 5 33 25
15 13 51 17
40 10 42 22
50 8 59 10
5 7 43 30
5 13 6 29
43 15 54 21
43 22 55 26
39 19 46 20
32 23 61 30
63 9 66 12
45 12 55 21
2 11 8 18
53 7 64 8
32 18 64 29
32 22 48 26
28 30 54 30
61 5 65 29
34 18 34 23
46 26 49 27
46 11 67 17
39 2 41 19
32 28 47 28
50 3 52 30
57 8 60 29
55 13 63 14
31 16 63 16
46 6 49 13
5 11 23 16
68 14 68 27
29 26 46 28
13 1 20 14
56 2 66 23
49 25 51 27
45 22 52 22
41 30 46 30
49 2 62 23
8 16 44 19
55 9 59 15
59 14 67 21
48 12 48 21
32 8 57 18
9 16 66 29
43 19 55 21
8 25 38 30
17 21 44 28
15 25 53 29
44 17 55 30
11 24 14 24
9 17 67 23
15 30 18 30
5 23 31 26
38 6 60 8
63 29 68 29
32 20 33 24
24 23 48 30
23 28 49 29
61 12 68 29
28 13 28 27
15 20 61 22
10 15 69 26
3 2 25 12
59 17 69 22
48 28 50 29
4 26 36 29
47 13 67 14
16 1 19 13
14 25 55 26
69 17 69 27
20 2 66 23
10 13 65 18
15 10 26 14
38 30 67 30
33 7 46 13
3 19 46 30
42 5 47 30
52 25 65 27
24 30 60 30
41 26 61 29
10 4 47 18
35 27 49 27
53 1 69 8
67 2 68 27
64 12 64 28
36 13 48 20
4 1 22 16
19 29 62 29
23 1 67 30
10 1 37 18
8 1 22 17
34 22 45 27
49 25 53 26
8 11 18 12
67 29 69 29
14 30 23 30
17 7 68 12
62 7 68 24
35 19 65 20
51 3 61 3
68 22 69 25
47 4 64 28
7 11 40 12
26 7 33 28
18 28 28 29
49 27 51 29
34 14 36 16
39 1 61 29
30 15 36 15
36 18 55 21
3 22 39 26
60 5 62 22
24 7 58 19
43 21 58 22
45 27 55 28
5 21 39 28
53 18 64 29
45 16 65 22
26 18 55 24
50 19 60 23
59 28 60 29
20 9 34 21
31 6 66 9
21 2 24 21
43 15 54 15
59 13 67 17
23 19 37 21
3 22 66 23
45 25 68 26
29 3 52 16
35 25 40 27
31 29 47 29
44 22 59 24
59 25 62 29
29 25 38 27
13 2 65 15
4 18 43 29
49 7 51 27
19 17 37 26
20 6 41 8
48 22 63 25
40 14 44 24
58 5 62 14
57 3 68 14
68 23 69 30
14 2 23 3
9 21 11 26
59 9 67 12
37 9 50 25
67 9 69 28
54 28 58 30
5 11 16 28
50 4 61 20
21 14 69 29
53 16 66 21
62 3 65 28
40 13 45 17
24 27 65 29
13 3 43 11
29 29 61 29
18 22 22 23
12 22 12 22
67 9 68 15
53 12 64 29
49 3 66 3
15 4 29 24
12 30 51 30
67 16 69 27
60 2 61 25
40 16 62 20
28 9 35 11
16 9 29 19
51 16 54 29
47 22 53 23
10 7 40 20
34 26 65 28
49 28 57 29
4 2 49 6
42 15 48 21
25 7 62 26
46 14 50 19
33 10 57 11
39 3 54 25
17 7 19 24
36 2 62 30
20 28 20 29
40 5 55 23
62 20 69 24
49 16 56 19
8 13 45 25
6 28 35 30
30 18 55 30
58 29 68 30
68 20 68 29
42 23 55 29
42 8 66 23
27 20 59 27
23 27 48 30
15 29 25 29
36 12 62 28
24 13 53 30
18 2 31 30
60 2 69 5
41 10 55 23
53 18 68 23
21 4 22 11
57 16 69 22
33 1 64 1
11 17 59 26
31 15 57 18
5 21 19 25
18 6 18 20
58 14 60 16
63 7 63 21
36 25 52 26
37 4 62 18
37 2 47 4
50 19 65 25
63 26 66 28
8 20 46 29
17 16 28 19
16 11 66 13
33 20 42 26
52 1 52 20
53 26 64 30
7 16 7 22
18 26 58 30
4 28 19 28
11 20 13 24
68 12 68 23
36 11 63 16
52 2 64 25
59 7 63 14
15 21 22 24
46 1 47 12
40 18 59 22
27 7 68 25
20 22 45 24
8 26 49 27
56 8 65 28
52 16 67 22
40 29 55 29
40 21 55 28
25 8 44 16
38 21 50 22
64 10 67 17
60 18 67 22
23 4 52 23
50 10 66 14
59 24 69 28
49 1 59 24
45 3 50 9
16 28 27 29
69 11 69 28
49 21 50 21
22 30 57 30
25 21 41 28
6 27 12 28
26 16 41 28
26 1 40 23
30 13 50 22
27 11 47 12
43 12 44 20
31 2 34 24
16 19 44 25
64 1 65 22
57 14 68 22
36 13 54 28
45 23 47 30
21 28 42 29
22 24 59 30
29 28 56 28
68 9 69 14
52 22 59 27
51 25 66 28
2 2 32 22
48 16 68 18
2 19 35 27
1 19 48 23
34 4 61 7
62 23 63 27
11 18 46 26
35 20 48 22
22 22 50 25
64 17 66 18
45 27 45 30
57 27 59 27
11 4 47 20
46 28 52 28
56 25 66 28
14 26 39 28
40 23 53 27
63 10 65 15
12 10 17 14
28 24 33 29
34 1 43 11
18 27 66 27
54 14 54 14
43 25 64 25
28 16 40 20
59 19 63 27
46 14 56 19
13 13 17 19
28 5 64 9
54 3 66 9
45 16 65 18
4 5 52 6
5 14 19 24
13 22 40 27
13 30 39 30
60 13 69 18
45 20 45 30
22 19 67 19
9 21 25 30
30 25 59 27
68 17 68 19
37 25 62 28
57 17 57 24
39 4 64 22
57 17 63 19
24 28 33 29
16 10 58 15
33 6 48 25
24 29 37 29
45 4 67 19
3 9 7 11
56 5 65 10
20 5 49 12
51 29 53 29
32 6 59 12
49 14 64 25
50 16 56 18
31 14 42 26
24 6 39 7
33 17 39 17
23 26 30 29
3 4 33 22
47 13 66 15
13 21 66 27
42 13 63 14
38 11 63 25
24 29 50 30
16 4 27 24
18 4 36 9
24 27 25 27
7 13 66 26
27 20 31 20
4 13 15 24
53 25 65 27
18 5 46 24
16 24 33 29
8 4 59 10
6 13 19 22
28 22 54 24
69 8 69 25
22 15 28 15
24 13 36 23
8 6 22 17
42 8 52 30
24 3 67 13
66 19 67 27
55 15 60 19
27 19 55 30
27 29 41 29
17 28 17 30
58 24 67 30
67 22 69 30
64 23 64 30
7 9 61 30
32 23 47 28
6 13 59 13
39 19 65 22
3 18 55 20
16 2 53 8
48 4 58 18
45 11 64 19
7 17 27 30
68 16 68 20
37 19 45 24
67 2 67 13
42 30 69 30
65 9 66 19
37 22 43 23
39 19 46 28
44 6 60 9
42 11 48 19
51 28 67 29
34 16 53 21
41 2 51 30
6 17 36 25
25 18 32 19
18 9 63 27
30 28 49 30
17 27 62 29
25 22 61 27
18 18 48 30
49 12 63 18
33 8 66 11
23 10 41 14
1 10 68 14
35 28 59 30
12 18 53 26
41 10 53 23
65 17 69 28
5 6 39 7
50 17 61 23
7 13 41 25
35 5 66 8
6 3 16 12
37 10 44 28
14 8 28 25
27 13 68 16
17 6 66 25
34 29 53 29
34 23 36 26
61 20 66 26
2 9 45 18
10 11 20 15
44 28 48 29
40 10 52 10
51 10 60 27
12 28 69 28
33 5 53 29
17 21 64 26
28 14 40 29
66 22 66 28
59 23 64 28
1 1 31 25
65 9 65 21
67 8 68 30
4 13 51 17
3 6 44 28
33 25 44 28
50 30 69 30
22 22 24 30
33 28 64 30
10 11 17 14
41 22 46 30
22 28 30 29
19 3 22 16
30 3 61 4
40 15 62 27
1 17 10 21
69 17 69 23
17 22 53 23
18 3 27 29
36 7 36 24
15 24 50 25
39 6 49 9
11 24 24 30
36 20 42 27
7 8 23 17
50 19 53 28
24 25 43 26
16 25 47 30
9 8 48 16
21 22 43 26
68 9 69 18
27 14 55 18
7 9 53 26
50 13 69 22
3 30 18 30
30 15 43 27
9 5 27 19
53 16 54 23
63 14 69 23
10 30 45 30
17 18 39 24
48 4 65 25
7 1 13 7
63 22 63 28
23 15 36 25
47 24 58 28
40 29 51 29
7 24 47 30
25 30 49 30
68 25 69 26
69 9 69 15
60 4 60 28
61 5 66 20
67 13 69 28
55 6 62 17
21 18 25 18
45 17 69 27
26 18 49 24
62 24 68 27
16 26 18 30
60 16 66 26
7 4 18 8
54 5 64 12
12 27 42 27
64 22 67 25
44 7 58 15
5 16 9 24
59 17 63 29
51 6 59 16
23 20 42 27
27 11 67 11
39 24 59 27
62 2 63 20
67 11 69 17
62 8 62 24
31 1 48 8
4 21 25 29
67 10 67 19
28 12 42 25
61 19 64 21
53 29 53 29
9 15 52 22
63 18 67 23
7 16 40 26
28 2 55 5
27 25 29 29
58 19 60 26
5 20 14 24
4 19 6 23
20 16 69 29
8 25 18 26
5 2 66 12
9 16 50 26
67 30 67 30
35 26 43 27
55 8 56 24
61 1 61 2
46 28 55 29
32 16 38 17
65 8 67 28
63 23 69 28
58 23 58 27
49 9 53 16
16 2 46 28
29 13 43 20
30 9 38 12
21 11 37 26
45 25 47 27
61 8 65 15
51 30 65 30
24 10 67 19
63 10 64 22
27 26 29 28
12 1 57 29
46 14 47 22
15 6 63 6
38 5 65 29
19 30 51 30
7 1 40 12
20 24 60 28
17 3 68 3
54 3 65 19
65 22 66 23
63 17 63 26
54 10 69 10
68 22 69 30
12 24 52 28
23 22 52 24
58 9 64 19
29 16 31 30
58 6 63 11
39 6 63 7
64 22 64 22
14 28 29 29
10 12 21 17
42 18 63 22
27 17 68 21
41 10 42 12
27 10 46 16
25 16 41 26
45 22 47 30
41 28 60 30
68 17 68 18
62 14 64 21
24 24 46 27
34 8 66 24
30 24 69 28
58 19 68 24
31 26 32 28
3 11 47 14
32 16 46 18
37 28 48 29
40 11 50 11
16 14 37 19
19 20 61 20
8 6 33 22
2 4 37 29
39 13 40 26
8 11 57 20
60 11 62 23
56 24 68 29
47 28 61 28
8 26 61 29
11 25 52 26
51 20 65 22
24 11 60 22
43 18 66 24
62 2 63 6
10 25 13 25
58 21 62 24
64 10 68 11
18 24 21 29
47 4 50 5
56 6 68 29
35 14 52 30
53 7 58 24
6 19 65 30
48 4 67 5
41 4 61 6
13 9 62 10
65 28 67 29
53 24 58 24
57 28 68 28
15 3 51 23
14 10 38 25
48 22 55 28
28 21 34 24
22 22 25 25
13 9 26 13
26 9 42 20
46 1 60 27
11 30 59 30
19 3 68 11
11 15 43 25
9 2 31 4
28 19 48 26
38 29 64 30
4 24 66 25
7 5 11 12
53 14 54 21
21 13 66 19
44 7 46 11
16 13 68 15
41 9 52 19
69 24 69 28
16 24 25 29
18 26 24 28
29 2 51 15
46 8 61 15
65 28 68 29
42 16 48 18
31 14 59 16
16 11 16 12
64 7 67 24
11 30 18 30
42 25 64 27
59 28 63 30
9 1 28 20
54 18 56 21
23 23 35 29
64 29 66 29
14 9 20 18
24 16 47 26
22 1 58 12
16 15 62 28
36 1 65 24
46 14 54 20
51 13 61 18
52 24 65 29
5 17 47 18
56 19 69 21
6 2 37 11
58 22 59 25
67 6 67 30
61 12 66 19
37 18 54 24
31 14 50 30
27 7 41 13
20 29 49 29
19 17 68 28
42 2 57 29
35 25 66 26
35 16 42 29
58 8 65 12
56 22 56 27
40 4 66 17
48 21 58 26
19 23 42 23
66 30 68 30
20 24 62 26
32 29 67 29
46 19 47 24
37 15 52 30
65 25 66 30
37 12 63 18
22 30 61 30
9 26 68 27
23 3 64 22
37 22 38 28
45 26 51 28
51 3 67 25
23 29 32 29
1 30 55 30
35 24 63 24
58 8 66 8
39 11 63 27
20 25 47 30
46 22 63 26
12 23 38 24
45 3 69 9
36 7 48 25
9 8 35 19
3 7 33 23
56 13 67 18
19 12 60 25
38 27 69 27
10 7 35 7
30 10 62 12
56 19 58 22
8 5 61 16
20 13 35 17
12 14 28 27
33 2 37 2
31 6 65 26
68 17 68 24
33 11 65 19
41 7 67 7
54 27 69 29
37 19 67 30
59 24 66 26
8 4 11 27
69 28 69 29
54 16 54 21
27 16 57 28
31 24 57 27
12 6 22 11
19 14 24 24
55 13 56 22
23 16 61 20
14 3 38 12
54 27 69 29
48 7 54 9
63 4 68 5
8 21 42 29
55 24 60 30
46 15 52 25
51 30 61 30
61 11 64 13
66 17 66 30
28 9 37 17
53 8 68 16
13 29 35 30
42 25 47 25
28 13 52 19
40 17 46 23
9 27 27 30
67 7 68 7
34 27 43 29
52 27 62 28
12 10 31 17
65 24 66 24
42 26 53 29
38 12 68 15
59 1 63 24
23 6 34 15
26 17 65 25
57 5 67 17
10 8 23 13
25 25 40 29
57 10 68 24
31 13 58 20
39 17 42 21
3 27 17 30
32 13 62 23
33 10 63 24
67 12 68 19
10 8 26 14
29 4 41 24
65 4 67 30
38 1 65 3
56 30 59 30
10 14 52 20
59 2 64 26
35 13 45 13
32 23 36 27
1 28 62 29
45 6 53 6
25 23 61 25
8 14 17 27
53 28 65 30
19 16 20 25
59 29 62 30
15 30 34 30
12 26 48 29
7 28 10 30
1 15 61 22
58 9 68 26
22 28 65 30
63 29 63 30
64 13 69 28
59 9 63 17
62 3 69 12
37 8 40 21
26 16 60 24
34 23 37 26
68 3 69 9
43 1 60 27
45 19 54 28
24 15 68 28
40 12 64 24
50 4 51 9
56 14 59 22
62 9 63 29
59 21 65 24
42 1 48 15
19 19 59 21
10 30 13 30
10 8 32 17
50 25 69 30
43 8 44 10
50 22 55 25
48 30 68 30
32 11 44 20
65 2 66 4
11 23 19 29
67 11 68 29
57 2 63 15
17 12 62 21
7 8 20 18
40 25 44 26
21 17 53 17
38 15 56 29
27 15 63 27
29 27 62 29
67 9 69 29
31 17 58 19
27 25 30 25
6 17 25 18
19 21 67 24
39 26 62 29
39 26 50 28
29 10 35 23
1 24 48 29
21 26 25 28
44 28 66 29
8 12 11 26
43 25 63 29
29 15 47 29
19 14 57 20
14 1 28 14
63 14 63 17
13 6 42 30
65 14 69 18
69 28 69 28
30 13 43 28
29 5 50 27
65 10 69 24
8 23 58 30
64 2 69 18
35 30 38 30
55 9 63 11
16 2 25 4
33 24 49 25
61 5 67 23
26 5 62 25
69 26 69 30
43 14 52 23
2 11 18 11
62 26 68 28
2 14 45 24
9 6 17 19
46 3 63 3
54 27 66 30
3 29 24 29
52 4 56 30
39 23 58 25
31 7 35 30
27 1 63 2
61 22 64 25
11 17 62 20
20 22 32 30
15 20 55 22
18 5 42 30
36 7 51 17
65 24 68 30
2 22 61 28
27 28 66 29
40 26 55 27
2 16 34 17
46 17 65 18
57 3 67 5
12 30 45 30
45 12 69 14
15 14 68 28
37 18 66 19
16 29 57 29
17 24 61 28
9 13 59 13
21 19 59 28
12 26 19 28
34 30 46 30
47 8 67 10
50 24 52 26
65 16 66 27
32 19 35 21
42 1 43 14
59 10 62 27
20 19 61 19
55 11 66 28
1 19 41 25
48 8 56 23
18 27 33 30
64 2 65 2
40 10 49 24
46 10 60 20
3 23 42 28
44 16 54 16
65 16 67 30
7 24 66 24
46 29 63 29
35 21 68 28
67 12 68 21
33 1 59 30
47 27 68 29
12 12 12 21
56 9 62 19
48 7 67 27
45 5 67 6
29 6 33 19
5 3 65 10
62 28 65 28
62 22 69 23
29 16 56 24
50 20 58 20
52 29 61 30
3 17 26 24
45 24 46 26
69 25 69 25
53 4 55 15
36 13 56 17
59 28 62 29
15 28 50 28
34 27 52 28
33 5 59 13
19 9 57 25
63 7 66 19
46 27 59 29
44 28 56 30
53 23 65 26
39 26 48 27
66 1 66 23
30 11 58 23
39 10 48 28
44 16 62 22
11 21 25 30
44 25 49 25
27 11 31 26
32 10 45 22
23 23 43 26
8 23 44 30
28 10 66 16
41 20 60 30
67 5 68 16
29 21 67 26
21 8 54 26
68 16 68 21
41 17 54 23
52 1 56 1
25 3 61 15
50 4 68 30
13 20 20 27
38 30 54 30
7 5 45 23
36 3 57 19
38 29 64 30
64 29 66 29
62 5 63 19
13 26 43 27
7 22 65 26
44 19 55 30
44 17 54 24
49 19 60 20
1 21 16 23
67 2 67 20
59 5 62 6
23 30 38 30
39 23 43 26
38 10 45 18
44 6 54 25
31 27 33 27
33 20 55 23
22 21 63 21
41 17 56 17
29 7 44 17
54 6 62 17
10 5 23 25
40 20 49 30
53 6 54 29
11 10 48 19
3 24 44 28
6 29 59 30
49 2 61 21
34 16 64 20
18 18 22 30
1 20 54 26
67 22 69 29
26 15 64 29
13 10 44 26
6 15 13 23
60 30 61 30
66 19 68 23
44 17 66 25
9 9 49 9
62 29 66 30
9 10 20 17
45 9 58 20
2 1 31 11
23 23 62 25
19 19 28 26
9 24 47 25
28 5 61 27
28 6 48 21
2 18 21 21
69 19 69 23
66 25 67 25
47 7 67 7
30 19 46 21
67 12 68 23
19 15 59 18
2 8 19 28
57 29 58 29
22 27 43 28
18 2 52 7
32 20 32 29
18 20 66 21
26 9 58 14
24 7 57 18
59 13 66 28
37 24 58 24
21 22 66 29
33 30 41 30
21 19 36 25
9 2 49 6
14 8 51 22
22 23 57 29
37 17 50 22
3 26 32 28
49 22 66 24
29 20 31 24
44 15 49 21
69 5 69 15
65 14 68 21
7 2 27 5
29 15 64 30
45 17 61 26
52 13 68 23
11 11 27 17
35 24 52 24
32 20 33 30
43 19 66 29
34 27 63 30
23 25 64 25
23 21 41 27
29 14 32 23
30 19 56 28
45 11 59 19
49 8 49 20
41 11 63 16
34 11 41 19
37 14 61 15
17 10 45 11
60 20 66 26
68 20 69 21
16 30 63 30
68 15 69 18
34 16 60 26
26 24 57 26
38 1 67 12
23 21 39 30
62 27 65 28
10 5 59 7
27 9 60 10
62 9 67 11
45 11 46 21
19 14 25 14
26 5 59 15
25 25 27 25
13 29 35 30
37 20 65 28
25 13 51 20
62 15 67 15
22 3 36 6
30 19 36 27
8 27 22 27
29 4 29 27
46 17 66 23
57 18 64 29
67 11 67 30
41 14 67 22
48 30 68 30
41 26 69 27
35 24 55 26
47 29 64 30
45 16 54 21
26 28 68 30
28 24 69 30
57 18 59 26
11 9 19 16
47 28 53 30
53 3 69 24
41 29 66 30
31 2 58 23
31 23 50 30
59 20 67 26
25 7 61 11
20 27 30 29
17 1 59 21
18 28 58 30
39 2 54 20
18 23 61 30
64 26 68 30
60 15 62 16
58 26 68 27
50 16 59 18
29 21 58 23
68 9 68 25
47 18 65 24
6 14 52 19
21 2 46 28
65 23 66 25
38 22 54 22
22 24 50 28
57 5 59 13
44 21 69 25
23 5 28 30
59 14 59 14
49 18 50 23
41 13 44 30
50 11 66 17
3 26 21 29
23 22 59 24
16 29 46 30
46 30 68 30
4 21 24 27
55 12 62 18
67 20 69 29
66 3 66 24
5 28 32 29
61 12 61 26
50 15 50 15
27 26 48 26
41 15 58 17
2 28 52 28
36 16 62 25
34 9 36 14
4 30 50 30
4 24 48 24
69 23 69 23
53 19 58 26
40 19 65 25
27 7 42 21
64 4 69 21
34 30 51 30
60 2 68 7
21 6 28 25
38 22 61 22
63 20 68 23
13 10 61 30
27 13 33 21
15 10 58 17
15 14 47 30
61 8 61 17
69 16 69 27
11 16 38 22
28 23 65 27
50 28 59 28
22 5 22 6
67 30 67 30
40 27 64 28
8 4 8 11
66 21 68 28
40 22 53 30
37 2 66 21
64 1 65 3
17 18 61 18
47 13 69 15
7 10 66 12
43 9 61 30
12 18 64 26
3 13 8 23
51 3 63 30
68 14 69 26
43 12 62 24
38 14 56 16
68 30 69 30
29 23 39 24
54 23 64 26
46 3 66 3
41 8 45 28
69 22 69 30
67 29 68 29
3 16 11 28
20 17 62 27
68 3 69 6
31 26 53 26
44 4 47 5
40 21 40 23
35 17 39 22
31 18 34 27
45 5 45 13
65 25 68 26
39 7 45 16
41 5 69 30
13 25 27 25
13 27 39 28
27 4 58 26
13 3 21 23
22 27 62 29
37 29 38 30
38 11 41 29
67 10 68 18
62 19 69 27
12 24 28 25
27 15 56 24
57 8 57 10
45 22 68 28
14 20 58 23
23 27 44 30
54 5 55 7
2 24 59 26
43 1 62 3
15 26 69 28
17 3 58 27
32 3 48 15
15 10 36 27
27 25 64 27
56 17 68 27
58 16 59 24
39 24 40 27
12 20 23 28
5 18 20 26
35 25 50 27
25 23 55 28
53 29 63 30
26 6 34 24
48 24 62 28
57 23 61 27
67 16 69 19
48 23 59 25
46 6 67 26
56 4 64 24
60 6 60 24
59 6 67 18
39 28 48 28
21 30 33 30
39 24 60 30
57 13 57 21
68 1 68 15
8 9 20 26
63 12 69 27
46 8 66 25
21 3 54 26
39 15 49 19
30 22 58 27
62 16 62 16
9 18 13 22
47 7 69 26
30 20 31 26
37 3 54 3
3 22 60 29
50 4 68 10
12 21 32 25
5 25 55 28
43 17 54 20
63 25 64 27
60 11 62 24
7 29 51 29
13 20 57 29
67 24 68 28
32 24 58 25
19 11 69 15
39 11 49 24
2 9 6 19
32 9 47 19
56 26 59 28
36 16 58 21
49 11 54 13
1 1 43 25
13 16 69 21
13 21 39 24
22 11 57 28
62 26 67 28
1 29 7 30
46 21 66 27
65 30 67 30
64 10 68 15
61 20 63 23
30 2 62 13
24 30 28 30
57 18 65 28
32 9 45 26
66 16 68 27
58 21 61 24
41 2 42 25
61 12 66 24
2 8 68 14
61 7 66 25
53 14 56 29
22 8 63 25
11 13 27 19
50 26 51 27
19 22 24 23
9 6 22 30
10 1 47 28
60 14 67 18
4 27 32 28
28 11 53 14
24 26 66 27
56 5 67 29
32 20 39 28
9 24 56 28
12 13 52 30
15 25 48 26
53 12 59 12
55 10 69 21
22 26 24 30
44 16 58 21
17 30 39 30
61 4 62 5
17 25 68 28
44 6 46 16
54 3 69 6
39 11 67 24
48 16 54 26
60 21 60 24
35 2 42 17
68 10 69 16
16 10 19 24
59 3 69 5
64 26 68 26
58 25 68 30
7 10 57 24
26 11 65 23
4 18 12 21
54 30 55 30
24 6 41 28
68 20 69 26
37 24 48 24
20 7 58 11
55 8 55 9
26 28 66 28
26 10 39 25
47 27 69 28
69 14 69 18
29 23 64 29
12 19 59 21
51 3 67 21
24 13 61 13
16 16 44 23
58 2 61 2
67 11 67 27
35 14 36 28
5 11 20 27
27 14 43 24
12 21 59 27
56 15 58 25
35 24 57 28
13 25 65 29
49 5 57 7
16 14 38 27
4 9 67 27
25 11 32 16
51 11 54 19
1 13 32 15
39 13 48 14
28 14 30 21
14 22 34 30
12 29 33 29
25 7 59 11
17 20 45 24
32 7 50 7
49 22 51 27
15 9 43 14
68 29 68 29
42 12 66 14
49 26 51 29
29 5 44 21
9 29 46 29
61 5 61 23
35 8 66 27
8 1 62 4
26 9 40 20
28 13 55 24
18 8 53 16
32 12 55 29
15 24 28 26
4 8 50 13
59 17 62 22
18 20 24 28
14 6 57 12
24 12 64 15
64 5 64 7
69 19 69 30
52 17 55 24
14 6 42 25
7 28 50 30
41 4 54 23
15 18 34 22
42 30 62 30
47 23 62 27
62 30 68 30
64 23 65 27
4 23 16 24
5 28 66 30
38 5 56 22
47 18 55 19
11 25 16 30
32 30 42 30
54 17 55 19
27 6 54 7
49 28 56 29
46 11 48 11
30 7 43 15
47 29 61 30
15 29 28 30
51 11 63 29
60 19 64 22
55 23 67 27
21 24 62 25
55 5 63 6
23 17 52 26
18 13 24 30
17 22 53 22
57 27 59 29
22 7 66 10
61 23 65 27
26 1 42 24
10 1 68 5
34 8 43 24
52 2 61 6
38 9 45 29
8 4 39 20
59 25 62 25
45 22 62 24
69 1 69 24
43 17 53 30
48 18 51 21
51 25 69 28
48 7 49 17
1 21 25 29
48 1 63 4
64 28 65 29
66 25 66 26
44 24 59 24
17 30 52 30
66 29 69 29
56 9 68 22
37 26 49 28
26 28 38 28
31 25 32 26
35 16 35 25
9 11 18 28
14 17 26 19
29 10 67 25
22 27 50 30
17 13 49 24
54 17 69 18
31 22 68 26
62 30 63 30
49 23 51 27
45 17 49 30
51 28 58 29
42 1 60 27
45 19 66 30
30 20 33 22
15 4 32 11
25 20 42 21
11 29 64 29
56 6 68 19
22 10 45 26
57 12 69 20
37 3 48 26
40 25 68 28
19 3 35 5
43 22 53 29
48 20 68 30
6 24 63 29
53 1 61 21
30 16 43 20
47 10 62 25
26 15 57 25
15 4 30 22
36 24 68 25
59 11 68 26
49 14 52 29
1 23 26 26
10 28 21 28
7 2 34 24
59 17 65 20
10 20 59 30
57 25 65 29
46 6 63 12
52 1 67 5
7 6 16 29
61 23 63 25
2 7 66 12
42 29 50 30
23 13 43 17
24 10 53 12
59 19 66 25
51 5 65 17
48 27 59 27
24 9 59 19
10 3 41 28
3 25 34 26
18 11 40 27
36 9 40 15
20 1 38 29
17 1 36 16
42 7 46 14
45 26 67 29
67 19 67 28
55 12 68 20
12 25 38 27
49 16 52 22
61 3 69 8
38 4 64 24
62 4 63 23
22 15 51 16
12 8 20 16
62 25 64 27
36 13 59 15
43 9 58 15
39 11 67 21
4 4 29 30
37 6 39 30
24 4 30 12
31 10 55 30
10 6 30 20
24 25 24 26
17 4 31 17
31 1 43 1
23 9 46 9
57 14 67 22
8 23 11 26
24 14 46 27
63 1 63 6
14 21 36 27
38 13 54 18
24 12 63 15
25 15 67 18
1 7 4 10
65 14 67 16
51 28 63 29
47 29 49 29
51 27 51 30
31 9 68 10
44 20 63 29
2 7 61 17
46 27 63 29
50 25 53 29
20 14 45 17
49 29 58 29
5 27 32 27
47 14 53 24
2 8 37 28
28 10 35 27
54 8 62 19
1 4 21 16
21 19 47 27
39 23 62 30
8 10 51 13
57 8 65 25
30 15 45 25
19 28 52 28
36 23 38 25
37 8 40 28
63 2 64 24
45 5 51 19
26 26 44 29
47 2 51 6
36 13 40 21
18 26 31 28
7 29 18 30
52 1 61 10
41 26 50 27
50 12 60 24
53 16 56 29
38 15 45 28
40 20 69 26
36 28 44 30
16 6 44 21
16 24 29 28
61 27 66 28
37 15 63 19
65 18 67 23
20 21 34 28
25 19 64 23
26 22 57 28
33 7 66 22
5 26 31 30
67 23 67 25
50 10 67 24
17 22 21 26
65 12 67 15
34 9 50 9
31 22 46 25
33 12 47 29
22 11 32 24
47 14 59 25
48 27 58 27
67 26 69 26
57 19 62 21
61 10 68 28
42 18 43 27
54 25 58 25
25 3 30 28
42 7 52 11
52 13 69 16
58 6 63 22
64 5 67 7
50 8 51 15
58 4 63 22
26 25 58 26
35 19 40 19
1 29 26 29
27 22 35 29
16 6 49 8
8 6 69 7
31 26 61 29
42 19 47 24
24 25 57 28
59 4 68 16
12 20 44 23
49 27 62 29
29 5 30 23
18 11 34 24
68 2 68 6
59 25 59 25
50 27 65 28
55 6 59 16
40 13 68 19
55 29 68 29
18 3 56 6
16 10 65 21
67 5 67 11
41 5 68 27
9 7 68 15
28 5 43 16
38 30 56 30
51 18 53 27
42 23 60 23
27 23 54 29
20 22 40 29
67 5 68 28
37 30 62 30
2 13 40 30
32 21 63 30
5 12 8 29
35 20 48 21
69 21 69 27
69 10 69 10
53 7 53 11
59 13 59 21
20 25 25 29
33 27 62 28
59 10 64 18
59 16 63 28
12 1 20 10
66 28 66 29
53 23 62 30
47 26 56 29
29 26 66 30
25 19 35 30
10 7 35 7
60 17 64 26
44 6 65 25
52 29 57 29
34 5 39 23
3 3 29 12
44 15 59 20
60 2 62 8
51 25 69 28
38 15 57 18
69 15 69 16
52 2 58 9
35 25 47 30
59 13 65 21
36 14 38 30
12 6 26 12
57 16 63 23
28 3 50 3
25 11 29 15
38 11 39 25
66 28 67 28
22 17 40 19
39 3 49 21
61 17 62 20
29 23 57 27
41 8 60 25
45 17 64 29
17 8 49 24
49 28 62 30
32 17 65 25
66 1 69 9
19 13 24 24
9 23 59 30
46 6 64 25
14 29 36 30
12 20 42 29
21 8 56 27
19 23 45 28
20 28 54 29
44 25 46 26
61 18 69 27
42 4 42 25
14 4 44 23
2 24 34 28
18 10 42 11
69 14 69 26
42 9 56 22
65 10 66 12
7 16 55 28
22 29 38 29
19 26 33 26
52 24 64 26
35 14 63 22
64 17 69 28
35 27 60 27
46 20 67 26
57 12 65 25
19 17 29 26
42 11 47 21
31 18 52 25
66 21 66 30
60 23 60 30
25 2 57 29
2 4 45 28
36 29 38 30
59 30 69 30
69 6 69 20
10 25 33 25
16 20 53 21
50 23 53 24
56 16 67 28
59 22 60 24
40 7 53 11
65 25 66 26
66 18 68 25
44 23 65 27
68 6 68 23
25 22 69 27
28 2 28 2
36 2 42 26
37 8 53 24
53 24 65 30
36 11 40 22
67 17 67 19
37 23 61 23
26 25 34 30
1 18 23 22
37 5 64 9
12 3 28 22
49 23 64 29
59 21 69 30
65 8 67 24
49 21 60 30
47 6 64 23
35 12 68 14
15 16 33 23
6 17 28 18
22 2 60 2
33 15 68 17
46 22 47 26
31 14 59 21
41 22 47 24
39 8 68 17
15 20 27 22
2 16 35 23
48 19 65 22
38 10 63 18
20 23 61 29
69 1 69 11
59 5 62 7
45 2 55 8
68 7 69 8
13 20 68 28
29 4 59 5
