45 63 6598
..........X......X....X..X.....X.X......X..........X........X..
.....X............................X.X...............X.X.X....X.
.X..X......X..X................X.X.................XX.....X..X.
........X...X...........XX....X........XX.XX..XX............X.X
X......X...X.........................X.X........X...........X..
...X....XX.....XX.........X...........XXX........X.......X.....
.........XX...X........................X..X.X.X......XX.......X
X......................................X.X..XX.X....X..X.......
...X................X.X..XX.....X............X...........X.....
.......X....X....X......X....X........X..XX.........X..........
..X..X...X.X.....................................X.X......X....
........X.....XXX......X..............X.X.......X..X.X.X......X
....X....X.XX............X....X..X.........X.......X.X...X.....
..X........X...X..............X..X.......X....X.......X..X..X..
.X.....X.....XX..X.......X...............XX...X..............X.
X......................................X.......X......X.X.X....
..XX..X....X.X.......X....X........X.............X..XX........X
..XX........X...XXX....X...X.....XXX......X........X.X.....XX..
........X...............X......X............X.....X...X........
.........X.X.X...............XX...XX....X......XX.....X........
..........XX....XX...X.X.....X.X..X..............X..........X..
................X..................X...X..X....X....X...X..X...
..........X.X.....X.XX............................X.X.X..X.....
...X...X...X.............XX......XX.X.........XX...............
..X........X..........X.X..X......X..X......XX.....X...........
XX.......X.......X...X...........X...........X...X.XX........X.
.............X......................X............X.X...........
X...............X.............X...X..............X.XXX.........
....X..XX...XX....X..............X........X.........X.X....X...
............X.......X......X..X............X...XX..X.XX.......X
X..........X.........X.........X...X.X..X.X.X..X...X.X.......X.
.................XX....X..........X........XX..X.XX..XX........
...X.X...X....XX..X..........X................X..X....X........
..X...XX......X......X.X............XX.......X.................
....X...X.X.X..........................X...X..X.......XX.XX.X..
.....................X.X..XX......X......XX.................XX.
.......X....X.X.................X.XX...X.X..X.X..X.............
.........XX.X........X.......XX.....X..X...X.....X...........XX
......XX.........X....X.X.....X.X..X.X...X.X.........X.........
..XX..X.....................X....X.X..........X..X.............
X........X...X....X.X....X.....X.XX..X..X.........X.........XX.
.X..X.XX.....X.....XXX...X.....X...........X.................X.
.....X......XX.X......X.....X..X...X................X..........
............X......X.X...........X..X....XX...X....SX........XX
.XX.X.X....X.X.......XX..X............X....X.XX.........X..X...
7 27 44 41
34 42 34 50
6 39 13 41
19 29 43 43
19 23 21 29
23 7 37 37
43 25 44 53
17 49 37 51
39 43 39 44
31 36 38 56
29 18 30 55
30 55 43 61
40 22 44 45
44 22 45 40
15 52 24 62
28 14 36 54
7 1 32 19
6 26 25 52
24 22 43 36
33 1 41 58
10 1 30 59
20 52 22 62
31 8 44 35
41 34 44 54
8 29 15 46
9 44 36 45
6 31 29 36
21 28 35 28
18 43 18 44
27 27 35 31
27 24 28 25
45 5 45 21
7 22 12 33
5 49 10 52
27 42 36 44
14 38 28 40
33 61 33 61
23 58 41 58
25 62 35 62
37 37 37 37
14 48 39 63
43 13 43 55
10 4 21 34
41 41 42 51
24 20 27 58
37 16 41 26
7 37 35 58
7 43 15 46
2 7 17 7
24 30 36 54
32 48 39 51
26 22 36 27
32 17 33 29
36 13 42 27
5 18 40 23
33 55 34 62
15 44 15 50
3 7 28 48
15 8 43 57
12 6 43 51
1 5 42 55
11 4 16 9
34 59 37 60
28 7 36 33
5 32 43 45
38 33 44 38
32 57 36 61
7 31 41 31
6 55 10 59
37 28 43 57
5 14 9 52
9 34 36 63
6 28 45 38
25 7 39 9
4 27 28 47
42 36 45 53
30 37 38 49
23 24 23 54
13 10 17 24
2 34 5 48
33 31 44 59
41 21 44 43
6 61 42 61
30 15 40 24
6 42 33 52
10 59 43 60
42 24 44 46
41 29 43 58
2 49 24 49
5 21 24 35
7 40 16 63
31 52 45 61
17 18 39 20
21 54 39 57
18 54 19 62
42 43 45 49
43 14 43 41
44 5 45 25
35 33 45 48
18 41 20 61
35 6 43 17
18 39 34 50
9 26 11 40
41 26 44 61
17 46 21 56
18 47 30 62
38 25 44 53
17 35 44 52
32 32 43 49
42 9 45 60
39 62 45 62
39 62 44 62
12 14 26 51
31 7 44 63
6 24 24 25
45 11 45 63
37 44 39 52
16 37 18 62
23 32 43 46
18 42 30 57
1 35 42 62
5 26 17 43
42 28 44 41
16 57 28 59
40 56 45 57
12 24 27 29
17 5 29 42
22 41 33 43
19 29 23 52
18 29 18 37
41 59 44 60
45 62 45 63
31 15 42 41
43 41 44 43
15 3 44 14
29 7 40 27
20 16 42 27
16 2 16 4
2 59 25 61
26 21 28 56
23 3 32 56
13 15 20 17
30 23 33 43
30 24 44 31
29 41 39 41
28 47 45 56
17 22 25 48
24 44 35 44
19 53 36 55
18 30 18 52
40 47 40 57
34 52 45 53
35 3 43 39
19 46 22 48
36 43 36 46
20 12 21 51
22 24 37 40
36 4 44 51
4 52 19 60
5 57 45 61
14 52 24 55
29 37 33 44
33 13 41 54
3 22 8 39
7 10 41 55
4 45 35 60
11 3 30 14
37 42 37 58
28 33 36 58
9 20 33 28
36 33 37 56
12 12 45 49
25 58 34 63
41 14 43 24
27 38 42 61
7 10 26 44
29 55 44 59
34 38 38 44
23 43 45 55
30 49 33 63
39 62 42 63
16 6 35 33
19 46 36 63
27 52 37 63
45 58 45 59
17 9 34 9
6 52 7 54
40 28 40 48
6 32 8 60
15 7 27 38
32 38 33 46
38 45 44 45
8 12 38 32
9 40 25 49
25 9 42 41
42 23 43 37
44 49 45 49
38 57 43 62
28 56 39 57
34 27 41 43
2 38 14 61
1 36 25 37
17 51 44 54
30 30 34 39
18 21 41 47
40 52 44 54
28 28 41 62
33 27 44 40
3 45 33 50
8 16 17 59
5 23 43 54
6 58 17 61
26 35 45 57
43 33 45 46
34 32 45 45
44 37 44 46
29 36 30 50
44 62 45 63
11 32 39 56
17 9 19 59
43 7 44 60
45 63 45 63
24 24 35 49
21 20 37 51
31 33 34 61
38 37 43 37
9 40 26 56
20 18 21 61
26 33 29 59
44 12 44 36
44 55 45 61
9 62 14 62
19 24 41 60
37 9 40 9
3 63 44 63
29 53 45 60
42 19 42 30
6 30 7 50
18 59 25 60
32 53 38 61
45 7 45 32
33 61 33 63
14 63 19 63
38 3 45 18
36 45 38 55
43 11 44 31
8 5 12 39
16 24 33 56
26 58 37 61
15 14 26 63
5 24 38 50
12 38 23 53
28 11 32 63
17 56 22 61
31 12 37 49
34 36 44 55
18 60 24 60
37 13 44 39
35 22 35 47
45 62 45 62
18 1 21 40
3 46 19 61
40 1 42 46
16 19 22 24
23 35 39 42
5 28 37 36
32 36 32 42
28 51 41 59
33 9 41 39
29 50 43 56
30 26 42 47
12 54 21 58
44 15 45 33
37 19 40 52
33 6 39 47
44 55 44 57
13 15 34 38
23 20 44 62
38 14 43 52
37 32 38 34
41 11 42 34
28 55 41 56
5 32 34 32
24 30 38 60
32 17 35 51
37 2 42 31
37 40 42 54
10 58 28 60
13 34 35 34
1 33 3 42
28 32 30 43
28 29 31 45
9 60 22 61
27 24 38 46
28 41 31 56
35 7 42 29
6 1 9 41
36 24 39 42
16 14 35 20
30 37 36 44
32 55 34 57
41 4 44 26
39 39 41 54
5 46 22 51
40 20 44 34
30 26 37 42
24 63 40 63
26 22 42 54
34 28 34 34
3 17 31 28
8 52 8 56
28 27 30 44
34 52 42 57
25 58 36 60
23 58 39 60
37 35 43 52
19 59 43 61
27 44 36 53
5 50 43 59
6 57 35 57
26 22 27 42
44 20 45 43
44 38 45 44
26 46 27 46
1 22 13 57
4 13 32 19
27 30 43 43
30 53 39 59
12 21 40 44
19 15 27 42
30 61 31 62
14 23 23 62
40 63 43 63
1 54 21 62
45 39 45 44
14 20 43 26
43 35 43 36
35 13 41 53
15 8 31 37
1 21 41 23
38 62 40 63
33 61 39 63
29 21 42 54
27 12 43 55
21 21 38 30
30 15 31 22
15 62 34 62
11 5 41 29
16 58 40 62
45 52 45 55
25 53 25 56
45 17 45 48
23 10 24 34
5 17 28 17
31 53 40 58
36 6 44 60
3 54 6 63
23 58 42 62
41 11 44 24
15 50 35 59
14 49 42 56
45 15 45 48
24 41 44 48
3 35 10 57
9 52 19 52
41 39 44 42
5 54 31 57
43 17 44 43
33 25 38 46
37 63 41 63
1 16 19 34
44 7 44 30
36 35 42 40
2 39 14 40
1 6 36 37
11 55 19 61
43 4 43 62
18 59 45 60
27 1 38 19
12 1 33 40
18 59 25 60
28 56 33 61
30 18 45 44
24 49 37 58
19 55 19 60
11 29 45 59
5 50 5 56
5 23 40 43
3 44 7 62
45 34 45 47
29 17 38 34
23 45 30 53
24 19 26 31
28 57 33 62
42 41 42 42
15 37 20 42
3 5 10 35
2 37 15 58
1 1 11 49
3 39 35 59
44 9 44 25
8 6 34 24
8 36 22 43
31 12 40 50
35 13 35 51
25 29 40 47
36 11 43 45
41 34 41 47
20 42 37 61
42 41 43 49
32 51 34 63
21 20 24 45
21 49 28 52
14 39 16 56
4 5 43 54
5 61 38 61
39 19 43 22
12 25 34 35
38 38 40 59
29 11 31 35
30 50 40 62
26 48 37 58
29 23 41 41
42 18 45 50
34 58 39 63
16 53 27 58
25 17 38 37
10 45 17 51
37 11 38 32
4 1 39 15
33 20 45 40
23 52 40 58
3 25 9 36
31 2 33 36
33 27 37 48
13 63 21 63
4 17 23 63
3 32 22 43
38 61 44 63
3 46 27 47
6 44 39 48
26 30 41 58
7 21 29 30
5 17 8 63
26 17 31 50
1 32 37 37
15 39 28 47
16 60 44 62
41 60 45 63
33 63 35 63
34 55 41 59
42 42 44 51
16 48 36 51
43 38 45 39
4 16 10 45
24 47 44 63
22 7 25 33
27 5 42 11
3 1 3 22
25 39 45 45
9 13 19 23
23 34 43 58
38 5 38 63
29 25 32 49
11 55 44 59
14 25 26 45
36 39 39 61
7 44 41 61
22 20 31 42
40 44 44 52
14 58 21 62
11 9 41 48
45 13 45 35
45 7 45 23
43 8 45 25
7 4 20 14
2 37 10 37
34 8 44 27
5 13 16 26
37 34 41 39
41 30 44 61
41 44 45 45
26 62 30 63
14 55 14 55
36 19 36 55
4 38 30 50
33 30 41 59
19 29 24 50
44 50 45 51
42 1 45 30
36 53 43 60
20 54 41 62
43 32 43 57
37 56 37 62
39 12 44 14
36 56 37 56
28 9 30 13
2 63 7 63
25 37 36 46
20 14 29 19
14 9 45 23
35 5 44 6
39 14 43 21
35 36 35 54
38 49 44 59
23 18 32 55
29 44 32 51
19 42 38 53
20 39 35 48
25 57 42 59
28 63 36 63
43 23 43 42
22 38 27 49
38 19 41 55
31 28 32 36
30 33 45 57
42 8 43 63
22 48 29 59
43 35 44 40
1 39 22 54
24 56 32 62
42 63 45 63
11 39 31 50
16 42 20 55
32 14 44 46
31 53 33 60
19 38 19 52
18 30 21 44
42 21 43 42
19 25 27 60
41 32 44 39
9 61 43 62
6 9 31 34
20 36 33 58
3 14 33 39
6 18 33 46
34 41 44 61
15 55 32 62
25 26 34 41
14 36 31 40
30 56 39 57
40 15 41 23
41 15 43 22
3 38 41 58
30 21 32 57
10 25 44 63
12 17 21 45
7 62 33 62
11 44 39 56
11 28 14 42
44 34 45 38
41 11 42 53
43 38 45 57
23 63 32 63
38 10 38 43
4 10 24 42
7 15 41 57
43 14 43 48
25 56 34 59
44 58 45 59
4 55 33 62
37 4 42 34
20 35 20 44
3 9 14 56
17 12 28 61
33 15 34 24
30 18 32 37
32 36 36 46
33 40 35 63
21 22 41 52
16 25 44 43
42 15 45 38
15 24 25 52
33 42 34 45
38 30 38 56
15 24 41 63
45 27 45 50
2 33 43 38
11 24 15 27
13 20 22 34
28 34 39 44
40 44 40 49
25 39 37 44
12 5 29 48
13 37 43 49
35 34 36 51
4 61 10 62
31 51 40 53
26 55 27 56
25 22 25 50
31 45 32 47
29 62 41 62
45 5 45 56
45 56 45 57
25 27 31 28
25 60 41 60
26 56 35 56
18 54 18 60
9 43 40 49
1 55 14 57
23 1 34 15
34 38 42 49
29 43 39 50
26 33 38 59
15 38 22 43
34 46 38 53
14 49 28 63
30 26 45 42
20 7 41 33
39 18 41 31
39 48 39 54
42 30 43 32
29 8 35 32
37 48 40 48
20 47 26 61
2 26 42 31
37 27 39 40
29 37 31 52
38 30 45 48
21 6 26 35
45 59 45 61
30 19 44 57
30 22 38 60
2 7 6 52
22 3 25 6
13 63 16 63
27 3 43 28
37 5 43 60
16 37 16 52
4 27 10 58
4 46 21 54
38 4 38 55
21 62 34 63
17 10 29 21
7 10 34 33
43 28 44 58
2 53 16 57
5 15 24 45
5 27 27 38
39 7 43 41
32 23 36 48
27 8 44 44
37 14 40 51
4 3 15 25
10 28 27 57
28 32 31 63
35 34 36 57
22 32 34 49
38 6 43 49
27 7 27 22
30 7 35 21
35 11 37 57
7 59 38 63
6 6 6 52
44 12 45 27
43 62 44 63
19 45 24 50
3 13 31 41
12 1 36 5
16 43 34 51
1 62 8 62
37 31 43 61
22 58 24 61
13 62 28 63
43 52 45 62
19 45 25 57
16 34 37 51
11 14 22 53
4 61 37 63
40 6 41 59
7 63 18 63
15 30 25 35
40 32 42 36
24 20 40 20
21 61 30 61
14 12 16 51
34 3 39 45
23 17 28 50
7 47 29 54
38 55 43 62
9 19 11 56
39 32 41 52
9 47 27 61
36 52 40 61
7 63 8 63
24 50 29 52
45 60 45 61
25 41 38 46
13 36 28 49
8 41 37 54
27 55 34 62
15 2 36 57
35 23 41 62
32 13 45 39
41 18 44 45
45 56 45 59
1 3 18 21
8 43 20 47
16 7 17 58
40 7 45 14
25 12 37 45
1 15 40 30
31 33 44 55
21 36 28 52
11 43 32 55
25 48 40 57
37 41 43 50
5 55 24 63
19 4 27 21
39 53 41 59
42 47 43 50
1 33 27 58
35 1 38 22
11 39 37 57
10 35 30 48
26 32 30 35
40 54 43 55
29 39 29 42
44 6 45 12
15 33 15 49
30 49 39 55
18 62 18 63
9 51 33 56
25 4 25 15
43 55 45 55
10 2 36 10
4 32 20 39
14 16 38 53
37 63 44 63
36 47 42 50
37 37 42 57
24 5 43 27
42 47 44 47
37 5 45 25
23 22 39 25
20 58 35 61
9 31 11 62
45 32 45 33
6 18 18 20
37 59 45 59
24 28 28 46
33 24 42 28
40 44 44 48
24 19 35 60
16 25 18 29
3 34 32 49
42 16 43 20
37 38 39 38
7 46 11 50
12 6 32 50
18 46 31 48
7 43 34 46
25 58 33 61
35 34 39 53
38 59 44 63
13 16 19 35
24 55 32 60
35 56 40 57
5 2 27 46
6 41 24 59
23 16 25 17
34 24 36 49
9 61 12 61
15 38 17 53
30 61 39 61
44 50 45 61
1 1 33 10
17 52 23 62
21 11 29 44
25 55 32 58
24 11 27 29
43 35 45 54
21 10 38 34
30 38 33 63
4 5 29 63
6 27 45 45
28 34 42 59
34 14 41 58
29 24 34 32
42 57 44 63
29 29 40 59
39 48 45 50
43 5 44 47
39 4 43 16
44 36 44 40
17 31 22 62
10 11 31 46
12 55 41 57
22 37 38 50
40 10 43 12
7 62 10 62
36 50 45 54
11 42 31 52
12 57 28 62
29 21 33 36
43 3 43 24
31 14 40 40
17 35 38 47
7 38 30 40
19 11 20 33
12 31 25 47
9 27 31 63
40 52 45 60
41 12 43 54
39 32 40 55
5 50 42 54
8 26 12 33
39 20 41 51
26 34 39 37
43 36 45 41
31 35 39 38
20 26 27 56
22 36 45 51
43 57 43 59
30 58 43 60
42 21 44 43
29 10 36 10
20 23 35 29
22 18 45 33
39 50 43 52
34 45 35 56
35 60 39 63
32 38 43 61
29 47 33 62
18 55 43 55
6 57 24 59
19 46 26 60
34 36 34 42
21 4 25 43
45 20 45 57
2 26 38 37
1 55 6 61
11 10 28 36
24 21 39 47
2 16 40 20
40 19 43 46
45 53 45 61
9 31 16 34
9 53 37 57
15 56 38 63
29 47 43 62
1 44 34 63
5 63 37 63
37 12 43 42
43 60 43 60
34 58 37 58
42 62 43 62
6 58 14 58
31 34 35 62
5 27 32 35
40 9 42 52
35 59 42 63
35 31 38 34
40 27 44 63
22 42 42 49
21 55 36 55
24 54 28 59
2 48 10 63
12 35 44 39
2 51 28 61
21 52 43 58
33 31 36 44
33 17 40 20
13 10 28 16
19 54 27 58
19 56 40 59
14 3 44 32
32 55 35 55
38 17 42 29
32 52 37 52
8 41 40 53
25 43 35 63
42 44 43 53
16 8 35 24
5 59 21 59
25 35 35 51
16 23 21 57
31 15 43 21
9 7 22 25
44 46 44 57
23 31 26 63
16 47 39 54
11 3 13 21
20 44 26 58
15 1 42 45
32 27 41 62
9 22 35 61
32 40 37 45
35 32 39 44
39 45 43 52
38 42 42 44
23 15 32 22
10 31 15 33
19 49 35 49
7 59 19 61
16 26 44 47
8 19 33 21
7 9 27 55
13 24 16 62
27 52 34 63
6 30 33 56
8 20 27 59
32 53 37 62
23 54 24 63
21 47 44 51
8 55 24 59
43 10 43 23
28 16 39 24
39 8 40 23
17 57 32 60
2 23 27 40
32 22 39 38
44 53 45 57
11 42 27 63
28 37 37 46
37 4 40 34
5 43 30 51
45 24 45 46
26 2 40 62
36 45 36 61
36 51 44 61
30 5 38 14
41 32 45 34
3 7 16 47
27 44 42 53
29 42 33 47
43 63 43 63
41 21 44 27
40 41 42 43
40 39 44 46
27 35 32 35
27 14 34 33
22 45 37 62
30 62 40 62
25 18 35 36
39 52 44 60
44 35 44 57
14 57 24 58
38 48 41 57
42 49 44 59
23 59 32 62
28 41 33 42
44 30 45 60
29 46 43 60
8 45 19 48
26 26 33 54
34 31 35 41
9 46 19 59
16 35 31 51
40 62 40 63
35 17 43 53
33 5 45 32
9 49 13 57
39 12 43 22
32 63 41 63
18 13 19 56
15 34 27 44
15 45 23 49
23 5 29 9
22 36 45 58
19 47 26 53
7 6 24 13
2 52 38 56
29 56 33 63
4 12 39 20
32 13 36 17
29 14 36 45
26 60 41 60
31 46 41 58
1 35 27 62
27 13 44 52
21 35 42 51
16 7 45 36
8 17 25 48
2 3 31 20
8 39 45 61
43 57 45 60
43 51 43 58
29 4 41 55
17 45 19 50
42 18 45 38
35 22 42 22
22 15 23 27
42 38 43 41
16 57 29 61
7 31 36 44
23 37 40 52
34 25 36 63
23 32 31 36
19 19 30 20
13 9 40 17
45 20 45 45
7 52 40 59
39 54 39 63
27 2 39 7
13 10 34 50
40 62 41 63
38 12 39 24
10 44 35 61
4 11 40 30
20 4 29 33
43 6 45 16
39 14 45 53
15 20 45 44
22 48 30 63
36 12 45 38
32 32 35 43
11 7 32 8
20 52 23 63
12 18 22 45
39 2 39 56
4 60 40 61
17 8 18 58
29 16 42 17
3 37 37 56
4 51 42 55
28 17 31 30
20 52 44 61
24 6 44 61
21 36 37 59
11 55 22 56
45 60 45 61
28 47 39 50
6 57 25 59
20 60 32 61
45 61 45 61
17 60 36 62
4 12 20 42
30 8 41 21
44 18 44 29
26 45 42 61
40 7 41 13
27 26 31 48
37 54 43 54
7 52 35 53
30 54 34 55
14 23 27 28
20 32 22 34
33 21 35 21
11 50 35 57
31 47 44 50
21 48 33 63
26 10 39 35
43 31 44 46
21 4 33 53
45 57 45 58
29 46 41 57
19 12 20 32
7 23 36 40
45 47 45 56
19 13 39 46
21 14 30 52
21 55 25 56
41 58 42 59
29 28 35 29
9 39 17 51
24 37 26 47
32 40 45 42
43 62 44 63
26 53 30 55
31 38 33 55
29 11 31 46
18 42 41 54
5 17 30 54
24 44 33 62
31 31 39 43
45 37 45 37
19 45 42 60
15 17 18 42
10 22 42 49
43 26 43 39
39 4 44 27
4 46 44 53
42 17 44 61
25 4 38 42
43 7 43 35
27 23 32 23
14 55 30 62
45 58 45 62
16 38 27 62
40 49 44 59
18 6 28 50
45 33 45 59
15 50 24 62
42 44 44 58
11 43 38 47
17 19 29 41
28 12 44 35
45 1 45 37
25 39 35 52
8 59 45 63
9 34 15 52
31 33 39 57
10 30 39 51
21 13 33 37
11 41 23 59
32 3 36 22
21 56 40 63
22 17 45 45
19 54 26 56
24 8 31 43
28 41 43 42
39 3 42 28
11 51 41 52
39 29 39 53
34 51 41 52
15 54 30 59
22 12 31 28
1 10 17 39
36 8 44 8
44 33 45 39
32 59 38 63
12 56 44 58
24 4 42 39
18 30 23 49
8 1 43 35
4 29 44 38
24 30 40 45
44 46 45 62
39 43 45 49
9 46 41 52
40 61 43 63
8 48 19 56
26 53 31 62
19 33 37 38
28 54 39 58
14 42 15 53
27 12 35 29
43 38 45 38
29 28 35 52
27 41 40 41
21 12 24 19
10 9 13 60
28 45 37 53
33 46 39 58
39 2 41 37
14 26 15 45
41 20 45 51
14 55 35 62
41 53 43 55
18 3 42 34
14 30 33 45
39 29 43 62
3 27 5 46
43 28 45 47
4 50 30 55
5 37 45 43
35 56 39 62
38 42 41 53
33 42 44 57
5 43 23 59
42 63 44 63
10 19 14 37
30 47 44 48
26 46 34 55
24 30 33 43
28 12 44 43
31 35 33 44
40 23 40 41
18 32 34 53
15 15 38 18
40 47 40 56
41 51 42 60
28 7 30 33
44 41 44 54
25 30 38 49
33 21 35 40
11 57 40 61
45 4 45 19
5 49 12 54
24 7 42 55
35 2 36 15
20 27 26 30
26 40 29 62
2 47 45 51
25 26 26 29
43 21 44 36
3 22 36 58
33 42 35 47
18 19 36 45
35 53 41 58
15 25 21 55
4 55 29 58
25 44 25 52
35 28 40 62
13 44 24 52
17 51 38 59
1 9 6 17
5 34 8 39
36 32 44 34
8 13 45 61
14 43 30 55
32 44 43 46
37 15 40 46
14 8 30 42
1 4 32 36
1 45 35 53
32 59 40 61
13 6 27 43
4 61 15 61
24 25 33 40
24 1 38 53
38 32 44 51
27 1 45 50
21 50 21 59
19 19 23 20
22 54 38 61
35 40 38 55
27 5 36 9
22 36 24 58
6 62 10 63
22 61 33 61
30 33 35 39
27 5 41 46
9 53 44 58
2 6 19 60
22 40 44 56
18 46 30 55
21 59 43 60
12 28 15 37
42 6 44 35
45 42 45 43
36 3 36 17
12 54 31 54
4 61 19 61
43 36 45 41
27 59 35 61
17 57 45 57
36 42 42 54
3 52 30 61
42 38 44 50
25 54 44 59
29 46 38 47
23 58 24 60
18 57 23 58
43 26 45 27
45 43 45 58
2 22 11 24
41 34 45 56
42 50 45 59
43 63 44 63
27 36 38 49
16 13 17 27
45 17 45 57
10 26 26 41
2 38 27 43
25 36 34 57
8 10 35 53
32 4 40 14
29 52 44 53
12 26 37 48
14 27 19 56
39 13 40 47
30 48 35 52
16 36 35 62
5 35 12 54
15 58 32 62
13 5 30 20
22 27 37 42
36 24 44 30
40 25 41 39
25 30 39 43
12 62 26 62
38 24 40 46
22 27 28 41
32 19 38 48
16 42 43 59
20 8 36 31
37 8 39 37
36 5 37 52
9 57 15 60
16 63 26 63
4 47 40 57
2 24 39 33
35 54 37 57
26 8 43 49
25 18 41 42
21 37 43 46
42 60 44 61
5 43 31 57
10 27 35 42
33 29 37 43
7 63 12 63
38 2 42 62
24 30 33 50
9 9 42 34
26 40 34 51
40 27 43 40
36 46 40 58
38 13 40 23
29 50 36 58
36 55 41 61
28 56 34 63
19 25 37 62
15 11 29 61
24 42 26 53
36 9 37 60
13 59 36 60
37 18 38 28
5 50 16 54
30 40 35 40
15 24 39 34
12 43 13 52
12 26 30 30
45 52 45 59
3 39 22 47
40 38 45 60
9 23 36 63
9 48 11 57
26 37 36 52
20 26 22 26
5 6 7 49
5 56 36 58
5 53 42 55
39 62 39 62
16 44 18 62
40 17 41 46
20 17 28 31
9 13 41 38
39 12 41 22
12 25 24 61
5 22 27 51
13 50 28 62
29 32 32 47
29 20 32 25
13 38 39 59
8 8 44 10
45 1 45 5
9 9 26 21
41 30 44 34
16 59 28 60
25 49 34 49
18 23 33 60
11 54 30 63
23 16 25 51
36 50 41 60
16 5 33 18
25 15 40 43
3 40 38 62
26 25 26 47
15 7 24 14
10 62 45 63
6 45 16 52
8 45 14 50
21 27 38 60
2 16 14 43
14 25 41 54
41 48 44 59
38 41 43 41
37 11 45 31
10 61 24 63
31 15 32 48
18 34 42 56
21 53 39 63
23 19 35 40
28 6 40 6
1 61 5 62
37 51 40 61
25 33 28 58
14 57 33 63
28 19 40 19
1 51 43 54
29 40 33 56
7 26 41 32
18 5 23 35
7 60 8 60
45 18 45 29
7 31 10 31
26 5 37 27
11 3 32 20
15 16 39 44
43 38 44 49
1 4 1 8
27 47 38 61
2 1 38 49
7 60 36 60
25 19 39 62
33 39 44 56
8 26 12 54
23 8 44 13
19 8 31 17
36 29 38 53
39 31 40 37
44 41 45 56
33 2 40 43
33 63 42 63
8 58 23 60
37 12 39 45
41 55 41 62
5 1 27 4
2 45 16 46
36 11 41 35
25 11 31 11
5 34 5 39
1 36 31 61
29 23 34 48
27 9 34 44
13 11 28 22
17 52 27 55
26 45 43 56
43 3 45 22
21 9 37 41
4 33 43 61
18 32 40 36
32 5 32 51
24 3 40 11
4 54 14 60
26 55 29 61
29 49 30 61
6 42 44 52
34 50 42 54
28 49 36 60
14 50 31 63
35 8 37 22
22 19 39 55
44 61 45 62
21 43 25 46
6 6 24 18
10 60 29 62
34 14 44 34
42 59 45 63
20 40 45 41
38 25 45 61
40 41 43 58
26 58 29 58
28 21 35 39
43 23 45 25
31 27 45 41
44 25 44 37
44 5 44 43
21 7 41 43
15 32 35 59
7 27 40 38
32 59 33 62
25 5 41 21
41 7 41 48
13 60 21 63
30 38 30 49
39 61 45 63
3 35 9 45
24 9 32 52
42 57 43 61
10 11 31 19
41 52 43 57
36 32 45 54
21 28 35 45
16 29 36 55
44 62 44 63
42 35 45 42
4 13 34 14
33 49 39 53
32 54 33 56
30 11 30 60
16 44 16 45
45 33 45 53
21 36 40 46
17 59 37 63
32 45 40 54
43 34 43 44
35 32 37 41
36 34 36 45
41 4 44 54
29 62 42 62
16 4 26 53
23 56 44 56
38 13 39 58
4 46 13 48
25 43 35 57
41 23 44 58
17 26 21 39
22 31 32 40
23 6 42 58
42 1 43 25
15 50 38 55
3 4 43 34
29 33 40 59
38 23 42 23
4 35 35 55
17 18 25 39
7 43 7 59
43 53 43 55
25 49 45 51
41 24 45 63
43 5 44 27
12 34 43 63
36 30 36 61
29 31 30 47
39 22 45 55
23 46 37 53
26 11 41 11
11 38 19 57
41 4 44 21
5 27 16 32
19 34 27 35
21 1 35 11
1 11 30 18
22 4 34 57
19 44 33 49
34 56 34 60
8 9 14 46
42 21 44 51
24 27 41 28
35 58 38 63
20 19 44 40
37 50 40 59
26 7 29 54
23 59 41 60
32 40 33 52
26 22 42 40
37 53 42 59
31 30 39 33
38 3 42 22
41 50 45 56
20 1 22 49
5 59 25 61
33 3 34 19
30 22 43 23
40 63 43 63
23 39 33 44
2 21 26 45
16 3 43 22
34 37 34 58
7 55 33 59
19 33 27 45
24 10 30 18
2 57 35 57
9 15 33 41
43 27 43 45
16 51 45 57
34 7 39 26
30 15 34 59
23 24 26 39
38 41 43 44
38 46 44 49
23 1 26 60
26 30 36 44
15 14 21 47
8 18 24 23
26 58 37 62
23 63 31 63
29 9 40 13
24 8 44 18
29 60 36 60
6 48 30 48
2 34 40 47
9 51 22 53
11 63 37 63
10 7 41 46
34 46 36 62
20 35 29 38
10 9 25 51
36 47 44 56
29 23 38 52
40 3 45 50
10 28 32 51
3 19 27 52
33 43 41 45
5 29 36 53
14 48 22 49
43 52 45 52
36 48 39 50
26 55 45 61
42 42 45 48
27 43 32 55
31 40 31 44
2 42 24 43
11 58 25 61
8 40 42 51
19 3 34 12
17 52 23 54
39 5 45 31
36 48 45 60
1 43 11 43
43 43 43 47
34 28 38 30
14 7 31 40
2 29 27 44
30 26 32 33
31 15 45 39
22 58 44 61
2 16 9 35
39 61 45 62
30 29 45 42
2 14 29 44
35 37 41 53
15 20 15 50
20 24 29 56
40 42 42 50
2 59 31 60
7 28 25 42
40 63 45 63
22 41 43 53
10 57 19 58
6 52 15 59
18 15 29 43
45 27 45 42
8 8 19 40
38 31 40 43
44 18 44 25
13 9 31 19
1 5 45 34
28 11 42 31
45 23 45 45
27 47 28 63
34 42 42 56
26 23 43 49
7 3 23 35
4 1 28 5
9 4 11 31
24 53 24 63
45 16 45 31
10 15 15 46
42 15 42 42
34 46 40 53
6 2 9 61
40 17 45 21
45 46 45 61
36 37 37 41
6 15 30 32
8 23 36 31
34 28 45 51
44 29 45 57
24 3 28 62
34 17 41 37
41 20 45 40
35 16 39 19
33 57 41 60
45 40 45 57
14 43 28 53
30 39 45 46
24 50 39 60
43 8 44 14
21 13 34 33
37 43 37 58
41 20 43 41
10 55 14 59
4 15 18 63
29 23 34 59
32 26 36 55
15 30 25 43
20 3 27 43
38 11 43 55
36 14 36 53
23 7 43 59
17 14 40 30
44 4 45 49
12 1 19 49
36 4 37 37
23 18 45 45
16 30 44 53
2 48 28 62
2 4 31 52
34 13 35 42
7 16 23 28
42 57 45 59
33 17 40 47
20 3 28 26
31 59 44 59
14 29 24 51
6 40 22 50
6 32 23 42
19 63 25 63
28 38 33 50
21 3 25 40
2 17 19 49
44 49 44 52
22 42 35 42
14 33 36 48
23 35 38 61
7 23 23 39
2 33 35 33
1 55 19 59
25 54 44 57
18 18 35 28
23 15 26 45
26 42 42 49
3 51 35 58
22 40 37 49
12 43 27 45
8 44 22 50
11 47 23 63
1 16 44 41
39 30 43 32
12 2 41 63
8 1 29 25
38 18 40 27
25 18 38 45
26 34 39 55
5 15 27 63
31 7 40 45
30 31 32 35
8 59 11 62
7 56 17 58
28 18 32 37
4 13 21 47
8 5 15 52
32 40 42 48
9 52 17 52
33 49 39 61
27 57 28 57
13 46 45 59
36 42 45 63
9 28 40 48
39 33 44 45
23 28 30 44
5 8 41 43
12 32 29 43
7 34 29 48
25 61 25 63
34 62 40 63
26 45 29 58
35 35 37 63
5 5 11 35
22 16 24 36
35 52 41 61
2 13 35 51
33 1 42 37
10 51 39 56
27 62 42 63
43 12 45 31
4 13 33 21
27 22 39 53
24 10 25 59
6 33 20 36
9 29 41 35
6 8 26 37
11 46 34 48
2 49 42 56
36 19 42 38
8 6 17 42
41 58 44 61
15 38 42 46
45 1 45 31
13 52 17 56
45 51 45 60
29 3 29 11
9 25 32 60
38 53 43 53
34 43 36 43
16 15 32 42
19 2 29 30
15 22 20 25
31 5 31 58
41 2 41 9
10 27 14 44
15 42 33 54
38 47 40 49
35 20 40 31
17 1 25 6
41 50 45 53
31 18 38 20
37 31 40 39
24 28 41 47
39 1 42 30
32 60 39 61
39 18 40 54
44 60 45 60
30 60 39 63
42 3 43 42
15 41 41 54
28 38 41 40
12 55 18 58
21 58 33 60
40 34 43 34
3 57 8 57
38 3 42 58
18 31 41 62
4 24 39 50
24 48 41 53
28 15 33 39
22 27 30 35
38 44 43 58
36 25 38 49
13 59 41 60
6 16 25 26
8 20 39 46
20 19 37 52
13 57 42 63
16 17 27 32
4 55 7 56
26 27 30 31
21 21 34 47
33 45 43 46
41 55 44 61
19 21 24 51
11 36 18 52
14 57 14 60
33 40 43 61
24 59 30 61
23 42 31 59
40 52 41 63
27 57 30 58
37 52 42 58
24 24 35 29
13 62 17 63
4 60 31 60
23 49 23 53
30 47 31 52
19 46 31 49
23 46 44 54
43 36 44 56
17 1 28 7
30 29 36 55
12 54 31 62
35 36 39 61
24 24 45 33
19 57 20 63
28 10 39 15
19 60 22 60
6 63 14 63
41 26 44 42
7 6 12 40
26 21 36 47
10 36 34 57
29 13 40 41
17 58 40 60
7 25 7 54
14 11 37 19
18 61 22 63
22 44 24 57
35 7 43 29
29 37 44 46
10 60 27 60
37 22 40 63
3 37 43 54
14 51 42 56
11 53 43 53
17 37 37 48
9 17 29 63
26 13 29 35
6 10 39 57
33 11 33 59
44 53 45 61
20 4 21 33
2 50 33 60
43 21 43 38
8 8 34 38
24 46 37 57
35 8 41 51
13 56 32 56
25 60 27 60
5 18 39 54
16 43 44 59
16 28 30 58
8 22 12 52
3 31 26 63
14 6 28 33
22 55 32 61
29 20 42 22
6 18 39 51
26 58 34 61
45 32 45 34
20 29 24 45
11 22 30 37
1 33 3 42
34 43 37 52
32 17 39 52
19 23 27 34
11 4 14 55
11 17 14 46
9 53 28 54
42 40 42 44
28 47 40 48
43 35 44 35
30 53 32 57
3 20 38 59
37 49 40 63
19 27 26 59
1 48 7 60
2 14 28 17
36 15 42 26
39 61 43 61
28 53 35 57
43 55 44 62
34 47 42 57
21 5 34 50
34 36 40 62
41 10 45 39
28 54 33 61
31 35 32 49
3 43 8 52
9 5 14 63
44 8 45 62
39 43 41 61
33 58 34 58
18 14 45 23
4 21 35 42
22 4 41 44
39 37 39 55
41 8 44 27
35 2 43 2
10 41 20 41
15 29 35 34
12 12 26 43
34 41 37 58
42 21 42 33
43 41 43 53
14 18 27 32
6 31 28 57
43 8 43 29
40 7 43 41
24 26 26 35
27 57 38 61
26 2 26 21
32 24 41 36
3 63 33 63
37 50 40 61
21 51 34 55
9 49 33 52
1 19 20 21
9 37 18 57
20 34 28 50
9 35 36 41
41 43 42 49
43 16 44 40
21 31 36 60
4 29 5 32
37 59 43 59
12 3 41 27
25 50 44 57
11 13 12 41
28 17 41 25
18 1 36 62
16 40 30 55
33 38 42 63
36 18 37 48
16 25 30 48
1 42 23 43
7 3 30 34
5 54 15 56
28 48 32 52
15 57 42 63
42 14 42 14
17 54 30 61
31 19 40 30
39 2 43 18
14 8 42 60
16 33 28 61
17 5 24 48
11 55 21 62
41 26 43 27
44 9 45 31
4 23 43 23
32 11 33 16
2 41 7 50
25 33 41 56
13 38 39 38
12 62 13 62
2 32 28 53
11 47 24 50
20 63 37 63
43 12 43 34
44 4 45 63
21 50 45 54
35 12 41 24
35 13 41 37
39 48 41 60
32 50 39 51
16 8 27 49
18 32 39 55
28 3 37 46
37 33 44 37
2 19 28 61
35 19 44 48
20 56 25 60
7 22 45 37
34 54 42 60
13 60 33 61
23 12 39 19
9 33 24 59
10 46 42 54
2 54 5 59
41 28 43 45
23 17 34 18
45 59 45 62
13 30 31 31
5 10 33 29
26 39 35 57
9 16 36 40
7 62 19 63
19 48 34 56
43 12 45 13
7 55 11 56
34 9 40 61
14 50 28 51
9 40 19 60
26 34 33 40
24 49 28 50
32 23 42 63
15 7 20 9
35 8 37 27
2 24 20 31
12 27 13 63
20 3 29 6
34 35 41 38
17 42 31 53
16 17 42 22
42 29 42 42
4 19 26 63
28 6 39 63
41 26 41 57
27 7 45 50
22 33 29 63
24 21 33 49
17 24 30 32
6 50 14 63
22 12 25 55
21 19 32 41
28 58 30 60
44 8 44 45
26 5 39 60
42 2 43 22
39 9 42 14
25 18 35 37
14 19 32 24
16 31 24 41
9 43 45 51
32 60 38 61
31 51 44 54
39 60 39 60
4 54 10 58
3 59 19 61
18 52 37 60
21 60 41 60
1 49 5 57
24 9 41 27
22 5 27 8
10 37 41 40
16 17 43 25
23 40 31 61
7 33 19 39
2 19 13 24
1 51 30 62
21 13 28 43
27 10 27 18
2 18 25 54
5 17 30 28
21 10 28 24
29 26 38 27
17 46 32 55
18 24 20 35
36 12 44 40
14 6 27 62
9 15 21 23
1 42 33 47
35 39 45 39
24 47 44 63
4 27 41 58
25 41 36 47
30 38 39 55
13 41 45 48
27 30 43 34
5 17 21 31
10 53 19 59
15 14 15 62
24 60 30 60
18 55 22 57
6 16 23 40
13 59 16 61
34 40 40 42
17 18 43 42
41 48 43 49
12 9 18 12
44 52 45 61
40 24 43 59
22 49 22 51
30 21 30 31
37 55 44 62
5 60 36 60
17 38 34 49
17 12 38 22
30 31 43 38
27 36 35 36
28 55 36 56
43 44 43 50
38 42 41 43
43 63 43 63
27 14 43 49
10 54 40 62
29 14 42 55
45 52 45 62
40 36 44 42
39 37 44 42
4 4 11 43
14 5 23 35
39 25 45 60
16 47 27 59
36 23 42 37
20 31 20 58
6 59 23 62
36 21 36 63
34 11 39 12
6 21 38 49
3 54 29 59
35 49 37 60
27 6 40 36
3 39 16 43
15 44 19 54
14 29 28 50
18 14 21 58
37 47 39 48
45 33 45 63
35 42 39 50
43 2 43 40
12 8 43 17
15 63 25 63
11 37 25 55
23 46 24 52
16 44 24 45
40 45 44 58
4 20 8 25
18 34 43 34
8 35 44 36
36 47 37 57
44 52 45 56
12 12 23 41
16 8 25 45
6 47 10 48
34 63 42 63
3 31 10 54
41 34 43 45
3 48 16 55
25 60 29 61
39 13 43 18
7 19 21 43
9 54 23 61
3 43 26 61
34 54 34 56
6 39 26 63
21 53 45 56
44 39 45 49
10 5 18 35
3 40 13 57
25 55 45 56
22 5 37 33
28 6 35 52
36 17 39 49
34 42 40 53
30 51 30 61
15 60 16 61
16 25 19 29
15 42 15 53
41 42 42 62
45 63 45 63
29 14 33 46
22 57 36 58
9 42 11 49
13 18 18 47
39 33 43 63
4 47 7 60
6 3 33 50
7 44 7 57
26 58 29 62
8 62 45 62
20 54 43 59
44 23 44 55
2 12 8 48
21 50 21 57
38 18 42 33
22 61 24 63
43 45 43 46
25 59 32 61
39 56 39 56
2 14 34 39
1 1 43 53
8 14 18 26
27 4 43 33
30 6 40 44
25 32 45 63
21 56 36 58
20 55 39 62
31 16 39 21
6 56 20 56
34 56 37 61
19 17 43 29
19 55 43 57
33 13 42 47
18 52 19 55
18 59 44 59
20 53 23 56
24 24 45 26
26 29 37 49
11 61 13 63
15 53 28 61
31 54 44 61
17 6 43 53
28 19 45 34
30 10 45 57
41 55 43 58
39 20 40 29
34 23 42 53
13 37 20 56
19 42 26 50
10 59 22 60
35 20 42 57
7 26 8 41
23 57 34 59
16 6 43 31
4 29 16 31
16 57 22 61
44 52 44 52
2 37 20 37
20 31 23 50
38 33 38 37
12 15 27 28
26 18 37 25
38 12 40 55
35 3 41 14
41 1 41 31
24 32 24 60
16 45 45 60
6 43 34 61
3 40 30 54
26 32 42 33
38 46 44 60
2 49 45 52
3 36 37 37
39 50 45 55
26 61 40 63
1 45 34 47
14 50 18 53
38 44 43 61
21 62 40 63
29 62 40 63
20 53 24 62
19 42 45 45
26 30 31 58
3 8 39 51
33 3 38 36
19 7 29 32
22 58 41 58
8 24 23 55
10 26 30 42
20 32 26 45
9 51 21 52
25 19 39 36
45 61 45 63
38 52 42 61
15 47 45 60
42 12 42 47
28 15 35 62
9 21 17 36
20 33 30 42
33 48 42 52
35 38 38 39
16 4 36 36
30 61 43 62
27 28 37 49
1 6 7 52
35 60 45 60
4 2 16 19
18 53 28 60
42 48 42 52
40 17 43 50
45 29 45 43
2 38 25 56
12 57 17 59
4 39 26 50
42 20 45 52
6 31 6 36
2 53 6 54
17 7 29 14
21 52 27 60
8 2 16 5
44 40 44 41
38 32 44 33
10 14 16 17
13 41 31 44
17 32 35 58
41 31 44 40
4 42 8 42
28 55 33 59
7 46 10 56
25 20 43 37
42 54 42 62
29 35 33 37
13 39 40 43
8 27 9 27
23 24 42 53
13 18 21 62
39 2 44 43
39 20 39 38
20 35 33 52
5 61 5 61
36 36 39 41
4 16 32 61
28 55 33 60
33 15 36 40
13 48 15 50
31 36 32 44
1 61 26 63
37 24 38 30
7 53 37 59
40 10 40 24
16 22 39 50
35 56 45 63
36 55 41 56
5 38 24 54
36 26 36 29
41 42 44 52
11 51 37 56
11 38 21 47
20 45 44 58
22 59 29 63
2 15 10 41
45 4 45 5
42 13 43 23
14 38 40 46
3 1 29 60
41 63 41 63
9 31 20 43
35 55 39 60
37 38 42 44
44 60 45 63
37 33 44 34
18 37 30 38
42 28 44 55
23 10 36 59
28 14 41 51
28 58 34 59
20 7 44 33
15 19 26 53
23 45 44 57
36 18 43 30
42 49 45 59
5 12 31 25
41 51 43 56
43 56 44 57
29 27 29 44
43 24 45 28
45 38 45 47
12 45 41 60
18 15 18 42
4 60 13 63
24 19 40 27
12 23 37 55
9 33 23 60
11 8 28 14
33 32 42 50
21 13 42 17
10 18 26 22
6 4 16 9
5 22 17 35
28 53 30 60
34 39 43 61
21 27 32 38
43 41 45 45
24 39 45 58
31 57 42 60
20 41 23 62
13 3 20 54
31 51 42 60
42 52 45 62
41 8 44 37
29 44 31 63
10 39 31 45
16 46 27 52
42 28 44 30
26 54 41 57
13 33 16 59
31 29 32 29
27 30 44 37
13 6 22 63
16 24 34 62
23 47 36 49
23 43 26 56
41 6 43 22
32 34 45 48
21 35 37 58
36 12 43 14
12 11 44 16
21 31 44 53
17 15 40 40
41 21 42 35
4 8 41 54
43 13 43 35
37 21 41 27
25 26 37 46
42 34 44 54
34 54 44 54
24 38 40 54
13 41 24 41
5 7 34 58
43 23 43 26
41 9 43 52
41 6 45 8
12 4 30 48
34 25 39 49
18 63 41 63
32 27 34 59
33 40 44 51
16 36 36 54
7 58 36 63
41 55 42 61
29 60 32 63
11 49 19 53
41 11 44 12
9 24 20 51
33 1 43 50
26 7 40 59
44 36 44 37
8 53 38 59
43 46 44 56
16 38 43 53
17 7 32 18
16 41 33 57
13 59 27 61
11 14 43 52
8 51 41 51
45 34 45 34
36 59 42 59
27 37 43 43
24 11 43 27
33 43 41 62
36 35 37 35
29 57 41 62
18 61 24 63
24 27 33 56
34 34 34 53
45 23 45 45
25 63 38 63
10 23 19 62
30 25 35 48
37 29 40 33
27 10 43 58
24 63 28 63
10 10 42 28
21 26 31 61
10 44 11 51
4 13 34 35
20 33 37 41
42 26 44 27
20 44 25 47
21 35 43 50
35 5 44 41
27 62 33 63
15 2 31 25
36 30 39 40
12 31 27 53
40 9 42 19
10 49 30 50
24 47 36 60
33 47 42 55
28 57 31 58
32 16 33 24
16 22 38 63
38 6 39 61
22 47 23 49
4 45 27 49
15 41 24 48
26 33 29 39
15 51 37 61
9 39 26 60
3 60 20 61
32 51 36 56
35 30 44 42
31 26 40 62
12 41 36 54
31 7 34 59
24 1 42 5
44 5 45 35
36 49 45 62
43 15 44 38
14 47 32 63
14 9 40 57
39 51 41 55
21 53 30 55
10 56 19 60
11 44 36 45
41 30 44 63
40 10 42 15
33 43 36 51
3 57 24 60
45 9 45 22
44 20 45 30
26 48 34 58
43 6 44 44
12 16 39 49
42 19 43 51
43 23 45 37
22 26 23 45
11 28 37 51
45 50 45 51
37 4 42 13
8 11 29 49
5 4 28 50
19 8 30 29
14 31 15 44
41 25 45 47
42 13 42 35
23 46 38 46
25 40 25 57
1 50 22 52
8 11 11 12
43 3 43 49
5 63 11 63
35 12 39 27
45 11 45 47
44 10 44 33
31 30 40 60
31 8 34 50
45 21 45 51
19 56 28 61
23 43 38 52
36 23 44 59
16 58 16 62
17 44 24 62
39 61 40 61
2 29 9 42
40 58 43 61
12 26 33 58
38 26 39 62
5 48 30 61
37 62 45 62
23 29 28 62
20 51 44 57
29 33 29 52
13 28 28 59
9 35 41 46
41 26 41 53
45 18 45 56
34 36 36 49
36 9 45 14
19 29 22 57
32 61 45 61
20 60 32 62
15 26 45 29
23 45 35 48
29 13 44 31
20 59 29 62
21 35 29 61
41 15 41 52
13 18 16 28
12 12 15 59
16 32 20 34
42 7 44 60
29 17 30 44
29 9 30 60
20 42 30 42
1 21 4 24
43 26 44 44
21 49 42 61
15 1 28 38
35 17 42 62
45 58 45 61
17 55 38 61
4 50 33 58
23 57 32 58
5 31 44 31
22 58 33 58
4 54 36 61
26 30 28 31
25 62 33 63
29 59 33 60
40 45 42 50
29 61 42 61
21 4 32 45
7 5 15 22
18 62 19 62
31 24 42 36
13 56 44 58
35 36 45 45
41 59 44 61
36 59 36 59
41 21 44 59
18 55 38 59
22 37 38 62
30 8 37 16
30 46 31 59
14 42 38 57
24 55 24 55
1 8 11 46
38 55 43 63
10 32 42 33
45 1 45 37
10 36 42 57
7 38 34 57
25 27 37 35
30 55 39 61
8 27 41 31
31 8 38 22
6 61 25 61
36 10 43 44
27 50 43 51
41 62 41 62
25 2 38 28
1 40 27 56
19 19 39 29
33 16 41 32
37 57 39 59
26 60 29 62
22 55 22 63
25 56 34 60
45 27 45 56
38 19 40 47
24 29 34 62
37 24 41 51
25 40 39 45
4 47 43 61
43 29 44 60
44 62 45 62
43 51 44 60
15 34 21 53
42 7 43 49
1 28 40 39
17 30 40 43
18 36 44 58
39 8 43 62
16 28 26 45
22 57 34 63
29 13 36 25
14 24 25 24
29 1 35 12
27 38 44 56
5 59 44 61
13 16 36 42
20 20 30 43
34 10 34 35
30 27 39 48
43 56 44 60
6 19 16 41
34 38 35 54
41 30 44 63
19 1 35 35
20 43 29 61
32 52 36 62
33 21 44 38
13 45 13 61
32 62 44 63
20 11 25 32
44 16 44 19
3 28 40 28
32 21 40 38
7 63 43 63
2 32 37 51
25 34 36 54
16 14 16 62
28 51 35 56
28 5 28 30
45 19 45 32
10 16 39 53
34 54 39 56
17 49 42 49
10 50 21 59
34 54 40 55
38 16 44 55
11 39 38 41
1 14 35 36
2 42 30 50
30 50 44 55
26 27 27 63
23 27 45 61
29 39 33 56
44 19 44 61
17 27 44 40
35 11 41 23
7 9 34 62
13 61 26 63
41 38 41 63
24 31 31 42
36 13 40 49
39 32 41 63
16 17 19 53
12 23 41 31
43 21 45 32
31 30 37 30
21 41 22 52
21 42 27 58
27 50 44 62
44 15 45 22
44 34 44 41
29 63 37 63
24 44 31 52
20 11 20 19
37 62 43 62
18 45 37 60
13 20 35 21
39 45 39 47
17 46 35 57
10 18 43 46
23 12 40 32
17 16 32 26
32 57 37 57
4 17 4 21
4 22 15 50
43 53 44 61
6 43 27 62
4 42 36 59
31 10 41 32
11 16 18 19
33 37 35 60
1 61 39 63
31 52 34 52
15 15 15 29
43 45 44 55
10 5 20 23
26 18 36 20
45 54 45 59
34 3 36 12
10 19 40 42
30 27 30 37
25 61 45 61
43 19 44 51
18 16 25 18
13 51 36 54
9 28 41 37
15 14 22 25
27 44 34 59
5 58 14 60
28 21 34 55
43 29 44 44
42 63 42 63
30 44 43 49
42 63 44 63
31 9 37 33
22 46 34 60
9 53 30 54
5 50 19 60
3 47 19 48
26 17 41 62
5 48 16 60
34 54 41 60
25 48 29 63
38 1 45 44
30 8 44 60
9 27 33 33
25 51 45 62
5 60 22 61
42 4 43 15
31 21 45 33
11 34 41 37
30 4 32 40
37 60 38 61
7 20 9 29
23 41 44 48
30 31 35 60
34 38 37 42
12 50 22 51
6 42 40 48
26 10 38 63
12 58 21 62
43 50 45 54
37 43 43 53
27 32 35 58
27 42 31 44
26 26 45 59
17 50 23 51
40 41 45 42
10 9 39 12
42 36 45 60
5 18 18 53
19 45 29 46
43 52 45 54
12 61 32 61
19 57 20 61
32 37 43 41
19 5 36 52
6 44 7 60
8 40 28 58
28 38 41 43
36 22 37 46
3 24 20 44
44 48 45 59
1 20 13 43
16 55 20 59
18 26 45 61
34 48 44 59
5 60 16 60
19 9 28 29
13 12 44 46
16 30 43 47
4 8 20 62
6 58 35 60
22 31 41 47
18 19 27 32
38 54 43 61
39 10 45 55
2 45 39 46
18 50 29 59
4 49 40 51
1 1 4 42
29 58 41 62
41 28 43 62
45 20 45 54
27 44 45 47
45 37 45 56
39 13 41 15
35 1 39 12
43 6 44 25
36 45 39 61
1 19 7 55
27 45 45 63
28 40 35 49
35 63 38 63
45 26 45 39
20 50 30 53
34 8 45 19
23 36 26 61
8 38 8 58
39 27 44 51
42 38 44 38
7 62 16 62
9 19 41 34
32 42 36 54
4 20 17 47
28 62 43 62
20 59 26 59
21 17 43 30
43 29 44 63
42 56 45 56
44 61 45 63
40 36 43 40
10 63 45 63
38 1 38 11
2 36 16 55
5 1 24 21
17 34 39 63
7 4 40 17
30 20 40 61
14 33 44 49
18 26 27 45
31 18 44 28
44 47 44 48
1 22 7 22
6 11 18 22
34 47 38 58
15 52 26 63
5 34 14 62
26 21 45 47
13 8 14 17
11 4 13 36
7 41 18 51
5 21 25 39
28 12 35 63
36 60 44 60
34 56 34 58
35 59 37 61
25 47 29 60
43 22 44 37
30 40 44 61
11 13 28 17
13 26 13 44
3 27 8 59
6 52 6 53
22 57 27 57
21 20 41 38
3 25 45 46
1 37 8 61
24 40 30 51
15 12 23 13
15 1 42 26
38 60 38 61
24 25 25 44
22 19 32 45
1 30 16 48
28 35 31 42
9 45 26 53
43 34 43 59
33 16 38 40
38 49 44 53
9 51 25 52
27 8 40 25
16 47 32 51
30 5 34 28
42 46 43 50
31 46 35 49
43 5 45 9
20 28 26 46
30 21 41 24
38 3 40 16
42 42 42 49
30 31 39 42
4 43 31 61
35 22 38 63
15 40 31 59
39 35 41 51
7 8 13 14
9 32 36 52
28 14 36 54
20 41 26 41
6 26 10 59
24 21 40 55
35 41 42 55
2 60 36 63
2 51 15 54
24 62 37 62
45 19 45 37
38 52 40 62
35 28 38 54
36 43 44 56
4 32 37 36
1 42 18 45
7 7 26 26
16 30 22 45
42 5 44 29
41 42 44 51
27 7 43 34
22 57 43 59
29 60 42 62
30 2 43 51
16 25 30 49
41 18 43 55
5 32 39 36
24 54 36 60
6 41 41 48
5 2 12 40
16 59 42 60
7 14 11 24
15 53 26 60
33 39 38 39
8 8 34 44
6 18 24 43
2 24 43 27
8 12 13 42
11 42 35 46
43 40 44 41
37 10 43 60
45 11 45 51
10 21 43 49
4 50 35 50
45 19 45 48
8 7 40 16
33 54 36 56
13 10 33 56
3 57 39 58
24 44 35 53
38 47 44 55
7 22 7 42
10 10 25 25
43 23 45 42
30 53 36 56
1 32 7 41
40 51 40 55
28 55 39 63
5 21 16 41
33 2 42 22
1 45 11 60
5 25 23 45
40 57 43 61
23 62 33 63
29 47 39 49
35 8 37 36
11 15 21 30
19 25 43 57
39 12 41 25
39 58 45 59
26 4 26 57
19 21 41 36
38 61 39 62
1 13 17 48
24 13 29 60
26 10 33 19
21 50 29 53
24 11 26 46
39 58 40 60
11 43 40 55
45 61 45 62
11 23 28 40
14 30 40 45
44 26 45 44
7 26 30 39
32 23 37 59
9 54 20 54
41 53 43 59
29 3 34 14
27 59 34 62
21 36 33 56
25 33 26 47
14 44 30 44
23 26 39 29
28 41 39 59
42 50 43 60
12 56 29 56
7 9 28 25
30 16 42 50
40 38 45 38
35 24 45 35
41 31 43 42
33 54 39 58
44 36 45 52
9 18 21 43
13 62 42 63
43 28 44 53
25 8 44 47
37 12 43 26
39 43 45 50
40 62 40 62
10 51 37 58
24 56 28 63
3 63 7 63
33 46 36 51
33 24 45 61
11 49 37 58
32 45 32 61
25 57 26 57
10 38 39 51
8 47 16 55
31 5 40 37
13 38 22 57
45 55 45 60
18 34 38 57
43 24 44 57
26 62 34 62
40 17 40 35
23 34 37 38
24 11 45 49
1 5 3 11
33 22 38 37
17 56 32 56
10 45 36 62
40 61 41 63
24 52 39 58
28 38 42 42
12 38 23 58
33 33 37 36
15 61 39 63
21 53 22 55
2 59 14 62
28 58 42 58
37 11 37 48
3 59 9 62
10 4 12 13
44 4 45 52
24 53 32 60
30 56 39 59
38 13 39 29
41 36 42 50
33 14 34 60
43 13 44 54
22 59 29 63
39 19 43 46
6 62 9 63
43 10 43 24
17 13 35 29
22 54 34 56
39 59 43 59
15 49 15 49
11 16 34 26
19 11 39 34
42 25 42 59
34 34 40 42
38 26 39 36
33 16 43 42
30 21 31 55
32 26 32 38
44 55 44 62
34 41 36 43
17 60 30 63
37 13 40 16
12 22 12 58
19 46 41 46
34 50 36 57
23 47 28 55
31 59 38 62
42 22 45 47
45 47 45 58
34 36 39 51
5 54 37 62
26 46 26 63
20 42 28 54
14 49 32 49
29 25 35 61
22 45 33 50
6 62 11 63
13 35 23 52
43 44 45 60
11 13 22 61
32 45 39 48
37 45 45 46
2 44 45 44
28 50 42 55
40 53 44 61
14 15 22 23
5 30 30 45
9 47 15 53
43 61 45 63
10 29 14 53
20 51 22 61
33 53 42 54
9 57 21 63
2 58 8 59
43 42 45 47
11 29 29 63
42 3 43 51
12 40 36 44
41 14 41 21
31 61 35 61
9 22 29 27
18 6 26 61
26 27 29 61
39 46 45 52
5 43 22 49
29 57 36 63
13 1 25 63
35 35 36 36
29 6 44 15
37 63 37 63
6 55 11 55
28 8 31 26
28 27 34 40
31 3 33 12
34 19 42 39
43 26 43 48
23 51 23 51
34 10 43 32
8 40 17 49
42 9 45 53
38 23 39 41
2 55 38 57
36 15 45 55
41 28 44 43
26 53 33 63
28 51 39 54
42 8 42 21
45 10 45 32
42 59 42 62
33 38 35 53
44 60 44 61
13 30 22 36
28 44 33 46
31 24 34 34
24 31 40 38
21 46 21 54
13 42 21 57
34 37 35 44
6 12 27 14
43 31 45 41
28 52 39 57
19 34 40 63
39 46 43 53
17 3 39 21
28 39 43 50
36 63 45 63
37 47 40 55
35 49 42 62
9 60 26 62
41 11 42 25
1 48 7 54
7 38 14 58
11 42 21 57
14 62 26 63
3 14 28 56
43 36 43 49
8 46 32 56
22 36 45 44
36 13 45 38
13 48 18 53
18 33 21 33
37 6 40 54
34 58 42 61
33 6 38 6
12 49 23 56
37 36 44 58
16 10 43 34
10 58 18 61
36 56 40 59
1 59 15 59
40 61 45 61
42 57 44 63
30 57 43 60
44 48 45 49
2 62 3 62
37 31 45 45
42 30 42 40
23 24 44 32
12 41 17 54
3 5 14 14
2 47 45 57
16 51 20 55
11 34 22 60
29 10 31 25
25 61 44 62
11 12 45 21
15 9 19 42
34 18 40 29
28 62 36 62
31 6 34 53
3 5 17 22
43 39 44 57
3 11 27 26
45 15 45 43
39 3 42 7
10 52 17 53
12 49 45 49
44 11 44 51
18 55 32 62
42 18 44 40
33 11 41 15
5 5 5 55
43 27 44 41
29 10 43 37
10 25 18 37
44 49 44 57
43 35 43 62
22 17 28 33
19 61 29 63
35 33 39 49
38 14 43 46
43 52 45 62
2 63 17 63
35 10 41 46
34 39 34 51
6 34 23 52
31 12 41 28
37 41 40 52
44 17 44 17
36 52 37 52
21 5 21 35
35 9 39 22
9 4 43 29
7 13 27 19
32 24 38 45
6 40 11 41
42 50 43 51
39 31 43 57
22 13 32 46
2 15 35 26
23 21 40 44
28 39 39 58
22 9 41 49
42 12 45 41
38 33 38 47
41 11 42 17
42 21 45 46
31 15 44 45
30 14 35 47
38 13 44 56
29 45 41 49
29 30 39 43
2 20 16 46
3 43 8 62
19 58 44 60
41 45 44 56
9 42 9 51
33 44 42 49
11 32 37 46
18 10 41 48
38 56 41 57
33 38 35 56
5 46 13 51
4 7 40 24
18 37 33 47
2 1 35 29
7 12 43 52
3 52 24 58
17 26 45 57
33 7 41 14
38 55 38 63
9 23 42 49
26 10 33 51
35 27 40 62
23 1 39 48
22 46 23 50
9 24 26 26
23 10 36 30
41 7 41 34
9 52 28 56
9 39 13 54
40 10 43 44
30 3 38 33
15 47 32 55
20 5 36 16
25 7 33 29
7 57 9 58
32 58 40 61
28 26 31 62
41 1 44 35
23 19 27 33
10 9 37 53
3 63 30 63
10 39 45 46
15 2 28 51
33 48 36 48
20 47 23 56
2 1 24 31
39 9 43 40
11 25 15 44
11 1 17 60
26 59 45 63
29 29 37 38
31 5 43 47
11 4 13 38
36 24 38 43
17 59 34 63
16 44 24 50
8 37 43 51
42 33 44 47
4 26 22 49
32 16 39 61
3 41 12 59
14 37 39 49
19 21 43 25
34 35 43 36
34 28 45 34
24 21 45 42
22 19 36 38
20 27 29 31
21 15 34 24
43 56 43 59
17 20 40 30
13 30 26 53
43 14 43 21
34 9 36 34
28 14 37 51
13 47 44 53
40 49 41 54
15 19 29 25
19 41 34 48
31 55 31 61
44 53 44 61
2 36 9 48
38 24 45 53
2 5 37 6
45 36 45 48
20 36 39 60
16 41 45 49
36 1 44 43
7 32 26 40
6 25 33 61
28 56 39 63
41 5 42 8
24 54 41 56
39 53 44 53
37 56 43 56
6 42 18 53
19 14 41 40
10 29 17 49
9 51 27 56
11 53 18 59
21 54 26 59
42 35 45 63
44 19 45 26
6 39 45 63
30 10 37 56
18 28 28 63
6 38 6 63
13 5 14 40
32 50 39 51
8 34 10 39
11 3 26 4
25 25 37 62
2 59 29 63
2 22 21 38
29 38 34 43
37 62 44 63
40 12 42 27
14 22 21 31
22 36 25 46
18 48 32 55
39 38 41 55
2 52 3 55
1 37 30 41
11 21 38 27
28 1 31 27
41 22 41 59
13 35 14 37
12 23 15 31
9 11 24 13
38 26 43 63
45 37 45 50
31 57 43 59
9 38 39 45
11 8 14 37
24 33 29 43
12 50 31 58
34 27 43 56
31 42 44 52
37 54 38 54
44 14 45 31
35 13 41 15
34 32 41 57
18 5 28 63
1 42 24 56
23 19 30 29
13 14 28 25
17 13 45 36
4 41 16 47
45 21 45 50
3 37 38 51
24 41 40 41
6 16 22 53
16 55 25 59
12 30 20 49
21 57 44 58
29 60 42 63
15 31 30 41
26 9 29 16
27 31 29 55
15 40 37 52
39 25 41 56
41 57 43 59
28 39 43 49
28 37 29 43
31 10 45 62
13 45 45 49
20 61 45 61
21 41 40 42
36 46 42 58
6 8 18 58
7 46 35 54
18 48 43 51
10 43 21 48
17 45 44 60
14 24 43 41
39 47 41 49
39 22 40 63
24 18 42 49
40 23 41 60
10 58 39 59
45 46 45 60
15 5 40 56
10 17 42 47
30 41 40 54
18 12 23 15
3 15 34 21
31 6 34 17
30 53 38 60
22 11 35 22
16 62 17 63
9 37 11 56
30 54 42 55
22 21 38 47
31 51 38 59
11 26 29 31
43 52 45 57
40 49 42 57
2 40 27 56
27 20 33 52
33 38 42 62
37 18 40 31
6 2 45 49
7 26 10 26
18 18 30 56
32 41 33 54
12 31 28 58
36 18 40 36
27 25 30 32
44 41 44 46
28 19 36 63
6 35 44 44
21 47 22 53
42 21 43 61
16 51 31 58
34 49 34 53
25 18 26 20
43 22 43 62
7 21 32 41
38 52 44 56
16 16 44 17
33 27 37 62
43 41 43 52
33 41 45 43
4 36 31 39
14 10 15 48
42 1 45 59
22 19 43 43
1 35 21 61
3 10 10 25
34 51 40 55
43 5 45 33
8 16 10 57
43 59 44 60
16 47 36 56
9 9 25 9
45 20 45 53
7 56 29 57
8 59 24 60
17 47 25 62
32 12 38 20
19 41 26 54
21 44 35 53
43 36 45 40
10 24 26 45
6 9 40 45
28 53 29 61
34 24 38 29
35 38 41 40
1 50 26 57
11 24 15 25
29 7 39 23
23 26 40 58
25 45 31 63
25 60 29 63
36 44 36 48
39 1 42 53
33 15 42 59
1 31 21 34
44 20 44 50
34 53 43 54
31 21 43 60
7 33 13 58
16 37 20 37
2 30 16 55
16 48 37 57
23 12 42 63
40 18 43 49
13 48 39 60
27 28 43 31
30 12 31 54
35 37 37 50
22 19 43 29
41 53 44 53
33 16 38 27
32 16 36 17
42 63 45 63
6 5 37 39
39 54 39 63
17 8 19 48
44 6 45 11
30 35 45 37
28 19 44 52
37 59 42 63
19 48 35 63
21 44 23 61
33 7 34 52
2 18 40 56
25 41 44 44
18 40 36 44
14 56 21 56
42 32 42 49
32 13 44 38
30 50 43 56
23 5 24 13
1 35 38 47
33 56 41 61
23 42 41 48
31 6 40 6
38 38 38 61
30 33 33 33
31 19 42 52
22 60 45 62
38 4 40 28
26 52 40 59
2 38 40 57
37 63 41 63
38 47 45 52
28 40 39 57
10 31 22 31
44 61 45 63
31 57 33 58
13 25 40 28
39 60 45 63
33 20 44 37
30 36 36 54
44 29 45 43
12 41 16 51
38 31 43 38
16 62 35 63
45 21 45 25
3 27 40 44
18 41 31 58
6 1 18 23
34 35 42 35
10 57 14 58
13 43 19 54
18 41 34 56
17 32 21 50
19 31 19 53
11 27 11 41
29 7 38 53
29 24 35 62
10 31 21 34
5 4 26 18
29 35 35 44
31 23 40 23
2 28 42 29
18 18 38 18
28 26 41 57
12 43 12 44
43 56 43 56
45 4 45 45
12 18 15 28
17 8 17 15
14 6 32 14
13 59 31 63
43 43 43 49
4 9 42 32
7 55 17 58
9 15 19 39
23 13 42 15
32 40 41 60
39 50 43 50
23 63 34 63
30 12 41 23
36 36 37 38
21 59 31 62
21 10 44 47
38 7 41 51
37 30 37 46
19 62 42 62
43 23 44 57
32 56 39 63
13 39 19 43
26 47 45 53
33 2 39 48
20 51 26 56
14 32 29 33
33 26 43 61
43 52 44 63
5 46 8 58
25 45 44 52
42 17 44 46
43 16 44 18
42 13 43 20
12 16 31 58
10 1 31 31
6 16 27 24
18 61 41 62
32 19 42 32
38 4 42 7
29 14 45 22
31 21 41 50
13 38 40 52
35 55 45 58
2 4 4 6
10 57 45 63
26 36 40 52
11 58 25 63
23 30 34 46
45 8 45 43
42 33 43 34
5 30 8 35
6 34 35 45
44 9 44 47
38 6 44 25
20 54 33 58
13 3 37 37
26 28 29 28
40 41 42 54
28 10 35 61
40 47 44 60
34 27 38 36
7 14 8 50
16 4 21 33
22 60 32 63
35 29 42 44
37 30 45 62
21 47 35 58
26 48 36 55
42 15 44 23
16 50 18 62
30 17 36 31
42 17 42 23
32 17 33 53
7 43 16 49
28 46 28 56
5 10 7 62
3 54 7 56
1 13 22 33
28 13 35 22
34 63 39 63
39 25 40 26
17 17 42 31
14 10 24 10
22 61 42 62
19 33 44 48
28 12 32 34
20 50 33 62
13 36 36 58
31 48 45 55
38 43 43 45
5 48 32 53
2 41 2 41
32 50 36 61
20 39 26 50
20 18 32 63
37 5 38 37
15 60 44 63
24 2 44 33
27 25 30 27
22 43 25 63
12 49 23 60
41 11 44 50
10 60 22 62
11 10 35 12
45 48 45 56
43 29 44 39
34 19 42 60
24 42 38 55
26 21 29 38
38 5 39 18
7 3 39 61
9 26 12 55
3 16 21 58
39 40 42 59
31 6 38 61
21 57 23 57
45 50 45 56
42 9 44 45
36 18 39 27
38 42 45 48
30 39 44 63
12 19 28 54
23 39 38 39
16 1 36 11
32 41 40 52
17 1 33 26
29 9 32 40
37 36 43 62
10 59 40 59
7 36 38 45
21 54 21 54
36 7 36 49
37 61 40 63
28 21 31 36
32 17 42 63
11 9 17 52
40 5 41 42
22 34 28 58
10 26 27 50
41 40 43 48
39 23 40 43
44 4 44 17
33 22 37 57
28 56 36 56
13 61 27 61
38 3 43 45
25 54 27 54
16 2 19 14
4 2 18 36
31 19 33 58
41 63 41 63
7 59 25 59
30 4 39 13
44 36 45 55
10 44 38 49
14 60 26 62
26 44 40 49
3 56 36 60
33 52 45 52
12 11 26 26
25 17 30 38
15 38 24 49
44 19 45 24
2 31 16 57
15 18 41 28
22 20 29 57
2 23 26 42
13 37 41 52
43 13 45 35
42 19 43 50
4 22 39 52
2 21 36 22
20 56 44 56
8 50 26 55
27 25 32 48
12 48 27 51
14 39 36 61
44 1 45 36
3 17 12 31
31 19 36 50
19 25 35 26
45 25 45 48
19 53 19 58
27 32 27 51
4 24 8 55
21 3 45 35
45 32 45 49
31 59 39 62
2 27 29 55
35 4 35 60
35 19 37 48
17 43 17 63
29 54 33 60
1 12 42 30
37 9 45 58
7 14 41 24
12 43 37 61
23 5 32 21
21 46 31 55
43 51 43 61
24 9 25 37
29 57 33 61
34 46 44 46
42 15 42 47
44 11 44 25
39 19 44 61
6 2 11 12
36 52 45 54
26 35 30 45
23 62 41 62
30 59 38 59
1 63 30 63
35 11 40 27
23 41 27 43
41 18 43 46
9 44 29 55
4 45 11 56
14 11 14 18
38 45 43 59
22 54 31 63
44 51 45 61
44 49 45 55
31 34 35 53
10 58 45 59
37 17 38 52
14 51 22 55
11 58 29 63
6 38 6 56
43 12 43 24
7 54 9 63
10 19 10 58
35 41 39 53
40 25 43 29
17 57 34 63
44 45 44 63
21 29 43 41
34 37 35 40
44 44 44 63
15 36 37 36
7 63 20 63
5 6 28 13
4 50 8 53
17 26 34 43
18 54 34 59
19 14 39 63
12 11 42 39
18 55 25 55
9 63 10 63
34 59 37 59
7 56 34 63
24 62 42 62
14 48 23 49
31 38 44 51
27 59 34 62
32 47 43 47
43 44 44 58
21 23 38 49
20 33 40 40
25 59 42 59
17 38 17 47
44 55 44 62
13 38 29 60
24 8 26 16
21 4 36 23
39 13 39 50
9 28 23 63
22 39 44 57
35 19 40 62
15 51 31 58
5 7 19 49
31 49 40 60
22 57 35 59
1 24 13 55
41 2 45 31
29 12 40 46
7 41 22 44
20 9 35 28
7 24 42 55
34 40 41 51
42 37 45 50
28 35 34 45
5 42 25 48
38 57 44 57
5 5 8 38
33 37 35 43
42 51 42 53
5 49 30 49
26 48 26 59
40 31 43 36
4 24 27 61
21 13 38 60
30 16 36 21
8 30 37 47
28 63 39 63
40 34 40 63
36 32 45 45
7 14 26 37
32 28 42 42
27 53 40 57
33 14 36 55
43 51 44 55
25 31 42 33
18 38 36 51
30 8 31 47
8 16 38 57
34 19 34 33
42 4 42 45
45 61 45 62
42 15 42 27
37 12 40 46
28 50 34 52
27 41 45 62
5 18 45 60
28 22 35 56
16 48 25 56
13 39 29 52
15 40 26 48
29 33 42 57
15 31 32 33
11 24 16 48
35 49 38 53
23 37 24 43
12 26 12 60
10 19 21 47
32 25 34 30
23 8 44 17
7 24 9 51
42 46 43 51
44 32 44 49
2 11 17 17
3 49 28 61
33 14 41 45
39 43 41 56
10 24 36 45
3 6 24 38
36 63 44 63
45 63 45 63
15 54 15 58
12 9 42 11
19 26 45 46
10 34 39 38
41 37 43 41
8 56 36 58
2 11 12 32
34 36 38 49
43 2 44 9
3 30 18 40
2 35 27 35
21 4 30 53
37 20 42 55
12 3 28 33
35 50 39 59
29 45 34 56
40 60 45 61
41 33 44 49
2 9 6 47
40 40 40 45
33 34 35 44
44 46 44 58
27 5 29 15
34 25 39 31
40 35 44 56
41 22 45 58
12 40 14 40
30 38 30 41
26 60 26 62
25 4 25 6
38 47 44 61
17 54 25 62
32 21 43 61
25 31 35 53
17 58 33 59
19 49 45 52
44 35 45 50
4 28 14 51
7 44 41 47
9 35 21 58
21 42 32 50
20 8 44 44
9 14 17 52
10 14 20 22
36 62 38 63
35 59 45 60
38 19 38 51
29 36 45 57
3 9 30 20
35 4 41 4
17 28 17 56
22 14 31 38
2 56 12 63
13 36 40 50
20 30 34 33
5 43 44 53
18 5 34 28
16 5 42 49
35 11 40 28
7 28 43 38
26 53 43 56
36 20 40 31
40 23 45 53
33 52 37 62
8 11 37 59
7 59 39 59
11 4 39 39
14 24 28 42
13 13 39 22
4 4 26 25
44 10 45 54
15 35 22 35
28 5 29 32
42 21 42 46
18 39 35 40
27 45 36 52
24 38 33 61
1 14 45 42
41 44 45 52
18 52 22 56
37 23 42 51
20 46 35 49
33 23 44 24
28 38 28 50
1 46 43 58
39 53 40 61
32 11 36 47
21 24 31 51
29 9 34 35
10 45 15 60
12 47 35 58
27 31 36 59
8 45 22 56
44 48 45 55
42 38 42 40
1 26 43 36
34 9 45 17
10 17 44 24
6 9 16 39
12 34 33 44
37 45 43 53
23 61 32 61
43 53 44 62
13 52 31 57
36 61 40 62
33 25 43 56
39 47 39 53
33 38 33 49
16 12 27 39
12 52 34 63
15 55 43 56
42 5 42 12
23 7 32 48
39 8 45 50
25 11 37 63
5 11 26 61
14 2 20 35
6 21 28 41
33 6 40 57
22 2 27 48
14 18 44 41
9 52 19 56
9 38 35 40
40 3 45 14
45 56 45 60
37 63 39 63
13 17 23 17
33 60 37 62
28 60 45 63
30 37 33 61
41 37 44 51
15 24 42 63
34 40 42 61
24 47 40 62
2 1 14 20
15 3 24 43
4 5 9 18
22 54 39 58
27 19 30 57
19 40 19 50
17 3 18 35
29 8 34 13
3 28 39 34
40 35 40 62
11 54 17 61
24 59 32 59
11 39 26 52
35 43 45 57
12 14 45 48
36 16 44 52
6 52 13 61
7 1 31 56
3 60 24 63
16 11 44 63
38 38 45 58
43 59 43 60
31 16 32 38
24 5 27 60
30 5 31 59
23 30 41 55
26 28 45 48
38 34 43 47
20 29 30 49
42 2 42 43
15 60 19 60
11 43 36 47
5 53 31 55
12 2 44 23
10 15 18 61
10 52 13 52
39 57 44 59
44 27 44 42
37 22 45 32
24 13 44 36
37 41 37 62
39 1 40 24
30 27 42 37
16 36 39 44
11 33 39 35
31 15 38 56
21 45 24 60
19 8 45 44
45 6 45 63
20 54 31 54
21 58 32 60
34 62 44 62
8 43 15 61
30 59 37 61
2 52 40 60
44 20 44 53
38 9 39 20
25 49 42 53
40 34 41 38
8 6 8 54
27 42 28 49
41 12 45 31
29 30 31 52
22 8 36 31
24 19 36 44
32 56 38 58
15 36 29 63
30 34 32 54
40 49 43 63
11 10 16 26
35 39 44 41
16 31 29 51
29 13 44 26
3 13 7 19
4 25 4 55
14 50 23 51
8 39 23 51
9 50 31 53
24 12 39 43
7 61 25 63
5 6 8 44
38 39 39 57
9 43 10 57
20 8 25 58
8 6 37 50
15 22 38 34
31 16 37 54
29 35 40 49
21 56 25 56
40 26 40 41
7 18 35 36
7 55 26 55
43 19 44 45
32 38 37 61
3 44 20 45
16 10 24 34
2 7 35 9
1 58 30 60
15 47 28 48
30 26 38 50
23 27 34 37
36 54 44 60
14 63 20 63
34 52 44 57
3 58 14 59
34 22 39 45
25 39 29 60
44 46 44 55
7 23 13 59
36 57 41 61
5 55 39 58
9 16 31 39
36 4 37 24
31 32 39 39
33 28 35 57
41 56 41 60
45 38 45 54
39 22 42 58
5 41 43 58
39 44 40 58
2 12 44 55
12 31 16 56
29 47 30 63
13 36 33 47
5 32 13 33
32 25 36 52
18 3 31 63
9 20 42 46
25 11 36 13
21 34 41 53
27 15 30 46
13 48 21 52
11 51 39 58
19 3 24 37
38 27 39 27
23 50 40 61
9 62 28 62
2 33 15 40
9 54 30 58
44 12 45 34
45 53 45 58
2 10 14 31
17 1 38 55
22 58 26 60
40 16 41 38
22 44 29 60
20 63 38 63
22 49 25 59
21 8 30 37
2 28 44 37
44 9 44 37
34 54 37 62
41 13 42 17
29 51 38 61
29 19 43 31
38 60 41 62
14 15 23 61
44 37 45 61
11 29 15 62
4 40 44 43
21 53 38 60
33 25 45 25
29 9 41 17
43 25 43 31
31 63 36 63
33 19 42 34
13 21 39 55
14 50 14 50
17 7 36 18
28 30 35 37
12 26 12 59
36 24 43 59
41 42 43 55
2 19 17 43
36 57 40 61
14 48 20 49
38 36 39 52
13 51 31 57
32 18 45 45
26 12 42 20
5 16 27 42
31 27 34 35
34 59 38 63
44 62 44 62
11 29 32 45
21 12 34 28
5 57 18 60
6 44 38 49
42 37 42 51
14 48 18 60
19 55 42 59
28 20 42 21
34 24 44 28
44 39 44 59
39 62 41 63
14 51 34 59
36 40 38 47
30 34 39 39
42 35 42 46
29 40 39 56
21 58 35 61
11 51 40 56
35 8 35 33
45 61 45 61
24 22 27 36
10 22 39 24
44 55 45 60
14 14 33 29
39 25 41 38
20 42 39 51
8 22 22 45
17 37 42 38
15 21 16 50
28 11 37 15
28 4 35 41
14 21 35 29
13 43 38 53
8 50 39 58
6 18 36 40
41 24 45 48
31 54 44 63
29 24 35 24
4 62 14 63
17 41 22 61
5 63 11 63
2 10 22 23
11 49 11 56
6 4 32 48
7 24 32 50
40 46 41 54
39 43 41 58
42 37 44 53
12 18 44 42
23 30 45 32
20 28 35 59
26 53 44 58
17 7 27 63
8 46 12 54
42 19 43 57
15 5 18 45
39 56 44 56
15 20 26 34
22 36 43 50
33 1 37 9
36 46 45 51
41 1 43 21
32 17 44 29
16 40 22 63
1 12 9 16
28 42 41 53
19 47 45 53
23 36 24 59
31 46 38 57
16 34 21 53
30 1 41 56
17 34 23 34
14 54 27 57
15 38 36 42
8 22 12 53
29 2 33 54
22 52 40 57
20 26 30 50
30 6 44 35
5 19 8 24
34 63 39 63
26 38 28 58
22 10 35 60
25 52 34 58
12 22 41 43
36 46 41 62
25 53 35 55
28 61 41 63
14 1 25 49
37 58 42 63
39 10 41 24
28 11 41 19
32 47 35 62
28 22 45 60
16 51 26 51
26 8 37 24
41 19 43 32
22 43 23 53
43 56 45 58
3 51 45 61
33 28 35 45
22 5 24 16
16 54 45 62
22 4 32 61
27 29 32 36
33 6 39 31
23 1 30 62
22 60 33 60
13 11 33 24
11 50 21 61
15 11 31 42
32 6 38 56
2 41 21 44
23 46 45 50
23 11 23 27
31 46 42 53
33 52 34 63
5 7 23 60
22 14 28 17
2 7 35 28
7 23 16 26
44 53 45 60
35 37 40 47
26 3 28 22
44 2 44 60
4 33 6 52
43 13 43 58
34 31 36 32
24 17 44 29
7 22 8 43
2 17 11 45
25 37 40 55
19 30 25 36
27 29 36 37
32 60 33 61
17 36 18 43
27 59 30 61
1 57 30 57
6 57 33 63
25 41 31 62
20 25 24 34
40 40 40 58
25 43 41 48
27 32 43 50
42 7 44 52
4 11 6 40
1 35 12 50
5 17 30 48
41 33 45 43
30 34 30 59
28 5 42 47
12 28 25 47
3 47 14 63
25 42 28 62
42 15 43 44
2 2 40 18
39 41 43 48
7 47 25 61
43 16 43 53
5 55 11 62
19 51 42 57
31 43 45 57
30 52 43 59
26 29 37 44
34 16 45 36
12 1 23 56
32 27 38 58
7 42 8 48
26 34 44 63
31 38 33 50
44 12 44 51
25 9 25 53
45 44 45 60
25 63 27 63
9 18 14 47
45 52 45 53
44 16 44 26
20 61 24 63
20 3 37 19
23 15 31 59
33 60 41 62
39 30 41 49
11 21 14 21
4 20 23 34
3 31 24 47
43 20 44 21
42 44 42 44
29 14 42 60
15 63 34 63
16 38 16 40
4 32 42 58
38 51 38 54
1 54 1 60
22 45 38 49
21 8 33 8
5 2 43 55
45 27 45 35
37 38 43 61
27 42 30 63
39 36 45 58
13 46 16 63
10 48 38 57
13 20 13 57
17 40 37 60
7 56 15 59
25 59 29 63
8 27 40 53
23 28 40 39
2 46 41 55
6 60 29 61
39 8 42 51
28 2 33 36
28 1 43 20
25 61 33 63
31 43 36 56
39 4 43 50
7 1 18 51
27 59 29 62
44 29 45 44
39 49 43 54
11 62 11 62
9 49 26 60
43 54 45 62
8 25 35 53
8 2 44 11
11 54 22 62
10 32 31 36
20 10 30 20
24 1 41 59
18 5 39 56
16 3 20 16
45 11 45 47
13 40 25 57
27 24 34 56
19 37 19 52
39 41 40 57
21 39 23 58
43 49 44 51
43 31 43 45
44 34 44 58
4 31 37 38
4 33 7 55
30 38 40 44
3 41 19 52
33 42 41 51
38 49 42 63
36 27 45 61
15 14 35 55
19 6 37 19
35 59 42 61
11 30 20 34
32 1 44 40
4 28 24 30
40 21 41 22
31 13 45 18
9 9 21 39
7 37 21 63
30 58 38 60
29 31 43 39
17 57 24 60
43 3 44 33
2 35 43 54
28 29 45 57
23 20 43 29
37 24 39 45
38 37 44 59
32 38 37 63
15 20 34 48
36 19 42 30
11 18 30 61
36 5 38 28
39 30 45 36
32 22 38 57
27 55 35 56
7 17 13 27
13 33 45 44
14 34 18 53
12 28 45 34
40 33 45 33
12 14 29 51
5 25 15 53
41 16 41 63
23 30 36 38
30 56 42 58
10 52 38 55
10 19 33 20
17 34 33 60
29 16 34 63
3 12 41 18
14 33 41 41
30 39 34 59
40 2 43 2
42 22 42 38
29 33 42 56
34 2 41 8
7 61 38 61
14 62 18 63
12 59 21 60
36 13 36 23
7 15 9 57
2 22 4 49
9 61 42 63
41 18 44 18
12 34 38 57
40 53 45 57
11 54 25 58
21 5 29 15
18 12 44 21
1 19 2 28
9 8 45 8
30 13 42 28
24 14 27 34
29 3 36 46
5 15 8 62
4 38 25 41
20 25 32 38
43 15 45 62
19 25 44 48
44 62 45 62
13 47 31 62
36 43 43 48
1 39 15 55
10 40 10 49
10 21 29 40
35 55 39 55
41 30 42 48
26 2 35 24
12 48 32 48
14 59 24 60
11 34 17 58
41 46 43 58
7 24 40 52
1 62 1 63
30 5 36 25
8 20 43 40
13 46 19 59
3 57 35 57
2 24 9 24
8 53 26 53
8 14 33 62
38 10 40 58
11 44 25 58
17 35 26 51
40 46 45 56
44 2 44 33
16 32 32 53
45 29 45 29
33 48 33 58
39 19 39 37
10 46 36 58
13 47 43 56
41 7 41 33
36 19 44 50
1 29 25 31
27 15 35 41
39 41 43 48
19 60 20 62
16 9 17 36
30 57 38 57
23 42 37 49
32 58 35 62
4 44 34 51
29 20 32 40
35 33 38 58
41 9 45 18
38 38 42 63
38 23 38 36
6 23 42 61
13 38 39 57
15 28 42 35
10 57 24 61
24 17 42 19
22 25 37 46
13 1 45 59
24 16 24 40
8 48 13 51
36 38 40 59
43 13 43 62
26 34 39 54
34 49 43 51
18 45 24 50
7 40 43 43
26 62 42 62
20 18 44 32
9 35 22 35
22 39 31 57
9 31 41 33
4 28 8 53
28 9 35 22
26 40 26 55
2 46 40 46
19 25 38 55
31 28 31 30
34 56 37 61
19 38 31 45
12 12 15 32
5 35 31 48
22 9 35 10
5 38 31 40
19 35 43 46
19 39 31 50
41 22 43 33
24 10 41 13
32 29 34 61
42 13 42 17
10 21 12 55
13 40 30 45
40 52 43 63
1 33 10 50
24 39 26 56
40 30 42 49
19 31 35 33
36 19 44 48
28 45 28 51
37 9 41 10
21 21 34 43
17 25 45 58
41 39 45 47
9 6 21 50
25 47 39 60
40 31 40 42
21 1 24 15
35 37 44 53
21 49 33 49
31 35 41 36
33 48 35 60
8 45 27 63
39 15 40 54
25 21 42 27
13 18 40 57
3 44 9 44
1 24 13 49
2 38 27 53
11 39 17 40
1 2 22 40
32 41 35 60
42 24 43 35
6 28 23 45
10 8 15 22
7 5 36 63
24 26 45 63
43 34 43 35
37 24 38 58
17 50 32 60
12 3 40 27
11 45 42 60
21 32 37 57
3 30 3 59
10 17 42 21
24 25 26 41
43 24 44 50
25 3 30 61
23 15 44 55
14 54 24 55
30 19 45 30
25 17 33 61
32 30 36 44
6 36 19 43
19 37 26 63
36 23 44 24
44 37 45 43
22 57 35 58
19 62 36 62
22 62 25 63
12 51 24 52
12 56 42 63
9 48 15 54
4 51 9 62
29 33 31 60
6 38 37 55
41 28 45 47
21 40 34 58
33 59 35 61
30 43 32 43
21 55 25 60
38 38 41 48
23 34 23 55
43 33 43 43
30 51 34 62
39 40 39 54
24 33 32 42
37 1 40 3
8 20 45 39
14 3 40 19
36 22 38 52
26 50 44 58
15 21 39 55
15 41 15 43
6 12 32 62
22 56 34 62
44 42 45 45
12 59 39 59
36 62 39 63
17 58 17 62
28 61 28 61
26 11 33 13
8 31 24 37
4 29 14 60
11 55 13 60
44 33 44 54
44 53 45 59
25 6 37 39
10 29 12 29
20 33 39 48
25 17 27 36
16 62 40 62
36 50 44 53
5 56 43 60
12 24 12 27
25 27 33 47
33 41 45 58
28 54 37 60
30 14 35 53
20 55 24 57
19 12 38 27
23 16 28 29
14 16 23 58
32 37 45 54
29 40 37 56
15 31 36 53
13 16 19 30
16 43 28 44
40 56 43 58
45 55 45 58
13 26 20 53
13 60 28 61
19 37 26 62
34 7 38 30
44 63 45 63
14 62 19 62
40 54 45 59
13 6 26 20
38 58 42 62
31 8 35 19
22 52 40 61
35 63 36 63
6 43 23 43
26 34 35 51
36 36 41 45
9 15 27 15
19 63 26 63
9 49 24 63
44 37 44 41
41 18 42 59
39 39 45 39
33 23 33 44
41 11 45 13
40 18 41 58
38 6 42 7
44 32 44 60
32 3 36 4
12 28 21 54
43 29 44 60
1 10 25 29
2 58 4 62
30 29 31 61
42 23 45 56
19 14 24 48
23 16 28 51
44 36 45 63
43 14 44 32
25 13 32 47
20 31 41 58
6 49 7 56
25 40 42 58
6 40 25 42
37 26 41 29
12 13 39 42
1 11 10 49
38 10 40 20
16 61 20 61
42 16 42 36
34 40 41 49
33 4 41 30
24 40 32 57
13 29 37 41
27 14 30 38
19 22 20 55
13 60 45 60
43 41 44 61
22 52 25 61
18 35 38 59
28 37 38 54
18 2 31 54
15 22 39 52
40 13 44 24
37 62 41 63
20 19 28 60
18 29 41 59
9 44 42 52
17 12 33 27
23 36 41 61
16 42 18 59
5 33 17 35
38 6 40 34
19 55 33 60
1 53 19 54
44 25 44 62
29 24 37 62
32 1 33 23
35 44 45 44
16 3 35 40
3 25 21 58
13 20 28 34
27 4 43 17
42 16 42 34
3 36 16 43
4 39 32 56
25 1 42 19
27 39 32 62
11 53 45 59
35 54 40 62
42 9 44 14
43 35 45 54
41 2 41 26
28 48 41 57
39 57 39 61
11 45 20 50
3 30 36 48
4 52 4 52
11 40 42 61
38 1 39 8
26 57 37 63
6 2 41 22
35 24 39 54
17 1 35 53
36 53 44 61
5 46 36 51
16 44 25 45
19 33 40 48
23 54 32 63
22 21 27 53
29 50 30 54
8 20 24 27
33 7 42 9
43 36 45 40
6 38 25 50
20 21 42 59
40 28 42 57
10 31 35 41
32 34 37 42
21 27 41 38
8 30 35 41
15 12 32 61
43 42 43 46
40 6 44 25
5 58 41 61
17 10 18 45
31 34 37 43
1 12 44 27
17 11 22 63
10 39 39 54
19 4 37 16
28 35 37 50
41 49 43 49
41 59 41 63
42 23 45 30
42 20 43 41
33 24 39 56
4 12 8 60
32 37 37 54
14 26 26 34
26 40 41 52
6 21 25 53
23 11 23 25
23 3 37 16
10 33 17 43
6 60 32 62
1 53 24 62
9 47 26 48
24 12 38 62
9 57 39 60
26 10 26 29
21 18 37 48
36 29 36 50
19 25 23 54
11 50 34 54
7 1 11 43
28 63 35 63
40 39 41 62
1 6 19 41
4 48 28 50
12 57 42 59
22 47 25 53
41 37 42 47
25 38 25 43
35 50 42 55
36 43 43 44
21 20 39 32
11 62 15 63
22 53 38 60
38 35 45 41
3 42 18 58
6 36 36 43
31 32 34 61
12 54 41 58
29 8 37 26
11 29 38 43
32 17 41 19
30 63 40 63
15 31 19 41
12 40 25 47
21 1 40 26
24 40 25 49
22 1 42 40
28 25 39 57
16 49 38 62
26 25 34 49
12 4 42 43
38 34 45 45
29 4 30 53
20 37 27 55
34 31 43 45
29 15 32 60
23 19 43 54
17 13 24 14
40 21 42 22
22 47 24 63
44 20 45 51
39 17 40 46
15 19 19 25
24 11 34 21
34 5 36 25
18 61 32 63
42 58 45 58
3 46 34 61
34 17 42 38
5 53 15 58
2 1 29 22
38 63 42 63
19 50 41 53
38 28 44 34
8 37 27 46
8 62 43 63
2 25 40 25
33 25 44 44
24 16 31 45
25 3 30 54
42 61 44 62
31 7 33 7
30 13 33 53
34 63 42 63
8 60 34 60
36 21 43 43
36 4 42 51
40 19 42 32
33 15 34 30
10 39 30 55
11 27 40 44
30 48 38 62
4 21 22 63
37 36 44 45
15 2 41 16
24 61 38 63
40 43 44 44
41 42 43 45
14 60 26 63
9 53 32 55
30 59 42 60
24 7 28 57
24 47 45 54
15 36 29 50
33 40 36 56
45 41 45 59
11 52 29 52
18 33 33 57
27 32 41 32
39 8 42 14
26 44 36 48
26 53 26 61
11 13 32 34
44 21 45 32
9 44 44 47
19 11 30 28
36 56 42 63
2 12 11 44
10 40 30 55
28 20 31 58
43 46 43 49
37 55 43 56
25 36 43 38
32 46 34 63
12 43 36 58
26 12 38 12
10 41 15 44
38 54 44 62
13 21 21 56
6 23 7 39
3 46 45 49
35 13 38 39
37 38 41 53
30 26 32 37
12 25 20 43
9 50 17 63
12 3 28 60
3 24 7 50
37 4 39 29
19 28 22 57
44 42 45 42
36 17 40 54
42 13 44 31
28 28 40 43
35 31 40 60
18 39 35 44
31 59 43 61
39 46 42 62
34 49 34 55
7 38 22 46
3 34 35 47
16 25 21 55
36 53 37 55
5 44 8 60
42 1 42 57
23 45 45 63
43 22 43 46
26 44 39 46
30 42 34 60
32 8 44 28
42 45 45 45
6 25 35 47
36 32 42 46
34 6 35 28
16 18 19 24
37 29 40 54
19 39 30 53
45 16 45 52
38 15 39 37
22 50 42 58
12 35 31 61
3 2 18 62
2 33 44 35
7 37 18 57
39 14 40 52
3 48 9 61
14 1 40 2
10 7 20 60
11 2 30 8
31 29 39 43
33 53 45 60
28 45 33 51
27 47 44 49
13 59 33 63
15 39 44 57
10 47 10 49
20 54 32 55
39 20 43 53
19 8 20 42
43 42 43 55
23 43 32 54
13 3 42 20
9 7 29 42
44 29 44 39
38 59 41 60
41 15 44 45
32 25 43 54
1 23 1 41
15 53 28 58
2 58 23 59
27 52 29 54
19 57 24 59
3 35 37 54
35 57 40 60
6 51 34 62
7 39 42 57
6 20 41 22
12 3 16 8
19 54 28 57
10 2 14 14
43 58 45 63
36 62 41 62
43 15 45 28
21 54 23 57
28 21 45 56
23 56 32 62
28 38 37 47
43 6 45 22
36 62 40 62
3 12 35 15
14 50 20 54
18 61 25 62
30 53 43 60
26 3 41 25
12 17 39 31
6 49 38 63
22 35 38 47
44 29 45 52
37 48 45 54
17 21 17 44
12 54 39 57
35 41 36 48
7 16 44 30
22 32 31 36
33 21 33 22
39 52 44 55
36 1 39 12
30 11 35 63
2 44 14 53
27 48 35 53
5 26 12 42
41 30 42 35
37 23 38 55
16 22 33 37
21 20 43 38
25 18 45 42
33 16 33 40
44 9 44 10
3 48 36 51
36 55 38 62
23 22 38 27
45 7 45 51
35 50 40 50
41 63 41 63
39 38 39 60
27 3 32 56
29 26 34 55
31 53 44 61
18 6 31 61
15 44 27 62
3 23 29 29
35 35 41 38
40 41 42 61
7 61 28 63
29 59 39 60
45 30 45 45
27 47 39 54
25 36 27 50
26 10 28 37
33 27 44 37
11 18 44 40
1 16 34 30
32 2 39 28
22 57 32 60
23 15 24 53
7 39 18 63
34 51 40 60
24 56 45 60
10 61 14 63
30 46 43 48
43 39 45 54
15 6 26 16
21 22 28 33
22 14 28 25
35 20 39 34
8 22 31 34
36 56 38 61
9 63 44 63
33 47 45 57
33 55 43 62
37 52 39 61
23 19 37 52
13 14 37 44
38 18 42 44
14 27 22 62
24 16 24 63
18 5 26 22
23 59 32 63
44 40 44 48
41 36 45 61
29 52 34 59
21 14 44 63
38 20 39 55
18 44 23 44
8 17 15 44
42 57 42 62
11 57 19 60
11 21 20 43
38 51 42 53
37 63 40 63
31 23 38 61
37 15 37 37
11 52 29 57
39 10 44 12
11 59 31 60
42 45 42 54
27 10 33 52
45 25 45 53
30 29 39 45
29 45 36 48
23 32 32 60
7 32 29 54
12 59 21 62
6 45 33 56
42 24 45 57
29 17 43 46
9 4 11 9
3 14 39 38
15 2 22 36
16 18 16 25
33 46 34 51
15 12 15 13
32 12 45 53
21 53 33 61
23 30 28 62
25 41 34 49
30 40 43 61
37 61 43 63
28 63 45 63
15 42 35 63
34 23 44 39
14 39 39 59
19 32 23 60
14 55 22 55
20 56 24 59
28 47 40 57
34 45 38 54
24 21 40 28
33 14 38 35
45 47 45 56
30 9 45 31
29 6 33 18
11 54 23 58
13 47 25 52
18 24 38 56
30 42 43 55
29 58 35 62
8 10 28 11
6 36 17 55
31 51 32 60
10 6 20 17
16 57 35 62
37 17 39 43
24 55 40 56
14 20 24 39
21 44 30 46
11 22 43 47
22 43 43 48
42 59 43 59
20 54 39 59
2 19 8 59
31 4 44 20
43 56 43 61
13 56 16 60
9 38 26 38
12 49 15 62
10 32 33 32
10 13 24 52
7 33 30 44
26 35 34 40
1 45 16 46
39 39 39 40
3 16 12 36
16 20 16 62
9 39 21 60
26 13 39 29
24 5 31 21
20 7 28 26
35 9 38 44
14 23 32 39
41 19 43 27
20 22 24 47
11 49 26 52
14 48 37 49
21 63 28 63
15 42 38 49
2 15 6 30
23 19 36 35
45 21 45 39
14 12 14 57
6 43 30 47
19 44 23 44
27 14 27 33
4 49 37 50
4 23 21 28
39 48 44 58
4 61 36 63
6 45 40 55
44 35 44 52
8 16 33 32
42 52 42 54
13 33 24 53
20 52 20 61
32 46 45 48
3 37 9 57
17 35 32 37
33 14 34 61
3 37 9 47
18 59 37 59
9 1 43 47
2 32 42 63
10 34 34 56
14 53 44 54
1 1 12 36
1 43 18 56
41 14 45 35
30 36 42 38
7 36 22 42
3 29 17 30
11 62 42 63
30 2 41 39
12 60 42 63
41 60 44 62
31 31 31 45
17 18 24 31
8 48 8 48
38 33 43 49
30 19 31 54
37 17 40 63
12 12 31 54
12 45 14 51
42 2 45 18
45 57 45 61
3 11 16 51
29 50 35 59
43 4 45 61
40 10 43 52
17 34 34 61
27 25 33 59
21 39 22 62
41 6 43 63
3 52 32 52
35 24 44 44
22 3 40 50
42 38 44 58
26 24 40 62
35 27 44 56
14 41 26 57
25 35 43 45
18 46 21 49
7 58 29 62
7 13 25 57
26 12 42 14
10 32 22 45
19 37 40 57
2 3 17 22
32 40 42 56
30 57 38 63
21 26 33 34
28 21 38 62
25 8 27 60
25 21 33 55
15 11 38 38
12 24 34 44
20 10 31 61
15 1 21 19
35 6 42 7
21 11 21 55
27 54 31 62
23 38 40 61
29 26 42 46
17 63 17 63
8 27 21 58
11 10 23 42
34 14 42 33
20 13 20 40
31 36 35 44
39 15 42 18
29 42 33 58
41 59 43 61
21 18 25 18
24 51 39 58
45 28 45 54
29 13 36 49
9 55 28 60
41 22 44 49
28 39 40 61
24 12 29 21
32 15 35 44
3 18 22 45
41 9 41 23
9 63 29 63
35 23 39 40
12 5 38 60
45 39 45 61
10 13 22 43
14 13 23 45
35 50 39 56
10 8 42 53
19 15 42 63
2 42 18 55
17 20 23 49
34 52 45 54
30 14 33 22
37 40 37 42
18 34 25 52
41 41 44 44
16 44 24 55
30 49 39 57
42 53 43 62
36 36 44 44
17 23 20 41
14 50 32 52
27 27 34 50
1 15 33 35
42 58 42 63
29 17 44 42
43 30 44 54
45 10 45 49
41 1 42 5
32 14 38 58
43 22 44 27
38 56 38 56
2 62 14 62
11 22 33 39
24 3 41 22
12 41 37 56
1 13 2 43
2 17 23 46
5 7 20 28
20 29 25 42
22 33 31 37
33 31 42 56
43 18 44 57
16 57 21 63
35 13 38 53
30 12 37 42
44 18 44 60
34 32 35 43
11 42 22 50
32 62 45 62
36 14 36 23
11 49 21 61
45 52 45 63
39 23 39 59
14 29 36 51
20 2 20 34
2 7 37 59
41 45 41 60
44 52 45 58
4 24 16 27
2 5 26 52
18 13 43 20
42 50 44 57
6 52 37 59
42 7 42 30
23 12 28 29
6 42 24 53
25 7 31 52
41 39 41 57
31 52 45 59
15 63 43 63
22 45 36 58
31 17 31 63
13 58 22 59
42 10 43 14
39 2 44 53
23 62 35 62
16 47 16 52
26 15 34 39
7 26 44 46
31 29 41 60
20 6 22 34
8 51 37 55
17 32 25 35
41 35 42 63
21 36 22 37
5 62 44 62
10 36 34 44
15 43 42 56
14 36 32 59
34 36 35 36
15 43 42 52
6 31 35 34
41 35 43 53
45 9 45 16
11 16 45 41
8 13 16 34
9 9 41 27
37 46 45 59
12 37 25 42
1 38 27 58
12 30 27 43
45 34 45 60
20 55 26 58
11 41 26 53
15 8 15 52
37 36 39 52
1 4 25 17
32 31 39 60
18 20 23 49
43 2 44 61
25 26 30 38
4 22 16 29
29 18 36 58
16 15 39 15
24 36 32 46
21 27 30 58
15 29 34 42
1 31 43 42
24 39 25 48
13 39 21 58
38 33 41 36
14 15 29 57
43 25 44 35
35 34 42 45
21 12 31 28
5 35 27 35
19 51 26 54
36 5 40 56
11 59 15 62
22 17 35 39
6 18 31 53
13 21 39 55
27 44 31 56
24 38 43 43
15 17 39 32
18 44 29 56
5 40 23 53
37 16 37 20
21 29 36 62
29 4 37 48
23 9 30 16
28 24 44 25
17 22 19 47
3 49 33 50
33 18 43 27
25 29 41 29
31 40 44 45
33 32 33 33
29 18 36 41
13 31 25 37
17 60 43 60
9 22 30 39
31 40 40 41
8 39 17 43
25 3 40 18
42 25 42 55
21 54 24 54
15 32 28 50
3 44 11 55
11 35 40 42
27 35 45 45
24 38 38 49
4 61 18 62
7 23 13 28
11 40 14 50
8 34 13 56
16 15 44 53
45 42 45 56
14 29 27 53
24 15 30 20
32 10 37 14
3 8 31 49
37 62 37 62
5 49 12 59
41 17 43 53
28 52 44 60
34 1 45 19
17 34 31 62
11 36 24 57
26 40 41 59
9 35 15 47
21 36 35 60
33 35 44 44
12 52 18 63
39 55 44 57
32 21 35 42
3 6 11 57
25 23 36 59
6 60 19 60
30 2 35 38
9 55 29 56
10 10 10 49
5 31 31 49
31 63 40 63
31 52 45 62
19 26 20 50
40 10 45 25
1 13 2 27
30 38 34 62
32 35 39 41
3 19 23 26
38 57 44 60
15 52 36 56
30 3 34 15
6 59 10 62
44 45 45 46
20 31 43 36
20 45 40 50
12 31 17 57
20 56 28 60
10 1 43 22
3 54 3 59
17 30 29 38
35 61 42 61
37 31 45 53
3 13 36 24
31 9 36 18
15 48 24 59
41 9 43 47
39 29 40 45
1 8 39 61
26 62 32 62
21 48 32 61
38 53 38 54
8 10 16 23
3 23 32 23
26 62 42 63
25 62 43 62
1 31 22 47
40 52 44 58
45 40 45 52
45 30 45 39
18 25 40 51
33 31 36 36
20 42 26 61
13 19 45 61
27 9 40 22
21 13 22 28
31 11 33 45
8 29 30 52
6 41 28 51
8 44 35 61
41 16 42 35
20 48 22 51
31 14 41 61
8 43 39 53
28 6 28 25
40 25 42 54
32 7 39 31
30 3 30 56
25 19 27 38
6 57 22 61
19 41 23 47
10 13 29 53
31 19 42 26
29 61 30 62
13 56 44 57
4 22 31 43
27 56 33 57
19 56 24 56
35 3 45 5
19 38 45 62
9 16 22 44
43 24 45 30
14 5 31 18
8 56 16 59
1 27 44 27
35 17 37 52
24 23 36 48
38 43 43 53
3 36 6 53
6 15 8 18
34 20 36 27
8 63 45 63
38 10 45 61
14 42 18 55
35 24 39 61
35 22 44 44
22 13 22 35
33 29 33 41
1 26 16 52
11 49 35 58
8 59 8 63
21 30 41 46
34 33 45 39
8 58 9 63
40 23 45 56
30 11 42 28
27 45 39 53
16 6 37 58
26 34 36 44
45 31 45 52
39 55 43 63
22 11 40 40
30 58 36 62
20 6 24 14
29 47 43 62
37 52 39 63
36 34 40 41
4 2 30 13
11 45 36 62
11 54 16 56
21 10 37 28
45 27 45 46
1 52 16 53
12 46 24 49
26 51 43 57
19 48 41 51
40 12 41 30
29 19 41 26
36 32 43 53
39 14 42 45
17 11 32 62
36 47 42 50
1 23 11 34
35 40 40 43
14 49 16 62
36 23 42 24
37 52 42 62
25 10 33 47
1 51 8 61
43 55 43 58
13 50 15 63
37 38 45 44
3 43 22 45
35 22 40 32
41 60 43 63
24 43 33 62
35 56 40 56
38 29 45 41
21 61 33 63
11 61 24 63
30 40 31 58
40 50 40 55
21 40 25 46
7 40 27 49
42 43 43 51
35 57 35 59
2 44 34 45
10 16 19 41
9 44 19 58
21 46 27 62
26 16 32 31
14 52 15 61
25 57 40 61
6 51 8 59
5 18 40 28
25 14 41 22
39 17 42 20
23 2 40 11
35 47 45 63
38 18 38 33
24 60 24 62
17 32 24 45
37 51 44 57
11 18 29 54
34 27 40 59
21 49 41 52
24 45 28 60
12 3 30 11
41 38 42 45
9 9 31 57
3 21 27 36
44 31 45 62
36 45 40 54
19 40 30 49
35 18 45 61
36 4 37 9
7 12 9 25
45 60 45 60
4 1 7 46
34 43 36 49
12 49 31 60
27 25 45 41
38 53 38 55
37 51 38 56
8 44 30 55
20 14 39 31
28 6 36 27
29 10 40 21
4 27 12 61
31 38 34 63
35 24 39 27
35 8 39 20
42 38 44 42
11 12 40 48
10 39 10 51
10 25 40 56
32 53 34 53
15 54 45 61
1 59 14 61
10 6 45 12
25 58 28 58
40 32 43 34
14 42 27 48
11 36 41 48
39 61 40 62
45 39 45 39
5 4 26 8
27 51 35 62
41 18 45 55
28 32 37 61
34 11 40 38
32 51 44 62
15 33 20 54
44 45 45 54
44 8 45 55
21 19 21 36
3 15 11 28
34 27 45 52
33 36 40 63
3 9 7 19
38 62 45 63
14 1 36 3
15 58 16 62
22 12 34 62
35 19 38 60
40 23 43 37
23 39 36 60
8 60 22 60
12 53 38 60
15 46 35 52
15 9 36 40
45 33 45 48
45 25 45 32
31 3 37 47
5 54 30 59
27 42 39 61
12 57 14 60
4 14 18 19
34 32 35 45
31 40 33 60
39 51 44 56
26 19 43 62
36 51 37 51
38 12 45 47
2 63 23 63
9 11 30 13
7 30 14 58
29 54 29 61
7 17 17 30
38 60 39 63
34 45 44 51
29 43 33 60
13 2 27 32
27 45 43 57
34 43 37 49
24 49 42 60
38 28 39 50
42 53 43 55
6 52 28 53
21 49 31 57
1 19 27 61
41 30 45 55
23 6 37 51
5 8 17 33
17 63 37 63
10 58 22 59
8 60 17 63
19 24 29 58
26 8 43 25
13 25 34 41
28 48 33 50
25 37 35 47
16 37 21 56
28 33 42 37
36 21 44 25
13 44 28 49
1 3 35 56
5 26 15 57
43 61 43 61
7 40 18 55
31 31 40 58
11 44 21 53
44 5 45 28
31 60 43 62
6 55 7 61
15 43 30 48
37 7 39 43
32 33 34 46
14 11 33 48
4 23 18 41
20 55 29 56
6 4 15 56
23 52 32 57
10 25 18 63
28 38 36 57
43 48 44 51
43 63 45 63
6 13 18 26
24 7 35 54
15 22 20 59
35 52 41 52
16 4 36 10
40 39 42 54
26 22 37 63
33 25 39 33
40 9 43 10
31 38 37 50
9 29 10 49
21 44 23 49
32 28 34 37
27 17 42 49
37 3 42 39
4 16 18 43
42 32 43 46
32 38 45 50
43 17 44 44
9 25 27 56
11 50 31 50
26 49 45 53
7 31 13 52
20 37 28 44
35 3 36 62
10 1 13 3
19 4 42 32
13 51 31 62
9 46 35 46
32 33 43 37
10 9 41 10
32 3 36 49
32 37 32 61
37 53 42 62
9 15 34 57
17 29 34 44
23 27 44 34
41 6 44 60
10 57 27 62
7 18 10 46
35 53 35 62
43 12 43 46
29 28 35 29
29 31 39 60
26 23 36 40
35 29 45 32
4 52 25 56
20 2 30 49
26 61 42 62
23 54 41 57
32 60 41 60
13 35 30 56
14 51 15 63
33 4 35 34
12 3 12 52
43 16 45 34
5 11 25 27
4 8 14 37
7 54 24 60
16 43 36 46
34 44 37 63
26 56 38 62
16 52 26 52
27 59 38 60
2 14 2 16
41 12 45 58
43 24 43 61
13 46 27 62
28 54 39 60
33 35 38 49
40 56 43 58
19 54 39 54
15 8 18 56
34 16 42 33
23 5 39 44
6 51 36 56
12 27 18 62
11 27 40 33
36 46 42 55
33 31 45 47
44 8 44 22
7 22 30 27
39 30 45 31
19 54 20 55
44 47 44 58
36 50 36 50
17 44 41 61
34 15 37 21
40 24 42 60
35 44 38 54
21 24 42 28
11 24 26 48
11 59 11 61
4 53 10 54
34 47 35 52
21 60 27 61
26 16 38 52
24 44 24 57
5 26 18 30
10 32 23 63
20 7 38 42
23 56 23 61
10 21 31 63
45 2 45 44
26 60 45 61
12 34 35 40
44 44 45 53
39 60 39 63
6 18 35 52
1 24 5 54
18 19 43 45
1 61 39 63
5 4 28 52
40 38 43 59
1 56 33 62
16 62 35 63
13 47 15 60
10 50 40 55
6 24 30 39
28 46 41 47
31 8 40 35
25 38 26 54
42 61 45 63
25 2 43 13
42 51 45 57
16 32 17 58
45 4 45 17
42 51 43 62
44 43 45 62
25 1 26 41
13 37 27 39
5 37 24 50
3 50 44 59
32 49 35 56
4 51 33 53
12 51 29 62
34 20 42 42
21 12 32 44
16 55 16 57
33 15 34 59
10 42 39 43
18 38 28 62
29 13 36 62
30 6 42 10
6 31 8 39
27 2 29 38
3 11 42 15
9 17 23 37
6 21 25 58
10 56 23 58
27 33 41 60
1 16 10 19
22 52 30 62
14 25 37 61
19 29 31 61
18 28 36 38
25 16 30 35
42 12 44 18
7 46 16 60
6 24 14 55
20 38 41 54
30 47 42 61
9 47 38 49
9 33 32 33
25 24 25 61
10 23 21 28
34 58 39 62
30 62 39 62
28 48 37 51
6 20 7 43
21 62 25 63
20 23 38 29
16 43 37 47
34 21 42 52
37 7 43 30
32 32 45 35
2 32 14 55
5 62 11 62
21 55 43 62
27 55 38 62
20 22 22 30
18 2 41 37
36 16 40 30
19 63 42 63
26 16 33 45
6 23 29 41
35 32 42 32
28 13 32 52
8 36 14 44
43 7 45 15
44 4 44 30
15 1 39 53
22 42 23 63
26 14 28 38
3 51 8 55
10 37 19 47
21 43 37 60
14 17 42 29
24 42 39 48
13 9 26 56
40 34 44 37
12 15 29 61
12 15 12 22
7 22 9 23
7 29 19 63
29 60 38 63
25 9 30 40
37 43 38 51
27 30 36 33
36 56 40 58
43 45 45 49
23 49 23 59
23 23 43 28
1 11 33 35
34 40 42 63
19 2 35 15
42 63 44 63
44 22 44 62
20 41 20 46
24 48 30 59
22 58 30 61
37 50 42 54
19 55 38 58
40 12 43 25
21 30 30 53
9 52 16 58
22 27 33 34
15 10 25 24
5 31 31 39
5 9 10 27
35 9 38 61
27 52 39 53
14 43 29 52
35 4 39 46
32 19 33 30
42 59 42 63
2 18 30 57
38 58 44 59
41 21 44 48
45 43 45 52
34 60 39 62
38 20 38 51
12 8 36 42
17 48 45 55
18 41 19 60
14 37 22 52
1 61 6 63
42 11 45 55
26 29 36 29
39 31 42 61
37 45 37 49
19 43 19 48
41 60 42 62
16 47 34 53
36 7 36 31
45 18 45 52
15 58 17 59
11 2 26 58
39 43 40 51
30 54 41 63
15 36 39 40
14 35 30 48
7 23 28 49
20 14 20 49
25 55 40 62
35 27 44 32
37 7 39 59
30 29 44 45
33 10 44 60
27 61 41 62
36 48 36 48
43 5 44 5
7 44 24 48
19 62 25 63
8 59 30 63
33 54 43 61
45 35 45 48
43 35 45 39
8 4 21 30
25 19 36 45
45 41 45 54
31 8 44 38
1 51 25 53
45 50 45 54
33 7 41 56
19 49 42 52
25 51 40 59
26 60 36 63
24 12 26 23
20 3 41 50
24 9 28 49
15 61 37 61
41 33 45 34
19 12 39 47
28 46 43 62
1 44 45 49
37 28 38 38
42 50 42 63
41 25 41 62
40 18 44 51
6 29 38 60
44 33 45 47
24 62 37 62
32 32 41 55
35 42 44 46
18 57 34 57
18 15 23 44
32 22 42 48
8 39 31 40
11 8 39 60
25 3 32 42
34 41 40 42
17 33 26 33
41 20 43 20
27 50 33 58
29 30 33 37
3 52 34 61
10 19 45 51
6 61 21 62
44 22 45 50
12 30 18 44
36 43 37 49
13 37 18 45
10 7 31 18
37 46 41 50
13 12 24 63
42 51 45 58
22 55 25 55
33 40 41 62
26 40 45 44
28 46 34 47
29 49 45 62
35 38 40 43
35 38 40 55
18 12 19 25
23 56 30 63
7 1 35 12
22 34 42 34
11 63 40 63
2 43 37 57
25 24 40 63
23 2 39 35
20 6 35 7
4 3 38 15
33 21 38 55
41 36 45 57
12 1 20 38
11 9 21 53
36 51 41 62
13 23 44 39
21 8 37 39
28 16 35 42
14 36 32 62
31 30 31 44
13 48 21 54
44 54 44 62
32 34 43 36
16 17 29 33
33 60 35 61
42 53 44 63
19 9 33 45
37 45 42 49
39 1 41 34
14 39 42 47
42 48 45 56
40 54 40 59
26 9 34 35
27 1 45 21
31 10 32 37
41 15 43 41
4 3 40 62
4 11 14 20
1 9 31 45
42 30 43 56
25 60 40 63
35 26 39 30
40 21 40 49
41 28 41 54
17 60 24 60
6 63 45 63
24 50 26 59
6 44 12 53
22 36 43 41
11 10 17 39
26 51 40 59
31 12 34 18
16 28 16 39
28 29 37 47
35 26 41 29
24 39 24 52
45 49 45 60
6 15 44 19
11 44 32 56
42 51 42 54
14 57 39 60
2 61 40 61
41 23 42 46
34 17 43 47
25 43 45 54
1 12 7 57
8 49 12 59
38 38 45 63
2 30 35 59
12 44 23 55
14 44 31 55
12 11 45 59
19 39 36 49
17 57 42 61
42 41 44 51
36 16 41 60
22 45 31 62
33 8 37 23
14 11 20 34
7 20 28 21
20 36 38 47
37 34 37 36
26 40 29 46
31 48 37 56
21 5 26 37
41 18 45 53
35 10 35 25
22 13 32 13
14 44 31 52
45 29 45 31
21 35 29 38
36 46 37 50
14 60 20 61
41 25 43 33
44 19 45 59
23 6 25 56
33 35 43 40
32 55 43 63
7 46 26 59
16 16 37 61
6 5 29 54
4 35 40 54
44 45 44 57
13 53 13 56
17 5 30 52
9 40 12 52
17 45 34 58
31 8 38 61
18 5 29 53
17 19 27 58
17 57 20 57
18 29 34 36
24 27 33 41
31 43 39 47
6 2 41 5
19 3 20 21
41 26 41 45
22 27 27 46
18 51 43 51
42 30 44 53
18 61 29 63
3 3 41 48
13 51 44 55
18 35 44 59
36 51 44 56
32 35 45 35
15 27 39 42
19 6 35 46
5 39 8 54
4 9 34 20
40 55 40 59
23 63 35 63
36 35 44 40
8 63 11 63
31 46 32 54
15 16 15 19
20 5 35 56
10 6 28 38
13 52 20 57
9 14 33 33
27 3 29 37
42 22 45 48
19 50 35 51
26 6 42 47
19 24 43 56
22 29 36 62
27 25 32 37
25 56 43 57
16 47 25 58
29 47 44 52
30 39 34 46
29 37 45 44
41 3 41 48
30 60 31 61
7 51 21 59
4 1 9 12
10 58 33 59
20 42 45 61
12 39 12 60
4 43 7 58
29 13 31 45
12 5 31 11
35 33 41 60
3 22 33 62
37 57 44 63
29 12 42 12
33 31 45 63
43 12 45 62
18 27 25 32
1 1 42 53
5 13 43 34
15 52 24 56
14 15 14 49
9 40 9 58
36 29 45 60
41 31 41 42
27 37 27 63
39 3 41 55
9 15 37 60
34 45 34 58
41 2 42 53
41 4 45 50
30 59 37 59
40 54 43 59
34 4 37 35
44 23 44 59
26 11 28 37
16 43 26 57
24 50 29 51
1 9 37 39
39 45 39 48
7 14 28 52
33 34 35 62
23 38 29 63
17 22 35 32
34 36 41 46
41 51 41 51
33 61 42 63
28 4 36 20
27 35 44 38
24 3 29 39
14 59 39 59
15 31 16 41
4 33 5 61
3 32 31 48
11 51 14 53
18 62 39 63
44 6 44 54
14 11 40 22
39 11 40 47
43 38 45 51
32 31 42 58
11 27 24 57
14 8 42 46
5 32 40 48
17 1 24 12
37 27 40 31
33 62 35 62
20 12 44 36
28 25 29 26
30 5 45 32
23 51 31 53
38 51 43 62
32 49 40 59
30 49 36 55
39 26 43 60
24 1 41 59
38 32 40 54
6 52 43 52
32 62 34 63
5 52 30 61
3 36 6 59
41 35 45 36
1 61 2 61
35 29 39 62
14 41 39 42
8 26 13 44
1 53 44 63
31 20 42 27
44 21 44 51
40 13 41 27
14 26 44 43
7 25 44 38
9 42 40 58
44 44 45 57
40 3 42 35
23 3 35 15
36 28 42 62
36 28 45 46
15 50 18 58
27 35 36 43
33 54 34 57
14 16 30 19
29 49 30 52
44 6 45 13
11 16 24 18
19 58 44 63
32 56 38 63
3 1 10 63
21 17 36 23
36 61 36 62
21 12 45 41
26 60 27 61
39 9 42 23
20 56 21 57
19 17 23 22
31 60 36 60
12 6 22 26
27 60 29 60
34 60 45 62
16 6 38 54
8 43 11 63
7 62 36 62
40 19 44 58
20 59 34 59
24 22 42 56
12 48 18 62
30 22 41 23
44 40 45 48
44 51 44 63
15 5 33 26
23 63 43 63
42 59 44 61
45 57 45 60
11 20 16 49
6 35 43 55
21 16 24 50
10 55 32 59
20 11 22 56
24 27 27 29
26 3 37 24
4 3 28 59
32 48 40 54
36 47 45 50
7 24 32 61
10 35 18 44
32 21 39 40
6 55 16 62
8 16 8 31
3 11 16 30
18 18 28 20
5 54 21 63
1 52 38 61
20 46 28 58
23 29 34 30
28 63 31 63
24 44 26 56
6 28 21 61
40 38 40 51
24 60 24 61
34 48 44 63
38 63 42 63
43 41 43 63
6 9 40 50
14 29 21 37
15 33 38 62
35 20 44 35
43 2 43 24
1 43 15 44
28 33 34 44
44 19 45 52
22 25 28 28
1 63 18 63
22 1 28 54
38 44 39 61
24 5 40 33
42 59 45 62
27 18 31 18
33 60 34 60
34 32 42 37
9 40 15 58
3 9 20 22
27 35 37 62
37 43 37 61
33 23 45 26
18 11 22 23
17 37 32 47
34 50 39 61
39 23 42 30
36 1 45 45
24 12 27 44
18 11 31 46
36 44 36 45
6 51 11 56
16 27 22 42
11 34 27 46
19 14 31 55
35 2 45 43
29 5 38 7
19 26 33 48
15 43 32 54
32 51 35 56
13 42 38 60
31 49 41 49
40 49 42 50
27 39 36 43
20 32 21 40
9 8 38 42
4 48 43 57
14 39 26 63
20 7 29 53
33 56 44 61
31 51 45 53
30 11 35 47
33 60 38 63
39 45 44 55
16 40 24 48
25 52 41 60
36 32 45 46
41 31 42 54
15 59 41 63
32 3 41 33
42 60 45 61
18 24 24 52
36 11 37 19
18 8 43 10
17 22 30 58
24 7 28 42
17 61 40 63
3 25 42 31
25 8 41 51
36 4 37 43
32 5 36 56
15 41 37 53
15 60 34 63
12 24 43 60
12 50 44 63
9 11 17 17
19 46 23 47
