69 11 4048
...X......X
.....X.....
......XX...
..........X
......X....
...........
........X..
...........
...........
...........
......X....
....X.X....
X....X.X..X
X..........
..X...X....
......XX...
.X.....X...
....X......
....X......
.XX.X...X..
..X.X......
...X.......
X..XXX.....
.XSXXX....X
.....X..X..
...........
...........
...X.......
......X....
......X....
..X.......X
.......XX..
X..X...X...
X..X......X
..X....X..X
...X......X
X.X.XX...X.
....X......
...X......X
..X..X..X..
.XX...XX...
........X..
...........
...XX..XXX.
..X........
.........XX
...........
X..........
.X....XX...
.XXX..X.X..
.......X...
......X.X..
..X......X.
.X.........
..........X
...........
..X..XX....
...........
...........
X...X......
X......X...
.XX...X....
...........
...........
X...X......
X.X.....X..
.....X..X..
.X......X..
.........XX
66 10 69 11
23 8 56 8
43 8 55 10
16 8 63 10
17 1 23 5
40 1 59 7
65 10 66 10
47 3 56 3
19 1 37 9
68 11 69 11
22 1 40 5
8 4 46 5
39 4 67 9
60 4 69 5
50 9 60 10
30 3 56 8
30 9 35 11
16 9 25 11
30 1 36 2
32 9 63 10
3 10 53 11
16 1 45 9
61 2 67 8
15 6 58 7
35 8 36 11
21 9 32 10
22 7 69 7
46 3 65 5
27 1 32 5
55 6 63 9
68 10 68 10
57 11 63 11
51 8 63 8
20 3 66 5
53 2 57 5
11 10 46 10
13 9 24 10
4 11 34 11
66 6 67 8
11 7 66 9
65 3 65 11
27 9 64 9
51 10 55 11
38 11 60 11
29 2 42 2
13 9 26 10
38 3 38 3
46 2 46 2
50 10 69 10
18 1 56 1
28 8 67 10
65 11 65 11
2 11 52 11
22 7 60 9
54 9 69 9
55 2 64 5
60 7 66 11
10 11 27 11
2 4 64 4
66 10 68 10
36 7 48 9
31 1 39 9
34 2 49 10
19 3 61 8
15 4 23 5
5 10 15 11
63 10 69 10
51 2 64 9
13 3 38 11
27 9 33 11
66 7 68 9
43 8 48 10
4 4 13 6
18 8 54 10
18 5 48 7
30 11 30 11
11 6 67 8
19 8 36 9
50 4 64 5
25 5 26 9
31 5 68 6
34 1 46 9
53 9 53 11
58 2 59 7
45 11 69 11
68 6 69 11
48 1 62 2
16 3 40 6
13 10 43 11
2 9 7 9
12 3 44 7
59 4 61 8
37 4 64 5
21 1 40 11
44 4 67 11
62 10 67 11
38 1 55 5
28 3 31 11
28 2 67 6
46 7 58 11
51 1 62 9
62 9 68 9
50 11 53 11
51 5 63 7
2 5 34 10
35 1 61 3
37 2 47 11
58 2 64 7
10 8 44 9
37 5 57 9
57 6 68 6
21 9 27 9
51 5 60 7
60 2 69 11
49 11 57 11
30 2 50 7
47 9 50 11
35 1 40 8
4 6 10 11
6 5 51 5
69 4 69 7
6 6 58 8
3 6 63 11
15 3 52 8
64 6 68 6
38 1 65 2
49 10 62 10
40 6 68 11
47 1 47 2
39 2 59 3
15 10 25 11
55 11 60 11
19 1 19 11
18 1 49 7
30 8 47 11
34 2 64 2
57 8 69 11
53 1 57 11
69 2 69 11
14 1 29 11
16 8 54 11
44 9 45 9
36 5 40 8
48 10 63 10
58 6 65 6
53 5 60 5
33 3 47 4
54 8 68 11
61 7 65 11
41 7 63 10
38 8 39 9
7 1 64 5
62 5 62 5
40 10 54 11
58 1 63 9
17 11 54 11
30 2 40 6
56 2 59 3
27 4 38 5
65 3 65 7
18 5 51 7
42 9 44 11
3 5 11 11
39 10 55 10
22 9 64 11
14 3 18 8
31 1 52 8
2 7 2 9
29 2 53 3
4 9 13 10
40 11 61 11
2 1 31 10
33 8 61 10
13 3 15 5
12 4 13 8
19 7 51 9
40 2 65 11
49 10 66 10
23 10 61 11
34 9 43 9
55 11 69 11
18 3 48 4
16 4 46 11
5 6 28 11
32 8 53 11
63 8 67 10
10 5 47 7
39 11 49 11
49 3 61 7
69 10 69 11
30 10 41 10
3 9 7 10
65 7 67 11
68 10 69 11
43 3 57 6
45 5 55 9
45 5 48 5
62 2 63 11
65 3 67 11
53 11 61 11
12 5 20 9
61 1 64 8
23 6 54 10
35 5 41 11
64 5 69 7
14 9 69 10
64 1 67 1
10 10 58 10
39 11 62 11
6 3 13 3
35 7 69 11
22 10 38 10
8 10 41 11
54 9 63 10
28 5 47 6
62 9 65 10
62 8 65 11
53 3 67 11
54 8 55 8
14 2 35 2
21 1 32 4
11 11 37 11
7 3 61 10
43 1 60 1
37 10 39 11
23 6 58 8
55 10 59 11
67 9 69 10
6 7 37 8
1 4 19 6
43 2 67 5
32 6 52 9
56 11 60 11
25 10 64 10
48 3 58 9
51 2 55 7
45 3 69 11
7 5 39 9
21 9 64 9
49 7 60 9
49 4 68 5
24 1 43 9
54 1 67 6
20 1 69 1
24 5 59 9
20 5 58 6
10 6 28 6
42 1 68 5
11 8 57 11
38 5 48 9
64 1 68 4
65 6 69 9
48 6 64 10
5 5 26 11
20 5 52 10
16 10 41 10
1 4 57 8
56 6 56 6
60 6 68 10
30 3 38 8
12 2 32 2
46 6 61 7
19 5 67 7
29 10 56 10
42 5 57 11
54 11 56 11
2 4 38 9
69 1 69 10
48 3 65 3
10 2 49 7
52 5 57 7
57 5 69 7
24 11 64 11
60 7 68 9
22 5 42 6
24 4 38 9
22 7 24 11
62 5 65 8
37 6 54 6
52 3 58 8
24 3 50 9
30 8 56 10
22 2 50 10
56 5 57 6
29 6 68 8
39 5 53 9
40 8 62 8
26 10 49 10
9 11 41 11
5 8 67 8
24 3 57 7
46 6 58 10
42 1 63 4
33 2 51 9
45 2 60 9
36 9 37 9
28 10 43 11
5 11 25 11
1 10 33 11
57 3 66 6
16 6 19 8
43 7 49 10
28 9 55 11
22 10 41 10
64 5 69 6
45 11 53 11
64 2 64 7
55 3 56 7
50 5 63 5
59 4 62 4
21 9 32 11
5 9 46 9
51 8 51 11
17 6 20 7
59 2 62 11
8 8 53 8
6 1 16 3
16 6 42 10
25 10 49 11
33 5 57 8
9 3 23 10
58 1 59 4
62 4 67 11
2 7 23 7
1 3 16 9
35 9 45 11
1 1 14 2
66 3 68 8
18 5 56 5
54 11 63 11
1 6 7 9
5 4 57 7
37 10 45 11
67 7 69 11
17 9 42 9
55 6 55 6
13 10 53 10
21 6 43 9
60 1 69 4
65 8 66 10
1 11 4 11
65 5 69 6
26 9 30 9
62 4 62 8
60 11 62 11
28 4 55 8
24 2 67 11
48 7 56 7
16 6 54 7
52 5 60 10
21 2 31 10
2 11 30 11
10 3 14 11
67 8 69 8
43 5 63 7
5 11 51 11
18 2 33 8
44 3 50 10
16 10 61 10
40 1 51 2
23 6 27 11
64 6 66 11
18 2 19 4
48 4 54 9
28 10 49 11
35 8 37 10
55 6 60 7
3 11 15 11
63 10 66 11
39 7 68 9
42 6 66 7
24 2 56 11
12 11 29 11
64 8 68 10
42 6 69 10
43 11 52 11
10 6 30 6
10 11 19 11
60 5 67 9
42 4 62 7
35 10 50 10
40 2 46 5
6 4 62 9
48 11 50 11
9 10 59 10
25 9 67 9
56 5 59 9
50 6 65 7
59 3 59 5
66 3 69 3
8 9 22 9
10 3 27 6
17 3 46 10
54 6 54 6
4 3 68 4
25 1 59 2
41 8 46 8
1 9 38 9
42 7 58 9
34 8 48 10
52 9 60 9
11 10 42 11
22 7 28 11
32 8 33 11
60 2 66 4
39 1 63 7
69 10 69 11
49 5 54 7
65 10 66 10
27 4 67 7
9 3 44 11
65 6 66 6
53 7 66 9
22 10 58 11
30 11 30 11
7 7 40 9
44 5 69 11
23 5 54 7
64 5 69 10
60 6 62 10
12 1 67 6
21 6 57 10
47 9 68 10
61 8 67 9
25 10 59 11
10 11 11 11
9 9 46 9
21 2 33 11
59 4 65 6
40 8 61 9
8 3 24 5
12 11 54 11
7 6 43 9
62 1 66 7
63 2 65 2
23 8 44 9
38 11 67 11
13 10 50 11
21 6 60 9
9 6 26 7
61 10 65 10
11 10 49 10
12 8 16 8
30 11 54 11
29 2 38 3
38 5 38 5
54 7 67 9
31 9 66 9
47 3 60 6
19 1 19 6
38 10 38 10
63 7 67 10
15 6 40 11
10 6 55 7
20 6 40 6
63 11 65 11
22 2 50 9
33 9 60 11
32 10 68 11
65 2 66 3
21 4 28 9
7 10 22 11
38 7 62 10
31 2 67 2
29 7 55 11
54 7 65 9
29 11 32 11
22 2 28 2
64 6 64 7
34 11 43 11
5 7 43 7
54 4 59 4
7 6 19 8
47 10 55 11
38 2 68 8
61 8 66 9
14 8 35 8
38 7 54 9
26 7 55 8
33 3 47 9
56 7 61 10
32 9 66 10
9 8 9 11
69 10 69 11
53 8 69 11
37 3 67 5
63 9 69 10
34 10 43 11
32 4 61 9
68 10 68 11
65 2 66 5
37 1 41 3
45 4 56 8
59 6 60 11
23 10 29 10
15 9 35 9
24 2 43 5
55 11 56 11
18 1 40 5
23 5 41 10
61 4 64 11
10 5 18 8
61 3 68 11
55 2 57 7
51 10 67 10
19 2 28 2
47 2 54 9
31 1 56 9
26 4 31 4
68 3 68 6
30 1 55 5
26 3 55 4
2 10 68 10
54 6 58 11
13 3 60 4
8 8 66 9
67 6 67 10
28 5 66 6
40 10 49 11
67 1 67 9
60 11 63 11
49 11 63 11
68 9 69 10
65 6 67 8
34 6 53 8
68 7 69 8
18 5 22 10
29 3 44 4
8 6 40 8
66 11 66 11
14 4 23 10
24 8 32 9
37 6 50 6
17 9 39 9
69 5 69 11
43 9 63 9
17 10 65 10
8 11 18 11
12 3 69 5
57 8 69 8
19 6 69 11
69 1 69 4
27 10 40 11
46 5 51 9
22 8 56 9
62 10 67 10
56 3 62 11
44 10 51 11
39 2 48 8
68 3 69 9
65 5 66 8
49 1 50 6
25 1 68 3
55 2 61 6
5 3 39 7
20 7 63 7
5 10 40 11
50 4 67 8
54 2 57 6
59 8 65 11
55 9 57 11
57 11 65 11
43 10 69 11
14 7 21 11
25 4 54 6
61 11 65 11
41 2 49 8
14 10 37 11
3 6 61 10
52 4 56 9
25 3 33 4
31 1 43 4
5 4 46 9
63 5 65 7
21 10 47 10
68 4 68 8
30 5 41 5
19 6 30 8
13 2 48 3
24 6 48 10
43 9 43 11
65 7 66 9
23 11 50 11
2 3 42 10
62 1 63 6
21 10 26 11
22 4 58 8
15 10 58 11
58 9 68 10
36 2 43 2
45 4 68 10
56 2 57 9
40 1 50 7
26 1 47 11
42 5 52 6
19 2 32 10
25 7 28 11
12 11 14 11
29 7 30 10
1 5 46 9
28 11 64 11
6 3 7 6
31 8 63 8
21 11 43 11
60 9 63 9
66 9 66 9
6 11 19 11
35 2 67 8
11 4 41 8
26 9 28 10
30 11 65 11
20 2 52 10
25 5 30 10
15 10 63 10
35 4 65 5
12 11 52 11
9 5 63 7
39 11 66 11
4 6 62 6
26 4 68 4
42 6 46 10
8 2 31 7
24 9 53 9
69 5 69 7
43 5 49 9
33 1 34 1
17 2 62 8
40 7 58 7
18 9 60 10
27 4 55 7
43 10 54 10
55 8 68 10
15 10 28 10
10 6 31 7
43 3 60 9
16 3 43 3
51 11 61 11
50 5 58 7
34 11 51 11
52 8 62 8
20 1 53 2
4 2 62 8
44 8 66 8
32 9 51 10
64 7 67 9
28 1 66 7
25 8 37 9
41 4 52 7
59 4 69 8
13 3 20 6
60 5 62 8
9 5 47 8
60 10 68 10
36 3 68 9
47 5 58 8
25 1 50 6
34 3 55 9
36 7 60 7
32 6 58 7
20 10 31 11
68 9 69 9
68 9 68 10
46 4 57 10
49 5 55 10
66 11 68 11
44 11 52 11
19 8 32 8
25 1 56 1
46 7 63 10
48 3 64 10
63 9 63 11
51 9 58 9
55 7 60 11
19 7 57 8
62 11 62 11
31 10 50 11
17 2 57 2
8 5 55 11
43 8 68 8
61 10 66 10
2 4 40 10
69 11 69 11
32 3 65 7
69 5 69 7
57 4 69 11
68 9 68 10
62 9 65 10
41 11 60 11
32 1 42 10
29 4 55 5
47 7 63 11
58 6 68 7
17 10 27 10
26 6 65 8
3 10 54 10
7 11 21 11
55 11 61 11
69 4 69 6
24 1 26 7
59 6 66 9
15 10 43 10
12 7 54 10
66 7 68 10
55 4 63 8
44 3 58 3
58 11 69 11
35 1 35 4
48 8 55 8
62 8 63 9
14 9 40 9
34 3 67 3
69 8 69 9
19 10 41 10
44 2 53 10
38 5 57 9
46 6 49 8
45 11 60 11
35 7 41 10
54 2 63 4
67 5 68 5
41 8 66 11
2 8 9 9
58 11 67 11
9 10 30 11
60 5 67 6
39 5 67 7
20 2 66 10
59 6 66 11
69 7 69 10
14 9 53 9
12 1 15 7
10 11 24 11
40 4 58 8
31 2 46 8
15 7 49 7
6 3 57 8
27 10 53 10
67 5 69 11
34 6 64 10
44 11 49 11
69 3 69 6
67 9 68 10
63 3 68 11
55 9 56 11
5 7 57 9
35 11 68 11
16 9 33 11
32 1 55 10
30 11 42 11
32 11 54 11
6 11 10 11
60 11 63 11
62 8 66 10
15 6 38 7
35 1 55 11
14 11 41 11
30 10 68 11
14 10 43 10
8 9 35 10
10 7 41 8
18 4 19 8
53 2 54 2
40 4 51 11
65 4 65 8
51 8 69 9
63 10 63 10
26 1 52 1
45 9 47 9
47 4 63 9
60 1 60 11
9 1 62 3
55 3 59 10
12 7 39 8
15 8 65 8
2 4 34 4
26 7 66 10
30 1 52 5
27 8 39 8
58 7 60 8
24 1 47 9
36 8 60 11
33 5 58 8
67 8 69 11
19 3 32 6
27 1 65 7
33 7 35 10
62 10 68 10
68 10 68 10
6 8 23 11
14 5 58 6
46 9 54 10
44 4 50 5
3 1 9 3
64 8 68 9
25 10 64 11
18 9 67 11
47 6 58 7
50 7 66 9
3 1 9 2
16 6 52 9
7 7 26 11
28 2 43 7
3 5 66 7
37 8 67 9
60 9 64 10
53 10 64 10
11 5 39 9
29 6 56 6
35 6 55 8
3 10 29 11
48 4 50 6
60 7 67 7
15 7 55 8
18 2 48 6
2 2 2 8
37 3 48 9
60 10 65 10
44 7 53 11
45 4 61 6
51 6 67 9
61 5 66 10
55 11 59 11
65 4 66 7
20 2 46 2
39 8 42 8
5 4 67 10
44 9 56 11
23 2 39 9
57 5 66 8
38 4 46 7
43 7 66 7
53 11 68 11
59 10 65 11
51 3 64 4
62 9 62 9
1 3 17 11
51 9 69 9
29 8 64 9
68 6 68 7
3 7 7 9
56 7 69 9
20 9 57 10
50 3 64 11
27 5 69 10
62 11 68 11
6 6 38 11
26 4 40 9
8 8 50 9
2 2 18 5
68 1 69 8
68 4 68 11
42 5 54 6
25 11 32 11
7 3 57 5
4 9 48 11
11 3 14 4
24 5 69 11
54 5 68 10
12 11 40 11
40 9 69 11
40 7 66 11
18 8 22 9
44 9 61 11
4 9 36 11
41 11 43 11
30 11 44 11
29 1 43 3
42 2 61 4
26 2 68 11
44 2 63 2
41 9 56 10
17 4 30 6
2 8 16 10
50 2 57 8
54 1 57 10
58 8 62 8
8 10 68 10
5 8 21 9
12 9 30 10
20 3 44 4
64 4 68 10
4 4 40 10
3 2 61 10
10 5 48 11
4 9 22 11
9 11 26 11
29 2 61 5
39 11 40 11
32 2 42 5
6 9 63 11
60 5 68 6
27 5 43 5
64 9 64 10
10 6 50 8
16 8 57 10
26 10 55 11
47 3 66 8
53 5 65 6
51 1 62 5
51 10 57 10
10 11 49 11
44 3 50 11
22 11 50 11
45 7 69 10
30 1 58 8
53 5 69 6
42 10 51 11
8 8 60 9
21 4 68 9
68 11 68 11
7 6 52 11
14 3 56 11
42 4 50 9
21 3 41 9
45 1 64 9
50 2 67 2
14 3 35 11
12 7 30 8
28 11 41 11
12 6 49 9
23 11 43 11
8 8 45 10
53 11 66 11
13 6 38 11
40 10 66 10
13 7 40 9
69 7 69 11
9 3 69 11
24 9 33 11
7 3 18 11
19 1 35 7
41 7 53 7
9 6 20 6
68 10 69 11
31 2 61 9
14 11 29 11
18 8 35 10
44 9 58 10
48 4 51 7
7 1 25 3
10 1 21 11
34 10 68 10
11 2 21 11
34 7 50 8
39 2 63 10
32 1 61 7
18 2 46 7
41 1 53 7
3 5 61 7
24 5 51 8
34 7 34 8
39 7 44 7
60 8 65 9
58 11 62 11
43 11 63 11
46 6 58 11
61 2 67 10
17 3 30 10
20 4 65 7
4 8 65 11
14 5 54 5
29 7 49 11
41 11 50 11
50 6 63 11
32 8 40 10
11 4 51 8
52 11 59 11
6 1 62 9
20 2 62 8
31 2 31 7
67 9 67 11
55 9 67 10
32 3 35 6
64 6 66 8
31 11 33 11
61 4 64 9
12 11 29 11
2 11 5 11
41 8 48 8
14 2 65 7
37 10 50 10
35 9 53 9
58 4 61 8
44 3 46 6
49 8 66 9
41 7 51 10
4 9 5 9
51 7 57 8
11 11 43 11
43 1 65 1
22 10 45 10
1 10 21 11
24 11 68 11
14 8 54 8
51 1 63 1
61 7 64 7
48 3 67 5
39 11 53 11
62 10 66 10
49 3 59 4
40 11 56 11
23 5 52 8
47 7 69 9
44 9 50 10
58 3 61 8
16 7 34 8
61 2 65 9
18 11 27 11
12 8 46 10
40 3 50 3
69 5 69 9
35 7 46 11
4 4 31 4
7 6 9 7
22 10 24 10
52 2 57 4
67 2 69 11
36 9 53 11
39 6 42 6
6 1 62 8
10 7 10 7
27 3 28 6
59 3 61 11
40 6 52 11
39 7 44 8
67 2 69 4
21 9 28 10
51 11 65 11
68 11 68 11
20 9 46 9
53 8 56 10
17 6 54 11
68 5 69 7
34 8 44 10
26 6 37 6
45 6 53 9
68 7 69 7
35 6 40 11
24 8 37 10
56 3 61 9
11 4 45 6
44 2 48 5
45 1 48 9
24 10 60 10
15 11 61 11
6 6 18 8
14 4 63 8
2 9 19 9
15 9 15 10
19 10 20 11
55 5 62 6
22 11 66 11
29 9 59 9
5 4 65 11
68 2 68 4
44 9 44 11
66 8 67 11
22 9 51 9
55 10 68 11
19 9 44 10
66 11 69 11
30 1 47 11
34 2 60 6
40 6 48 8
37 10 65 10
22 2 46 11
61 3 69 3
6 9 21 9
41 1 57 8
61 5 67 8
53 5 66 8
4 1 44 6
12 1 21 6
25 7 47 9
63 6 64 10
69 4 69 6
12 7 37 11
55 10 59 11
8 4 34 6
15 10 66 10
58 10 61 11
18 7 36 10
25 11 53 11
21 8 41 10
2 4 69 11
64 2 67 3
16 7 24 10
37 10 54 11
22 2 31 6
14 10 64 11
40 4 47 11
55 6 66 7
18 9 42 9
14 10 52 11
47 5 54 9
40 3 49 5
7 10 30 11
33 7 53 10
63 6 69 11
52 7 61 9
56 7 69 11
66 7 66 11
53 4 61 8
60 11 64 11
4 8 57 8
14 2 36 7
64 9 69 9
24 4 26 5
57 4 63 11
57 8 67 9
68 2 69 3
26 1 45 5
43 7 69 9
69 5 69 8
63 2 67 9
24 4 29 6
2 11 41 11
56 4 59 10
63 11 68 11
34 5 61 10
59 1 69 11
20 10 56 11
68 1 68 9
23 5 47 10
58 9 59 10
63 7 63 11
55 11 56 11
42 5 52 8
14 2 67 11
49 3 61 8
56 7 58 9
47 8 69 11
8 4 61 11
39 3 64 11
17 11 34 11
44 10 56 10
19 10 56 11
66 8 66 8
3 8 32 11
1 1 65 3
10 8 67 10
50 2 59 4
4 6 21 11
57 5 60 8
51 6 64 7
2 11 43 11
45 2 58 5
61 7 63 9
34 2 41 6
12 10 27 10
57 3 64 8
35 9 38 9
13 10 56 10
55 7 60 11
15 8 50 9
42 6 52 10
7 7 46 9
68 8 68 8
34 11 68 11
37 4 43 6
7 8 68 9
39 7 41 8
29 7 61 7
66 11 66 11
53 7 69 10
34 6 46 6
24 11 34 11
40 7 68 10
35 9 52 11
67 1 67 7
1 11 69 11
42 7 58 8
62 4 66 6
27 7 27 7
31 3 33 5
35 6 67 8
60 10 67 11
6 6 59 11
20 8 24 9
45 10 47 11
21 11 44 11
29 8 42 10
9 9 58 9
52 8 59 11
61 7 62 9
55 1 63 9
65 8 69 8
40 11 64 11
55 8 59 9
36 6 47 11
62 9 69 11
61 11 61 11
38 3 50 9
6 6 12 6
43 1 50 9
6 1 20 8
42 9 61 11
20 6 54 8
59 1 67 1
28 6 41 10
27 11 34 11
41 4 45 8
38 5 39 6
24 7 26 8
61 6 61 9
59 6 68 11
24 7 31 9
32 1 47 11
6 7 50 10
19 4 65 9
7 3 19 5
18 8 65 8
55 4 62 5
39 6 68 9
14 11 54 11
64 6 69 7
53 7 65 11
38 9 50 10
37 8 67 8
45 6 59 11
40 2 62 7
50 6 52 7
38 7 66 8
9 8 52 8
59 6 64 7
66 5 66 9
33 2 64 10
19 1 35 7
7 6 15 7
53 7 53 7
69 6 69 11
35 1 64 2
17 8 60 8
34 9 58 9
27 10 58 11
29 11 34 11
19 8 32 9
69 6 69 6
58 11 58 11
69 3 69 4
32 4 66 5
69 7 69 11
22 5 44 8
10 11 40 11
2 5 61 7
46 4 63 9
3 11 61 11
1 6 43 11
61 9 66 9
36 1 48 6
66 7 66 7
19 8 53 11
60 3 61 3
30 4 33 4
62 6 67 7
68 8 69 9
41 4 49 11
59 1 63 6
21 7 35 11
56 4 64 9
59 4 59 5
23 3 62 10
28 7 46 7
8 11 57 11
52 5 53 7
20 10 52 10
26 5 52 6
28 10 60 11
57 7 57 10
44 2 65 11
65 10 66 10
43 4 68 9
2 8 69 9
16 5 41 6
31 3 31 4
22 9 28 10
66 9 69 9
63 7 66 9
10 2 43 8
40 11 40 11
47 11 56 11
21 9 24 11
34 2 55 8
17 8 43 8
31 3 48 8
12 3 22 4
22 2 56 3
4 4 5 10
16 5 58 6
27 2 65 9
23 11 59 11
46 2 54 10
13 6 65 10
33 6 43 9
21 6 28 6
41 9 41 9
46 4 59 6
36 5 41 9
45 7 68 9
24 1 39 5
48 1 59 1
6 9 26 9
59 5 69 9
66 7 69 8
11 4 59 9
37 10 37 10
10 7 63 8
30 6 56 7
38 10 69 10
53 11 69 11
57 7 64 11
16 11 30 11
4 10 14 11
28 3 34 6
38 1 68 2
46 5 60 6
20 9 46 10
14 2 55 9
61 8 67 9
22 5 68 11
32 4 34 11
52 1 64 2
57 3 62 7
61 8 66 8
48 2 60 10
46 9 48 10
43 6 44 7
52 3 62 8
16 5 38 11
63 9 68 11
14 4 33 11
26 5 31 5
35 6 68 10
62 3 69 4
8 10 62 10
3 5 60 11
45 5 45 11
31 3 56 9
52 8 57 9
62 6 64 10
67 6 67 7
52 8 57 10
12 4 57 9
66 5 67 8
32 1 55 11
46 6 52 10
26 11 48 11
47 6 65 6
42 11 65 11
10 11 64 11
65 7 66 10
34 5 53 8
63 1 65 4
49 8 60 9
48 8 64 11
43 2 60 5
19 4 42 9
4 8 42 8
24 11 27 11
4 9 68 9
60 4 60 8
49 6 54 11
7 9 25 9
7 10 37 10
68 4 69 7
34 9 56 9
39 11 69 11
59 7 61 10
2 6 11 8
61 3 65 8
59 6 65 11
27 2 31 5
2 1 41 11
25 8 64 8
67 9 69 11
7 5 64 8
8 9 39 10
64 7 67 7
12 10 53 10
60 7 63 7
55 1 69 2
55 9 57 11
34 9 56 11
7 9 40 10
4 8 53 11
65 5 68 5
27 10 48 10
10 10 67 11
14 6 24 7
46 10 56 10
35 1 42 5
58 3 58 4
18 5 59 5
45 1 57 10
3 8 18 10
53 5 69 7
30 10 46 11
30 10 63 10
52 11 68 11
65 8 68 9
37 5 58 7
22 1 40 9
16 4 64 9
38 11 51 11
29 5 53 9
68 9 69 11
63 10 67 11
19 9 68 9
55 4 60 6
56 4 59 9
12 5 38 8
27 6 62 11
54 4 63 8
47 11 58 11
42 11 57 11
45 8 58 10
37 3 52 7
66 1 67 11
11 5 11 9
61 4 62 4
30 4 42 10
47 11 59 11
24 5 47 9
7 10 51 10
46 6 61 8
13 7 16 10
55 4 63 7
38 10 52 11
8 10 61 10
7 1 62 8
1 10 38 10
63 4 68 8
45 10 60 10
37 2 44 9
21 2 32 4
28 9 33 10
16 6 26 7
68 7 69 8
65 5 66 8
15 4 46 6
52 11 58 11
56 1 64 3
58 8 62 11
48 7 69 9
36 4 46 6
54 9 68 10
10 3 66 3
62 11 65 11
47 2 54 11
25 3 42 3
57 7 68 11
46 3 67 3
69 10 69 11
42 5 56 10
54 11 61 11
24 5 69 11
67 1 67 7
21 8 35 9
34 2 40 2
34 10 63 10
32 3 58 5
49 8 50 9
14 6 56 9
10 4 21 7
39 5 69 5
19 8 39 10
52 2 53 6
27 11 59 11
36 3 48 8
11 11 49 11
44 8 62 8
34 8 64 10
26 1 40 10
18 8 54 9
24 5 59 9
31 4 35 10
52 6 59 7
69 6 69 9
59 6 63 8
5 9 30 10
13 5 15 10
48 7 66 7
65 7 67 9
28 5 54 6
21 9 68 11
61 9 63 11
57 9 63 9
61 1 62 7
30 3 38 5
64 4 66 10
61 2 63 7
5 4 37 10
16 3 17 5
12 4 33 10
11 3 65 10
49 10 63 10
39 5 44 10
50 10 66 11
16 11 31 11
35 4 39 7
29 9 35 9
46 1 55 6
16 10 64 11
19 10 45 10
53 10 66 11
47 8 69 11
47 6 54 10
13 3 54 7
54 9 58 9
52 11 56 11
40 7 56 9
62 6 64 7
5 10 63 11
62 3 64 5
6 5 50 10
63 8 68 8
31 2 54 6
9 3 22 4
39 10 46 10
38 6 60 10
48 11 50 11
22 10 45 10
65 4 67 7
63 7 69 7
1 5 20 6
62 1 68 4
15 9 34 9
53 10 65 11
9 9 63 9
17 7 51 10
22 7 61 10
13 3 41 4
26 1 28 9
18 11 67 11
14 3 60 4
32 1 52 4
34 7 57 10
31 1 32 10
12 4 26 5
38 5 45 8
69 2 69 10
66 10 67 10
36 5 40 10
6 4 33 10
27 8 27 9
47 1 50 7
18 8 20 9
5 6 50 8
4 5 16 10
28 1 53 9
64 3 68 9
53 9 66 9
17 8 60 11
29 5 62 9
55 4 57 4
37 8 69 11
22 7 45 7
27 4 33 7
34 2 46 5
17 6 52 10
29 8 56 10
11 7 11 8
61 4 65 9
41 5 53 7
14 2 20 7
42 10 43 10
7 11 62 11
25 6 64 10
1 1 35 7
1 2 48 2
60 4 65 4
58 3 58 11
4 3 36 5
32 5 40 10
6 2 19 5
35 9 42 11
1 4 48 4
23 6 33 8
43 2 46 2
67 11 69 11
19 8 33 11
57 10 67 10
56 1 68 6
19 3 64 5
60 2 61 6
35 6 39 6
63 7 65 9
3 2 24 11
55 2 64 6
19 7 40 9
49 9 50 11
43 9 54 10
13 1 13 5
27 4 29 7
41 1 54 7
4 9 58 10
42 7 60 9
67 6 69 8
18 7 68 11
17 10 54 10
57 1 57 3
54 5 64 7
11 10 52 10
6 10 59 10
59 3 68 6
28 2 41 6
26 1 52 8
38 4 64 8
47 8 51 10
61 9 64 9
45 9 48 9
10 2 55 3
40 6 67 7
7 2 8 8
24 1 68 8
1 4 27 7
6 3 8 3
55 5 58 11
30 6 37 7
2 3 33 9
23 6 51 10
38 9 61 11
49 11 50 11
40 8 44 10
40 11 53 11
55 7 55 8
13 5 13 9
26 7 38 7
40 10 60 10
21 6 31 11
40 9 42 11
63 4 65 10
46 2 66 4
48 3 51 6
61 6 68 9
56 1 59 4
31 10 68 11
36 1 54 1
67 6 68 9
56 1 61 1
53 2 67 10
12 9 58 9
28 10 65 10
43 5 59 8
55 6 60 8
41 5 50 9
1 1 33 2
4 10 63 11
36 5 38 6
61 5 64 6
20 5 64 5
17 7 25 9
45 9 55 9
50 9 56 10
47 10 67 10
33 2 51 9
64 3 64 11
18 1 44 3
34 9 59 10
43 5 47 9
36 2 44 7
4 1 55 9
41 10 51 11
44 8 67 10
49 9 52 9
38 8 53 10
25 1 47 4
48 7 60 7
27 9 32 10
52 5 61 9
18 9 58 11
4 1 12 2
42 6 67 6
42 9 63 10
7 9 31 11
67 3 68 7
36 2 61 8
13 8 32 9
10 10 60 10
60 2 67 3
6 9 56 11
44 5 53 9
45 2 69 5
51 4 61 5
20 8 60 11
36 3 51 7
33 3 49 9
56 8 68 11
48 4 56 10
63 1 66 4
6 1 43 5
45 10 60 10
65 4 65 5
45 7 51 10
28 9 57 10
5 10 52 10
54 5 63 9
2 4 14 4
24 6 66 8
60 7 69 7
56 6 59 6
22 10 28 10
58 4 67 10
51 2 67 8
35 6 56 6
60 6 63 11
61 10 61 11
47 9 63 9
51 5 69 10
56 6 61 11
46 7 54 8
42 5 57 10
20 11 59 11
14 6 48 9
14 8 65 11
28 6 31 7
52 9 65 11
21 7 59 7
68 1 68 11
47 4 60 6
4 10 47 10
40 7 67 11
11 3 14 9
24 8 35 11
21 4 35 6
34 6 39 10
13 4 27 11
12 4 28 6
33 4 47 5
44 9 66 9
69 8 69 9
23 6 41 10
61 9 67 9
32 10 37 10
37 8 47 10
69 10 69 11
38 3 58 7
64 1 64 5
2 2 46 7
41 4 63 7
61 5 62 5
11 5 36 9
33 8 41 8
19 11 55 11
31 11 69 11
17 7 54 10
35 1 37 8
33 7 64 8
45 8 50 10
19 5 52 6
38 2 41 6
44 4 45 9
24 11 68 11
49 1 52 2
46 9 62 11
4 7 9 11
36 6 64 10
13 10 27 10
19 2 48 2
21 10 47 10
59 9 69 10
37 6 54 11
14 9 33 9
51 8 58 10
31 8 69 9
6 3 58 4
33 7 51 8
12 10 42 10
10 9 60 11
8 7 28 7
25 7 59 7
22 8 40 8
14 9 47 11
38 10 57 10
29 11 42 11
43 6 60 11
57 10 58 10
55 4 65 7
22 9 51 9
13 9 50 10
14 8 33 9
32 3 48 8
67 8 69 9
39 2 69 4
6 3 52 8
49 4 59 10
22 10 26 11
27 11 49 11
1 2 20 7
1 1 38 6
45 1 65 8
55 5 58 7
12 5 24 10
24 11 34 11
33 10 36 11
12 7 21 9
42 5 62 8
5 2 24 2
14 8 51 10
48 8 69 9
25 8 26 10
60 5 65 10
20 2 63 4
45 2 49 9
6 3 41 10
1 5 30 6
52 10 53 11
4 1 12 3
5 11 8 11
10 1 27 3
60 10 67 11
11 10 15 10
40 3 52 7
64 10 69 11
49 5 66 9
53 9 69 9
40 5 67 5
67 6 67 9
47 2 69 10
7 8 8 10
67 5 69 8
20 3 65 8
33 1 69 7
43 3 50 9
32 1 49 8
54 3 64 3
60 5 62 7
61 10 69 11
37 6 62 8
43 11 66 11
3 8 62 10
47 3 64 9
40 6 40 8
45 2 53 5
44 11 53 11
65 4 68 7
4 7 5 7
15 3 26 7
64 3 65 8
35 9 55 9
32 7 54 7
4 3 18 10
66 8 68 8
67 9 69 9
31 8 41 9
22 4 22 5
39 9 43 11
62 3 65 4
42 10 43 11
25 10 61 10
36 1 53 1
33 3 55 6
48 7 49 9
69 3 69 7
37 4 43 6
9 2 32 2
55 9 69 11
18 8 21 11
7 2 12 4
11 10 18 10
51 2 54 10
30 10 37 11
13 8 16 10
18 10 34 11
23 4 58 10
62 8 64 9
17 8 25 9
18 11 26 11
42 11 65 11
55 7 64 9
69 7 69 7
6 10 9 11
33 5 41 10
10 7 20 11
21 4 22 5
35 7 68 9
22 8 22 8
6 6 69 10
4 6 35 11
3 10 61 11
51 1 66 6
54 6 69 6
43 1 63 5
66 11 68 11
12 11 67 11
51 9 52 10
50 3 58 6
41 6 66 11
17 3 24 10
42 7 57 9
29 11 56 11
67 10 69 10
15 5 54 8
45 6 52 8
44 5 60 11
28 4 37 4
17 2 47 10
7 9 56 9
65 3 66 8
17 11 18 11
15 10 28 10
61 4 64 7
1 10 43 10
32 7 61 11
5 10 31 10
18 8 39 8
67 11 69 11
26 3 26 11
18 8 61 8
22 10 24 11
9 11 65 11
38 2 59 2
33 5 46 11
53 2 57 11
67 9 68 10
65 7 69 9
68 6 69 9
56 7 59 10
36 5 66 7
27 11 66 11
26 6 50 9
61 1 64 3
50 1 56 7
20 10 54 10
41 5 65 8
22 4 59 5
57 7 66 7
5 10 51 11
23 2 65 4
62 9 63 11
23 1 65 11
26 4 69 11
25 7 44 8
44 7 49 8
24 2 29 11
32 8 55 11
22 2 44 11
15 7 66 11
46 2 52 2
22 7 32 9
64 6 66 9
2 5 3 6
25 3 66 4
64 9 67 9
32 1 37 3
57 7 63 11
51 2 68 5
29 5 49 8
44 10 59 10
10 3 47 3
31 9 63 9
6 5 48 8
51 2 60 4
32 6 34 6
33 5 65 8
50 5 59 9
56 3 57 4
52 7 54 10
38 3 57 6
37 9 44 11
44 11 58 11
49 6 50 6
56 3 56 11
30 4 39 5
55 11 56 11
68 2 69 5
50 11 64 11
14 9 48 10
54 1 58 4
14 3 36 6
44 7 53 11
61 10 65 11
50 8 67 11
30 1 42 1
59 9 62 11
1 6 54 8
67 10 69 11
20 11 63 11
59 10 69 11
11 5 63 6
49 3 57 6
32 11 43 11
47 7 64 11
58 2 64 7
28 4 65 5
25 8 37 8
58 6 58 11
37 9 46 10
43 6 51 6
54 8 65 10
66 8 66 9
1 11 28 11
59 6 60 6
15 9 17 9
14 4 43 6
47 4 48 10
37 4 57 4
67 1 69 8
58 9 58 10
35 7 36 7
43 4 54 6
66 3 67 5
3 10 3 11
28 9 64 9
12 10 60 10
17 5 45 5
28 1 64 1
25 5 61 9
63 7 67 7
16 5 41 5
8 6 50 7
14 2 15 6
21 11 69 11
12 7 58 8
49 2 53 6
10 3 57 10
16 10 27 11
67 7 69 10
36 11 40 11
9 5 66 5
69 8 69 10
47 2 66 3
13 11 47 11
48 9 60 11
40 11 51 11
10 10 60 10
21 9 60 11
47 10 60 10
13 5 25 8
64 5 67 8
58 5 64 11
57 5 69 9
51 2 60 7
12 7 63 11
37 9 51 10
26 7 69 11
57 4 65 6
65 6 65 9
14 11 61 11
17 8 30 8
8 6 59 7
48 3 58 3
42 3 43 5
10 2 19 4
46 2 47 6
45 4 50 11
49 11 55 11
66 5 69 5
23 2 43 6
29 6 37 11
67 6 69 6
69 4 69 6
35 6 65 11
63 4 65 7
1 5 42 11
25 1 29 8
42 1 44 1
19 10 59 10
53 9 66 11
58 3 68 5
36 6 44 11
32 2 33 2
36 8 54 8
35 6 45 11
10 10 53 10
32 4 52 9
62 8 63 9
25 11 30 11
26 10 35 10
34 6 39 6
32 2 54 4
31 2 50 11
43 6 50 9
66 11 66 11
44 10 57 10
66 7 67 7
5 6 10 6
43 7 61 11
30 8 39 10
25 7 52 8
14 10 36 11
30 2 60 9
7 3 60 8
32 6 58 9
55 5 69 10
43 1 65 8
7 2 20 4
23 3 55 5
48 4 54 5
28 10 47 11
14 7 36 10
35 9 64 10
19 3 22 3
6 7 9 11
9 9 13 10
2 4 45 5
2 4 28 11
15 9 49 10
20 11 63 11
40 10 54 10
54 3 66 4
59 4 61 11
63 6 66 8
65 6 66 10
27 9 55 9
21 8 31 10
25 5 29 11
22 9 67 9
18 11 43 11
65 11 67 11
33 10 61 11
55 2 62 3
29 1 55 10
58 11 69 11
63 3 64 5
41 9 49 9
33 10 62 10
27 9 40 11
39 5 59 10
45 4 49 7
60 1 67 4
47 10 55 10
12 3 32 3
30 7 40 11
65 11 69 11
45 8 51 9
59 9 60 9
61 1 64 11
10 9 22 9
12 7 53 7
33 4 57 8
6 8 37 11
47 4 67 5
61 2 63 2
66 5 67 11
68 11 68 11
41 4 49 7
55 10 60 11
58 3 66 10
36 7 58 9
55 4 67 9
41 7 52 7
11 2 44 2
1 9 63 11
49 9 63 11
29 5 53 10
63 3 63 5
59 2 65 6
14 8 60 8
3 8 18 11
17 11 39 11
59 8 66 8
64 5 67 11
22 11 46 11
5 7 24 8
9 11 44 11
24 1 56 10
18 2 45 3
12 9 49 10
54 7 65 11
20 1 36 1
19 6 25 10
42 1 63 3
64 5 68 7
26 2 36 2
49 4 59 8
17 3 64 9
19 10 31 10
2 2 49 5
57 1 67 8
15 4 28 9
10 9 26 10
26 10 58 10
24 11 50 11
15 11 65 11
47 5 68 9
41 8 45 8
38 1 62 2
10 3 29 3
30 9 69 10
31 6 60 8
17 2 23 6
52 10 59 10
54 10 67 11
65 2 65 11
62 1 68 3
62 9 65 9
43 1 58 10
57 7 63 11
48 5 57 10
9 3 57 8
43 11 64 11
48 3 49 6
9 1 18 10
26 10 45 10
46 10 63 10
7 7 25 10
67 2 69 9
37 2 38 7
44 2 53 3
24 2 32 3
50 8 64 10
4 1 44 8
52 5 56 5
19 9 39 11
59 1 67 8
31 3 37 9
9 10 58 11
59 9 60 10
49 4 59 7
22 8 46 11
27 2 45 8
8 7 22 10
3 4 56 9
28 5 58 7
39 11 55 11
3 8 26 9
1 4 55 4
33 6 34 10
59 8 64 8
53 4 62 6
64 5 69 9
49 4 61 4
57 3 59 4
15 1 27 4
34 4 56 6
34 1 60 9
21 7 53 10
56 9 58 11
15 8 39 10
23 6 26 7
19 9 29 9
17 1 39 8
25 11 25 11
46 8 57 10
6 3 42 5
23 6 26 9
27 7 58 11
10 10 47 10
38 4 67 5
42 3 42 11
55 6 68 10
41 2 49 4
47 11 59 11
52 5 53 9
23 7 66 7
29 5 68 5
53 3 66 3
53 6 54 11
52 8 59 11
57 10 69 10
20 7 29 9
58 8 64 9
16 5 61 8
58 8 63 9
49 2 51 4
50 6 64 6
51 2 68 8
36 7 41 7
22 10 56 11
20 10 21 11
13 2 20 4
31 7 52 11
6 1 19 3
61 10 68 11
48 2 67 2
43 7 62 8
49 7 65 9
53 10 63 11
23 9 40 10
20 10 30 11
14 5 23 10
9 3 48 9
26 11 48 11
34 8 47 9
37 8 62 9
35 5 65 10
43 7 45 11
8 6 64 11
40 4 49 7
24 2 54 5
23 10 65 10
2 9 42 9
41 3 62 8
29 4 41 7
20 6 47 7
8 1 53 10
67 3 68 3
1 5 58 10
3 11 9 11
1 2 69 4
65 5 68 7
55 5 57 10
48 2 50 3
26 3 26 8
30 10 51 11
44 11 50 11
13 1 63 3
1 5 69 11
23 5 45 10
48 3 68 11
45 4 59 9
36 8 62 10
14 3 47 11
18 1 55 2
14 8 32 10
69 4 69 5
23 9 59 10
34 8 49 8
13 5 62 6
58 6 65 9
27 10 50 10
52 9 54 11
2 9 38 9
22 1 32 2
20 1 35 2
35 11 49 11
50 9 63 11
1 7 17 10
26 4 69 6
38 1 49 9
66 6 68 11
49 5 50 10
53 10 60 11
10 6 23 10
19 4 22 8
37 10 54 10
63 10 67 10
61 2 61 4
56 9 62 9
12 7 56 8
27 8 28 9
63 7 64 9
31 9 49 11
9 5 21 9
21 4 37 5
32 1 67 7
40 7 69 7
17 1 43 10
7 9 9 11
27 3 54 3
33 9 47 10
18 9 67 11
56 10 65 11
1 4 61 5
50 6 51 10
34 5 58 11
51 10 64 10
19 4 49 8
21 6 28 7
61 8 67 11
41 2 47 4
39 2 60 9
21 3 54 4
42 5 43 7
28 6 57 8
21 4 45 6
8 9 39 11
5 3 49 3
31 11 58 11
63 6 69 8
55 5 65 8
58 4 60 11
39 2 58 2
49 2 68 7
24 4 50 8
25 6 31 9
25 7 32 10
21 6 42 6
30 7 45 9
25 8 30 11
54 10 61 11
39 8 41 11
20 6 52 10
1 11 26 11
10 11 26 11
52 10 62 11
26 3 65 6
25 3 61 3
35 6 57 7
17 8 39 11
42 4 51 11
23 10 34 10
24 5 41 7
22 3 49 6
41 11 59 11
65 9 66 9
59 3 66 5
52 10 66 11
36 4 66 5
19 6 53 6
67 5 69 8
11 5 65 5
65 2 69 5
27 8 34 9
9 2 65 10
18 1 22 5
43 1 48 2
46 10 60 10
43 4 51 9
31 7 52 7
60 7 60 9
47 10 62 10
23 5 44 7
55 2 59 7
57 11 60 11
49 6 69 10
39 3 61 11
32 7 66 10
19 11 28 11
29 6 45 6
13 4 17 5
37 4 69 10
29 2 43 10
59 3 63 3
27 2 39 2
69 9 69 9
13 9 40 10
47 5 57 7
8 1 30 7
51 3 62 8
15 2 51 10
60 1 67 4
45 10 58 11
32 2 34 10
50 1 61 4
63 9 63 10
16 1 52 7
59 5 60 5
47 5 57 10
62 1 64 11
6 8 24 8
25 7 34 7
36 1 52 3
43 5 62 6
56 8 59 8
25 7 26 11
64 9 66 11
20 8 66 10
67 2 69 8
64 3 65 10
40 3 40 10
48 7 61 7
58 1 66 8
11 3 22 4
31 7 49 7
22 11 64 11
52 2 62 2
64 10 66 10
49 11 50 11
17 10 35 11
2 3 57 6
21 11 45 11
56 1 58 10
41 9 63 11
25 2 68 2
6 6 27 8
24 1 48 8
22 6 67 8
21 6 51 6
60 7 66 7
5 10 66 11
16 1 67 5
49 10 53 10
64 7 69 8
20 8 49 9
17 8 57 9
36 10 36 10
58 8 69 8
26 6 41 8
28 7 69 11
23 9 55 11
45 10 45 11
31 5 60 8
23 1 38 6
1 9 26 9
16 1 65 4
28 2 54 6
37 10 61 11
8 10 48 10
42 1 69 7
44 2 65 2
33 3 44 4
62 10 68 10
51 11 69 11
30 6 59 11
40 4 61 5
56 9 64 11
31 7 33 11
23 10 23 10
22 10 47 10
61 7 62 8
26 2 62 5
5 4 8 7
7 9 46 11
54 4 69 4
37 1 63 3
16 3 23 5
51 3 69 10
21 4 61 8
68 7 68 10
22 8 66 9
67 9 69 11
31 7 34 7
19 2 28 9
68 5 69 10
10 3 34 6
34 9 41 9
42 11 47 11
65 4 67 9
34 11 60 11
47 6 61 8
43 5 60 7
57 3 57 8
26 9 32 9
64 10 69 10
51 3 58 6
13 4 21 8
55 11 55 11
52 7 66 9
45 1 66 11
50 9 55 9
18 3 58 4
35 4 41 5
39 5 50 5
22 4 24 5
48 4 59 9
44 10 51 10
15 2 65 8
23 1 36 9
49 5 68 10
66 8 69 9
31 7 58 10
45 8 46 8
49 3 54 8
25 10 43 11
21 1 63 3
26 2 41 6
49 1 54 11
68 3 69 8
21 2 60 4
28 2 64 3
32 11 63 11
23 8 24 8
7 2 50 2
28 1 30 9
1 7 44 11
4 5 55 5
49 5 67 5
40 5 69 11
49 4 68 5
17 1 57 10
13 9 53 9
59 8 69 11
31 5 65 9
38 11 52 11
60 7 63 9
3 8 40 10
12 9 43 11
19 10 66 10
59 1 63 8
57 7 66 9
14 7 37 9
43 4 43 5
59 2 65 10
33 9 34 10
68 9 69 10
61 7 62 11
51 7 66 9
61 5 66 9
20 4 41 8
21 1 63 3
59 7 68 8
8 7 56 8
3 9 26 10
34 11 63 11
58 3 68 5
23 9 61 10
52 7 61 11
25 11 63 11
64 1 66 6
34 2 52 9
62 1 63 9
31 8 40 10
67 8 67 8
34 7 58 10
28 8 52 11
4 9 59 9
29 5 38 9
57 5 57 5
68 7 69 10
34 6 46 10
40 9 69 11
51 11 66 11
18 7 18 11
47 3 56 11
7 3 40 6
43 8 68 9
58 11 64 11
11 2 41 5
9 8 37 10
36 3 52 4
65 10 67 10
45 9 63 11
24 9 27 9
61 8 63 8
39 5 54 11
11 10 29 10
40 11 66 11
5 1 10 5
45 7 68 7
4 10 43 11
57 8 61 10
26 11 39 11
39 8 49 9
66 2 68 7
30 5 64 11
20 10 38 11
41 9 62 11
58 2 63 10
68 2 69 10
38 9 64 9
44 4 55 10
17 4 57 4
43 11 66 11
44 2 63 10
5 7 31 11
17 1 65 2
46 2 54 9
64 9 66 9
69 7 69 8
11 4 20 6
61 10 64 10
33 2 39 7
1 1 69 8
22 5 53 8
36 3 67 11
68 6 68 8
58 2 61 5
15 1 32 11
23 4 41 11
63 7 64 7
22 2 35 11
62 3 66 5
23 5 68 5
68 10 68 11
4 8 21 11
9 2 9 4
27 3 51 8
57 1 60 1
69 2 69 8
2 6 11 7
11 7 41 11
30 9 32 11
44 1 46 11
48 11 60 11
49 7 66 9
54 3 58 5
65 11 65 11
49 7 61 7
5 8 36 9
27 1 47 10
43 7 49 7
26 8 54 11
26 2 63 10
23 3 63 8
55 10 68 10
56 8 64 8
36 5 65 10
18 7 46 8
22 8 51 8
15 8 23 8
29 6 52 10
45 3 66 5
57 5 65 7
25 3 59 8
38 4 59 5
23 2 60 3
58 6 60 8
26 11 38 11
54 3 59 6
52 1 65 4
45 6 63 6
62 2 67 11
13 2 52 5
32 1 48 10
38 10 58 11
7 5 60 7
10 2 20 9
11 1 48 1
27 8 57 8
8 2 17 5
3 3 53 10
22 4 36 5
39 6 55 11
16 1 61 9
31 9 34 11
54 4 68 4
35 5 62 7
42 9 60 10
67 9 67 9
16 1 54 8
36 11 65 11
54 10 64 11
33 3 66 6
58 8 58 9
6 6 28 9
49 3 67 3
36 1 52 11
62 8 64 8
58 8 63 10
46 5 61 8
57 8 61 8
32 2 51 3
23 9 56 9
21 4 58 6
26 1 69 10
39 8 54 11
19 11 54 11
12 4 33 4
56 5 60 9
1 3 40 4
49 5 55 9
56 8 58 11
34 5 68 11
42 6 45 8
27 7 43 10
54 11 69 11
69 8 69 10
43 4 54 7
59 2 65 7
49 9 64 11
28 6 64 11
48 3 64 5
46 5 59 6
51 8 57 11
61 11 65 11
20 11 67 11
56 10 57 11
41 6 44 7
20 2 36 10
34 11 51 11
59 10 68 10
39 7 68 9
40 7 50 11
17 10 62 10
59 4 59 7
19 4 48 9
40 1 65 5
3 3 54 9
5 1 20 10
37 2 50 6
53 3 63 11
17 10 29 11
69 6 69 9
13 9 65 10
22 9 49 9
34 5 66 10
3 4 47 4
40 1 50 8
28 8 33 8
15 1 34 11
67 6 69 11
41 9 48 11
47 8 61 10
14 3 40 9
64 6 68 8
48 3 59 11
69 8 69 11
66 6 67 11
7 5 30 6
42 2 45 8
18 4 27 4
5 6 30 9
24 8 34 10
51 7 63 9
64 9 68 11
25 1 38 8
67 7 69 10
29 2 54 5
14 8 53 9
15 9 65 10
53 5 62 11
27 1 69 6
44 11 59 11
56 8 64 11
55 4 58 6
47 6 51 8
26 4 42 11
33 5 42 6
39 5 46 10
9 3 29 10
43 1 66 3
16 1 61 6
49 5 49 9
39 9 48 11
33 4 60 8
44 10 48 11
51 3 59 9
24 5 51 5
17 5 64 7
48 5 66 6
8 5 44 6
18 9 60 11
25 6 45 10
64 3 69 4
19 6 34 8
59 10 65 10
53 1 54 9
41 4 52 8
64 8 69 11
56 4 56 4
31 4 51 5
25 6 64 10
56 4 64 7
51 4 66 8
69 9 69 11
8 6 61 11
54 5 59 8
35 5 39 9
56 8 69 9
43 10 53 10
9 4 49 8
14 7 68 9
12 7 40 7
3 5 59 9
34 5 38 5
55 4 68 4
38 10 38 11
51 4 59 10
18 2 50 4
68 9 69 10
3 7 67 9
33 10 41 10
3 5 20 10
45 1 57 5
65 8 67 11
47 4 67 11
2 3 52 8
12 6 52 7
11 9 30 11
31 3 63 7
33 9 53 11
54 8 54 8
42 9 49 11
58 10 68 10
43 3 65 5
62 1 64 8
69 8 69 10
24 11 61 11
16 6 63 9
16 3 43 7
68 6 68 10
31 2 49 11
41 11 54 11
38 2 66 8
17 11 51 11
36 9 54 9
6 8 20 10
28 5 45 6
10 1 12 1
7 8 22 10
6 1 52 4
48 8 66 11
68 6 68 10
23 4 23 10
6 2 57 6
37 10 64 11
43 3 50 9
54 9 55 10
42 7 63 11
32 1 34 2
3 1 31 7
36 5 36 9
2 2 46 10
54 11 61 11
53 9 67 10
23 11 61 11
17 11 38 11
52 4 62 4
68 6 68 11
34 11 50 11
10 2 52 6
23 2 32 10
1 5 51 5
32 11 42 11
51 11 64 11
32 11 35 11
65 1 65 10
52 10 66 11
30 10 66 11
58 1 63 4
56 6 60 6
40 9 56 10
50 5 54 5
47 2 59 7
19 3 59 3
35 7 48 10
39 2 63 5
19 4 31 5
35 10 38 10
24 10 56 10
69 6 69 11
30 6 61 9
47 2 67 9
60 5 62 5
11 11 63 11
46 1 49 1
43 1 49 4
63 2 68 3
18 11 51 11
60 3 65 11
60 4 63 4
5 10 38 10
23 1 35 5
4 11 51 11
26 6 38 10
57 10 69 10
6 10 32 11
7 9 24 9
35 3 41 7
53 10 63 10
63 4 68 7
20 6 35 8
27 11 35 11
12 6 60 7
64 10 68 10
18 3 56 10
13 8 32 10
29 3 54 5
32 6 60 9
29 10 49 10
66 5 66 8
53 2 56 3
17 11 38 11
3 2 35 2
6 5 39 5
45 4 64 5
58 6 58 9
52 11 65 11
60 11 64 11
63 9 65 11
61 1 63 11
37 4 53 8
5 3 26 4
2 3 43 10
48 11 65 11
25 6 36 7
4 11 59 11
29 7 51 8
51 9 65 11
25 8 59 11
41 1 58 10
10 7 49 10
52 3 67 3
13 7 44 10
15 1 55 8
42 1 44 1
36 5 51 8
19 7 33 10
9 8 27 9
40 6 61 10
54 8 65 10
66 10 66 10
18 6 37 11
50 8 52 10
18 8 33 9
19 1 28 11
40 11 52 11
23 3 52 8
45 7 52 9
52 6 55 10
10 3 40 9
19 10 47 10
29 9 49 11
66 11 69 11
47 10 64 11
30 11 67 11
23 5 39 6
39 1 65 3
15 4 60 9
64 10 67 11
13 11 26 11
67 11 69 11
40 4 69 6
39 6 50 8
27 4 49 4
33 8 68 11
45 5 49 9
15 7 38 7
44 6 55 6
13 8 63 11
35 1 68 11
19 1 60 9
21 11 58 11
53 3 67 11
50 4 52 5
49 8 53 10
68 6 68 9
5 10 61 10
38 3 65 4
60 1 64 9
67 8 68 9
59 7 69 11
12 5 30 11
68 7 69 9
51 6 69 10
26 5 45 8
24 6 58 8
60 1 60 9
67 10 69 11
29 8 57 11
38 3 57 8
53 5 54 8
10 10 35 11
40 1 42 6
69 11 69 11
60 2 60 5
8 5 18 9
43 5 60 5
21 8 34 10
44 1 62 3
36 7 55 8
54 3 67 10
41 1 57 9
30 6 52 7
44 6 60 11
57 1 63 4
64 4 65 9
42 3 42 9
44 8 63 8
64 11 66 11
44 9 63 10
41 8 48 9
40 7 49 11
7 6 47 10
19 1 66 9
26 7 65 7
47 4 57 6
56 8 64 11
6 1 36 4
68 9 68 11
1 9 18 9
31 3 45 10
1 7 12 11
61 1 63 3
16 6 46 7
1 5 50 5
23 1 68 3
14 6 41 7
57 3 61 9
32 1 40 4
16 5 21 10
37 1 49 7
36 3 61 6
24 2 37 7
39 1 44 2
25 5 52 9
51 9 51 11
54 8 58 10
9 6 16 6
4 10 59 10
62 10 66 10
53 4 53 6
24 10 32 11
2 7 39 10
57 5 59 7
55 4 62 8
55 6 64 8
15 9 15 9
30 1 44 6
18 9 18 11
37 11 65 11
5 3 34 3
29 4 43 4
13 5 54 8
68 4 69 9
25 2 34 5
20 9 33 10
25 11 49 11
7 8 61 9
67 2 69 6
45 2 52 5
49 3 65 8
28 7 55 8
4 10 64 10
1 11 22 11
17 10 63 11
12 11 56 11
59 3 62 9
13 6 23 9
10 8 69 8
33 5 67 10
68 11 68 11
69 9 69 9
23 5 48 8
36 3 66 6
16 8 59 11
23 1 45 3
28 6 46 9
8 11 22 11
30 4 69 7
4 5 54 5
12 4 34 11
30 11 57 11
23 6 68 11
44 1 59 1
62 4 64 5
20 1 31 4
10 10 45 10
30 1 50 2
47 5 66 6
4 4 39 7
31 1 44 4
64 8 67 9
58 5 59 6
50 4 51 6
67 2 68 5
46 4 53 11
9 7 23 8
61 11 63 11
59 10 60 11
16 6 66 7
12 11 43 11
4 10 59 11
67 2 67 3
36 7 69 10
64 1 64 8
58 9 59 10
30 5 51 6
14 3 56 9
59 4 68 11
49 2 54 11
67 1 68 1
29 1 40 2
47 4 58 11
4 5 67 5
33 11 60 11
65 9 65 9
44 7 62 9
12 8 16 9
24 3 28 9
21 6 48 6
11 6 69 7
38 9 48 10
3 5 36 9
48 4 61 9
45 9 53 11
37 4 38 9
33 7 61 9
33 5 56 6
18 10 32 11
59 5 64 11
62 9 62 9
9 10 33 10
5 10 52 11
61 3 66 11
20 4 62 6
60 3 62 7
32 9 49 9
23 11 55 11
45 9 62 10
62 6 63 9
5 9 51 9
12 6 46 9
58 6 61 8
64 9 66 11
56 5 65 6
31 1 69 6
67 8 69 9
29 2 50 6
17 1 38 5
52 3 63 4
33 10 50 10
43 4 65 6
47 11 69 11
61 2 63 3
26 10 27 11
13 9 51 9
14 4 47 7
33 4 68 7
56 3 64 7
63 6 69 9
22 6 42 11
25 10 62 11
33 11 61 11
12 4 60 11
32 2 51 7
27 5 58 11
37 1 63 7
58 9 67 10
42 2 51 8
52 8 52 9
14 11 14 11
56 6 63 11
29 4 56 6
56 1 68 9
49 3 69 7
40 2 48 9
8 2 9 11
9 8 17 10
64 1 69 9
23 8 30 9
20 9 30 11
32 8 40 8
58 10 64 10
45 8 58 10
17 9 27 11
32 3 61 5
33 4 33 7
42 2 66 10
11 10 32 11
34 3 41 9
29 10 54 10
61 1 65 7
2 7 25 7
8 10 54 10
53 11 67 11
29 4 65 9
63 8 68 10
2 7 12 11
36 6 62 7
27 5 63 8
61 6 65 7
62 1 69 11
9 9 44 9
6 8 59 9
23 6 53 11
22 6 23 6
27 9 60 9
2 9 36 10
43 3 68 7
27 6 53 9
10 2 32 10
13 1 40 6
17 5 17 5
42 1 47 9
34 9 41 10
67 11 68 11
60 6 69 6
42 4 60 7
48 9 68 9
66 6 68 8
43 7 46 10
54 5 59 5
19 11 67 11
41 8 56 10
34 11 35 11
58 9 58 9
51 10 69 10
25 3 55 8
58 5 67 10
55 2 58 2
57 8 65 8
53 8 61 9
52 6 57 8
66 2 69 9
66 4 69 5
24 4 38 4
44 10 69 10
55 7 66 7
40 1 61 11
56 8 67 10
19 1 37 10
30 7 67 11
47 11 66 11
52 11 68 11
57 6 64 11
30 2 56 7
69 5 69 7
49 1 67 10
45 2 46 9
38 3 62 4
50 8 52 9
4 9 44 11
7 2 53 4
60 6 63 7
5 1 65 4
35 9 60 11
6 10 37 10
66 1 69 11
10 10 64 10
45 6 51 9
61 4 65 11
6 8 62 9
25 11 32 11
40 5 54 7
51 8 67 11
40 6 68 8
2 3 68 6
26 8 30 10
48 7 67 7
69 10 69 10
22 2 57 3
49 6 55 11
27 8 42 11
62 2 64 9
57 9 67 11
40 1 53 3
64 6 66 11
24 10 37 10
24 8 46 8
31 6 35 7
4 7 62 11
36 11 69 11
30 4 61 4
16 4 49 11
33 1 52 1
53 2 68 3
56 4 58 10
42 1 58 8
49 3 57 5
3 8 69 11
58 2 66 9
25 4 29 8
1 7 3 9
30 2 45 11
65 6 65 9
47 5 68 11
28 1 46 7
21 1 27 9
41 8 58 11
24 2 58 10
21 8 44 11
46 10 51 10
10 11 25 11
47 2 68 4
14 7 32 9
43 4 61 6
41 8 49 8
9 7 41 9
49 6 62 8
2 10 54 10
39 5 56 9
5 11 39 11
52 9 65 10
4 4 37 5
45 6 67 11
66 6 69 7
50 9 56 10
28 3 31 4
62 8 64 9
38 10 69 11
14 9 46 11
5 6 42 8
50 4 69 9
48 5 63 11
33 11 33 11
61 5 64 7
57 5 62 8
38 8 59 11
54 3 63 4
64 5 69 9
2 9 27 9
40 4 57 11
65 1 66 4
19 4 23 11
69 11 69 11
40 3 53 4
68 9 69 11
53 10 58 11
20 4 20 6
55 10 55 10
20 5 60 7
16 3 57 6
59 10 59 10
4 10 10 11
29 2 65 5
55 5 56 11
2 9 5 9
54 7 63 10
35 2 53 2
5 9 16 10
68 8 69 9
47 11 50 11
49 3 65 7
25 9 57 10
26 8 32 9
51 10 62 11
45 8 53 10
30 1 47 9
6 5 8 6
29 2 44 8
11 1 57 4
25 2 35 2
47 3 59 10
31 4 69 5
3 9 29 11
33 5 68 5
49 3 53 8
9 11 32 11
25 9 57 11
57 7 63 8
18 8 62 9
21 4 59 9
7 6 12 11
57 8 59 9
40 2 57 4
11 8 32 9
62 2 63 4
41 8 60 9
55 3 56 6
67 1 68 6
5 11 9 11
20 6 30 9
50 9 69 11
5 7 48 9
10 1 38 10
37 8 38 8
67 2 68 7
43 1 45 5
43 11 63 11
8 1 22 6
11 1 35 4
57 11 60 11
44 6 48 6
37 4 62 10
45 5 65 7
34 4 45 11
1 3 27 7
59 4 62 8
21 11 31 11
3 7 35 9
1 11 45 11
19 8 54 9
68 7 69 8
58 11 63 11
56 6 57 7
41 7 66 10
51 11 61 11
63 11 68 11
27 10 53 11
39 4 54 7
13 6 54 9
10 7 42 8
15 6 20 7
15 2 53 2
55 11 57 11
45 8 64 11
62 2 69 2
43 3 52 5
61 2 63 11
32 5 65 5
32 3 59 9
51 1 62 3
15 2 55 4
4 7 66 7
9 11 11 11
61 7 61 9
26 1 54 1
69 2 69 8
5 3 48 4
37 10 58 10
33 2 33 2
48 10 48 11
58 5 61 11
34 6 66 9
42 1 59 6
13 7 45 7
2 10 64 10
5 4 18 4
29 7 29 8
34 6 47 8
13 6 69 6
61 3 68 7
14 11 57 11
36 4 46 8
60 4 63 8
2 8 64 10
45 11 64 11
39 4 55 8
38 11 39 11
49 9 51 11
57 1 69 4
4 7 12 11
68 9 68 10
14 3 35 7
33 3 65 4
69 1 69 4
41 1 64 6
23 9 50 10
47 2 68 5
9 4 60 4
4 8 57 9
48 4 67 5
26 3 69 6
22 1 46 8
43 10 57 11
50 10 62 10
61 11 65 11
28 11 35 11
21 9 60 9
22 11 46 11
7 3 56 10
44 10 58 10
9 11 59 11
68 11 68 11
14 11 59 11
35 1 52 10
4 2 43 8
1 3 65 11
4 10 61 10
21 10 35 11
34 2 37 8
17 4 51 10
31 11 52 11
35 3 46 6
28 9 43 11
31 7 51 10
48 5 60 7
10 8 30 8
18 10 23 11
55 10 65 10
50 6 57 10
46 1 52 2
22 7 33 9
20 3 43 9
33 8 52 9
67 6 69 11
61 8 68 10
49 11 51 11
56 2 56 11
46 6 69 11
67 8 68 11
34 3 59 6
35 3 52 6
53 9 61 11
57 8 65 8
21 11 39 11
31 1 38 4
57 1 58 8
35 5 45 6
24 11 46 11
67 5 67 8
6 4 13 6
12 2 46 8
42 6 48 7
12 6 52 6
52 2 69 8
67 2 68 8
2 7 57 11
46 10 59 10
64 11 68 11
57 5 59 9
10 10 15 10
40 11 66 11
26 9 63 11
9 2 68 5
2 5 15 7
3 6 5 7
54 2 58 9
19 8 27 10
49 1 61 1
22 8 49 11
35 2 62 4
25 9 50 11
45 6 57 9
69 7 69 7
59 11 63 11
30 1 50 11
13 7 27 10
42 11 50 11
36 4 41 5
6 10 28 11
42 7 50 7
34 3 59 8
10 10 28 10
41 9 56 10
23 7 31 7
20 1 29 2
39 7 42 11
6 5 54 5
14 11 60 11
3 6 46 9
20 3 29 9
42 5 58 8
51 8 62 10
46 5 64 5
57 4 63 7
23 7 30 11
17 8 57 11
33 10 56 10
53 4 58 10
36 8 61 10
48 8 65 11
36 11 60 11
63 6 67 11
9 5 50 5
13 3 16 9
39 6 55 8
37 7 60 10
48 4 51 6
15 6 52 10
57 10 58 11
3 4 29 10
17 5 65 11
20 9 24 9
35 11 58 11
16 5 38 9
27 8 30 8
21 11 67 11
55 4 55 10
31 3 48 9
55 2 67 11
68 10 69 11
9 9 13 10
59 11 64 11
43 6 48 8
47 8 47 10
32 5 34 9
13 8 26 9
44 2 59 8
37 7 63 7
31 11 66 11
65 4 68 5
10 6 39 6
27 4 32 8
25 7 64 10
69 11 69 11
51 9 55 11
45 10 58 10
18 5 18 5
41 11 51 11
19 7 42 8
40 7 57 11
12 6 41 8
64 1 64 3
26 7 56 7
58 4 66 7
9 11 49 11
52 9 54 10
53 11 61 11
28 6 63 8
5 7 24 7
2 4 57 10
4 3 48 3
12 11 28 11
14 2 64 4
55 3 62 3
24 3 43 11
16 6 62 10
7 5 17 8
44 11 44 11
30 1 64 11
32 6 52 10
55 5 68 11
57 11 63 11
11 5 38 5
38 4 48 5
67 8 69 10
6 3 64 8
43 11 61 11
38 1 51 7
34 2 35 2
37 9 53 10
2 9 66 11
51 10 54 10
14 8 54 11
41 4 42 6
66 1 66 9
47 11 57 11
50 1 53 3
9 7 26 9
5 4 51 4
23 4 63 5
41 11 46 11
34 1 40 9
21 2 26 4
67 2 69 2
40 2 63 7
31 4 37 9
25 7 55 9
61 3 61 4
18 6 19 10
4 7 46 11
1 9 67 11
54 1 66 6
36 7 57 8
66 1 67 7
64 3 67 3
25 9 66 11
50 5 63 6
23 4 44 11
41 11 62 11
54 5 64 8
40 10 64 11
66 7 67 9
42 1 59 4
52 8 64 8
45 6 53 10
22 3 43 4
67 6 67 10
62 2 66 2
31 8 34 10
66 2 68 10
23 6 51 10
34 2 64 10
44 3 51 4
50 7 50 8
32 11 44 11
42 10 44 11
20 4 26 9
36 7 41 8
24 3 51 9
29 8 62 10
48 7 48 9
68 10 68 10
59 11 66 11
43 5 48 8
38 10 69 11
27 1 52 8
45 6 46 10
16 7 69 7
16 9 46 10
40 10 49 10
27 10 40 11
45 4 61 9
49 3 51 11
53 11 64 11
9 2 17 8
42 2 58 6
37 9 59 10
29 9 56 9
43 2 54 4
53 6 66 11
27 1 49 6
49 9 49 11
57 4 57 4
15 9 67 9
38 4 63 11
61 9 64 9
52 2 68 3
26 2 59 11
58 11 69 11
43 9 53 10
46 1 46 7
21 6 36 10
56 2 66 9
62 7 69 11
38 9 56 11
20 3 66 6
42 6 61 9
43 9 63 10
4 9 8 9
62 3 65 9
3 3 30 11
47 6 52 10
48 4 51 6
44 9 68 11
28 7 56 10
29 5 49 5
50 2 62 9
38 3 67 4
11 3 21 6
17 3 63 3
14 3 27 6
15 5 30 7
40 8 53 9
68 8 69 11
21 11 48 11
63 6 68 8
42 8 62 11
4 2 12 7
1 7 39 7
49 3 62 6
30 3 44 7
64 11 68 11
64 1 64 4
64 3 67 6
16 9 57 11
27 8 34 9
45 7 63 10
4 4 26 10
44 5 57 9
51 3 61 10
64 8 64 10
64 10 64 11
44 8 61 11
59 11 64 11
68 7 68 8
16 6 61 10
54 9 59 10
29 9 30 10
20 10 21 10
13 9 21 10
29 3 31 8
12 4 12 8
14 10 61 11
28 7 29 10
52 8 63 9
4 2 41 4
17 6 24 7
41 10 57 11
13 2 69 11
44 6 66 10
52 4 54 10
23 5 64 11
52 4 69 11
64 10 67 10
38 2 49 2
3 4 19 11
10 9 21 10
33 11 39 11
39 5 59 5
56 8 66 11
59 11 59 11
23 4 26 10
29 11 30 11
26 9 54 11
42 6 49 11
20 5 39 10
62 1 69 11
51 6 52 7
5 6 17 9
57 7 64 7
32 1 44 4
62 10 66 10
6 3 22 5
42 6 66 8
2 6 47 6
2 11 53 11
56 6 69 9
39 7 46 9
36 5 64 9
23 9 32 11
53 11 63 11
27 9 50 9
57 8 63 8
53 3 54 8
49 1 57 6
8 8 12 10
49 8 54 9
3 10 45 11
63 6 67 6
35 10 49 10
55 10 55 10
47 8 48 11
53 3 59 8
45 3 57 3
49 1 68 11
56 5 63 10
24 8 26 11
45 11 67 11
64 11 68 11
36 7 48 8
41 11 62 11
47 1 63 3
17 3 30 11
8 7 37 7
39 7 68 11
43 4 62 4
29 2 42 10
49 7 60 10
51 3 64 8
35 9 37 10
46 10 50 11
54 11 68 11
8 2 12 8
4 1 62 10
39 7 41 9
67 2 67 9
39 7 54 10
18 9 45 11
25 9 29 10
66 6 69 7
66 9 68 11
27 6 35 6
65 11 66 11
54 4 62 4
64 11 64 11
31 5 56 9
41 8 55 10
37 3 49 6
40 6 66 7
32 4 60 11
54 8 58 11
31 10 50 11
20 3 58 11
46 5 54 8
30 5 43 7
58 2 69 10
28 5 69 8
15 1 29 2
67 8 69 11
2 11 61 11
49 3 51 9
3 3 65 6
39 3 66 11
48 3 61 8
40 8 48 8
8 7 40 7
69 7 69 11
49 6 50 9
2 2 52 2
28 3 40 5
26 5 51 11
44 8 51 11
25 3 56 10
13 11 20 11
14 4 47 5
21 7 58 8
33 2 62 9
5 5 6 6
30 10 57 10
53 2 61 9
35 2 42 6
20 1 65 11
17 1 23 8
1 9 24 10
64 9 67 9
34 4 55 6
63 1 63 2
45 8 48 10
61 3 64 3
63 4 65 9
20 8 48 9
47 9 57 11
66 10 69 10
23 1 57 7
58 6 63 9
62 10 69 11
56 2 63 6
24 10 57 10
7 6 32 8
13 3 27 7
62 1 63 9
16 9 62 9
45 5 50 9
9 4 14 11
63 4 68 6
58 7 59 7
17 8 30 9
2 4 41 9
55 8 69 11
15 1 19 3
51 2 59 10
13 11 27 11
26 11 67 11
12 8 16 10
46 8 64 8
25 3 47 3
59 3 62 3
24 8 37 10
40 6 51 6
36 5 63 5
37 8 58 8
21 8 45 9
32 6 48 6
28 11 55 11
25 5 26 9
44 11 56 11
32 4 43 9
53 7 57 11
60 1 61 9
53 7 61 11
41 6 68 6
54 9 63 9
43 10 48 11
22 4 67 5
41 10 58 10
42 9 64 10
21 9 46 9
32 2 41 5
69 3 69 9
35 1 54 2
69 3 69 10
23 11 30 11
51 6 61 8
38 2 48 4
9 5 35 10
3 4 36 9
65 2 68 3
6 10 8 11
62 4 69 9
31 11 68 11
9 6 21 9
43 1 59 10
36 1 42 9
46 4 62 5
40 10 56 11
65 7 65 11
45 7 57 10
31 6 44 9
40 11 52 11
13 9 64 11
14 5 52 10
36 4 52 8
56 6 67 6
56 6 68 8
45 9 50 10
2 2 58 5
49 5 51 7
60 6 65 9
2 5 38 10
29 9 32 9
57 6 65 10
62 9 69 11
31 4 57 6
21 6 63 9
51 11 67 11
52 9 57 10
13 7 53 7
1 3 67 11
60 5 60 11
47 11 65 11
8 3 52 6
53 5 54 7
62 5 64 11
27 10 34 11
52 4 69 6
41 7 53 9
35 8 63 9
65 2 65 6
29 7 60 8
22 7 58 7
66 9 66 10
47 9 69 9
40 10 58 11
63 6 68 11
61 7 61 7
41 9 48 9
35 11 64 11
51 2 64 5
41 6 43 6
46 7 62 10
20 8 48 9
10 9 46 9
10 4 54 11
46 1 69 5
56 9 60 11
34 7 36 7
43 6 49 8
57 3 62 10
62 3 65 6
11 3 15 9
36 1 40 1
33 10 69 10
63 10 68 10
44 6 46 11
61 11 64 11
15 5 49 5
62 9 65 10
24 11 58 11
63 11 68 11
21 6 58 8
8 3 37 11
2 6 68 9
65 3 69 11
