55 94 7403
....X.........X..X.X.....X.....XX.........X........X.........X....X.............X.....X..XX...
..XX....................X....X.XX.......X........X.......................X....X..X...X.....X..
.X...X...X.X.X.X..............XX...XX.............X.XX.....X...X.....X......X.X...X....X..X...
X...X...X.XX......................XX.....XX..........X.X.................X.........X.X...X...X
....X.X..X....X.XX.......X...........X......X.........X...X..X..X.........X.X......X.X.X....X.
........X.....X......XX......X....X.X......X...........X....X.X.........X..X..........X.....X.
.....X.....X.......X..XX...X.XX......X........XX.X.XX............X.....X........XX......X.....
X.X....X..X....X.....X.........X...X....X......XXXXX.......X...X..XX............X.............
X...X.X.X....X..X....X.X..X...X......X.........X....X...X..X..X.X..X.........X.............XX.
.........X...................XX...XX......X....XX................X...................XX.......
X....X............X....X....X..X..................XX..........X...........X............X.X....
...X.X...........X...X....X...........XXX...X....X.X.......X....X..X....X..........X.X.......X
X...........X...........XXX...........................X....XX..X.......X.X...X.........X...X..
XXX................X.X.............X.....X.X.....X..X..X..X..X.X......X.......X..XX...........
...........X.X.....X...........XX.......................XX.X.......X..........X.....X....X.X..
....X..X..X.....X..X............X..................X..X...........X....X....X..X..............
X.....X.................X.........XX.....................X.....X....X.............X...........
...X.X..X..X........X.........X......XX...XXX.......X.X......X........X.X...........X.........
......X....................................XX.....XX....X...X..X.X....X........X........X.....
..X...........X..X................X...............XX...X..X..X..X.........X.......X.......X...
..........X......X....XX.X..............X.X..XX...X.........X...X.......X..X..XX.........X....
.....................XX.X...X...X.X.........X..X.....X.........X.X......X......X...........X..
X............X...X...X.X..X...XX......X.........X.......X..X.......X.X..X....X...X....X.X.....
....X.X.X.......X.......X..X..................X..............X.X........X.X......X............
..................X..X.X.....XX.....X...X.........X........X.X....XX.X.......X.....X.X.X......
....................X..................X....X.......X..XX........X...X....X......XX......X.X..
...X...........X........X....X..X..X.X.......X.....X.....X..X.X.....X..............XX......X..
X......X.X..XXX.......X....X.....X..XX.X..X..X..X......X....X......X.....X.XXXX........X..X.X.
..X.......XX.......X.......X...........X............X..X..X.XXX............X.X..X....X........
..............X........X.........................XX....X......XX....X...X...X..X......X....XX.
................X.X.........XXXXX............X...........X....XX.....X.......X..X......X......
X...........X..........XX.X.......X......X.......X..........X.X....X...X..X...XX.........XX...
......X..X.......X..............X..X.XX.........XX....XX..........X.X.X.X......X.....X.....XX.
....X.X....X.X....................XX...........X........X...X.X...........X...X.........X..X.X
.....X......X..XX.X..X..........X......X..X..........X..X.......X....X.X.....X.XX.........X...
.X.....X....X...........X..XX..XX..X..X...X........X........X.X.X...X............X..........X.
....................X.X......X.....X.......X.X..........X......XX.........X.......X.XXX.......
.......X..........X..X.......X...........XX...XXX..X...X.X.................XXX...X......X....X
.X...X..........X......................................X.......X..................X.X.........
.XX.X........X.....X....X........X..X....X......X....XX.X...X....XXXX.....XX...X.XX..X.....X..
.X....X.X..........................XSX.........X.X.XX...X............XXX.........XX...........
.....X....X.X...X.X...................X........XX.....X..........X.........X...........X...X..
...X...X..XXX......X.....XX........................X....XX.....X..X.X......X..X..X.X.........X
....X..X............XX.X.X.....X..X.....X....X....X.......X..........X.....X......X....X....X.
.X..X.......X....X...................X.X..X...X...X.X........X....X.XX.....................X..
.................X...X.....X...X....X.......X.....X.X....X......X.....X...........XX.....XXX..
..............XX...X...........X.X..X.......X...X.....XX.X........X.X.....X....XX..........X..
.X.........X.X.........X......................XX...X......X........X......X..X.....X..XX.XX...
X.....X........X..........XXX......X..X..X..X.X.X...XX...........X..........X..........X.....X
....X....X...X.X.....X......X.......XX.....X........X....X......X..................X.........X
...........X............X.X..X..........X....X................X....X.......X.....X........X...
..............X.............XX.....XX...............X...................X................X.X..
X..X...XX.X.......................X...X...X..X...........X....XX.X...........XXX..........X.X.
.........X.......X.......X......X....X.....X....XXX.X.......X....X.......X.X..XX.........XX.X.
....X......X.......X......X...X.XX.......X.................X..................X..........X..X.
45 74 47 92
13 74 44 78
44 79 44 93
2 16 22 48
2 82 7 94
19 66 48 79
40 80 55 90
30 71 37 86
46 33 53 44
29 16 33 75
3 20 12 41
6 80 31 90
3 53 29 55
21 50 53 79
9 73 20 91
12 88 53 88
24 5 36 58
48 80 53 82
8 75 51 91
1 50 39 62
47 82 52 88
53 73 53 87
11 35 36 40
3 7 42 19
21 25 46 61
43 48 55 57
20 74 36 81
33 29 48 50
40 2 50 63
35 18 48 44
15 78 23 87
13 8 28 37
23 57 26 57
30 25 55 89
45 92 47 92
39 25 55 68
19 34 24 64
18 29 55 61
50 43 53 73
40 1 42 92
20 37 34 87
25 77 41 87
38 63 38 75
40 67 45 74
9 24 16 57
30 50 45 92
5 31 33 62
5 23 13 81
17 93 18 93
31 16 32 29
53 84 55 91
1 68 3 90
36 86 36 89
21 28 50 87
35 2 48 48
18 61 41 73
24 21 46 77
24 25 39 57
23 28 30 48
29 50 46 63
9 45 18 82
26 5 45 31
1 59 34 90
15 41 51 63
22 49 42 73
11 27 29 59
35 39 48 54
39 45 45 77
39 64 43 72
18 90 48 91
38 77 45 92
27 73 40 76
13 24 38 74
2 70 3 91
42 65 54 89
29 15 29 44
26 12 51 81
7 50 15 57
28 64 42 81
25 57 48 92
14 50 52 86
7 31 44 71
15 29 36 89
2 57 6 83
32 94 32 94
44 93 51 94
49 72 50 92
39 5 40 41
26 68 51 77
45 68 47 87
13 68 52 92
30 26 53 38
55 57 55 69
38 7 50 81
23 45 25 60
55 43 55 70
4 21 52 40
55 5 55 77
36 20 46 84
18 32 19 93
18 26 24 76
42 35 50 88
54 18 54 48
24 81 45 81
49 43 55 94
4 57 43 75
41 13 51 49
38 88 42 89
50 17 53 88
26 56 55 70
10 90 45 90
16 4 42 75
21 50 32 80
21 3 33 29
27 70 51 84
15 67 39 73
7 41 33 69
43 30 43 61
45 53 51 64
13 75 19 85
10 91 32 92
8 52 28 84
37 68 54 71
54 63 55 68
16 66 42 79
32 57 53 86
34 16 36 66
14 90 51 94
55 46 55 66
31 46 32 73
42 1 45 92
41 66 41 83
24 84 39 91
19 46 47 91
53 15 53 49
55 19 55 21
54 43 54 44
1 39 48 88
36 39 43 50
52 58 54 76
47 6 52 70
49 35 49 37
25 86 50 94
10 53 22 75
26 24 38 88
34 21 42 27
50 11 54 46
3 20 23 71
18 7 23 27
32 14 55 40
17 45 43 47
37 51 54 79
7 3 16 93
45 43 51 71
31 32 49 58
4 83 41 88
10 63 31 67
21 83 53 92
17 24 55 94
7 89 55 93
4 54 20 88
19 72 44 94
9 84 49 92
54 49 55 65
36 38 37 78
17 76 21 84
48 3 48 78
41 16 44 83
21 26 44 61
36 90 36 94
55 63 55 82
54 55 54 72
36 5 50 68
42 11 45 88
51 61 53 82
2 12 36 54
39 15 45 25
10 58 17 70
10 34 33 70
53 8 53 19
25 11 48 17
43 71 45 92
40 46 44 92
50 27 51 77
15 10 39 69
22 18 31 34
36 68 47 87
44 78 52 84
22 28 47 92
52 9 55 85
31 13 42 23
55 20 55 86
41 70 46 84
26 2 33 68
10 7 53 41
13 69 39 88
37 27 48 28
28 55 28 80
10 22 37 68
35 10 50 85
7 75 12 85
50 35 53 63
15 17 26 20
23 15 36 78
10 90 47 94
10 17 54 18
21 21 22 93
26 61 53 85
10 19 50 29
34 80 35 86
39 39 54 68
1 65 50 65
23 55 32 83
34 50 37 55
48 49 52 91
52 65 54 80
45 15 50 26
7 38 43 62
29 44 35 45
5 80 13 82
47 53 52 93
30 48 46 53
24 73 34 85
31 57 31 71
32 61 52 66
7 12 15 15
26 60 33 91
1 73 48 74
38 27 46 56
45 72 53 75
18 32 33 93
13 82 54 92
15 67 37 75
34 27 50 64
45 7 48 46
12 50 32 58
8 13 45 20
4 11 17 83
53 44 54 47
31 4 34 37
42 57 52 62
28 14 46 23
38 64 42 77
47 35 53 46
1 31 51 65
30 33 36 83
29 73 33 87
48 33 51 64
40 49 51 90
23 49 45 64
45 3 47 77
35 19 55 29
35 63 53 64
25 40 27 46
30 21 35 84
31 10 52 48
43 27 55 45
2 5 46 58
16 57 18 86
53 20 54 34
40 77 40 78
27 89 27 93
35 13 47 38
52 16 53 69
32 36 52 65
42 42 44 70
35 49 41 83
5 35 23 63
18 31 32 49
27 67 54 71
41 22 41 83
45 45 47 67
42 14 54 26
49 78 54 88
35 87 53 89
25 82 50 92
40 88 55 93
41 38 52 93
46 74 55 76
7 3 7 22
47 88 52 91
54 72 55 75
34 1 43 47
25 79 37 85
6 40 7 41
1 62 2 68
13 18 53 76
13 29 30 55
15 53 51 71
4 13 47 90
51 60 52 65
7 36 39 90
36 29 55 36
45 50 48 55
13 63 26 83
34 94 47 94
40 57 45 86
22 43 41 82
11 39 54 89
45 61 48 67
29 12 49 14
49 94 54 94
1 59 26 59
21 4 33 79
38 28 38 28
43 43 52 89
20 43 22 90
29 94 42 94
46 18 50 33
50 84 52 84
6 66 51 70
44 21 46 36
38 75 39 75
36 73 44 82
34 71 42 92
44 70 48 93
24 59 31 70
11 80 18 94
11 10 22 86
12 36 55 47
18 72 26 75
1 65 33 74
20 76 36 87
22 39 45 44
4 41 33 72
35 74 35 89
41 4 51 73
28 22 52 77
41 49 55 67
36 17 41 91
47 7 48 45
36 58 41 84
31 1 34 75
37 26 50 60
43 5 45 94
38 67 44 69
12 88 24 91
11 67 12 76
43 66 45 67
1 71 1 84
32 52 36 82
26 11 50 23
39 23 40 80
55 57 55 94
52 51 52 80
27 9 27 55
25 93 34 94
6 16 42 94
40 22 52 28
32 56 50 60
10 17 23 50
32 57 34 67
29 56 47 79
3 60 6 76
36 77 55 91
39 65 46 69
9 1 54 20
54 83 54 93
55 3 55 85
55 18 55 84
10 28 51 68
11 24 52 31
13 67 14 73
49 22 51 35
16 94 50 94
49 36 50 73
49 1 50 66
30 72 44 76
25 65 35 86
52 61 53 80
8 29 17 48
12 77 16 91
32 56 48 86
16 38 38 57
49 13 54 30
50 11 51 64
34 48 47 82
18 54 49 93
39 67 42 84
11 67 27 70
13 63 44 84
20 23 37 59
16 11 53 13
2 68 2 93
43 46 51 77
28 60 40 91
33 92 43 94
29 88 38 90
2 20 8 45
2 76 40 86
13 55 44 91
4 38 35 43
3 85 26 86
30 65 43 77
29 71 47 80
28 67 33 88
33 87 48 93
45 14 48 32
37 46 47 58
4 39 17 94
1 7 33 18
25 94 30 94
14 66 16 88
13 75 40 87
24 36 33 43
7 49 19 68
22 18 22 90
38 15 52 34
1 75 9 93
3 43 42 91
35 63 50 82
51 28 52 58
17 28 31 66
50 47 51 53
50 39 54 73
19 39 42 78
25 71 38 89
48 18 50 77
36 11 50 60
52 52 55 59
51 42 51 64
12 17 44 50
43 36 43 45
24 18 42 59
50 21 55 58
42 70 47 85
7 59 8 60
22 79 27 90
17 88 39 88
50 54 52 57
20 90 44 93
11 22 51 63
3 29 34 93
37 10 42 38
47 21 48 89
50 34 51 77
26 20 51 60
52 42 54 81
14 89 26 92
6 51 45 92
5 89 5 89
23 41 38 49
32 1 40 57
11 16 28 46
50 34 51 89
24 55 40 74
37 60 52 61
11 90 29 92
24 33 24 46
4 81 31 90
33 20 38 87
46 65 54 83
18 58 19 62
55 42 55 58
30 58 51 84
33 84 33 90
32 82 38 87
42 88 48 94
7 38 21 52
45 64 54 87
45 2 48 13
33 43 54 53
5 55 51 55
17 43 21 60
2 28 55 83
11 24 52 65
47 50 54 57
43 2 45 85
48 77 54 91
26 38 28 49
4 61 25 61
44 64 49 76
29 16 38 74
33 18 44 44
48 11 55 45
42 85 51 90
45 37 51 45
20 11 35 64
47 34 50 48
27 73 43 92
4 27 16 40
20 37 33 85
9 37 14 62
53 75 55 75
49 28 53 30
12 80 13 81
13 89 14 90
21 26 40 53
21 7 50 59
21 55 48 65
50 90 53 91
8 60 26 70
8 83 24 88
46 3 52 56
49 43 51 73
38 60 44 62
51 26 54 50
19 5 23 26
55 31 55 31
36 45 39 55
32 39 42 73
53 47 55 70
41 32 53 81
24 64 54 66
26 73 41 82
53 41 54 71
47 23 53 83
5 33 40 64
32 46 36 93
1 19 40 58
37 1 48 21
33 88 54 89
46 86 48 88
23 13 47 73
19 52 35 80
42 68 46 74
31 52 46 53
26 9 39 58
1 93 11 94
8 38 44 66
35 94 52 94
34 8 55 23
27 22 39 57
29 47 36 90
20 18 24 74
53 19 53 36
17 49 43 75
39 1 43 80
55 2 55 35
27 33 39 50
22 22 47 89
42 15 46 92
4 63 47 67
46 66 48 90
49 30 54 47
13 16 45 29
41 49 43 73
35 65 50 72
44 83 47 89
4 30 31 82
42 1 55 85
16 56 49 60
50 77 51 88
1 73 36 74
32 36 40 83
47 59 52 61
9 37 35 71
45 26 51 82
45 71 46 83
34 40 37 64
52 88 52 88
52 44 55 89
7 14 38 63
40 70 51 89
27 40 36 93
6 18 50 90
13 29 34 40
11 25 24 90
33 10 52 25
43 82 50 83
37 89 45 91
2 93 20 94
53 49 55 90
6 90 39 92
14 93 41 93
32 89 38 94
25 71 44 79
53 68 54 92
12 82 49 86
45 22 46 31
14 73 55 88
9 36 16 67
13 48 23 76
19 18 53 44
37 36 44 59
24 88 30 91
16 74 16 83
41 36 41 80
48 82 54 90
11 28 12 65
42 29 53 35
16 15 17 23
47 55 54 62
40 44 55 92
46 43 54 71
16 1 50 56
42 60 42 64
34 70 54 78
11 66 50 89
22 33 51 43
44 44 53 83
6 21 25 84
2 21 55 21
20 79 30 88
22 4 37 20
13 70 14 75
30 29 42 69
5 10 37 82
13 19 55 82
15 42 45 48
5 91 52 92
39 51 43 62
35 1 35 14
50 33 54 41
10 61 30 79
22 80 49 86
29 84 40 85
21 31 38 43
1 27 29 66
42 24 45 92
37 25 46 55
6 35 40 40
8 71 23 87
38 58 55 86
23 13 34 37
51 10 54 77
33 4 33 35
10 32 33 59
28 46 54 47
42 49 44 51
33 42 40 72
26 68 30 90
1 53 54 74
23 8 54 42
43 55 50 70
52 74 53 91
20 29 26 61
32 73 50 88
1 13 35 65
54 22 54 88
24 50 52 91
35 48 47 48
31 9 51 74
41 52 52 73
7 15 13 50
8 77 18 77
24 69 25 88
10 24 36 55
47 40 47 89
44 12 47 94
14 21 24 51
32 30 33 40
39 10 52 89
43 65 50 86
49 13 55 37
2 74 23 82
50 84 55 89
30 86 51 90
54 34 54 52
43 74 55 84
15 8 30 33
26 5 45 83
42 67 48 73
30 54 51 80
22 87 23 88
41 39 41 85
7 83 54 94
12 28 17 75
1 8 32 18
5 15 6 18
18 86 43 90
12 49 21 83
48 9 52 21
32 18 53 78
20 52 46 75
12 6 22 19
18 43 28 68
46 20 54 51
9 10 51 71
2 50 17 68
9 51 11 51
11 3 11 77
19 83 41 85
21 1 51 93
5 33 32 36
42 66 46 80
46 65 50 93
38 55 51 63
31 24 34 88
35 34 48 90
10 71 13 78
42 87 44 91
55 8 55 26
8 86 41 91
18 88 51 94
42 58 44 70
31 28 31 76
49 46 55 48
6 42 19 51
9 40 50 76
15 17 55 57
4 73 12 85
23 38 38 70
4 86 31 88
36 5 39 6
19 82 42 94
15 65 25 91
23 47 44 91
52 22 54 89
13 49 22 78
28 81 48 92
3 23 26 63
17 59 39 59
31 7 33 76
55 19 55 26
5 39 30 73
52 6 55 18
22 84 23 90
37 91 53 91
9 10 18 54
17 11 26 39
9 30 34 80
22 28 38 92
52 46 52 79
7 38 38 60
54 36 55 41
31 27 32 67
11 82 26 84
36 88 44 89
25 70 32 75
9 8 35 13
29 89 35 91
48 72 50 82
24 84 55 94
44 88 45 90
36 67 49 91
20 34 43 86
18 14 31 74
13 63 17 82
45 60 47 64
30 74 32 85
48 25 54 50
49 78 55 82
36 49 47 55
8 24 29 80
39 80 52 90
15 68 18 80
1 9 7 11
35 38 53 70
22 71 44 90
48 82 49 89
29 83 39 84
45 74 54 88
20 44 39 63
30 44 49 51
42 15 49 26
31 56 49 69
3 19 18 26
35 4 37 18
51 64 51 77
45 28 53 65
19 27 23 76
1 76 2 79
51 83 53 83
5 14 24 24
10 32 30 43
23 42 34 56
24 68 39 87
3 36 48 50
51 74 51 82
29 30 49 53
15 54 53 55
26 58 32 67
10 44 25 59
43 75 48 80
6 85 36 92
25 30 38 73
9 13 49 20
54 8 54 14
3 42 5 63
21 15 37 30
4 3 20 35
28 76 32 86
7 62 55 89
39 78 49 82
9 26 13 27
42 79 44 82
18 25 44 53
4 22 47 60
33 71 36 84
34 1 39 73
21 65 25 71
9 37 40 43
16 54 45 64
52 27 55 80
10 43 43 53
50 77 52 83
36 13 52 77
31 82 43 82
51 12 53 39
23 37 31 54
51 68 54 78
21 67 41 79
11 29 40 37
45 14 50 67
17 50 25 61
30 48 31 80
4 47 10 64
47 5 52 70
19 28 43 60
33 32 41 49
32 82 37 88
47 58 53 80
52 8 53 69
39 76 43 85
43 6 47 41
19 47 26 55
5 51 10 94
30 48 41 74
14 92 16 92
51 2 51 56
37 60 46 65
51 67 52 85
23 87 24 92
43 41 53 61
39 75 46 90
41 77 55 77
40 88 43 89
7 46 35 77
6 51 17 83
38 61 47 87
10 47 45 72
50 11 52 45
50 82 53 93
40 25 53 57
44 54 49 94
40 4 43 35
8 73 29 90
20 94 30 94
33 73 38 88
44 33 51 42
3 41 44 69
24 75 47 76
17 6 36 78
50 57 54 88
38 60 38 62
26 22 43 37
11 35 37 88
42 23 44 24
25 51 55 66
30 28 42 46
23 15 23 45
35 22 44 42
54 81 54 85
29 60 29 77
21 59 30 60
1 58 20 80
53 82 55 91
55 77 55 87
41 16 53 91
15 45 24 75
8 10 10 67
40 55 43 75
31 34 43 35
2 80 52 91
38 30 47 90
13 24 29 76
48 70 53 82
27 68 39 81
22 57 23 66
31 59 51 88
23 14 39 49
19 1 50 26
27 58 52 89
10 43 45 94
35 52 50 93
10 42 55 55
23 66 54 91
10 92 51 92
14 90 54 92
7 16 7 47
38 27 49 50
40 7 43 49
33 93 44 94
20 90 40 92
3 67 47 92
45 21 46 25
22 37 45 84
42 34 42 85
7 45 10 67
37 94 49 94
52 58 54 61
38 40 38 45
11 16 16 44
55 21 55 25
39 53 44 54
37 65 55 87
34 92 42 94
45 79 45 92
4 49 42 82
51 78 51 82
28 6 37 82
25 22 35 47
40 52 55 56
20 6 45 78
27 75 50 93
54 89 55 93
51 65 53 66
51 93 52 93
26 31 52 88
12 38 50 89
31 55 45 61
18 14 31 61
14 53 24 70
26 10 31 43
11 72 34 94
36 59 44 92
1 44 2 81
33 42 41 87
12 23 36 79
45 25 51 54
48 34 54 82
52 74 55 91
32 60 50 88
26 93 31 94
30 41 34 63
6 41 46 71
24 4 49 70
16 67 25 75
28 78 51 91
37 77 53 84
24 6 51 47
42 10 51 36
38 84 55 94
42 31 54 90
4 36 42 44
3 78 28 90
28 52 48 94
4 20 39 73
49 77 54 94
13 64 47 92
49 63 49 70
13 3 25 11
51 72 52 77
10 51 49 84
6 35 33 82
44 8 52 49
14 55 28 76
53 5 55 50
32 80 32 80
16 81 53 93
18 54 37 61
20 29 43 66
6 83 44 89
12 24 33 27
49 27 50 64
47 20 48 90
45 73 51 88
36 9 41 93
26 70 41 76
3 52 3 63
3 62 52 72
3 32 26 32
51 75 55 76
19 50 43 50
36 9 40 13
22 20 30 20
21 8 36 67
13 81 15 91
49 61 49 63
3 54 28 78
47 7 49 66
17 41 52 81
52 54 53 59
38 13 44 65
4 10 42 37
15 80 32 83
55 15 55 70
31 19 50 37
3 55 12 65
42 93 46 94
47 55 53 87
30 18 36 28
26 14 40 73
2 39 6 58
35 26 45 75
41 11 48 32
48 3 53 58
17 47 42 54
43 30 53 36
32 11 45 35
17 41 20 70
43 58 52 71
9 72 48 88
12 41 55 41
2 55 6 67
30 94 44 94
38 71 40 89
12 62 53 72
9 26 19 44
10 19 31 49
33 32 35 63
5 48 10 65
9 62 36 73
19 26 55 70
6 94 50 94
13 53 52 63
51 39 53 45
30 42 32 48
31 17 43 80
46 46 54 93
48 70 52 93
30 93 46 93
33 29 44 53
8 82 16 84
52 74 55 83
20 88 41 91
37 75 41 79
27 43 52 52
48 55 52 56
26 28 49 93
52 8 52 33
28 78 46 80
51 28 52 63
44 91 44 92
45 78 51 92
2 69 50 80
38 62 42 90
2 18 30 83
46 82 52 94
1 17 22 49
45 73 47 93
10 90 50 93
34 13 35 35
26 69 27 93
36 42 44 74
52 29 55 72
21 47 26 70
41 79 43 79
16 4 30 78
5 41 43 49
1 11 23 82
15 48 34 87
23 11 44 88
19 87 48 91
6 38 29 81
38 63 47 88
7 88 49 93
17 66 46 73
8 40 39 71
6 77 41 81
13 16 46 76
44 81 50 83
17 80 45 84
15 6 20 47
38 13 42 37
55 61 55 80
7 86 43 88
21 66 30 70
42 5 53 74
48 84 50 93
5 5 27 60
26 60 40 76
52 55 54 69
22 54 48 89
28 94 45 94
53 59 54 63
20 88 37 91
39 44 46 90
35 47 47 83
26 27 48 35
1 85 4 93
42 69 42 81
24 25 53 83
3 79 52 84
1 32 2 53
49 69 55 89
12 84 39 93
1 46 8 92
16 60 17 65
23 39 37 61
24 57 24 86
46 6 51 26
11 70 48 79
28 20 47 28
2 19 2 77
25 34 42 56
23 68 54 85
48 70 52 82
51 34 53 34
12 91 36 91
1 31 43 41
40 82 45 94
3 25 27 26
55 9 55 15
51 7 55 19
34 76 37 80
21 9 41 14
46 83 51 92
19 13 24 77
47 33 54 44
2 10 49 30
29 77 49 79
26 40 50 79
54 82 55 90
10 33 46 89
35 94 51 94
3 68 17 72
14 35 39 58
54 23 55 40
52 67 54 86
48 9 54 23
44 33 45 33
46 68 48 80
40 48 51 51
44 40 55 54
16 69 40 69
33 87 38 93
16 40 31 93
28 70 34 79
51 15 52 46
13 27 17 55
55 82 55 90
21 68 37 69
51 53 54 66
31 26 37 85
4 76 51 93
19 87 30 92
15 23 25 34
30 44 36 80
36 6 39 15
12 11 44 23
39 40 52 84
49 88 51 90
54 62 55 92
26 76 38 85
2 90 27 90
21 47 45 69
3 24 38 37
20 1 22 73
8 51 29 86
10 3 23 90
12 60 25 94
50 33 55 85
4 78 48 90
26 75 40 86
49 34 53 59
34 45 49 90
34 74 46 88
47 12 50 86
52 36 55 84
9 43 39 59
2 77 43 81
31 27 37 89
51 54 55 58
41 85 41 89
2 71 17 86
4 46 31 90
26 81 35 81
44 37 51 76
38 65 50 90
41 51 42 88
53 66 54 86
48 37 50 63
20 71 36 71
47 34 53 64
26 28 41 60
32 37 38 44
11 15 43 24
38 9 39 33
27 89 29 92
28 88 53 88
24 15 26 18
42 84 49 89
36 58 45 91
46 25 50 40
7 86 35 87
52 70 53 78
31 93 42 93
42 3 46 7
37 62 47 67
43 54 55 94
22 60 34 63
7 22 14 81
1 80 45 90
38 29 54 74
19 15 52 52
31 77 43 88
4 91 43 91
36 37 39 64
35 51 44 70
22 50 43 54
25 58 52 66
10 56 42 75
18 80 21 84
49 74 54 81
2 91 47 94
1 53 7 77
12 12 12 43
19 84 33 86
44 58 50 85
10 87 20 89
51 18 54 44
42 18 51 39
32 27 34 66
25 19 44 87
50 33 50 91
27 37 47 66
21 2 38 12
7 25 36 72
46 61 48 81
12 87 30 89
8 71 52 91
15 59 51 71
35 7 41 57
39 3 49 12
14 78 23 82
2 37 43 38
13 42 39 80
46 80 54 86
43 65 55 71
18 81 19 84
47 90 50 92
16 14 26 93
27 26 51 44
45 91 45 94
22 51 55 86
36 42 49 43
48 22 54 46
3 13 44 42
3 72 51 74
12 15 55 68
24 88 52 92
26 13 47 59
25 66 47 79
33 63 52 66
20 83 50 93
16 17 44 40
38 94 42 94
48 77 51 89
28 85 52 86
1 48 35 67
47 83 55 88
30 43 37 83
6 4 17 79
55 45 55 46
44 47 45 83
16 92 50 93
25 65 30 73
16 87 17 94
44 2 51 35
31 25 41 46
19 21 43 77
50 14 55 57
7 17 38 50
36 58 53 77
35 87 35 91
17 26 30 34
40 79 43 84
17 60 29 62
5 39 32 75
51 18 55 57
50 76 55 83
17 18 55 80
55 67 55 84
9 75 29 89
42 69 54 69
40 30 48 82
43 63 47 85
44 44 54 76
37 43 41 79
28 70 32 75
17 91 52 91
5 67 10 78
12 16 44 43
24 18 41 21
15 39 32 80
22 70 45 78
21 59 50 61
39 72 50 72
32 67 38 86
1 73 50 94
45 17 50 32
23 56 44 81
12 71 50 85
41 86 43 92
26 60 34 73
32 20 36 89
26 77 53 85
33 53 47 74
15 41 23 61
6 30 34 36
36 94 48 94
46 74 46 79
6 31 45 79
17 48 51 81
53 61 53 91
1 93 20 94
5 12 20 44
12 70 47 76
52 77 54 89
51 88 52 94
22 28 35 54
27 40 35 70
3 14 43 76
42 56 42 86
11 32 55 35
33 24 33 41
38 4 38 72
32 62 54 89
14 17 40 51
21 3 49 6
13 54 13 54
16 3 39 86
30 28 49 89
17 50 53 55
40 91 52 94
41 77 44 89
54 9 54 56
53 82 55 86
13 67 48 91
20 12 32 62
7 58 48 88
17 75 51 92
41 27 54 53
4 27 39 58
22 37 45 53
42 31 55 35
54 50 55 56
43 15 53 40
36 6 36 52
43 69 51 74
7 24 13 66
55 75 55 77
11 31 25 65
31 36 46 57
2 90 54 91
7 75 11 91
49 70 52 76
28 92 32 93
10 67 19 94
34 40 55 57
49 1 49 83
44 68 52 84
11 23 52 93
14 89 51 90
44 66 52 91
29 83 35 86
18 67 40 68
24 14 26 85
5 78 48 84
36 83 38 88
52 94 55 94
28 50 38 87
39 60 42 79
5 53 13 58
39 62 51 62
31 55 40 88
20 29 40 77
39 16 54 32
12 4 43 61
28 15 47 44
25 87 37 91
50 14 50 74
53 88 54 89
11 77 14 87
15 87 43 94
15 10 44 75
44 93 54 93
3 17 34 76
43 83 49 94
20 1 28 91
50 12 50 69
22 43 23 52
53 75 53 75
7 91 31 91
46 13 55 42
54 73 54 90
30 55 49 91
41 8 52 30
55 31 55 34
47 66 53 93
3 50 50 61
36 65 49 91
16 54 35 69
25 19 51 84
55 62 55 71
38 15 55 48
18 51 32 74
42 84 54 90
35 19 52 75
13 49 38 67
15 41 28 63
42 87 48 92
51 94 55 94
43 72 46 82
42 10 49 34
35 88 35 89
34 44 55 78
20 84 20 86
50 31 51 56
42 22 43 64
43 65 53 66
15 5 19 7
51 29 53 75
19 65 23 65
51 52 55 84
20 58 32 92
29 10 45 23
34 93 35 93
42 54 46 90
3 28 27 48
29 87 31 92
16 85 54 90
52 35 52 71
36 45 44 69
22 53 40 92
26 94 29 94
8 17 43 43
38 62 43 65
55 6 55 8
17 86 43 91
13 49 43 63
37 24 50 26
46 66 50 84
22 62 55 88
20 78 39 89
21 47 26 53
14 70 29 86
24 40 51 82
3 23 11 52
28 15 33 41
18 17 32 64
16 15 19 34
17 33 27 93
39 55 45 91
2 2 16 50
41 26 44 44
6 88 28 92
16 82 35 92
19 20 21 28
37 77 38 91
20 68 53 82
39 47 46 59
48 57 53 83
37 37 49 52
19 26 31 39
51 65 54 76
42 19 51 20
18 51 25 82
32 29 39 93
53 22 53 41
27 67 32 72
37 33 46 70
37 23 48 83
8 14 35 60
47 88 54 91
18 56 31 60
4 3 52 70
1 26 50 32
6 52 15 81
46 53 55 88
13 32 25 88
47 35 54 57
38 50 55 55
21 66 42 92
41 92 49 92
13 52 26 87
40 41 46 69
41 60 54 65
48 28 52 83
32 47 41 93
11 7 23 74
53 7 53 7
34 23 48 33
29 20 39 21
2 19 37 91
44 10 54 91
15 55 46 77
32 89 42 92
11 54 47 54
40 14 55 85
16 17 31 72
6 32 28 62
33 8 44 51
6 41 37 57
47 72 52 82
40 21 43 85
22 43 22 53
33 24 45 44
24 2 37 80
55 21 55 39
4 56 44 80
40 82 43 90
53 67 55 90
27 31 28 68
23 28 48 62
37 61 39 78
11 68 32 91
50 60 54 80
38 92 49 94
12 75 51 81
42 44 52 50
26 56 53 69
33 82 55 92
55 77 55 93
35 62 45 63
11 50 18 63
4 13 45 57
15 90 20 92
38 28 41 73
48 2 49 92
11 74 48 86
42 87 54 92
27 40 43 67
49 3 52 24
3 91 37 93
36 45 52 52
7 54 19 80
5 30 30 34
24 79 43 94
9 26 18 73
29 70 42 84
1 27 35 48
40 38 40 42
16 30 21 81
50 20 55 91
18 69 24 80
36 39 44 56
15 92 39 94
7 22 20 44
6 68 22 73
15 85 51 94
47 3 52 45
17 74 24 75
46 71 51 82
38 12 38 85
20 37 37 87
53 26 53 44
10 39 14 80
10 43 41 70
30 37 47 42
5 46 39 46
18 66 50 73
39 14 43 82
27 54 48 87
24 80 50 87
46 47 47 80
24 8 26 61
3 4 49 81
48 50 51 77
47 53 49 70
5 62 44 89
6 52 47 81
4 77 43 78
55 56 55 80
51 24 53 27
6 69 29 75
42 78 46 91
22 87 27 88
49 55 55 63
5 15 24 29
23 47 27 55
41 22 42 65
41 10 42 74
43 64 55 71
4 35 45 79
34 68 49 78
53 65 53 69
42 3 52 29
5 3 12 82
16 20 38 62
31 84 54 90
53 53 53 90
50 21 50 92
23 64 27 72
49 81 49 93
15 79 49 85
41 2 51 5
14 43 27 84
3 85 35 93
50 78 53 79
4 86 9 91
34 82 45 84
23 92 52 94
37 58 37 85
15 14 44 19
20 39 34 83
11 84 16 85
49 3 53 4
52 59 54 65
38 4 53 60
46 76 51 87
19 34 49 65
30 69 54 89
28 21 53 48
47 94 49 94
10 90 21 93
30 55 38 65
36 24 53 65
49 15 51 63
22 85 45 87
16 44 44 59
25 87 30 91
31 88 46 93
25 70 49 72
7 22 39 87
39 20 55 76
19 55 54 78
26 48 31 60
30 3 30 12
4 91 28 93
43 77 55 83
5 41 43 92
3 42 29 55
41 46 51 71
4 37 33 44
5 74 46 90
50 68 51 92
12 93 25 94
1 34 5 88
17 68 40 82
14 22 45 84
9 46 12 57
14 88 40 88
9 29 36 59
27 55 46 66
38 45 48 90
54 91 54 92
29 93 31 93
38 21 52 69
32 85 43 88
19 36 24 69
7 89 28 92
21 90 23 93
29 51 34 62
5 56 6 73
17 57 37 59
9 47 55 72
21 10 32 75
20 46 21 93
45 89 53 93
22 5 28 91
45 48 48 68
12 68 36 78
33 87 35 88
5 70 54 85
20 3 44 66
25 66 27 71
36 76 45 87
8 55 49 69
51 48 55 78
14 62 47 86
11 68 53 73
6 25 37 69
19 40 44 64
9 92 35 93
2 6 18 9
41 46 49 72
53 67 55 82
44 72 49 91
40 77 53 94
12 9 19 79
13 68 13 84
50 56 55 86
16 15 46 38
45 75 46 76
35 24 47 84
16 58 48 70
1 1 9 89
36 56 44 90
38 35 55 72
38 6 54 88
15 38 15 84
37 79 50 83
10 54 23 62
36 13 47 77
33 46 42 79
37 87 46 87
2 82 4 82
43 38 43 45
34 84 48 88
54 60 54 87
36 29 42 72
41 16 48 80
23 77 35 91
19 66 24 73
19 80 39 90
14 31 20 32
51 45 53 67
14 20 20 56
25 72 39 78
47 53 51 74
52 59 52 81
46 77 53 87
25 45 30 57
9 79 21 84
52 19 55 48
45 76 51 78
41 83 55 88
30 20 38 93
17 26 29 63
47 3 50 6
49 87 51 93
38 51 46 94
48 79 48 89
47 18 48 24
13 60 27 76
40 70 50 80
48 74 49 85
42 3 45 55
20 5 52 53
34 75 48 89
10 72 41 74
46 69 47 84
51 45 52 57
1 30 22 54
46 57 50 65
4 22 52 78
48 60 55 61
55 37 55 68
35 14 44 54
51 64 55 78
13 50 41 65
6 30 43 47
11 26 45 91
38 83 44 93
15 70 35 76
18 72 38 86
48 11 53 82
6 94 11 94
39 91 48 91
55 90 55 90
36 4 52 7
7 55 42 69
18 45 21 69
51 49 51 59
31 6 55 50
46 24 48 41
18 57 18 57
23 29 53 70
4 29 25 60
30 15 47 67
45 14 47 21
13 35 33 91
52 80 55 91
39 1 42 38
24 90 31 92
2 86 25 86
12 16 54 74
34 69 37 90
3 71 35 81
54 18 55 18
14 37 15 43
27 63 53 72
47 84 49 87
53 13 53 59
43 90 46 91
3 26 30 45
24 74 35 77
50 38 54 45
51 48 53 73
19 79 46 81
51 6 52 89
3 48 41 59
30 75 44 82
32 10 52 19
33 51 34 89
21 11 45 75
4 47 44 59
38 60 54 88
30 41 52 55
55 28 55 37
26 39 32 45
39 31 50 87
54 40 54 88
17 58 36 82
27 36 47 78
11 76 24 90
37 7 51 13
12 25 33 57
18 82 28 84
15 82 47 89
27 35 53 45
26 14 38 31
23 88 50 90
30 53 52 56
40 69 50 77
9 6 43 66
18 79 52 79
27 34 47 46
12 1 33 85
14 19 15 50
39 80 54 83
39 54 52 73
38 15 40 49
20 50 37 61
29 75 47 78
50 21 52 25
17 9 31 70
35 28 47 90
8 36 43 60
48 63 50 65
14 91 20 93
44 57 48 76
23 25 54 63
53 17 53 91
23 93 29 93
51 46 55 60
41 62 55 84
54 67 54 73
36 62 52 69
52 59 54 89
21 65 49 70
43 27 53 28
22 87 26 92
28 89 36 91
29 31 31 68
15 47 53 51
7 69 28 87
42 89 47 89
1 35 39 79
11 80 29 94
27 64 45 94
35 53 42 93
20 78 49 93
42 50 42 82
11 67 18 92
44 94 47 94
2 88 50 92
45 68 55 76
1 90 18 93
15 72 46 89
16 39 33 76
10 55 18 82
44 90 47 93
14 26 47 85
5 52 7 82
13 6 39 61
8 64 44 84
23 55 24 78
46 54 53 67
30 87 43 88
11 64 42 77
54 23 54 28
37 64 52 66
35 82 42 87
23 1 54 52
25 63 42 75
11 36 43 63
13 41 34 93
35 31 49 83
14 32 22 74
43 82 52 91
14 58 19 85
8 23 50 44
7 6 31 26
22 20 28 38
39 47 52 63
24 56 24 92
48 54 49 94
51 44 55 49
16 23 53 25
7 36 28 80
3 15 6 71
52 76 55 83
16 75 46 76
50 38 53 91
22 79 36 79
5 10 53 12
47 92 53 93
4 77 12 86
44 82 54 94
53 34 54 49
44 2 52 94
54 23 55 41
5 47 33 88
44 2 45 20
16 75 41 78
9 21 41 80
52 79 54 89
16 31 28 66
25 16 44 29
25 31 35 45
26 73 51 92
36 82 41 92
6 8 30 13
38 32 48 55
1 46 27 65
19 86 44 92
24 52 42 62
13 85 51 91
39 74 44 82
30 1 46 16
38 82 46 90
30 80 30 91
30 65 47 84
41 89 54 92
25 27 42 45
42 94 48 94
17 90 47 91
50 81 54 91
3 68 4 87
44 30 44 67
32 68 32 86
4 38 11 50
1 93 48 93
22 86 38 91
36 61 46 68
15 49 27 63
49 11 55 55
9 38 18 62
33 70 51 72
51 22 54 43
39 46 49 77
13 22 38 65
38 26 42 36
40 47 44 85
13 32 19 84
14 28 46 82
45 35 55 51
21 84 37 84
11 52 51 92
27 6 49 20
27 30 53 60
20 21 35 30
50 90 52 93
35 66 55 68
12 6 15 11
32 48 52 90
15 6 50 77
17 50 45 91
31 17 49 41
6 29 38 70
45 56 55 57
1 78 44 92
39 89 51 90
10 20 25 45
50 5 54 73
20 64 54 65
14 89 19 94
53 49 53 74
14 14 32 94
15 26 25 59
13 24 38 91
36 47 45 80
21 58 47 60
14 58 24 89
8 73 20 74
32 15 46 72
9 25 46 40
26 27 48 90
5 34 43 81
31 48 46 78
28 53 40 62
7 34 51 64
34 14 48 52
44 16 47 45
46 29 53 44
5 84 6 88
39 56 42 58
51 33 55 56
38 26 42 38
35 35 43 66
22 54 40 85
29 70 44 76
11 72 51 81
36 77 44 94
2 59 47 91
47 52 55 67
47 34 55 91
17 15 52 40
53 39 55 67
8 84 51 85
43 49 50 91
14 36 24 37
48 53 50 66
8 53 9 75
21 7 52 29
46 48 54 49
41 8 54 39
36 65 53 82
42 77 43 86
23 88 53 94
20 84 52 93
20 52 39 77
50 80 53 80
43 89 43 94
17 57 22 73
36 19 39 77
22 90 37 92
52 55 52 56
2 40 15 62
7 27 36 67
47 12 48 20
45 93 45 94
37 35 37 78
33 38 33 80
14 92 33 94
25 52 51 77
38 14 55 49
35 24 38 68
18 59 44 84
24 14 36 72
54 39 55 55
35 72 53 75
5 38 52 70
10 80 35 89
47 57 47 66
54 22 55 78
45 71 52 92
52 39 55 85
53 11 55 49
14 42 14 56
44 91 44 94
32 85 36 85
11 73 54 75
4 76 13 83
47 64 53 90
14 18 32 90
27 53 44 83
32 17 47 43
6 77 30 82
12 33 31 43
40 59 41 73
38 16 45 42
33 37 50 55
21 73 27 92
4 87 42 93
18 55 49 64
2 73 37 83
36 61 49 75
3 80 9 91
50 44 51 86
4 25 45 71
2 56 20 66
32 89 35 93
17 75 22 77
39 3 49 51
33 48 47 60
39 63 47 76
45 25 46 88
53 79 54 80
26 17 27 72
29 37 54 86
17 42 27 75
2 13 42 52
25 6 39 20
34 9 49 36
12 90 14 92
18 75 29 78
10 76 45 78
14 53 19 62
36 72 43 73
50 62 51 91
6 73 36 73
53 93 54 93
41 21 48 60
13 49 32 53
5 32 31 37
36 80 37 92
9 9 52 28
6 1 28 21
46 86 49 87
43 21 49 83
25 39 44 69
45 88 55 94
38 49 55 83
6 3 35 75
17 21 52 67
22 56 38 83
7 75 34 81
7 38 51 67
19 76 37 87
16 68 41 83
32 27 51 46
12 14 33 48
16 47 50 62
51 39 55 66
32 76 36 93
45 80 50 80
8 10 47 55
37 34 52 47
32 83 32 93
44 15 45 20
5 74 47 82
52 30 55 88
5 53 15 65
31 66 50 72
14 12 36 40
42 13 50 46
12 86 16 93
39 37 48 87
4 4 23 80
30 37 32 71
34 90 45 92
50 88 50 94
23 5 36 5
30 61 33 92
33 58 52 83
27 37 38 88
49 88 55 91
44 56 49 94
25 81 50 87
52 42 53 55
35 49 49 66
52 4 55 35
50 38 54 70
4 61 14 81
37 47 53 69
11 56 53 57
6 19 40 57
23 6 54 73
13 72 21 83
54 32 55 78
50 10 50 53
41 91 53 94
3 63 31 70
43 69 44 83
46 45 52 84
41 36 48 71
39 83 45 90
38 62 50 77
22 22 53 74
9 4 47 21
6 58 17 70
35 57 53 89
13 1 48 71
28 72 44 88
43 15 45 57
51 5 54 28
42 43 48 62
44 3 52 90
26 39 28 68
28 57 29 84
18 61 37 77
15 59 22 71
4 48 55 81
18 28 43 81
30 56 46 75
50 6 51 68
38 44 49 76
34 2 38 78
25 4 55 28
1 35 48 82
7 92 40 93
2 91 14 91
44 58 53 83
55 29 55 89
23 59 27 94
30 52 46 65
52 2 55 62
44 58 44 67
29 50 42 92
21 94 50 94
35 37 43 58
18 61 53 64
37 18 47 56
27 13 48 23
54 50 55 74
13 63 41 79
30 75 36 89
8 46 49 79
8 31 49 51
31 35 55 74
41 3 43 26
55 72 55 76
2 77 22 88
21 77 53 89
5 69 50 78
39 21 48 58
8 38 37 63
4 65 52 69
38 82 52 90
7 26 7 45
51 5 53 26
8 86 38 88
53 54 53 59
50 16 51 47
44 9 53 23
21 51 22 89
21 48 23 54
31 7 39 59
34 22 42 52
44 21 53 64
10 9 27 26
31 20 41 70
9 19 30 67
54 88 54 89
52 73 53 85
7 31 19 39
33 39 45 86
41 75 47 92
2 59 31 61
27 67 41 75
40 80 47 83
17 44 55 81
43 48 46 67
2 87 26 92
46 13 51 38
40 6 49 88
32 92 35 94
44 17 53 79
39 50 47 80
19 82 30 90
20 41 21 91
54 20 55 29
17 78 48 81
32 28 54 29
19 88 47 88
11 58 37 79
28 94 50 94
37 25 41 27
8 70 34 70
51 44 51 49
42 84 47 88
17 39 55 86
51 22 53 86
40 1 54 84
11 3 22 15
19 45 45 60
31 93 46 94
16 84 46 84
55 8 55 47
17 86 23 93
48 19 53 60
47 9 54 14
13 47 19 65
5 8 50 92
28 84 53 91
46 84 51 90
50 4 54 19
7 60 53 79
31 33 32 44
20 47 55 73
40 45 48 66
50 15 53 18
22 79 24 91
49 32 54 75
21 16 37 30
25 25 31 31
18 72 48 72
49 41 50 89
41 11 53 17
34 17 40 89
55 69 55 84
47 11 51 61
46 68 52 92
8 24 34 53
46 17 51 29
53 59 53 66
55 21 55 83
7 14 55 76
55 82 55 91
3 72 17 73
9 82 12 82
34 49 55 83
50 53 54 68
24 16 44 31
13 43 46 82
46 34 55 61
48 55 55 69
53 9 54 64
25 32 35 56
12 12 42 71
35 76 40 93
29 72 29 83
52 23 52 70
31 54 41 61
46 53 51 90
47 90 51 90
21 55 41 80
53 1 55 35
38 88 39 90
37 76 42 82
43 65 47 80
2 75 24 86
26 62 47 73
17 41 39 92
17 88 53 92
16 64 55 70
18 20 30 52
9 49 17 75
23 60 38 61
32 55 32 67
3 6 45 8
21 14 40 71
43 65 50 82
9 31 33 76
8 15 55 72
51 9 52 75
35 88 36 94
36 56 49 62
36 27 45 64
12 5 50 71
22 32 48 62
41 89 49 92
41 77 48 83
49 14 49 73
22 57 40 80
12 43 49 92
13 64 20 92
2 39 34 80
22 56 33 92
17 72 52 75
17 66 49 82
3 79 30 89
20 28 24 33
12 71 20 76
46 74 47 83
53 46 55 66
53 59 54 68
37 3 42 87
36 75 48 91
3 26 4 77
3 4 53 9
51 26 55 73
20 55 40 76
10 78 50 86
26 42 49 85
4 28 42 36
45 63 48 68
13 93 23 93
44 7 49 12
8 62 25 81
46 34 47 87
30 86 55 93
35 78 45 91
19 15 29 20
2 34 31 34
14 52 23 69
2 4 41 7
32 12 50 34
15 8 53 86
17 29 19 54
44 83 49 89
44 50 48 59
51 4 53 47
8 43 16 62
50 37 54 72
37 47 44 82
26 31 37 45
11 67 11 90
27 91 39 94
43 39 50 71
1 44 26 57
44 14 45 23
10 54 27 64
29 17 43 62
48 5 49 76
50 48 50 59
17 25 41 31
26 42 54 52
5 93 5 94
35 30 45 55
27 13 43 89
29 10 50 86
16 60 17 74
32 73 53 87
41 68 46 79
41 4 41 47
51 13 55 69
51 11 52 50
3 44 19 65
26 89 33 93
29 33 51 78
31 31 51 88
31 52 31 84
16 17 48 32
16 25 31 43
14 12 19 22
20 67 49 93
34 15 47 36
4 57 49 77
45 88 46 88
28 49 41 85
42 5 53 63
28 25 41 61
6 2 7 20
8 13 50 25
50 6 55 16
37 8 54 52
40 59 47 79
3 84 33 87
34 77 34 91
26 33 33 40
47 21 55 28
54 74 55 74
26 54 45 59
52 23 54 87
43 36 53 79
6 21 22 21
30 86 33 87
16 10 41 19
39 43 52 66
16 18 50 41
31 60 35 87
9 55 34 59
52 87 53 90
40 42 53 77
37 16 52 90
22 83 46 85
2 37 5 71
5 76 16 80
23 42 39 61
27 84 42 88
43 21 49 42
20 25 28 65
22 30 46 36
51 70 55 88
3 11 10 85
5 85 42 89
27 17 44 62
3 6 10 38
9 35 39 79
18 24 40 40
11 3 47 33
15 23 29 56
4 41 40 79
5 37 48 78
45 78 49 78
28 14 40 24
44 91 52 91
39 81 51 81
28 11 44 19
13 61 54 93
33 35 33 53
30 83 34 89
29 75 49 83
27 58 36 76
41 35 43 48
40 9 43 13
54 26 54 81
34 13 48 41
15 61 39 89
36 11 50 28
20 14 41 56
25 38 44 79
44 92 51 93
21 87 51 90
21 48 29 58
11 7 29 43
29 5 48 5
5 31 14 75
43 30 50 38
41 18 44 65
51 85 53 93
44 65 54 75
18 30 27 80
27 43 35 47
11 22 43 40
18 48 40 86
11 26 20 68
24 2 46 68
33 55 35 76
44 57 48 75
12 25 46 39
45 22 49 79
6 62 47 90
2 67 42 87
51 41 52 70
48 50 52 70
50 75 54 94
46 44 49 63
24 43 43 66
28 83 43 89
50 82 51 91
22 35 55 75
22 86 33 88
10 3 20 10
29 12 52 40
36 90 46 92
33 63 48 64
35 36 48 58
24 59 53 68
10 84 55 92
43 48 52 57
37 59 47 59
51 23 53 59
25 48 33 53
27 19 31 39
16 81 23 81
5 45 39 50
22 26 34 67
54 22 54 52
16 69 32 80
4 54 19 87
53 1 53 34
19 33 34 94
25 47 38 50
30 78 47 93
6 89 15 91
9 34 25 53
51 45 55 79
29 34 38 52
36 55 55 72
14 3 27 81
3 75 12 87
30 43 40 72
21 78 28 81
15 38 26 94
36 57 40 64
15 61 50 61
53 14 55 61
17 11 18 64
18 13 42 90
14 14 55 27
11 18 18 32
36 3 38 66
21 25 54 49
29 11 39 11
53 15 53 44
8 93 24 94
32 43 47 75
36 55 43 60
48 79 53 79
23 92 23 93
12 17 14 68
15 91 49 94
18 55 38 64
35 12 36 82
36 78 51 78
30 6 47 14
30 69 45 93
32 9 37 11
39 17 53 43
26 88 49 88
12 68 13 94
7 14 54 76
5 47 22 81
40 29 45 31
13 65 25 81
8 92 52 92
32 40 44 42
34 30 39 51
37 20 51 48
23 94 41 94
18 26 18 43
54 30 55 57
40 44 46 80
18 46 54 87
53 32 54 66
36 19 47 87
27 14 35 46
51 50 53 55
32 93 42 93
7 12 9 81
3 36 31 71
51 92 53 94
32 8 32 47
23 8 53 39
53 8 53 13
45 32 45 56
11 81 54 82
29 21 51 79
41 94 41 94
38 88 47 88
34 82 38 88
31 92 42 94
54 80 55 91
8 36 10 79
44 21 55 63
9 56 21 82
31 36 43 43
5 26 23 51
16 4 32 89
16 67 33 67
7 12 23 39
16 24 21 43
31 37 52 88
44 34 53 66
27 64 32 93
37 35 49 56
51 68 52 75
1 78 7 89
53 56 54 65
25 26 25 41
45 85 52 89
15 19 32 53
31 4 44 68
51 64 54 92
45 84 49 85
47 45 53 72
17 14 38 27
14 25 49 84
8 64 55 92
32 83 33 87
6 14 54 82
16 67 44 91
5 20 53 90
15 24 35 72
19 83 29 86
18 13 30 61
54 33 54 46
51 83 54 90
32 22 33 77
5 26 49 39
45 9 49 12
53 22 53 52
20 46 22 93
13 80 54 86
22 73 25 75
30 93 41 94
34 23 45 88
51 40 53 66
55 43 55 89
42 36 50 61
7 77 43 90
10 43 55 80
23 31 42 67
44 75 50 84
31 11 37 70
7 66 9 76
21 11 50 31
27 30 47 72
29 58 30 77
36 3 52 9
9 74 21 77
6 73 51 92
39 58 51 83
28 18 45 89
55 8 55 86
53 50 55 89
46 28 46 39
15 32 32 53
34 77 42 90
50 83 52 94
15 69 55 78
40 36 54 62
14 56 52 80
22 62 24 70
33 77 36 94
6 45 41 73
15 40 41 86
48 21 53 50
52 3 55 60
12 57 55 61
47 79 48 86
50 70 54 74
1 16 55 36
53 15 53 53
45 51 49 79
35 42 40 74
16 36 39 86
5 33 12 52
6 41 13 48
1 76 26 83
13 72 33 82
18 24 27 76
55 9 55 73
28 82 53 94
11 73 38 76
53 47 54 52
48 91 49 94
20 77 41 86
18 27 48 71
31 90 45 94
52 13 55 44
26 76 29 77
15 50 44 52
42 36 43 57
36 82 39 90
10 37 19 44
41 61 52 82
9 51 30 85
21 71 40 91
48 55 49 93
21 17 35 76
42 42 54 71
39 74 51 74
18 56 45 56
3 53 54 59
19 86 31 91
42 41 53 45
47 71 51 77
26 70 36 76
11 87 45 90
46 18 53 61
26 1 33 69
35 62 46 89
53 32 53 78
9 18 40 80
11 60 34 94
11 91 19 94
7 22 52 93
3 1 15 54
51 39 53 64
21 8 48 50
2 7 11 17
29 1 32 86
15 67 38 91
14 36 39 52
53 48 54 81
31 41 33 67
46 2 47 79
53 57 53 79
7 58 29 85
5 44 17 57
42 4 51 60
28 72 42 90
18 35 52 59
29 84 35 88
31 2 48 89
41 26 49 58
42 53 45 68
18 26 31 78
37 59 53 91
8 93 24 94
40 11 51 29
30 18 43 66
40 14 47 74
33 35 53 86
33 58 41 69
8 59 17 84
52 86 52 86
52 13 54 28
49 37 52 41
55 66 55 71
52 45 54 90
46 14 52 86
13 73 14 74
41 19 44 76
34 39 39 52
25 25 39 90
31 36 50 37
5 57 18 79
37 67 55 82
30 7 48 41
46 36 47 81
40 21 42 90
49 66 55 73
48 90 52 91
34 56 51 61
46 1 51 92
45 50 53 74
14 16 26 53
30 65 38 67
50 42 50 54
35 78 53 89
3 66 34 70
11 23 18 93
21 57 49 75
43 27 49 77
7 65 30 77
32 87 43 90
34 32 37 53
55 53 55 88
55 76 55 92
47 66 51 85
41 46 47 80
5 41 28 54
42 3 44 65
37 62 50 94
48 45 55 62
7 36 11 55
35 60 48 67
52 88 55 89
32 58 51 83
3 78 17 81
22 37 28 71
26 93 54 94
27 64 55 77
19 16 25 59
10 34 27 64
31 5 42 72
34 47 50 84
12 63 32 83
37 9 39 43
26 44 32 58
22 66 33 91
6 19 33 60
23 47 51 56
38 89 46 93
10 72 46 72
33 50 34 60
52 55 55 69
46 53 54 72
40 49 53 66
16 47 32 88
42 6 45 86
4 51 43 91
34 91 50 92
7 63 12 82
39 14 39 49
8 32 52 83
45 19 49 80
13 31 14 49
51 66 51 83
17 32 21 46
36 2 39 11
23 3 32 8
9 92 21 92
46 53 50 56
51 53 55 78
46 73 51 81
42 81 49 89
42 24 45 42
12 59 49 81
41 55 49 71
45 58 46 58
50 40 52 61
38 46 51 48
33 15 39 87
27 21 53 89
38 23 50 57
36 62 50 75
23 9 40 81
32 59 40 60
28 56 44 66
12 58 30 92
29 17 50 33
10 88 39 94
20 32 28 83
13 53 13 77
34 83 55 92
41 77 52 82
20 43 28 62
48 17 54 53
49 83 50 89
31 33 42 49
26 38 42 39
4 11 11 50
19 87 29 87
12 44 36 87
45 43 45 47
46 90 53 94
11 61 11 87
45 61 46 71
20 5 46 72
1 72 13 92
4 19 5 83
44 33 55 94
25 29 38 57
52 52 52 56
6 36 45 50
1 30 12 35
55 31 55 92
1 23 36 28
30 89 55 90
53 5 53 26
15 78 19 88
22 37 40 46
22 2 28 33
51 80 51 84
12 73 21 78
41 32 48 33
12 94 48 94
32 62 54 64
33 34 46 45
49 21 51 81
43 70 43 70
38 82 38 90
13 93 14 94
33 27 48 94
37 94 53 94
21 92 51 92
10 74 32 91
30 83 48 84
14 83 47 90
48 25 50 85
41 70 48 79
13 80 34 83
40 23 55 75
51 14 53 66
13 85 50 90
22 52 39 82
19 83 30 84
22 57 27 69
34 57 37 72
50 65 54 88
21 86 49 94
4 46 38 46
50 37 52 64
29 62 39 77
54 62 54 90
1 17 11 53
5 64 18 72
30 14 52 57
43 14 47 59
35 40 46 57
54 66 55 76
9 75 48 85
26 77 36 78
11 93 33 93
49 67 53 87
23 48 28 81
54 43 55 89
30 82 34 91
9 4 30 60
54 26 54 69
32 62 45 86
45 39 54 49
27 70 49 73
15 53 31 67
12 17 14 61
37 76 37 86
18 4 43 63
20 10 55 21
52 42 55 46
42 19 46 92
5 85 46 90
48 64 52 85
52 83 52 90
14 72 29 93
20 61 32 77
28 3 47 74
32 68 32 92
8 35 52 69
30 42 42 50
47 20 50 68
50 14 51 92
16 31 38 44
26 73 51 75
31 61 54 79
13 11 46 39
52 1 55 28
42 71 52 93
36 75 42 83
34 26 43 34
36 6 45 94
36 43 53 51
28 1 40 8
20 18 41 23
17 82 31 92
20 89 52 90
34 83 44 86
22 2 32 7
53 83 53 94
54 81 55 85
12 72 54 88
44 78 48 87
44 60 47 71
13 7 48 72
12 10 26 90
8 10 39 37
32 74 44 80
1 31 55 67
37 94 55 94
55 85 55 93
15 51 48 59
41 79 45 79
28 47 54 65
44 28 49 39
43 70 53 87
4 77 47 93
20 17 23 77
53 30 54 42
26 10 51 12
54 23 55 39
53 41 53 88
44 67 54 79
21 73 25 84
15 29 52 58
30 30 53 49
42 46 55 70
51 30 53 46
22 78 23 93
21 16 55 51
37 76 53 84
9 22 29 48
46 9 48 92
52 50 53 79
46 21 53 67
42 17 53 86
29 51 30 55
9 31 46 53
53 93 54 94
55 38 55 51
4 36 50 47
29 67 55 67
16 63 40 73
34 10 39 40
54 6 54 86
46 23 47 28
40 50 53 66
48 15 54 34
36 94 47 94
41 7 42 79
25 67 34 92
33 7 49 81
8 65 15 73
23 14 52 48
26 68 46 73
45 71 52 86
50 52 51 85
33 51 38 63
52 32 53 50
32 70 32 86
31 7 49 91
39 48 39 51
16 58 25 82
46 23 49 35
38 30 52 85
35 78 47 86
8 2 38 93
38 75 50 80
34 77 37 93
5 39 5 64
1 41 49 47
31 94 47 94
8 70 17 89
22 64 22 71
23 77 38 88
38 44 54 79
50 45 52 88
17 72 47 74
28 44 46 51
1 40 34 88
38 40 52 57
25 22 35 68
25 43 50 88
25 81 52 84
34 53 35 80
13 8 49 41
2 4 29 32
4 25 18 51
6 34 25 72
10 36 45 60
3 37 30 61
42 35 52 70
29 48 41 53
18 7 37 86
43 32 45 58
7 18 23 32
42 24 48 75
3 82 40 92
38 72 45 76
29 24 45 44
20 25 26 65
30 48 53 57
44 6 49 90
45 55 46 74
44 61 47 66
12 47 36 73
36 21 44 88
48 42 50 61
31 44 43 53
15 94 50 94
7 29 45 42
32 54 39 72
11 89 34 92
42 4 55 30
16 6 37 92
28 28 41 57
27 39 36 92
50 57 53 89
15 1 41 78
6 23 33 37
54 38 54 41
45 81 55 91
31 21 36 63
2 77 53 78
52 11 53 85
16 3 40 28
39 2 45 46
15 42 37 84
20 17 29 79
39 8 48 12
29 11 41 58
1 31 26 42
15 92 26 94
15 23 40 56
21 45 36 53
34 31 50 61
4 91 38 92
5 88 46 91
36 46 42 85
1 91 36 91
35 25 51 90
25 65 25 82
42 1 45 40
5 31 34 55
13 40 32 64
3 16 11 51
10 13 42 91
20 35 34 42
39 65 52 94
4 87 9 93
38 48 44 71
16 79 32 91
40 89 49 91
44 86 52 93
30 43 36 56
38 61 55 72
27 64 33 70
9 15 52 61
21 28 42 65
10 11 19 67
40 1 43 9
44 12 55 17
44 34 49 54
38 94 51 94
4 62 22 66
8 3 43 79
42 74 52 79
7 31 18 61
31 64 50 75
14 73 49 89
13 42 19 89
27 77 44 77
44 46 55 70
1 19 17 49
4 61 7 78
27 12 50 44
30 88 49 91
25 74 32 83
41 83 54 94
1 35 12 57
14 93 26 94
20 74 21 79
14 87 18 94
10 44 17 76
29 85 46 85
55 73 55 75
8 68 44 80
55 26 55 79
6 45 17 78
24 48 45 86
48 45 51 47
50 8 51 44
3 10 20 54
23 64 23 69
39 38 52 90
37 48 47 60
15 6 31 70
44 24 45 29
39 35 54 73
17 15 39 33
52 78 55 93
38 18 53 93
46 90 48 92
15 83 44 87
42 77 44 77
47 24 50 92
31 7 53 40
2 33 5 71
19 79 55 90
48 68 55 84
45 58 55 65
50 56 55 72
3 45 33 57
35 8 35 41
10 24 15 49
50 6 51 13
48 36 54 67
22 62 45 78
23 54 53 66
18 44 42 86
35 88 37 91
4 62 38 81
6 27 51 75
26 93 47 94
8 33 50 39
39 16 53 53
43 65 44 90
24 91 25 93
14 50 34 78
16 82 26 89
19 46 43 84
20 51 24 76
36 66 46 86
15 25 47 49
17 49 39 78
35 43 46 74
12 54 38 91
47 90 53 91
36 45 48 64
14 48 51 74
4 61 5 89
53 54 54 63
48 5 48 89
44 61 55 73
4 29 12 43
39 69 46 84
44 8 48 85
49 38 52 53
48 92 51 93
34 41 47 71
30 78 46 82
46 80 50 92
10 15 54 56
11 85 49 89
5 93 33 93
5 8 37 8
19 73 37 90
38 58 47 75
41 44 48 89
52 34 55 86
8 30 43 79
6 89 52 94
1 10 28 75
40 38 45 83
3 77 12 85
19 54 40 80
30 85 52 85
27 24 39 26
26 47 31 85
30 59 51 59
32 20 33 84
23 52 36 80
45 12 54 62
9 68 31 71
44 73 55 81
28 4 36 60
40 47 42 61
45 23 46 78
21 3 51 63
7 22 19 62
36 85 36 93
34 38 35 58
15 77 45 90
6 56 23 91
42 36 53 55
12 7 24 27
15 19 38 74
48 38 52 75
27 36 51 53
37 62 37 69
28 46 44 78
41 12 53 13
10 80 15 82
6 89 24 94
8 19 22 64
15 50 25 73
40 85 55 91
21 53 33 62
46 3 52 21
8 94 36 94
32 10 44 55
4 3 20 59
53 72 53 81
34 45 41 94
4 83 4 84
10 72 53 74
3 76 29 86
26 48 33 94
9 3 26 75
24 56 28 82
1 56 1 90
3 20 6 82
36 25 48 48
28 16 40 23
55 11 55 92
34 59 49 90
8 53 28 57
31 36 39 61
17 27 26 30
26 43 36 72
31 70 46 72
11 44 24 84
33 25 46 33
20 45 24 66
26 52 47 88
42 88 54 92
27 84 27 93
14 32 43 67
25 4 34 85
23 53 31 59
40 12 54 66
18 2 51 82
22 71 51 74
51 91 55 94
17 46 37 58
23 42 33 52
2 43 44 91
9 80 26 91
50 59 51 76
46 3 47 25
34 40 49 58
17 35 22 39
25 41 27 65
38 11 47 72
6 93 25 94
16 41 26 77
35 23 53 33
39 75 46 78
19 42 28 74
28 56 49 64
45 39 46 42
17 32 53 93
16 25 17 42
55 38 55 62
25 22 52 83
53 62 53 63
50 28 51 70
9 26 27 78
22 23 33 50
47 64 52 71
51 94 53 94
29 64 31 86
52 48 52 85
36 17 43 92
39 18 51 44
36 40 41 57
17 74 26 83
31 59 45 60
28 26 32 42
38 26 42 77
9 3 12 93
14 34 48 90
21 4 38 59
55 55 55 84
48 38 50 65
22 89 44 94
25 56 26 76
53 72 53 90
2 94 46 94
44 35 52 35
32 53 54 65
25 59 31 79
2 38 26 75
21 5 26 87
17 27 26 71
36 71 38 76
27 72 51 84
7 78 46 90
9 8 22 77
9 15 9 75
25 68 27 77
2 24 45 61
13 35 20 74
6 77 27 87
40 84 46 92
9 41 21 52
50 34 52 88
29 46 53 47
21 52 31 86
47 72 47 74
10 94 41 94
21 76 34 85
8 18 31 82
28 82 46 90
32 68 43 69
40 22 44 33
9 53 29 67
33 85 37 90
6 10 44 50
22 1 55 31
34 66 36 86
29 54 51 65
49 21 54 41
33 61 44 72
22 16 24 37
33 94 43 94
6 18 27 56
49 7 49 56
30 27 48 73
55 89 55 90
50 94 52 94
4 79 53 90
26 29 26 32
27 31 30 74
19 21 55 32
20 60 51 66
49 67 53 91
48 5 50 22
54 45 55 46
51 37 52 80
54 58 55 94
31 70 52 72
22 23 47 69
24 54 36 93
36 55 50 70
19 65 22 92
7 86 37 92
27 94 38 94
3 49 43 58
36 69 48 73
21 15 23 79
14 24 23 64
40 44 44 78
10 70 35 76
38 16 39 93
19 23 43 69
44 24 55 83
29 18 31 94
23 47 43 74
37 91 46 92
5 80 37 89
50 56 53 83
51 36 51 83
25 48 54 88
16 57 27 61
7 89 16 93
3 53 54 54
18 77 46 91
22 49 52 84
5 6 24 41
13 32 41 85
2 83 12 84
32 37 39 94
25 13 40 36
24 29 55 56
19 82 48 89
1 71 54 86
11 84 52 87
15 38 46 43
1 85 26 89
17 18 30 92
53 59 53 79
37 31 49 51
26 35 31 41
44 1 44 55
24 56 53 78
15 83 48 83
40 40 45 71
43 14 51 42
22 41 34 47
30 9 46 51
43 37 50 39
50 2 50 25
1 83 16 90
27 44 50 62
23 41 50 46
5 68 9 94
10 55 30 69
4 52 16 83
28 66 32 75
11 81 24 88
55 50 55 90
29 25 43 42
33 46 35 49
51 17 52 78
13 10 25 92
6 6 41 40
51 16 55 37
20 56 52 62
48 84 52 88
34 6 34 85
6 11 21 33
22 91 22 92
18 10 34 90
20 78 41 82
14 48 42 72
20 33 36 49
7 47 12 55
50 4 51 15
17 58 26 60
40 14 48 34
53 20 53 23
25 90 43 94
8 53 55 65
47 47 52 64
7 71 10 71
17 44 28 57
34 39 37 69
39 31 46 31
12 81 53 87
30 64 32 78
23 69 34 80
29 68 53 81
22 84 45 91
47 28 55 51
15 62 33 81
27 47 38 48
55 31 55 87
52 47 54 78
16 40 32 40
17 85 49 91
41 61 53 77
49 48 54 65
47 52 47 77
23 14 37 37
9 38 49 71
52 74 53 92
29 43 39 46
22 27 38 66
20 93 44 93
16 21 51 88
23 1 26 54
1 35 40 66
41 47 42 63
11 16 44 21
48 13 55 75
8 56 44 83
32 16 46 60
41 26 52 73
11 12 11 76
9 76 55 82
23 75 50 80
28 37 49 53
6 40 33 62
42 68 55 83
17 59 22 71
52 11 54 31
53 91 54 94
43 79 51 82
27 42 28 86
52 77 54 80
22 82 44 87
44 78 54 93
42 20 55 57
49 10 55 76
47 48 50 65
28 87 47 90
40 44 52 80
4 6 50 73
42 62 50 92
17 70 18 78
3 77 45 77
45 22 47 43
22 7 45 91
30 3 45 38
21 42 27 68
38 33 39 39
28 93 30 93
19 4 36 73
54 77 55 89
26 13 47 69
34 8 37 61
11 33 13 35
10 4 33 13
52 7 52 15
19 75 33 78
36 68 41 77
11 53 48 77
35 84 40 87
42 15 51 49
53 45 55 78
28 81 30 92
37 64 41 82
31 32 39 33
22 32 39 82
20 14 46 25
2 58 36 68
5 23 51 86
29 16 40 40
2 90 22 92
22 73 37 78
40 61 45 74
29 14 53 70
19 45 51 59
30 73 31 86
25 92 44 94
4 75 39 94
13 30 53 52
25 43 49 84
18 73 45 87
53 1 55 36
24 25 32 30
46 13 47 27
24 77 32 88
25 49 32 73
24 18 25 61
38 16 47 61
20 94 49 94
49 69 54 90
53 61 55 85
41 67 48 85
40 61 48 94
35 59 47 82
24 73 40 83
28 16 37 73
28 54 28 71
8 85 44 93
3 11 18 69
2 22 38 71
22 16 41 35
44 36 54 72
24 24 31 37
36 29 43 32
24 42 43 52
26 84 40 89
48 52 49 72
47 58 51 61
5 26 43 92
9 37 24 84
50 19 55 38
47 28 54 28
37 81 42 81
7 50 7 79
2 56 54 71
3 41 7 62
43 43 50 62
47 34 50 91
13 56 27 83
29 48 42 72
55 17 55 58
55 39 55 39
51 11 55 17
48 76 49 82
28 90 31 90
30 22 48 69
41 48 48 65
45 13 52 43
12 68 30 72
44 88 55 90
2 94 17 94
34 46 53 50
31 60 45 62
24 5 55 52
4 67 18 76
39 54 52 67
1 83 39 94
41 13 53 84
3 90 4 90
16 13 31 51
2 59 42 63
24 71 24 86
48 24 53 89
9 7 39 39
19 79 40 79
19 14 52 86
14 27 39 45
31 81 36 84
50 66 52 71
31 85 44 93
38 76 51 91
19 14 25 89
2 2 54 34
23 3 26 75
50 90 51 94
42 89 50 94
23 88 34 94
37 14 42 79
46 33 50 64
26 71 53 79
23 80 43 81
22 68 44 82
25 47 49 71
26 84 29 92
12 9 26 53
4 14 53 75
41 15 53 62
11 64 32 76
10 58 40 90
10 7 46 86
11 58 25 69
32 44 43 78
45 83 51 88
49 37 52 64
27 41 51 70
16 83 40 92
7 53 8 66
16 35 17 87
50 3 55 62
5 9 23 68
41 90 42 94
54 84 55 90
55 2 55 61
32 63 55 88
27 79 51 90
12 24 13 42
5 38 51 60
13 74 53 76
24 67 48 79
16 10 43 61
47 62 47 77
51 6 54 6
47 89 51 90
2 31 31 90
47 75 54 78
2 86 17 91
44 53 50 65
55 9 55 62
6 63 38 76
54 35 54 89
52 93 54 93
9 11 31 59
44 19 49 40
24 73 34 75
5 76 25 94
30 58 51 88
2 26 31 92
3 86 16 92
53 59 54 70
17 24 17 38
49 66 50 87
33 73 53 90
46 47 48 69
17 93 43 93
24 9 53 82
48 41 49 42
1 12 48 81
37 86 38 93
36 72 42 79
12 31 41 44
44 25 55 26
27 2 29 52
3 69 36 87
23 67 51 73
25 83 48 92
36 52 52 70
11 42 17 94
16 94 19 94
2 62 24 93
20 40 52 73
11 45 35 53
7 35 53 53
39 64 49 86
2 54 6 58
52 67 55 88
19 24 20 82
35 84 45 88
15 30 51 39
37 32 48 92
6 66 36 87
17 87 39 90
20 38 39 41
22 23 24 72
7 43 28 57
47 80 47 85
20 2 38 41
7 5 7 80
23 78 42 90
21 83 47 91
1 62 33 66
47 23 48 33
46 38 46 51
39 40 48 43
45 62 49 85
52 17 54 82
6 39 44 56
32 35 35 94
27 62 42 86
4 87 49 92
43 29 51 39
25 38 40 50
23 87 39 90
23 19 53 31
8 19 39 41
36 53 39 75
35 94 39 94
47 71 48 88
33 83 36 90
12 20 41 51
2 50 20 85
23 29 34 35
15 35 35 51
48 83 49 94
4 85 16 93
38 12 41 21
53 67 53 93
50 78 53 85
35 18 47 58
31 39 32 93
9 18 34 26
20 74 55 84
41 15 48 92
26 85 41 88
41 77 46 77
4 26 33 55
3 6 34 57
30 88 54 91
47 50 54 88
25 21 55 49
22 77 28 77
45 69 53 83
24 13 52 88
3 67 14 77
19 21 33 41
48 94 53 94
47 48 49 92
33 88 43 89
23 26 49 45
4 14 26 90
47 65 50 89
24 31 54 46
19 34 33 93
2 24 17 52
33 33 33 67
27 57 30 72
9 30 36 77
16 30 38 75
46 77 50 81
6 57 15 64
54 9 55 12
53 5 55 41
31 76 43 85
10 87 50 93
3 71 31 72
41 27 48 54
52 79 52 86
24 83 52 92
15 93 30 94
4 63 15 73
4 46 39 94
6 3 14 73
22 76 53 88
42 80 48 92
31 81 49 90
35 57 38 87
6 56 6 58
10 16 40 37
5 16 47 23
36 55 47 55
48 75 51 89
26 2 28 14
18 28 43 69
2 47 11 79
34 48 37 57
43 33 43 85
9 8 30 27
9 43 52 54
15 72 41 79
34 13 34 71
34 37 53 65
25 61 55 73
41 38 47 40
55 41 55 92
54 83 54 83
4 40 20 80
29 9 43 9
49 40 50 88
43 78 47 87
6 77 37 83
54 59 55 82
8 66 25 90
52 85 55 94
42 67 53 83
30 68 38 74
17 39 54 53
28 75 32 86
37 84 48 87
22 71 28 75
17 74 18 86
13 79 27 86
13 84 45 92
5 39 30 67
2 80 45 82
39 61 48 88
25 34 50 84
36 8 45 71
24 92 45 93
22 23 48 71
1 45 26 64
30 81 39 84
18 80 41 93
5 49 26 76
53 24 54 90
1 35 15 82
45 38 51 76
54 63 55 90
15 43 44 83
31 64 50 83
33 36 35 47
6 79 27 91
18 54 33 75
50 33 52 88
28 17 39 80
3 79 26 93
4 17 44 55
27 67 46 93
36 7 44 89
13 41 31 54
1 93 55 94
21 76 21 79
54 90 54 94
2 23 16 90
45 67 55 89
1 37 35 54
54 28 55 90
29 28 41 41
51 76 53 91
49 69 53 94
4 50 17 78
8 21 20 84
40 71 55 85
53 58 54 60
14 94 29 94
21 61 39 88
20 32 51 66
50 12 51 92
20 72 23 77
23 68 23 81
19 17 46 88
31 60 31 73
3 24 7 72
52 16 52 45
46 92 54 92
34 43 48 66
26 81 39 93
9 32 35 89
41 59 52 87
55 20 55 55
21 64 46 92
54 59 55 61
14 3 25 18
46 45 55 49
30 24 37 46
3 91 54 94
15 43 41 79
6 8 11 36
18 11 30 93
6 47 38 72
38 43 39 71
31 3 32 90
43 77 54 77
12 24 50 71
2 77 46 83
50 6 52 18
6 19 10 91
27 33 40 72
26 31 31 34
12 43 35 68
6 80 38 91
30 70 38 74
54 4 55 44
46 62 49 79
53 84 55 86
17 29 45 51
9 22 36 50
45 51 49 92
33 92 33 94
18 67 38 72
50 69 53 69
43 18 52 29
1 39 42 75
46 75 55 87
10 50 51 75
50 53 54 84
34 55 35 81
14 46 39 51
13 66 35 90
18 4 55 82
20 93 30 93
39 72 51 93
8 49 26 87
13 43 47 50
19 64 50 76
28 36 47 50
42 49 43 77
4 77 5 90
6 26 13 29
25 6 36 36
51 65 54 84
49 85 53 91
33 14 39 40
47 33 55 76
42 5 47 43
36 67 39 93
30 37 44 82
11 78 15 93
2 5 54 71
34 44 35 66
42 51 49 72
51 5 54 85
23 81 48 81
38 27 47 82
47 64 52 81
43 91 49 93
40 36 45 79
42 80 47 81
55 35 55 90
42 88 46 94
5 89 32 91
42 94 45 94
5 17 29 47
6 45 35 69
43 30 43 53
4 21 35 68
23 83 50 94
54 71 55 76
39 32 40 42
23 92 39 94
16 12 41 55
53 60 53 64
8 70 8 87
30 24 34 47
29 68 40 78
6 27 12 71
36 66 38 82
17 43 29 69
50 61 54 78
45 7 46 46
55 25 55 28
7 28 7 78
37 72 49 86
30 94 46 94
41 79 47 92
6 82 28 83
30 38 46 87
51 61 51 85
11 83 41 91
23 21 51 94
46 5 49 42
40 43 45 91
12 44 25 68
10 85 21 88
42 28 43 76
10 74 54 87
48 82 48 82
20 85 53 90
27 26 48 74
35 4 44 58
4 30 4 87
35 44 52 66
6 19 28 82
6 62 46 73
13 86 20 87
48 81 49 85
18 39 46 58
16 11 40 45
4 59 34 71
42 57 55 72
47 55 55 84
52 86 53 89
41 68 42 94
10 16 34 26
28 85 49 89
12 40 49 52
13 75 44 94
28 48 29 48
19 93 48 94
54 23 55 68
7 5 22 19
35 32 52 43
24 85 38 91
39 17 39 31
17 93 52 93
28 31 51 88
43 26 49 38
26 23 51 43
1 46 32 78
7 61 55 88
15 48 46 53
24 18 53 53
47 94 49 94
27 29 55 41
22 2 34 25
36 18 52 31
41 75 46 91
14 68 45 72
14 69 49 84
2 38 37 77
24 42 46 63
42 68 55 84
49 28 50 66
33 9 35 80
35 32 55 60
44 88 53 93
26 7 47 78
55 57 55 79
13 17 19 30
20 41 36 44
47 32 54 66
15 35 15 62
34 66 52 93
15 83 19 92
50 61 55 91
15 50 47 57
45 14 52 14
52 77 55 81
46 54 52 77
54 60 54 87
54 13 55 86
2 92 30 94
3 41 43 76
41 3 45 20
40 82 55 83
32 68 41 76
24 3 41 28
29 86 34 88
9 80 52 82
11 77 32 87
26 33 50 55
30 80 34 83
8 45 35 91
3 92 29 94
47 84 49 90
6 48 25 93
29 11 29 58
45 6 49 19
30 68 31 79
53 15 54 48
26 25 40 90
42 6 43 39
34 82 50 87
10 3 28 28
14 32 26 78
48 86 53 86
44 24 52 80
32 4 39 30
2 91 50 93
46 74 53 75
15 67 16 69
54 3 55 68
13 71 16 87
25 2 27 74
41 14 52 50
50 31 54 33
49 90 50 93
19 53 31 64
37 37 42 43
14 72 40 86
33 86 52 92
44 79 47 90
11 33 54 65
28 23 33 52
35 60 42 88
54 34 55 60
10 24 12 49
44 45 49 73
54 21 54 52
30 6 53 89
18 19 33 35
39 80 47 94
29 47 44 92
42 84 46 94
7 81 28 91
41 67 43 70
52 59 52 93
41 62 52 86
1 32 9 39
7 80 47 82
30 26 39 64
37 84 39 87
15 83 22 85
15 16 49 33
26 20 43 86
1 18 37 37
26 77 34 83
10 52 40 91
48 44 49 70
39 83 43 89
26 68 46 72
42 24 43 51
47 13 55 18
17 72 18 78
5 79 53 81
30 85 31 88
14 21 29 50
28 83 51 94
13 33 25 45
1 54 47 78
9 86 35 90
17 65 43 94
16 12 41 66
27 65 53 92
6 87 18 90
46 29 53 65
35 24 36 55
29 74 37 89
48 65 48 67
29 1 29 5
42 86 50 90
1 65 11 66
52 37 53 80
32 10 51 40
3 11 44 73
22 19 26 94
33 40 48 83
30 80 46 93
25 18 41 25
20 84 35 87
22 18 51 76
1 68 39 73
6 83 43 92
18 50 47 60
34 87 41 93
52 35 54 80
25 20 45 81
18 12 44 25
15 10 41 81
47 83 53 90
24 85 31 85
21 75 27 83
32 48 38 63
4 77 6 84
26 13 30 46
51 33 53 70
39 87 55 92
17 10 21 58
23 52 26 61
7 24 42 33
13 44 54 59
14 82 24 85
22 94 43 94
11 31 45 73
10 30 19 42
32 46 43 75
43 43 43 50
4 52 13 82
36 29 49 74
36 68 36 79
55 20 55 58
12 49 45 69
32 58 52 91
22 57 51 84
46 35 51 73
5 20 47 43
27 52 38 62
46 34 46 75
7 8 45 14
51 38 55 43
29 25 34 60
19 7 39 65
36 7 39 93
39 69 52 93
14 60 39 69
28 65 35 86
17 65 21 71
40 64 47 71
2 35 19 46
5 66 35 85
18 61 46 63
21 24 38 94
4 73 7 92
2 25 45 53
6 68 6 68
14 80 42 93
9 13 49 64
3 29 14 61
1 20 22 25
55 92 55 93
13 71 28 85
15 49 47 80
39 9 52 29
8 54 35 94
11 90 50 94
52 5 54 82
24 26 54 52
23 30 41 71
47 24 54 44
26 63 35 70
38 94 43 94
11 54 55 90
2 46 50 94
28 55 48 61
18 25 53 45
11 28 16 91
44 43 47 47
33 61 44 94
6 8 32 51
3 30 16 55
38 3 42 59
51 5 52 61
11 54 25 90
19 30 21 59
6 19 31 30
49 72 49 93
24 23 39 93
9 82 49 89
3 86 11 90
52 87 55 90
16 2 42 68
45 79 51 94
1 66 16 89
24 73 33 84
13 30 38 38
19 18 55 77
9 50 36 87
4 42 51 58
12 33 44 53
16 58 45 63
38 65 53 76
4 40 17 42
50 46 50 46
29 93 39 93
45 57 55 74
12 16 42 24
35 64 50 78
6 41 21 49
19 31 21 58
12 77 52 86
53 73 53 94
48 57 51 61
55 62 55 93
48 34 49 46
31 55 42 85
41 54 46 94
45 24 48 86
37 43 48 49
55 39 55 54
5 49 9 59
36 19 42 42
34 3 51 80
55 64 55 91
32 44 51 82
49 50 52 92
36 3 47 70
45 49 53 56
35 43 42 73
25 94 40 94
32 89 44 91
3 47 9 72
41 90 48 92
34 1 54 4
54 20 54 49
48 66 53 71
26 65 43 77
53 72 55 86
40 70 52 94
36 78 42 91
5 38 10 79
37 46 37 55
8 81 12 92
4 68 44 87
14 25 41 37
23 68 43 77
48 56 52 90
14 13 32 30
2 72 15 84
19 38 32 50
49 85 54 90
23 63 27 68
13 13 54 56
8 76 37 93
39 24 45 24
53 29 54 60
7 57 51 76
38 57 50 91
14 73 54 76
6 66 44 86
21 87 29 94
23 88 32 94
17 85 45 87
38 88 50 93
41 14 41 80
28 88 32 89
10 77 54 77
53 81 55 86
20 94 32 94
38 87 49 92
12 4 18 70
30 38 51 51
46 25 49 84
21 16 25 51
6 12 49 72
25 91 40 91
36 36 54 68
52 14 52 49
46 65 53 78
52 32 52 78
13 28 36 28
41 7 54 47
6 76 43 94
23 71 31 94
44 23 52 58
33 17 50 90
28 10 35 89
46 27 51 38
15 26 38 41
23 63 31 90
23 19 47 34
46 64 50 79
8 36 18 91
49 84 52 93
28 86 50 94
7 3 15 10
43 40 44 62
32 21 46 53
6 2 19 60
51 17 55 22
6 42 32 56
31 76 47 85
7 9 34 45
24 73 33 78
41 60 42 86
28 23 39 77
7 72 36 78
15 49 46 82
4 45 38 87
55 94 55 94
34 80 46 80
44 11 45 38
33 10 51 70
34 5 37 71
14 71 32 94
46 83 46 83
41 30 55 36
44 58 49 78
53 90 55 91
32 27 48 74
6 17 32 19
4 91 26 92
39 55 50 62
23 45 36 74
23 70 44 87
28 36 36 91
53 79 53 88
11 82 20 83
50 1 52 18
42 45 44 83
45 67 49 75
9 71 33 85
40 43 49 64
48 63 50 73
18 3 38 70
46 79 54 86
5 67 43 88
27 51 48 64
50 16 52 24
54 12 54 20
28 41 54 54
37 14 49 39
52 44 53 88
43 79 55 81
19 46 22 50
42 16 48 26
20 62 36 67
4 48 19 50
50 18 50 62
38 85 54 93
45 41 48 73
27 52 36 52
6 40 54 87
8 80 46 84
36 16 53 77
41 20 46 37
19 69 41 87
22 68 35 89
46 69 48 77
6 66 45 80
50 15 50 24
25 20 32 81
47 28 51 91
1 83 55 89
48 61 48 68
14 60 50 62
26 93 48 94
37 59 43 64
16 16 45 30
26 24 28 69
23 84 51 87
31 45 47 81
12 52 13 74
21 4 27 56
5 39 44 54
42 88 50 94
39 46 47 59
12 42 50 81
15 37 25 90
13 58 22 93
36 49 54 73
47 2 47 83
34 25 43 27
27 62 45 87
40 83 47 90
17 28 17 39
43 24 46 68
35 7 36 25
25 26 33 88
14 40 43 60
50 86 55 87
48 73 48 76
32 23 43 83
18 60 44 62
17 27 20 33
7 25 15 81
47 3 55 12
20 5 43 93
51 88 53 91
16 94 16 94
11 27 22 61
42 90 49 91
21 4 33 90
30 30 54 82
53 12 54 19
5 40 50 75
9 14 39 29
51 41 54 76
31 20 34 86
11 61 44 63
16 23 23 39
33 88 51 91
8 81 39 91
38 33 46 41
28 57 31 88
47 92 51 94
9 80 10 83
54 75 54 92
11 10 35 38
3 44 12 70
31 30 48 30
24 48 34 93
37 41 40 68
13 76 47 78
47 35 50 71
40 15 53 40
5 39 22 86
39 58 52 79
4 34 17 79
42 74 43 76
13 48 52 90
3 44 44 75
37 92 42 94
31 84 36 86
31 1 36 70
47 91 51 94
20 41 33 50
46 18 53 62
43 22 48 79
50 39 53 79
8 50 18 67
6 20 38 45
29 76 48 93
27 28 49 72
37 14 49 36
55 21 55 60
6 82 27 92
42 46 43 75
42 47 47 84
21 25 43 81
26 28 51 62
23 76 26 89
14 59 16 89
17 88 44 88
27 93 47 94
11 16 26 33
20 35 27 91
2 11 55 91
1 24 3 70
33 86 36 88
23 8 52 17
5 40 47 45
36 90 38 92
21 48 26 87
26 29 26 47
27 75 41 81
54 83 55 86
51 21 51 43
44 51 53 53
19 58 28 74
13 17 25 59
31 80 40 85
48 92 49 93
35 26 46 71
43 27 44 41
8 24 23 46
6 26 41 64
51 48 52 57
35 36 44 88
25 37 45 79
2 18 32 92
20 4 22 20
11 28 55 64
31 25 53 91
36 17 44 68
13 10 32 91
47 52 50 75
1 69 33 79
50 15 53 78
43 80 53 80
45 67 50 80
41 40 43 49
7 7 29 63
28 37 32 72
38 49 40 64
18 40 34 69
40 42 49 87
29 35 39 69
44 15 44 24
45 32 48 76
48 86 52 90
2 78 42 79
21 62 26 76
42 75 42 89
40 76 51 85
28 13 30 94
13 62 37 88
49 69 53 75
48 22 53 93
42 81 49 88
16 24 42 46
44 61 54 79
52 53 52 81
14 80 23 81
42 76 52 85
4 88 51 91
3 68 6 81
48 12 52 84
4 93 9 93
54 38 54 85
7 1 26 64
9 14 12 65
16 28 19 86
38 30 49 52
25 5 31 91
27 8 50 23
13 1 40 7
39 7 49 15
29 49 46 80
37 68 47 73
51 61 55 65
32 27 51 72
34 33 50 86
51 30 53 88
23 16 55 35
38 46 49 62
55 77 55 90
17 77 40 78
33 43 41 75
1 7 24 82
26 57 26 76
38 2 38 83
38 31 42 62
14 1 21 15
34 62 35 87
44 49 47 51
49 1 53 64
51 29 54 40
22 94 51 94
51 13 52 20
51 25 51 56
42 32 47 35
15 67 29 86
20 21 45 54
23 63 37 74
29 90 51 93
46 6 54 56
36 59 36 75
30 37 40 49
55 91 55 93
1 72 35 86
54 38 55 92
17 91 47 91
15 56 34 67
13 53 29 79
22 38 48 38
1 77 31 77
48 12 54 41
19 31 31 49
42 70 55 75
29 18 55 64
46 33 50 60
54 81 55 90
21 7 36 77
36 17 38 92
21 34 35 51
5 22 48 29
32 3 48 19
31 3 37 34
33 58 34 60
54 31 55 70
26 47 31 90
9 32 44 93
47 9 48 90
43 71 46 94
55 54 55 86
9 81 31 85
32 9 41 24
4 58 43 58
8 82 45 93
22 24 52 61
12 49 29 61
9 26 50 93
31 37 45 67
47 13 48 13
11 9 38 77
3 42 15 58
36 30 42 34
36 62 48 68
38 27 44 82
45 41 48 85
40 4 45 19
6 94 31 94
16 29 51 40
25 72 40 93
21 86 22 91
27 43 29 89
33 66 52 90
38 9 53 72
49 55 53 60
44 73 45 86
5 70 54 94
15 24 25 59
31 31 54 58
46 75 51 79
35 60 39 83
34 39 40 77
29 94 47 94
28 92 46 92
35 63 49 94
18 2 55 35
15 49 25 93
30 48 34 68
16 10 49 25
28 35 30 90
35 11 55 58
45 36 54 79
55 3 55 26
45 66 52 80
36 92 55 92
32 69 39 76
53 44 54 84
33 63 35 65
45 45 47 77
13 35 35 80
9 23 13 55
11 32 31 91
40 3 41 75
18 28 34 75
14 2 46 65
29 74 39 88
40 58 46 81
9 41 19 68
18 79 21 86
9 78 13 88
44 27 45 58
2 7 52 29
19 59 20 71
39 83 55 93
30 57 38 67
46 75 51 81
45 13 51 20
24 93 24 94
33 94 45 94
7 38 43 44
3 36 23 89
10 88 35 92
2 28 22 84
42 46 50 56
27 46 49 80
29 93 29 93
36 56 52 69
33 41 53 66
43 92 46 94
16 29 18 73
49 87 49 91
19 66 30 91
39 46 46 67
22 23 35 77
28 6 51 70
1 92 17 93
49 75 49 88
43 83 49 87
40 94 43 94
47 43 55 54
35 40 37 41
33 29 45 52
26 81 37 86
2 18 25 66
47 1 49 10
36 57 41 57
17 53 29 61
46 8 55 9
16 47 33 81
14 13 19 58
46 45 54 51
11 81 27 89
33 84 35 91
46 59 47 84
36 90 41 93
10 74 19 74
38 85 51 93
5 74 6 90
13 82 25 90
35 2 40 14
48 61 48 74
38 11 48 72
7 60 18 80
27 55 33 66
51 2 54 48
8 27 30 69
45 33 45 73
55 6 55 43
4 41 27 86
50 60 53 65
19 23 47 76
32 82 40 88
42 23 52 39
13 49 45 83
21 29 26 76
48 61 50 68
53 42 53 68
50 87 53 93
18 20 38 37
41 23 50 43
10 27 16 81
16 64 25 82
9 74 51 81
43 85 47 86
44 31 55 71
36 8 54 13
35 3 52 12
34 2 45 84
43 60 45 61
9 42 24 71
52 32 55 63
39 31 55 43
46 76 48 79
20 35 26 42
2 78 46 90
11 50 31 53
22 82 52 93
7 21 7 85
50 40 50 55
48 15 50 43
28 91 33 92
51 87 55 93
50 93 54 93
39 68 48 92
42 6 46 46
43 86 55 88
53 17 55 80
39 41 41 87
17 69 19 80
1 20 1 82
46 28 54 72
48 32 52 32
5 12 33 47
26 76 26 94
10 27 40 41
45 53 48 78
47 23 51 53
8 39 27 85
7 27 26 60
9 84 10 88
41 91 54 92
47 57 55 80
41 18 41 57
49 55 55 68
45 22 55 48
17 53 50 62
46 21 54 23
10 11 53 84
9 24 14 86
51 6 54 50
8 59 26 75
23 49 39 63
14 35 26 52
1 52 12 75
45 52 47 53
25 24 28 56
45 60 53 66
28 64 51 85
17 47 44 85
13 46 17 83
11 83 41 91
9 4 45 20
42 87 52 90
50 30 51 86
52 16 52 30
2 27 33 71
16 88 51 92
55 92 55 92
54 33 55 43
10 62 54 88
3 71 31 83
26 72 30 86
15 19 29 53
9 25 31 76
31 16 48 19
41 90 46 93
23 29 28 91
51 11 53 38
28 92 52 94
22 25 48 51
43 56 54 58
32 4 48 10
13 72 36 79
23 81 25 86
13 90 24 90
14 81 18 82
13 16 43 74
35 6 55 91
16 61 40 87
30 33 31 33
19 65 23 85
18 67 39 70
15 80 45 83
46 72 49 85
8 49 51 93
49 53 52 60
7 82 37 84
5 3 20 17
22 85 49 88
19 80 42 92
54 77 54 82
12 27 30 79
21 52 21 66
44 53 44 81
40 16 49 77
47 36 53 83
5 8 9 8
50 33 51 61
30 64 30 66
10 37 13 55
12 90 36 90
33 94 37 94
23 29 43 35
15 27 20 90
21 81 50 86
37 8 54 9
44 86 46 89
34 64 50 85
8 23 23 58
13 80 34 91
17 24 23 74
43 34 50 56
18 15 29 89
30 21 44 80
5 53 39 81
13 72 29 93
16 66 49 90
25 78 32 91
10 58 10 84
44 13 44 31
44 72 55 94
35 50 43 63
50 76 54 83
37 80 49 93
52 46 55 49
39 69 42 77
5 17 22 32
32 50 37 78
48 27 52 75
13 1 24 77
42 77 51 91
18 35 19 73
51 45 54 48
4 25 15 45
8 77 36 85
5 61 5 90
28 30 33 37
36 86 46 90
20 24 35 82
44 19 55 84
14 87 44 87
15 30 28 60
34 23 44 56
5 56 22 81
52 57 53 59
8 86 39 94
44 67 47 90
29 90 47 91
5 84 13 88
21 37 22 40
29 12 44 33
28 68 43 84
55 21 55 26
42 69 49 72
3 8 10 33
35 69 44 94
7 35 16 53
37 55 40 79
32 36 49 38
9 51 16 83
49 5 50 8
12 58 35 75
11 33 18 82
55 1 55 15
55 27 55 94
25 18 55 19
43 13 49 94
30 14 48 27
28 89 51 94
47 56 51 71
15 57 32 92
40 56 50 65
13 56 52 68
50 31 53 90
55 28 55 48
3 71 33 71
14 35 52 61
53 61 55 91
30 76 45 76
47 82 47 84
48 89 49 92
4 32 21 47
27 5 47 69
28 48 42 60
43 40 45 46
35 19 46 33
9 90 53 90
33 26 41 70
11 5 52 86
2 65 30 77
14 85 52 94
5 16 32 72
4 17 11 42
37 45 47 66
25 76 34 90
49 21 50 58
26 30 31 87
26 49 50 81
51 67 52 70
15 76 52 79
11 94 49 94
24 1 46 30
6 5 20 86
43 7 47 25
2 22 39 83
20 11 54 42
54 72 54 93
43 77 43 94
2 61 35 91
46 11 47 92
12 13 24 37
21 80 48 86
29 54 44 90
36 13 40 36
29 49 34 68
51 39 51 50
43 55 49 66
12 23 51 33
1 91 15 94
45 93 54 94
7 24 9 60
27 33 38 79
6 21 20 38
50 8 50 20
35 53 36 82
46 65 51 82
16 7 21 17
29 58 31 84
20 20 55 75
34 85 54 86
55 31 55 51
35 86 46 92
35 71 54 88
13 87 49 94
4 15 24 53
27 22 44 58
53 40 55 93
35 9 36 64
13 45 20 80
29 70 43 77
42 41 49 85
33 42 34 73
1 88 21 93
8 8 18 42
34 52 35 60
10 59 54 59
37 45 51 56
44 69 51 76
6 68 21 71
16 42 45 80
53 89 53 94
23 90 39 92
33 82 53 88
19 46 41 60
26 26 50 51
12 73 36 75
55 9 55 28
48 64 48 92
51 33 51 64
30 46 30 92
51 91 54 91
41 14 50 94
34 50 44 68
25 13 54 77
47 4 53 85
24 39 50 71
24 78 37 92
47 47 49 82
36 25 55 90
45 39 55 66
22 84 40 87
34 30 41 40
28 35 54 36
44 17 51 45
14 84 37 87
4 60 27 80
54 39 54 63
52 38 55 93
36 55 39 57
20 8 54 43
49 73 55 86
39 12 49 54
37 81 41 90
7 28 36 29
1 9 45 41
25 44 49 52
38 73 42 81
32 47 32 68
50 83 53 92
14 3 49 79
43 94 48 94
34 32 52 82
24 79 31 79
40 77 46 86
54 56 55 85
32 59 41 87
18 67 21 69
35 60 53 92
45 14 49 28
36 45 39 79
50 17 50 74
4 65 49 88
37 43 52 57
11 19 45 75
42 47 47 84
52 91 52 91
48 51 52 68
11 38 32 79
25 45 36 69
27 31 51 49
32 79 45 89
42 62 54 88
30 74 39 77
23 86 41 91
49 28 49 84
15 45 43 64
3 65 47 74
1 78 20 82
43 20 51 93
41 10 49 94
6 35 50 42
3 87 50 92
35 41 36 66
43 88 47 93
45 26 45 72
26 82 28 85
37 68 44 89
29 32 44 35
48 54 51 84
41 92 48 93
26 18 45 77
2 50 18 85
44 42 49 44
26 17 51 52
54 88 54 91
49 86 55 88
48 41 53 80
3 80 30 90
11 60 41 69
36 88 47 89
47 48 54 59
37 92 54 93
30 40 32 85
20 2 55 7
29 27 54 73
45 23 48 46
9 46 49 76
12 2 51 57
21 1 28 31
43 18 45 33
43 31 50 31
51 58 53 90
14 83 38 84
46 16 47 30
3 7 27 13
9 62 26 88
7 63 17 68
28 63 29 86
30 88 38 89
41 40 48 56
23 20 41 71
6 22 38 94
14 10 34 49
29 11 39 91
42 40 42 81
15 68 52 76
33 20 41 25
7 80 16 89
37 27 52 32
33 93 46 94
31 68 31 70
15 58 35 88
41 48 55 78
46 11 50 67
17 70 29 74
30 43 54 89
46 89 52 92
41 9 53 48
17 32 51 85
33 83 55 94
4 40 34 89
49 68 49 89
28 41 48 59
41 43 52 82
32 59 39 89
47 11 54 65
9 30 40 80
55 4 55 20
26 41 40 49
48 24 51 92
29 40 53 68
49 23 50 44
34 21 42 36
47 91 50 93
32 3 36 37
24 60 36 82
5 61 49 70
45 68 50 75
25 45 49 57
3 35 47 55
10 63 43 88
21 47 45 51
49 37 52 51
13 4 32 47
48 7 50 16
28 22 33 55
17 38 46 73
16 83 17 88
53 70 54 82
21 15 41 17
6 88 52 90
17 32 29 44
29 34 29 47
1 62 12 63
3 30 39 63
31 42 31 59
33 61 39 61
33 5 41 85
3 63 25 87
28 54 35 89
13 42 47 51
8 12 12 87
38 81 46 83
17 27 41 64
3 68 7 80
45 61 55 69
32 83 45 93
39 81 40 82
28 59 47 67
10 2 33 47
48 38 53 85
7 49 53 78
44 38 47 65
22 72 22 86
33 56 54 82
15 30 51 59
12 19 52 91
18 86 38 88
55 94 55 94
6 56 45 61
5 87 40 92
3 34 17 55
15 65 16 91
34 55 53 71
54 41 55 83
54 85 55 89
52 81 52 86
43 86 43 92
1 19 51 69
19 56 41 80
38 92 49 92
33 26 39 92
36 64 54 82
22 41 30 57
51 5 52 75
18 83 26 92
9 41 40 86
1 41 32 76
7 21 34 21
42 36 53 41
23 60 39 76
35 50 48 84
10 43 41 70
50 32 53 94
23 90 47 93
29 85 54 92
45 10 45 16
50 53 50 83
32 58 49 73
15 81 30 94
22 28 48 34
14 80 42 84
16 84 47 91
33 70 54 77
47 73 55 81
18 34 24 89
5 41 13 45
24 67 38 83
35 42 46 76
14 69 38 92
46 61 49 83
14 71 49 78
22 88 53 90
38 6 43 53
11 17 52 56
17 72 51 73
45 15 45 48
5 90 19 91
46 42 53 67
51 24 53 32
47 68 54 84
21 19 41 54
2 32 7 56
45 34 49 36
39 84 46 93
36 60 51 81
16 4 33 39
49 22 54 53
53 91 54 91
41 47 48 64
17 43 24 75
24 76 51 91
21 61 46 87
25 27 43 54
40 65 43 84
43 36 53 81
47 41 51 43
43 41 45 77
24 2 29 20
41 41 51 65
21 9 40 46
4 5 10 87
29 29 52 55
5 7 33 43
42 47 52 81
11 16 22 42
53 13 54 46
5 15 41 49
46 73 53 84
11 40 37 42
12 5 53 53
43 72 54 79
9 4 30 83
21 24 50 59
51 58 53 73
29 25 52 68
15 48 29 84
43 73 51 92
38 56 45 64
13 36 46 55
28 50 50 82
19 71 21 80
42 17 49 28
19 67 39 80
53 67 54 78
44 25 47 87
54 2 55 22
7 67 13 79
17 14 19 61
13 58 24 93
27 6 39 28
40 59 43 91
53 81 54 90
27 10 45 46
23 45 42 85
3 42 51 71
11 64 31 76
1 58 15 88
54 32 54 58
47 24 51 76
44 17 48 62
3 53 52 79
25 86 33 87
52 58 53 77
8 32 12 78
11 69 16 75
26 85 31 89
18 61 37 76
6 19 19 50
19 80 40 82
41 80 41 85
4 71 36 87
39 66 53 66
50 37 52 88
13 70 45 80
31 36 53 55
31 57 50 90
42 71 50 75
29 5 44 41
32 15 53 15
55 34 55 68
52 7 52 34
24 3 47 21
2 89 7 89
46 80 49 84
44 90 49 92
47 53 50 65
25 51 33 60
42 14 55 87
18 28 52 41
31 62 33 62
28 63 36 75
15 88 38 88
29 69 42 83
29 23 52 83
34 8 41 81
30 13 39 68
32 36 36 82
29 93 51 94
17 5 36 22
55 22 55 85
54 26 54 28
8 2 39 76
7 32 10 91
15 61 15 68
13 51 26 80
28 6 45 9
46 56 54 64
10 37 40 51
38 88 47 94
25 84 45 84
30 3 41 78
33 24 49 88
36 50 53 54
8 53 21 54
39 27 52 71
41 13 41 50
20 25 29 69
22 87 54 94
11 31 36 72
9 81 23 92
42 62 44 81
38 3 39 83
42 19 53 94
14 36 26 87
16 55 44 70
5 26 32 89
55 91 55 92
31 79 40 94
4 37 23 41
33 26 44 33
9 85 42 94
7 41 7 63
55 83 55 88
54 94 55 94
25 36 29 83
1 80 52 87
2 25 5 57
19 3 34 45
22 3 45 51
52 81 55 81
55 28 55 94
17 69 33 87
29 93 39 94
14 77 35 77
42 69 42 83
33 30 49 93
36 92 44 93
54 4 55 89
13 90 41 94
51 75 54 76
19 64 48 92
45 34 52 68
32 50 46 71
32 59 41 79
54 80 54 93
55 8 55 48
20 80 24 89
3 49 15 51
49 15 55 49
28 45 36 74
9 70 48 92
10 18 47 78
13 41 52 58
12 40 53 47
7 7 37 17
26 36 40 57
35 81 46 91
20 35 44 40
39 31 47 47
32 11 48 23
8 90 33 94
20 20 44 49
12 29 26 46
48 46 53 69
39 4 48 60
34 93 47 94
20 50 43 59
18 50 47 83
17 78 29 82
55 31 55 81
27 12 29 24
8 75 55 78
32 3 54 5
19 50 33 50
28 5 45 25
1 32 4 88
5 83 31 88
53 62 53 75
24 82 33 86
3 16 23 57
36 25 45 33
7 40 30 71
12 83 13 90
39 47 52 62
21 71 44 90
50 56 55 73
30 66 51 92
26 94 51 94
21 88 55 94
5 67 46 85
8 39 17 59
16 64 38 73
29 45 38 51
38 64 43 92
24 33 41 42
32 19 49 43
26 50 33 79
5 17 8 76
2 37 38 67
18 38 40 47
31 74 38 92
44 61 49 89
53 67 54 74
41 15 53 68
11 69 38 86
7 3 35 63
9 91 34 92
8 85 21 92
51 70 52 91
47 74 50 89
4 17 6 70
46 9 55 73
48 24 53 70
48 6 48 72
25 17 50 55
47 59 55 71
6 24 49 83
16 41 25 93
50 40 55 69
27 10 29 33
47 62 51 79
52 52 53 53
18 41 23 75
23 50 31 78
37 50 44 92
44 80 51 89
16 89 24 94
21 18 55 62
20 52 23 68
45 91 47 92
13 7 27 58
23 69 32 86
53 88 54 90
22 60 37 72
29 43 39 54
29 57 31 66
54 82 54 90
32 42 46 75
26 43 53 70
41 75 48 89
10 77 45 82
15 79 28 93
21 53 50 81
22 74 23 82
2 54 53 68
13 16 38 66
11 42 35 50
4 60 8 64
37 22 38 82
27 22 48 77
20 85 37 93
16 54 36 74
8 81 9 84
54 29 54 66
37 79 44 94
16 13 30 36
39 61 54 73
20 86 24 93
21 74 42 78
4 29 34 32
36 47 53 48
25 36 29 39
10 4 15 25
39 37 49 49
10 74 40 93
11 49 51 49
8 4 47 56
29 20 36 51
4 3 47 23
47 45 51 90
4 11 11 92
27 2 38 88
30 33 44 63
45 37 49 73
44 36 51 38
5 49 10 60
12 32 45 80
47 70 49 72
53 75 53 86
39 30 52 57
31 88 51 93
33 3 35 4
55 88 55 88
55 10 55 49
36 14 54 54
10 89 10 91
30 51 52 94
7 93 20 93
12 91 31 92
8 38 9 44
1 66 34 72
8 14 14 55
39 47 48 83
1 60 42 71
14 67 40 91
39 50 55 87
27 3 52 67
24 86 27 94
46 40 51 64
51 26 52 94
17 31 37 79
33 27 37 37
14 69 15 71
13 78 24 78
7 86 27 92
32 29 45 92
22 30 24 79
17 82 51 88
30 47 47 93
28 59 36 87
44 24 46 72
48 70 53 81
49 62 55 91
8 86 22 94
26 64 40 73
50 32 51 86
47 72 54 86
31 46 50 89
49 7 54 50
32 42 38 73
5 38 43 77
37 35 51 83
28 11 48 61
19 51 48 82
9 61 12 83
32 62 33 70
54 94 55 94
1 2 44 7
32 87 55 89
24 91 45 92
22 81 51 91
55 50 55 68
41 48 53 71
16 24 52 82
28 17 44 31
36 31 52 70
12 67 31 91
45 89 47 90
30 6 33 94
45 49 54 62
20 13 45 52
16 75 54 83
19 3 29 20
11 91 16 93
41 34 48 40
27 20 37 53
34 83 46 85
32 18 50 79
24 15 48 82
27 45 46 61
16 1 42 66
50 7 55 29
32 85 49 90
25 55 52 94
2 45 48 77
52 58 55 63
41 90 47 92
34 39 42 64
31 17 50 27
53 55 53 67
44 43 51 83
55 91 55 92
4 42 54 76
41 2 54 25
27 91 38 92
26 59 48 91
31 17 32 77
27 43 53 54
21 2 43 32
8 27 23 72
44 11 45 60
10 26 46 46
22 23 35 92
48 81 55 87
15 36 42 94
42 75 45 82
9 12 42 24
29 9 39 80
55 49 55 92
28 70 45 77
45 28 48 88
16 63 22 80
38 40 49 86
29 19 40 92
11 30 17 58
18 43 30 66
14 40 49 93
47 61 51 86
6 72 54 72
19 27 31 50
45 86 46 91
33 23 40 38
42 67 44 77
29 76 38 85
41 94 54 94
7 16 30 66
17 61 44 69
42 43 45 70
52 39 52 87
54 4 54 6
4 91 10 93
23 94 52 94
55 59 55 80
47 7 51 92
4 58 5 87
43 48 53 57
28 13 48 87
20 24 44 71
25 43 55 90
44 38 54 55
52 60 53 87
11 26 19 68
4 66 22 87
39 4 48 41
50 42 53 88
45 88 52 90
47 41 49 86
53 21 54 90
2 34 52 57
29 38 55 83
45 38 55 54
38 65 39 70
34 5 37 16
1 50 8 64
51 89 51 91
9 65 23 84
31 5 41 89
32 28 50 40
38 26 42 52
18 92 21 92
1 31 3 56
19 82 50 94
36 6 40 20
39 64 42 91
3 94 47 94
48 44 51 56
18 88 19 90
28 14 47 37
33 60 37 83
23 48 52 55
6 29 26 42
54 61 54 63
11 81 42 82
16 46 20 78
23 27 44 89
13 93 52 94
16 66 27 90
47 26 53 28
54 2 54 57
32 29 42 43
52 56 55 83
2 59 6 86
11 77 22 93
31 26 43 72
52 56 54 71
37 16 37 37
28 65 45 91
48 78 54 83
37 91 41 92
49 78 52 80
23 65 51 88
20 47 26 72
42 55 49 62
39 73 46 79
46 2 51 19
5 40 43 59
39 58 40 86
15 1 35 46
20 92 29 93
5 64 7 74
33 27 35 47
28 91 45 94
22 79 23 94
16 42 34 86
38 1 55 23
43 78 46 80
38 14 38 68
20 62 38 76
17 80 36 94
22 51 29 59
36 94 55 94
18 80 41 92
42 57 55 66
11 57 29 94
2 65 12 88
6 24 55 87
23 81 46 90
43 80 54 86
54 40 55 62
16 11 52 83
38 14 41 22
53 54 54 72
35 45 36 72
48 87 51 91
2 75 45 84
47 10 53 77
25 81 43 86
6 38 27 86
50 57 54 63
43 75 47 88
45 87 48 89
18 5 30 31
30 46 45 74
9 15 53 56
53 91 55 94
15 10 16 30
54 4 54 8
35 60 53 67
25 10 39 23
43 70 50 77
43 32 53 74
18 3 43 37
32 19 51 23
47 74 54 91
4 53 12 72
43 66 44 68
33 1 40 30
28 24 34 75
5 8 27 14
23 91 50 92
44 52 46 80
38 89 54 91
41 88 42 93
33 36 38 84
47 18 54 81
13 36 46 38
8 63 17 70
16 80 47 81
43 40 51 69
44 46 54 88
25 17 44 83
50 94 52 94
1 65 15 69
18 23 35 91
11 41 16 80
9 38 19 39
51 7 52 82
40 43 46 69
15 36 33 75
29 50 30 66
9 65 17 80
1 21 39 38
49 72 52 89
34 64 38 77
35 92 50 94
45 60 54 60
33 64 34 91
11 53 36 62
12 90 46 92
53 50 54 69
39 93 55 93
46 37 51 71
47 88 50 92
5 16 23 38
4 91 29 94
19 22 29 24
20 41 34 55
47 67 47 94
21 85 51 89
52 21 55 30
37 17 53 22
45 89 47 93
5 91 45 93
38 15 42 70
39 15 52 40
18 29 23 53
2 48 4 63
19 94 33 94
38 2 46 78
25 70 45 79
10 27 44 69
52 13 53 27
8 32 55 68
47 30 50 54
47 22 54 32
29 6 42 62
6 91 12 93
51 64 54 91
30 76 39 93
32 34 45 71
13 62 30 93
55 93 55 93
3 32 26 88
17 60 19 92
26 56 41 90
50 87 54 93
28 42 48 69
8 44 16 70
10 64 55 94
37 38 37 66
35 76 49 86
1 71 8 73
20 34 27 93
38 77 51 93
30 20 34 30
2 46 15 67
40 28 53 55
54 29 55 74
36 61 55 66
36 49 37 60
17 46 45 78
6 43 14 83
48 41 52 58
55 87 55 89
55 54 55 92
32 50 36 76
21 52 42 91
2 17 54 56
37 14 48 21
45 26 48 75
19 41 34 43
18 3 33 6
11 4 47 54
52 23 53 49
46 3 48 35
48 90 51 94
18 78 55 91
39 22 53 65
35 60 50 94
27 16 37 43
42 46 50 70
24 84 29 86
2 24 38 52
22 22 41 39
5 63 49 78
35 33 37 65
47 6 53 33
53 37 53 86
38 58 41 72
5 90 9 92
54 6 54 18
4 69 54 69
38 6 51 87
38 46 42 68
33 22 50 72
44 79 48 85
32 61 45 66
45 79 55 89
16 24 40 38
10 28 32 77
52 76 53 82
28 27 29 39
50 29 51 43
32 62 50 81
31 59 36 94
16 19 32 91
48 21 49 61
39 27 47 85
21 94 51 94
50 13 52 42
34 1 36 56
19 22 44 25
30 77 47 91
20 11 41 75
31 92 31 93
4 82 22 82
44 53 54 75
41 31 49 50
45 7 52 90
49 40 54 80
44 90 45 91
10 60 50 83
4 24 45 67
15 73 29 81
47 32 51 53
22 94 35 94
6 67 41 69
12 25 43 83
11 70 12 94
19 36 29 67
37 60 40 75
5 42 9 93
19 55 49 64
29 85 39 89
2 79 48 89
40 61 42 84
37 25 49 89
24 26 24 90
38 18 39 71
45 85 48 85
45 17 46 55
19 83 26 83
9 83 11 83
29 78 50 89
25 6 40 30
42 40 48 72
27 68 31 87
11 21 44 70
19 28 55 33
36 5 54 28
11 67 44 74
3 79 10 90
31 79 40 86
19 26 55 89
12 9 13 94
7 64 7 74
6 4 24 22
42 85 47 92
30 47 33 70
31 91 52 92
42 94 43 94
4 56 20 73
48 54 53 72
44 49 48 49
38 44 53 84
33 35 52 86
14 72 50 93
39 30 39 90
50 67 50 73
37 50 53 59
40 57 48 69
11 64 18 85
34 71 50 81
37 62 43 80
14 2 37 44
16 86 38 86
54 42 55 73
7 30 46 51
2 78 22 89
31 59 48 82
13 69 49 71
50 68 51 91
28 92 41 92
15 58 17 59
25 53 28 74
52 53 53 72
48 72 52 84
54 72 54 86
50 88 50 91
28 4 47 51
21 28 45 59
47 13 54 42
21 13 29 29
52 41 54 90
36 32 37 34
52 59 53 86
14 65 15 72
1 7 3 26
11 60 46 67
30 87 33 93
19 26 20 80
6 76 21 85
10 22 55 28
12 66 22 83
52 81 53 81
24 37 52 60
19 88 19 91
15 62 52 66
45 53 48 56
55 65 55 94
24 60 44 66
10 76 22 83
49 84 51 90
25 92 29 93
21 44 50 77
3 85 11 89
51 53 54 53
6 75 20 92
3 55 28 55
8 87 29 91
54 29 55 39
28 21 51 26
16 94 32 94
30 21 33 84
43 44 51 54
4 88 49 89
43 16 52 32
43 88 46 94
18 56 54 73
8 23 25 33
12 29 30 38
1 20 22 61
14 28 30 88
19 61 49 70
20 47 46 78
4 36 33 45
41 69 54 83
40 72 46 84
8 5 42 43
37 10 37 12
4 8 23 72
44 70 52 82
39 82 39 91
27 85 48 93
5 31 21 57
23 18 36 51
8 26 47 69
16 82 53 91
51 52 54 79
17 25 32 60
42 76 52 91
15 89 23 92
33 11 40 81
7 66 29 68
34 11 40 58
41 79 41 92
46 34 48 86
30 77 30 80
51 12 53 75
52 42 53 42
10 25 40 90
40 12 42 82
18 85 34 88
23 31 53 35
1 36 41 64
11 51 13 86
49 92 55 94
26 81 44 86
37 93 48 93
35 63 38 69
6 90 26 94
26 92 48 92
16 46 50 74
29 14 30 89
18 12 25 15
25 21 51 47
12 60 41 65
37 94 53 94
2 9 23 29
52 65 55 71
11 2 51 90
18 12 36 34
7 35 47 81
6 26 21 90
33 51 33 81
4 78 55 93
50 53 52 73
43 3 55 12
54 73 55 73
26 39 32 52
47 35 47 62
43 27 48 93
19 43 50 81
6 86 47 89
54 72 55 87
30 88 50 91
41 5 50 51
21 27 47 32
6 25 11 68
6 43 28 46
34 4 44 94
33 69 43 70
27 6 51 76
30 4 33 81
53 51 55 72
4 5 17 82
22 70 27 92
38 62 49 74
18 12 55 77
12 42 13 60
32 35 36 87
10 42 11 51
45 26 48 61
33 4 40 93
45 48 55 90
32 36 47 74
45 15 54 85
23 69 30 73
22 84 41 92
50 29 51 40
29 56 29 75
26 32 35 84
3 59 25 89
27 43 52 79
27 16 43 92
28 42 28 91
19 76 21 91
48 35 48 37
12 87 42 94
55 69 55 70
2 62 8 92
23 48 37 71
18 76 47 83
36 68 45 82
13 91 43 94
53 91 55 91
51 42 51 53
40 66 50 76
31 60 54 65
27 34 30 53
21 53 45 86
17 19 34 90
11 50 46 53
28 35 28 71
31 25 33 25
51 26 54 75
48 33 48 92
11 3 16 80
45 19 53 81
3 22 32 90
36 61 39 82
51 77 52 88
25 56 50 72
43 23 50 42
24 47 34 81
4 82 7 82
46 1 46 57
43 30 53 59
42 2 43 68
33 66 44 66
42 73 50 76
15 44 31 74
41 59 54 85
30 50 38 83
11 24 35 76
37 37 40 61
19 39 26 82
15 35 34 49
45 94 53 94
36 33 50 62
27 38 27 50
49 5 53 44
29 26 31 39
49 29 53 43
1 88 35 90
48 2 54 82
42 29 48 41
21 94 40 94
49 64 49 70
5 59 45 61
1 43 31 73
30 31 49 65
5 83 12 87
21 37 49 75
44 91 49 94
15 49 20 51
8 1 18 45
47 24 52 87
15 58 35 75
7 20 46 40
7 13 55 13
2 85 15 91
31 86 31 94
45 24 47 94
31 10 47 25
49 31 52 36
54 78 54 82
11 26 31 75
14 38 37 87
41 29 42 87
40 7 53 41
14 89 53 89
3 64 18 85
38 89 49 93
11 45 39 70
33 19 51 69
19 83 28 88
11 83 55 93
41 89 43 90
1 61 32 79
41 61 54 74
12 59 22 87
39 36 50 54
42 92 45 92
19 72 43 89
12 79 21 87
49 32 51 82
45 50 54 90
49 9 53 81
29 25 35 66
24 1 47 71
21 7 21 59
50 91 52 93
23 36 48 76
4 16 40 76
27 6 42 48
37 21 37 27
5 69 28 85
33 34 50 69
9 61 34 64
40 62 45 89
1 29 24 29
20 54 44 80
32 2 47 2
6 36 42 68
4 26 41 87
5 72 29 92
30 69 33 70
14 11 23 64
18 2 37 7
24 32 28 74
5 41 52 93
30 6 30 66
46 42 47 74
32 50 48 80
54 2 55 60
5 30 35 61
18 3 51 51
52 62 55 92
13 45 22 83
9 47 31 84
22 12 54 72
39 18 47 31
35 93 37 93
51 38 55 59
47 19 47 56
37 10 52 12
4 19 36 71
14 88 49 89
28 56 41 89
49 2 54 59
47 15 50 61
20 77 44 79
36 1 54 19
19 22 38 26
17 83 47 93
5 60 26 72
9 82 51 93
23 54 51 54
21 73 22 86
38 79 47 92
38 63 41 74
15 14 21 41
55 1 55 53
52 77 53 81
19 94 41 94
28 58 46 61
4 31 39 69
41 45 45 45
36 89 44 93
35 29 42 68
50 73 52 82
41 33 41 62
40 18 42 92
53 56 55 64
53 89 55 90
50 4 53 56
8 90 38 92
25 59 42 60
32 93 35 93
2 79 54 84
26 94 37 94
20 81 25 81
54 74 55 91
54 34 54 72
53 67 53 77
18 91 36 91
23 11 51 32
51 21 52 61
54 39 54 90
39 89 49 92
11 8 27 50
10 36 18 94
38 54 39 78
41 32 55 50
19 64 49 81
4 58 4 87
9 47 47 91
14 74 47 84
18 66 24 87
11 17 37 66
31 37 46 43
13 8 34 46
19 28 49 62
48 79 51 80
12 65 36 67
31 27 49 55
55 87 55 90
9 79 34 92
23 21 23 44
36 81 54 89
30 43 53 71
30 2 43 5
25 93 55 93
32 19 33 75
8 49 13 52
38 66 40 72
28 73 36 82
2 10 49 37
37 82 42 85
42 21 52 53
12 39 52 62
20 78 41 94
20 84 39 84
2 70 41 70
15 57 20 84
46 31 54 64
12 94 30 94
52 80 55 81
43 75 49 80
26 74 29 75
35 27 52 70
32 30 37 69
11 53 30 59
1 45 24 85
32 9 35 50
54 87 55 92
7 7 14 60
33 42 55 76
36 67 36 86
31 73 52 78
20 6 50 8
29 19 52 62
51 12 51 15
16 54 30 80
4 65 45 76
18 3 32 49
36 22 47 67
47 87 49 89
31 9 54 58
25 36 29 92
50 25 50 47
20 39 25 41
15 94 25 94
38 61 52 64
32 62 54 66
17 93 33 93
39 86 41 92
16 81 28 92
40 62 44 73
54 69 54 71
22 6 48 41
2 44 8 83
40 54 52 88
4 31 43 42
12 61 34 67
12 27 19 41
52 50 53 82
3 67 13 75
11 6 42 80
46 85 48 91
39 50 53 63
29 19 47 29
9 40 33 88
13 68 26 92
8 20 38 27
49 33 52 44
45 91 55 92
5 59 46 79
50 45 51 93
19 47 31 64
38 65 47 82
25 7 53 88
22 87 32 90
1 53 54 61
9 91 46 91
20 82 48 94
52 80 53 85
13 69 14 83
8 86 10 93
12 83 28 91
44 77 49 88
11 62 27 71
50 86 55 92
6 83 28 85
11 78 43 90
53 77 53 89
29 25 48 73
14 82 14 85
47 60 51 82
43 31 49 31
14 38 23 92
1 86 32 86
41 36 44 63
52 6 54 44
47 71 51 89
30 62 31 83
55 80 55 81
1 60 53 85
8 42 11 78
55 13 55 33
45 3 49 76
48 86 55 94
43 17 47 26
43 74 47 74
10 30 23 49
45 37 51 48
49 67 50 71
4 5 25 56
3 76 53 91
20 36 23 59
22 39 23 49
46 20 48 28
10 7 31 86
2 73 13 87
44 43 44 48
2 43 3 77
2 53 14 76
39 72 52 80
30 37 32 48
38 3 43 54
22 47 49 76
6 71 32 71
46 41 53 67
29 94 33 94
41 36 41 63
6 2 13 2
44 22 47 28
25 28 39 78
17 78 24 91
46 83 48 88
28 22 42 92
22 47 45 55
24 30 29 58
44 89 51 91
41 7 41 42
43 74 52 88
39 9 51 68
1 35 24 78
44 58 47 75
12 39 43 79
50 67 55 86
30 78 52 84
25 16 29 75
24 60 40 72
19 43 32 54
52 22 52 27
33 77 45 90
32 33 41 39
34 58 46 82
48 52 52 81
24 92 44 92
21 5 35 61
54 16 55 78
26 5 30 75
5 81 26 91
37 3 47 4
33 26 54 94
37 19 52 27
14 13 52 60
4 77 35 88
10 43 41 45
54 6 55 29
26 65 50 94
2 20 34 39
22 63 44 81
32 51 34 70
49 35 50 76
3 27 30 57
8 56 28 80
13 73 33 74
28 54 51 80
33 86 46 87
52 33 54 67
8 66 20 79
4 47 37 74
18 90 40 90
19 41 38 50
14 55 55 68
19 14 38 50
33 17 49 33
31 79 46 79
16 13 54 41
20 44 23 66
7 90 25 93
17 64 28 83
32 12 48 71
12 54 19 90
54 6 54 86
15 46 24 49
34 15 50 46
2 72 22 83
8 91 9 92
9 93 14 93
22 61 48 75
17 85 30 93
41 94 42 94
5 64 39 88
33 44 43 70
55 23 55 34
45 58 46 75
3 2 51 52
22 91 42 94
35 45 55 88
29 79 36 81
23 93 23 93
24 55 37 78
14 82 44 87
39 8 51 25
10 72 30 75
41 94 41 94
40 2 42 6
26 13 34 39
35 34 42 58
34 87 41 88
50 60 54 60
22 85 40 94
54 51 54 83
4 30 4 43
43 17 45 76
5 37 46 74
52 3 54 87
46 76 51 76
26 65 38 76
2 91 47 91
37 33 40 94
49 76 55 91
41 52 54 52
28 72 33 78
43 3 48 78
46 82 52 92
29 11 46 19
18 64 38 83
25 45 36 49
6 43 6 47
54 57 55 83
27 92 42 92
31 89 41 92
19 75 53 90
38 13 38 34
43 45 52 61
20 46 21 88
44 67 54 90
9 36 41 85
28 12 32 46
7 60 31 90
28 12 41 58
18 32 50 78
55 23 55 48
5 8 6 47
37 92 41 92
33 79 37 80
46 8 49 9
10 85 17 89
16 70 16 92
33 2 39 29
3 91 6 91
55 22 55 75
35 91 38 91
15 40 36 91
17 2 48 89
50 93 50 93
46 1 48 44
48 57 55 85
5 59 13 71
36 28 38 67
42 37 50 45
16 76 23 85
19 59 27 83
17 87 47 88
46 32 49 90
31 16 45 36
48 57 48 60
48 92 51 94
2 70 53 85
49 91 54 91
49 4 51 15
7 33 39 45
18 1 49 31
8 10 49 46
40 28 46 76
42 14 43 29
50 70 55 82
31 48 41 81
22 81 43 86
26 23 26 94
51 20 52 76
40 47 45 74
45 94 52 94
20 84 35 88
48 76 48 77
48 63 48 63
55 82 55 85
26 16 50 76
35 63 49 83
17 13 55 19
33 10 43 45
53 88 54 94
26 37 38 75
37 82 46 84
47 36 49 57
25 17 55 60
51 60 52 91
40 37 43 90
32 1 36 40
13 51 54 78
13 43 32 59
24 35 53 88
12 84 45 88
55 70 55 91
21 79 33 84
23 6 32 89
15 7 27 81
54 17 54 76
33 64 53 76
47 34 51 36
41 51 50 73
52 19 54 42
39 49 45 69
53 82 55 91
49 94 53 94
50 50 51 75
23 41 51 76
31 37 32 47
52 42 54 78
14 27 18 40
18 64 31 72
13 29 26 49
14 64 55 73
28 21 31 23
26 23 37 65
55 41 55 80
21 38 52 43
52 52 54 68
18 39 50 47
24 66 29 89
17 90 26 93
54 1 54 46
12 94 15 94
50 16 54 39
45 66 45 68
39 3 46 32
49 62 55 79
1 90 53 90
41 93 42 94
1 34 48 55
24 30 37 70
51 3 51 27
23 84 44 84
33 49 38 74
20 93 52 93
41 23 47 64
25 46 28 68
4 31 42 62
17 58 55 78
36 85 41 90
43 85 53 91
48 78 48 84
41 71 48 78
4 9 11 87
7 81 33 94
19 76 37 90
39 53 49 84
7 54 23 59
27 27 46 28
31 70 37 90
30 83 39 91
50 93 51 93
19 78 26 88
36 33 48 37
36 13 42 19
45 26 48 53
5 48 12 68
5 84 51 94
48 16 52 94
24 6 31 44
12 14 33 45
4 9 27 11
53 66 53 75
50 17 54 94
6 57 17 79
20 83 36 85
42 52 51 76
1 4 10 19
9 11 30 69
3 89 44 92
19 29 47 88
43 86 51 91
53 13 55 81
38 83 46 93
14 1 30 23
28 61 44 87
5 28 17 70
21 80 37 80
22 26 39 33
3 74 54 84
49 84 50 94
47 34 49 83
15 45 46 68
13 74 53 76
14 72 14 80
34 52 53 84
25 66 47 91
36 39 55 85
47 64 54 73
9 40 17 56
54 11 54 64
19 44 42 63
31 61 51 69
10 9 22 86
52 2 54 44
22 38 44 63
10 30 48 44
22 28 53 42
31 66 54 85
55 79 55 85
52 25 55 66
49 49 49 56
42 52 45 57
27 18 47 43
12 85 51 93
1 5 4 74
47 18 51 84
35 15 35 47
28 72 32 88
10 73 43 74
17 28 48 77
19 39 55 67
52 23 52 46
48 22 51 72
3 52 50 62
42 51 46 57
30 57 39 70
27 40 55 55
55 61 55 86
7 7 31 42
16 51 23 61
1 31 29 36
42 63 47 65
45 36 46 45
34 39 49 51
52 14 52 81
19 76 22 77
41 24 42 58
51 1 55 81
50 78 50 94
20 19 32 84
29 28 41 45
30 79 51 92
3 53 31 74
9 52 32 73
3 3 21 4
45 21 49 31
13 84 19 93
38 76 44 83
16 94 35 94
2 87 15 94
49 46 54 54
27 72 29 78
23 47 24 47
11 94 31 94
22 50 48 92
40 2 43 79
20 68 50 90
42 9 43 19
33 80 42 84
28 9 48 85
52 50 53 52
34 45 42 73
38 6 47 41
39 46 53 65
32 56 49 80
32 22 48 54
47 31 49 48
50 48 50 69
3 63 13 65
27 70 50 91
24 24 35 70
55 5 55 46
23 17 43 55
13 10 54 38
4 76 37 92
25 5 47 90
34 63 47 71
17 17 35 43
44 65 52 79
17 23 18 90
10 84 32 90
51 70 54 83
27 81 28 90
21 68 53 90
32 80 50 80
15 14 21 56
7 73 43 83
31 45 46 88
41 37 49 55
16 69 23 73
32 78 54 88
17 76 21 78
41 28 45 67
13 87 31 89
49 25 53 69
15 41 50 46
47 88 55 90
40 67 41 68
46 45 54 63
7 32 22 91
14 6 45 43
18 18 31 75
5 36 22 39
29 27 47 60
24 58 27 74
49 68 53 90
55 24 55 26
32 52 40 79
49 6 51 51
25 28 47 85
2 68 22 81
30 19 53 50
27 2 47 50
48 66 48 80
1 5 14 51
28 54 30 69
40 6 53 57
47 49 55 57
6 55 8 69
10 15 36 85
16 40 31 70
49 42 55 66
36 49 40 69
46 55 50 59
18 44 33 84
21 17 29 31
41 8 51 47
41 7 49 89
12 80 36 84
48 69 53 87
19 64 40 68
49 26 53 71
37 26 50 75
8 29 44 54
26 78 35 89
38 68 46 83
8 89 32 89
32 30 51 44
42 82 42 86
13 27 44 61
33 18 46 33
28 70 49 79
43 27 51 72
7 16 47 84
30 86 41 90
53 49 54 79
21 82 41 85
27 14 27 68
30 89 53 90
30 14 53 83
10 23 45 63
47 26 51 46
22 81 41 85
9 22 10 86
21 85 49 93
32 34 54 69
48 59 51 91
51 31 55 85
34 72 43 90
53 34 53 60
47 92 53 92
21 52 24 84
40 7 55 47
28 48 51 52
2 25 55 32
24 74 44 92
16 61 34 71
5 86 22 94
21 30 36 79
52 37 53 76
7 11 19 73
4 26 43 28
16 77 45 94
22 4 28 33
22 11 29 17
13 17 24 52
21 86 26 89
1 60 19 75
23 69 40 69
35 58 42 72
21 11 54 93
9 57 55 85
31 1 42 20
30 86 38 92
55 40 55 44
15 22 29 69
16 49 31 63
42 17 47 24
35 77 45 77
37 21 46 77
39 93 41 93
10 44 38 63
19 42 24 90
33 85 43 88
48 13 53 67
3 69 10 71
29 77 35 78
27 23 29 62
7 53 40 61
27 91 53 91
4 9 24 60
15 35 17 69
41 25 53 27
23 79 30 91
54 9 54 93
31 14 35 84
35 88 37 88
10 37 10 67
16 54 18 86
33 9 43 20
12 47 36 91
33 6 37 45
6 46 25 70
15 16 39 62
25 15 49 54
50 62 50 75
39 53 44 80
23 33 42 93
43 42 53 49
33 78 45 86
55 30 55 83
28 16 42 93
28 76 45 88
12 31 14 85
27 52 41 94
18 17 18 44
41 68 49 83
28 71 39 83
29 42 29 73
20 84 55 85
17 69 31 88
42 73 50 85
28 42 33 87
50 47 53 53
27 21 30 47
32 38 45 80
55 64 55 80
4 60 51 75
44 35 47 70
24 92 54 93
33 12 49 33
9 1 19 57
44 14 49 63
22 30 29 47
41 18 45 40
11 73 17 85
1 44 41 64
5 79 23 94
27 12 55 54
45 57 47 86
6 48 34 89
42 9 53 18
26 8 52 27
40 78 48 79
23 31 34 50
31 81 32 90
20 16 37 77
18 88 27 92
31 47 31 67
33 61 52 66
9 94 17 94
55 72 55 75
46 49 55 64
49 21 54 57
4 49 17 80
16 26 35 68
41 90 52 93
14 91 42 92
24 72 42 73
43 22 44 51
54 66 55 79
47 22 53 52
51 48 54 51
30 90 55 93
30 79 37 85
41 22 50 42
37 91 44 94
20 11 23 58
11 64 26 71
10 3 22 26
36 10 47 21
7 79 34 88
48 18 52 64
23 78 42 86
40 67 55 81
52 12 55 38
22 80 31 88
25 14 39 14
34 68 40 76
33 85 47 87
24 78 41 87
15 23 21 38
9 11 42 33
53 27 54 77
29 17 34 35
12 22 30 79
15 55 41 89
18 54 31 91
13 6 51 35
37 86 50 90
55 12 55 54
41 75 53 83
39 49 48 79
29 33 39 37
31 48 41 61
32 5 46 40
40 83 42 92
21 70 24 85
36 76 40 83
29 18 43 41
30 26 51 75
46 86 50 86
47 79 53 79
33 34 44 44
1 1 34 18
45 53 53 77
20 45 40 68
17 32 40 88
51 4 53 29
22 11 33 72
39 28 47 75
13 1 42 59
49 58 55 79
41 11 45 62
14 45 44 74
1 76 7 89
31 52 51 65
44 46 44 89
5 38 7 72
5 8 32 56
52 74 53 74
4 31 49 70
7 47 28 50
14 65 38 81
30 89 49 92
38 37 43 76
18 78 39 94
17 39 25 86
12 68 38 91
55 18 55 68
9 26 44 68
40 73 42 84
54 44 54 86
46 88 51 89
26 90 49 91
6 38 27 88
49 65 54 90
16 16 45 53
30 94 38 94
6 16 10 41
41 11 52 58
27 81 50 81
19 19 38 32
13 24 54 49
39 59 48 66
39 39 42 74
4 74 16 76
48 91 52 91
39 70 52 71
16 41 19 88
1 13 52 85
23 81 44 91
2 60 41 81
23 72 54 76
36 11 38 14
17 83 35 83
46 62 55 83
14 8 21 34
43 2 54 45
1 82 19 85
19 81 41 94
43 26 46 78
3 25 7 45
10 12 50 30
17 26 17 41
2 52 36 61
37 79 39 89
7 10 50 78
41 35 45 92
46 69 52 72
46 88 47 90
16 83 26 85
54 10 54 82
19 56 50 56
7 73 20 80
49 43 50 90
13 64 46 73
33 9 50 75
30 90 36 94
36 48 48 51
31 38 46 39
30 3 50 92
48 52 50 72
5 47 54 82
15 13 39 38
53 5 53 45
41 80 50 91
6 35 53 85
19 1 28 43
22 47 37 71
21 32 39 69
28 15 31 67
44 74 48 82
31 14 40 67
36 27 48 59
3 61 36 66
37 53 55 88
50 19 55 23
19 16 46 75
17 13 23 55
12 11 26 48
55 68 55 89
35 4 55 88
32 31 53 69
11 77 49 83
41 58 54 94
3 25 38 79
33 35 42 69
50 92 51 94
44 7 52 85
38 7 39 87
51 31 55 89
32 4 35 77
5 32 54 40
4 9 43 24
17 19 30 70
23 63 23 78
46 30 52 49
34 80 34 94
42 15 43 79
55 32 55 41
30 81 46 94
12 36 39 83
5 39 46 84
10 60 10 88
12 11 20 48
28 92 52 93
14 64 17 64
4 13 39 63
41 3 47 67
16 39 42 82
16 67 35 91
22 28 51 69
34 23 35 66
53 51 53 92
36 27 55 33
41 86 46 88
42 15 46 41
14 49 31 81
37 66 38 88
17 17 47 81
8 17 8 61
42 86 47 93
35 23 41 46
24 82 24 92
22 88 39 91
23 88 54 93
20 74 50 74
29 23 49 64
32 59 42 65
2 45 43 76
8 33 10 65
7 81 45 82
51 88 55 89
9 2 34 59
2 44 13 79
14 81 29 89
31 53 38 60
44 16 52 22
51 46 53 56
48 63 50 67
48 92 48 92
47 74 49 75
18 25 33 50
29 74 55 77
6 75 34 89
36 41 36 83
34 83 54 89
52 62 54 75
16 78 23 80
35 57 48 83
44 9 52 76
40 48 45 74
13 67 49 81
11 40 49 89
5 36 31 75
16 9 33 93
15 92 54 93
33 61 37 80
7 8 30 39
50 10 53 22
52 53 55 80
10 39 42 47
35 70 50 80
43 55 53 91
10 8 48 56
47 62 53 78
5 13 35 61
25 58 28 88
44 5 44 64
4 17 11 82
46 87 54 87
18 5 39 40
7 92 16 92
45 35 45 52
23 22 36 54
8 74 51 78
36 30 37 55
4 28 17 65
52 31 52 41
37 75 46 91
33 40 54 82
10 19 28 19
21 69 54 84
20 60 55 62
45 57 55 74
16 77 21 82
10 93 30 94
20 77 34 87
45 91 49 93
24 8 44 55
26 64 36 72
2 54 3 70
14 84 24 91
25 20 38 52
52 54 55 62
11 8 28 51
8 67 19 88
6 6 31 47
26 1 35 65
53 86 53 91
40 47 50 50
6 75 41 81
38 36 51 86
46 17 52 86
25 9 34 70
10 74 31 82
25 38 49 94
39 93 49 93
26 89 54 92
33 56 38 88
6 91 20 93
20 94 50 94
6 41 25 75
5 85 37 91
4 40 22 74
36 43 38 77
46 71 51 92
12 75 15 84
20 36 41 41
53 59 53 74
45 25 47 51
33 55 42 88
14 85 22 92
18 74 38 85
8 25 53 43
37 20 37 54
46 2 51 21
6 79 18 80
53 31 54 83
11 2 27 42
25 48 53 55
25 75 33 89
38 59 41 83
9 68 9 91
1 87 48 89
41 80 43 84
24 3 38 36
23 51 42 54
36 38 51 90
14 73 22 81
41 36 53 69
49 21 53 83
37 60 37 80
18 1 20 74
35 45 38 64
20 23 26 87
2 69 21 79
39 50 45 79
50 49 53 58
18 50 29 74
44 67 49 94
31 91 42 94
38 4 46 70
7 38 12 87
44 43 46 87
49 35 55 36
12 22 54 47
29 84 41 93
46 38 46 78
29 2 34 81
9 8 23 22
17 94 29 94
9 15 48 66
11 28 38 56
21 43 55 45
27 5 55 85
24 38 54 40
1 28 41 30
15 69 54 90
51 4 54 73
54 9 55 30
22 63 31 89
25 59 48 76
51 65 52 80
38 72 49 72
23 38 25 45
9 80 33 80
18 49 50 87
11 27 42 32
45 45 50 93
32 7 49 71
28 38 50 47
49 94 54 94
39 9 44 82
2 78 43 88
45 5 51 72
51 47 55 87
46 3 54 74
20 81 52 85
37 67 54 81
34 78 52 84
47 69 53 72
16 49 18 74
52 38 55 74
19 35 31 55
22 18 36 69
7 87 37 91
42 43 51 62
11 82 11 86
48 20 49 77
16 26 20 37
12 25 52 46
21 43 31 44
5 14 46 25
28 64 38 70
55 70 55 88
14 80 22 82
31 60 45 92
47 30 52 43
44 91 45 94
25 40 52 79
7 17 46 70
17 76 55 87
23 13 38 57
50 24 54 32
32 10 34 25
6 71 27 74
9 66 13 79
8 38 42 42
11 75 47 88
27 88 32 89
8 57 36 88
52 69 53 70
35 79 49 90
52 69 54 71
7 86 38 91
7 10 30 55
55 43 55 90
20 45 23 75
7 90 36 93
26 63 51 74
4 16 48 38
26 18 36 65
29 86 46 92
13 25 52 29
1 66 40 68
42 5 45 43
34 16 37 24
52 6 52 20
17 59 33 88
27 87 46 90
12 89 48 94
6 31 38 61
32 60 32 77
32 22 46 65
