83 34 7957
..XX.......X..X..X......X......X..
...X.X....X...X..X.....X..........
..X..XX.......XX........X....X....
........X.X......XX...............
..........XX...........X.....XX.X.
...........X............X.........
...X........X...X..............X..
......X.X...X.........X.X...X.....
..XX.....XX.............XX........
...X.............XXX.....XX....X..
X....X............X...............
.X....X.......X.X...XX............
....X.......X.....X.........X..X..
...X.........X.XX.................
.....X....XXX..................X..
..X...XX.....X.................X.X
...X.X..X........X.......X.X....X.
............X..XX.......S..X....X.
X..........X.X..X.....X...X.......
..X..X............................
..X.XX......X.XX.......X..X.......
.XX.X................X..X..X..XX..
............X.X.....XX....X.......
X.......X...X.X..X....X..X.X..X...
X........X...X........X...X.......
X........X............X..X........
.X.....X....X...............X.X...
.....X.......X.XX..............XX.
..........XX.X.X.X...........XX..X
.....X..X...............XX..X.....
......X................X..........
X.....X.....X...X.......X...XXX...
.XX......................XX.......
.X..X.....X.X...X......X..X..XX...
...X......X.......X........XX.....
X.......X..X...XX......X...X......
.........XXXX..X...............X..
.....X...............X............
X.....X....X..........X....X......
...........X........X..XX...X.....
......XX...X.XX.....X...X.........
..X.....X......X..XX......XXXXX...
...X.....X.........X....X..X.....X
..X.X......X.X.........X........X.
.......X......X....X.X......X.....
...X.XXX.X.......................X
..........XX.....X.....X......X...
X.X..X...........X...X..........X.
.....X.......X.X.....XX.X...X.X...
......X...X.......X.X..X.......X..
.X.X.X..X............XX........X.X
.....X......................X.....
...X..XX...........X..X...XX...X..
...X...X...X.....X..X............X
........X.........................
...X......X..........X....X.XX....
........X........X.X.X.........X.X
X.....X..X....X.X....X............
....X..X...........XXXX....X......
.X..X..X.X.X............XXX.......
..................X.X...X....X....
.......XX.......X....XX..X........
............X.....................
.X..X.....XX...X..X...............
....X...........X.....X..........X
....X...................X....X....
.........................X........
....XX..XX........X...............
X...X...X.X.......X..............X
......XX...X...X.X............X...
..........X.......X......X........
..XX.XXX..XX.......X..X....X......
...XX............X.X........X....X
.X............X...X..X............
....X........X....X.......XX......
.....X....X........X....X.....X..X
............X.X.X.......X.........
X.X.........X....X......XX........
X.........X......X....X.X..X......
........X....X....X.X......X......
X................................X
.X..XX.X...........X...........X..
.X...X..XX..............X.........
12 3 16 26
13 12 63 22
62 13 62 14
14 3 19 27
71 2 80 19
46 5 73 23
27 10 28 23
58 20 75 24
36 28 63 32
37 18 69 30
39 5 47 13
54 28 77 28
23 3 27 22
72 30 73 30
30 3 41 5
24 18 45 31
62 24 64 31
41 22 65 22
45 7 65 23
54 13 54 24
35 1 79 33
14 25 34 33
26 30 52 30
37 28 78 28
73 8 74 20
65 13 79 31
71 27 80 34
44 26 49 32
34 34 76 34
57 19 65 33
49 9 57 14
65 8 79 28
61 24 61 27
24 34 65 34
62 16 74 20
71 19 78 26
32 26 80 31
30 25 40 30
81 31 81 33
25 5 27 30
14 30 34 33
71 33 83 33
32 27 60 28
39 21 62 23
24 25 67 31
66 25 82 29
8 15 37 21
54 28 75 31
59 14 83 14
59 12 66 29
55 28 60 32
19 19 41 23
60 27 77 29
79 21 79 22
4 1 24 14
75 15 78 21
24 9 27 29
35 1 66 3
33 29 76 33
41 3 73 11
72 7 80 13
1 16 69 17
75 28 81 31
22 8 77 31
63 4 71 7
81 29 83 30
27 9 29 32
32 3 56 29
20 33 39 34
7 29 71 29
50 9 56 14
40 31 69 33
62 10 67 13
52 23 59 33
23 21 59 29
65 10 78 12
32 25 66 26
57 26 70 31
63 18 66 18
20 15 41 21
19 25 73 27
6 24 24 28
5 7 23 15
22 15 61 28
78 8 82 25
33 26 76 31
55 1 77 29
1 31 43 34
78 21 82 21
4 16 14 22
59 27 73 32
54 4 83 13
48 7 74 29
50 29 53 32
46 8 60 26
83 23 83 30
8 23 18 26
62 17 66 17
35 24 52 29
28 23 70 28
50 26 64 30
3 27 57 27
64 14 75 20
76 4 80 32
58 1 62 28
72 6 74 32
53 19 55 22
26 27 28 29
71 5 78 8
15 17 24 20
20 12 68 12
3 1 39 19
54 28 79 30
59 11 76 17
11 4 75 5
23 1 70 25
72 1 74 18
62 32 64 32
38 8 38 12
82 34 82 34
54 17 83 24
16 21 31 27
25 3 27 13
36 11 77 11
83 1 83 14
7 17 34 20
27 7 82 13
58 15 58 25
65 10 78 19
24 5 72 11
71 23 83 30
49 19 70 31
81 9 83 32
15 24 61 29
51 33 80 33
30 4 74 17
6 31 49 33
61 25 61 34
70 9 71 15
62 4 67 33
24 33 29 33
17 31 31 32
6 26 80 34
46 20 59 26
71 18 82 20
29 17 50 17
10 9 60 32
37 9 46 34
52 10 55 29
33 8 38 26
53 30 83 31
50 30 75 32
21 20 48 22
35 2 44 2
58 29 77 34
80 12 82 12
62 11 63 11
71 2 71 20
18 29 45 30
40 24 62 34
51 30 56 34
53 9 60 14
18 24 59 27
6 29 53 32
47 16 78 21
8 14 83 19
58 25 65 27
38 7 69 8
3 34 25 34
5 26 28 31
18 6 33 8
37 7 68 21
6 9 63 22
27 4 55 30
48 33 72 34
75 32 81 32
33 3 53 12
1 29 21 34
43 7 71 30
7 31 71 31
80 17 83 28
76 30 80 31
25 29 42 30
24 7 64 23
46 24 61 34
38 12 69 21
83 17 83 17
8 27 68 27
61 21 71 22
62 25 66 31
63 7 68 24
76 10 76 12
22 25 60 25
36 2 40 2
49 30 71 33
45 11 61 17
64 21 69 27
79 26 79 30
21 24 78 25
63 13 65 17
52 32 69 34
55 30 82 33
18 26 76 31
10 28 28 33
45 14 67 25
65 27 67 33
39 7 72 26
51 1 73 17
78 32 79 34
69 13 77 15
15 4 42 15
67 11 68 24
49 14 78 20
45 33 82 33
80 8 80 31
83 15 83 29
43 11 72 20
36 1 59 28
59 15 66 28
81 26 82 26
68 21 80 23
40 6 74 10
49 28 63 28
75 21 83 31
37 9 73 30
2 28 22 32
25 21 40 32
83 3 83 24
50 30 52 33
26 26 26 30
21 31 54 32
39 10 78 34
54 2 58 25
10 19 83 22
9 2 24 20
82 1 83 21
21 6 71 20
52 26 62 33
66 3 83 13
57 27 62 27
73 30 73 30
32 34 71 34
20 1 79 34
76 13 83 15
37 19 76 30
51 15 81 24
1 22 83 25
73 12 73 33
37 15 55 15
18 32 22 32
59 23 76 25
56 7 75 23
7 21 75 21
78 28 78 30
34 22 61 34
46 25 70 27
15 18 62 28
38 16 77 33
81 4 81 8
74 23 79 31
64 9 74 33
26 13 83 31
54 13 55 25
15 8 28 15
35 27 69 28
31 8 38 19
62 22 73 23
73 14 78 30
77 18 79 23
68 32 82 34
15 26 25 34
12 26 36 31
6 27 33 29
44 24 47 32
62 14 71 14
45 17 60 26
52 19 81 29
23 3 41 32
58 21 80 23
20 34 35 34
59 17 81 19
14 19 83 32
28 10 76 26
79 10 80 32
52 5 71 34
5 31 80 32
70 22 81 29
64 18 66 29
9 29 33 34
71 18 80 22
78 5 79 10
2 17 55 28
68 19 73 25
12 25 45 29
68 18 76 32
26 7 59 18
55 21 76 26
46 3 73 21
23 12 33 22
73 13 73 28
36 10 39 24
79 33 80 34
45 2 83 28
23 4 46 31
73 30 83 33
24 14 35 22
40 23 43 30
65 25 74 29
54 2 58 8
83 21 83 27
3 18 8 33
28 25 80 27
36 6 67 17
69 17 80 26
52 12 57 32
21 17 65 27
11 20 74 27
82 12 83 16
79 7 82 21
43 34 55 34
79 5 79 13
76 31 81 32
48 6 67 12
34 7 75 25
70 14 83 25
19 7 54 24
6 18 66 19
20 21 68 22
9 33 29 33
45 31 66 31
62 14 73 31
27 14 65 16
37 24 51 25
39 8 44 19
27 33 31 34
48 21 76 33
45 8 47 19
34 20 68 21
36 16 68 25
32 3 68 20
36 13 38 25
34 30 35 34
6 10 67 28
34 33 83 33
36 32 80 32
46 16 61 32
29 18 34 19
52 32 83 32
13 32 53 32
83 3 83 9
27 23 29 31
14 17 60 25
40 8 66 17
17 25 61 29
20 19 45 28
5 21 20 22
46 9 78 26
25 19 38 29
40 21 81 30
71 10 73 27
10 24 36 31
82 6 83 20
7 26 10 31
31 19 72 30
59 6 81 32
61 16 62 20
78 13 79 13
46 13 66 18
58 33 79 34
74 21 80 29
83 27 83 30
56 25 64 31
8 4 71 6
8 6 75 17
6 15 48 19
83 14 83 16
4 20 81 21
42 9 44 23
13 8 41 11
12 31 48 31
33 30 62 30
72 17 82 21
62 4 64 25
39 17 56 20
35 33 79 33
67 29 69 34
12 10 75 18
13 7 33 11
24 34 60 34
64 28 77 29
61 20 82 22
26 10 34 34
59 20 60 32
7 7 16 7
43 6 44 34
82 6 82 16
8 16 38 17
50 19 51 27
59 25 63 31
75 24 76 25
67 3 72 20
39 11 75 22
10 32 36 34
27 21 76 22
13 27 52 29
4 12 76 12
49 9 55 27
26 26 65 30
32 5 75 22
62 2 74 16
82 34 83 34
14 32 28 33
44 2 61 15
17 30 22 30
60 32 60 34
42 28 80 31
44 31 78 34
17 3 52 31
70 9 78 23
35 21 71 34
30 7 65 26
29 18 50 18
18 14 71 24
66 25 83 32
31 30 66 30
15 2 63 22
36 31 63 32
41 27 80 34
25 20 52 33
5 24 79 25
15 32 82 34
44 22 80 23
59 28 59 30
48 11 68 25
14 31 64 34
79 21 80 25
15 12 41 18
67 28 75 32
37 4 54 13
62 11 78 20
34 15 70 27
69 21 83 25
21 18 78 31
5 9 11 9
71 30 77 30
46 9 56 16
10 24 82 27
54 32 59 33
61 20 70 21
68 2 74 8
3 1 14 1
43 27 65 34
5 24 26 26
24 14 71 28
51 11 83 25
47 7 73 28
45 3 83 12
8 14 77 18
74 7 74 11
24 24 35 30
40 27 69 27
13 11 70 27
45 22 75 30
41 7 62 31
47 1 62 11
33 29 68 30
24 9 37 26
42 29 42 31
60 17 80 18
82 1 83 21
59 7 76 16
36 27 77 29
54 34 55 34
11 23 16 27
62 10 77 28
36 18 64 26
64 8 80 16
19 2 44 3
75 21 75 21
8 21 13 29
36 30 70 34
6 4 44 16
12 14 46 22
80 7 83 25
25 9 43 16
18 4 47 11
34 16 54 33
43 2 82 34
11 3 83 16
39 11 60 28
52 7 66 33
50 25 73 32
44 27 80 28
13 33 69 34
78 8 80 13
64 5 64 30
18 31 79 33
39 10 64 12
28 30 57 30
81 33 81 34
79 6 83 18
77 29 79 31
43 17 43 26
57 6 76 22
59 30 63 31
39 6 57 27
53 4 59 25
44 5 70 28
39 6 66 15
81 6 81 8
48 31 81 34
79 19 83 28
69 25 72 25
39 6 83 14
1 31 20 33
65 19 77 28
69 12 74 23
30 11 64 12
58 14 67 15
11 6 78 30
35 16 53 32
36 10 59 33
68 19 73 24
64 4 66 6
16 27 20 33
32 18 51 22
12 23 82 32
38 26 48 27
8 4 51 5
2 24 30 24
15 21 77 32
68 17 70 19
60 34 61 34
47 19 51 26
72 28 80 34
2 26 72 33
15 6 80 20
35 9 54 29
50 6 74 16
9 24 34 25
25 12 70 15
77 29 79 29
53 4 54 23
52 16 61 34
31 12 55 18
3 34 20 34
39 30 74 30
47 3 76 27
37 32 55 34
41 3 75 17
81 13 83 19
41 31 67 31
80 30 83 31
60 33 66 34
6 21 20 21
2 29 33 34
20 27 35 34
35 27 80 34
30 3 77 4
20 24 48 32
21 15 26 25
19 34 45 34
39 24 70 24
18 25 41 26
20 7 38 12
19 7 83 33
52 9 53 13
71 7 82 10
66 9 78 22
2 24 31 31
47 17 63 30
57 7 68 28
17 5 60 12
14 34 36 34
65 28 70 32
13 10 37 22
36 6 57 10
22 1 82 9
8 7 65 29
68 19 75 30
29 21 65 25
1 21 63 31
78 15 83 27
10 3 41 30
73 32 80 33
31 7 76 30
42 5 69 22
81 28 83 33
74 15 75 16
42 16 79 28
37 4 72 5
48 1 76 26
27 17 30 24
80 12 81 24
51 17 63 34
35 33 44 33
50 22 74 27
16 12 72 17
41 7 52 14
5 29 25 33
47 11 49 20
13 16 80 19
82 5 83 25
61 32 73 32
5 7 25 16
58 11 78 19
43 12 49 28
5 15 35 19
11 25 52 33
49 11 51 32
22 16 39 21
55 25 59 33
60 10 78 22
2 7 40 24
8 10 36 17
28 6 30 20
20 25 65 27
69 4 75 9
10 25 73 27
2 17 38 34
60 21 70 21
30 22 48 32
29 4 38 10
22 19 49 34
65 10 82 25
11 33 47 34
83 32 83 33
69 33 76 34
33 27 46 33
81 16 82 34
53 32 55 33
39 8 73 28
54 9 54 17
74 19 76 22
64 3 70 28
54 27 69 28
75 23 81 23
12 23 36 31
66 25 70 28
67 29 74 30
35 10 42 16
54 19 75 29
58 7 62 25
74 23 83 24
7 25 54 27
31 10 67 33
5 11 41 12
43 10 49 17
58 5 60 12
23 15 79 33
76 7 78 12
35 12 81 16
69 27 73 30
47 31 61 33
17 4 61 30
57 4 62 11
33 2 53 33
83 27 83 28
37 3 50 6
57 31 67 31
80 14 83 31
5 34 54 34
42 34 75 34
72 34 78 34
40 30 63 33
49 28 64 34
79 7 80 21
81 16 83 22
59 11 73 30
64 6 77 30
4 9 18 33
40 6 61 11
22 10 71 16
4 25 25 31
56 18 64 34
26 21 74 25
12 10 71 31
76 14 77 27
70 19 75 26
64 33 80 33
4 17 11 28
14 18 71 19
19 2 68 12
81 25 81 34
57 12 60 19
56 18 74 22
5 13 45 14
59 18 75 33
11 15 19 23
73 3 79 31
63 32 80 33
52 9 77 14
70 29 82 33
19 12 30 13
52 5 80 17
1 19 59 24
47 22 64 28
61 33 79 34
43 7 70 34
25 3 74 28
75 11 81 25
16 29 35 30
60 1 80 21
61 8 82 22
62 9 63 28
61 2 69 34
5 14 5 19
73 15 77 18
49 13 77 16
16 14 36 30
20 20 60 33
72 25 79 28
71 12 79 28
19 20 52 33
34 24 65 30
8 2 42 22
40 16 73 17
62 11 69 22
21 19 55 21
63 33 67 34
33 24 38 31
73 9 80 16
49 16 70 28
74 25 75 29
22 10 23 16
20 15 23 18
30 22 75 26
15 13 33 32
45 1 67 1
28 13 45 33
22 31 56 31
3 4 73 21
5 33 7 34
19 34 71 34
75 26 76 34
19 33 24 34
81 2 82 7
48 20 73 27
54 15 69 19
51 33 52 33
13 20 69 26
16 30 47 31
16 22 51 26
17 32 46 33
22 4 39 4
74 19 77 19
58 34 78 34
31 29 36 33
77 24 83 31
63 17 66 26
34 31 74 32
82 21 83 23
71 10 72 27
80 34 82 34
52 13 83 17
73 11 83 26
54 27 61 33
5 5 20 9
39 16 46 30
68 34 81 34
4 27 38 30
33 4 59 29
70 23 83 24
76 13 81 32
70 27 82 28
33 30 76 32
41 28 58 29
15 13 62 22
73 14 79 19
61 16 64 20
18 22 71 23
26 25 67 26
17 24 55 30
36 5 81 24
66 33 77 34
34 6 51 21
10 25 38 31
18 12 38 16
38 32 59 34
42 6 65 20
62 26 78 27
62 2 79 30
57 32 60 34
3 34 71 34
40 1 63 6
27 2 73 26
35 8 37 14
23 19 68 31
63 33 70 34
59 27 76 29
11 11 29 32
76 16 82 27
83 7 83 28
44 31 59 33
67 9 82 31
52 20 75 32
24 3 31 3
42 7 56 29
19 17 77 27
30 6 62 22
28 31 63 31
18 34 49 34
41 9 79 11
8 15 15 15
70 5 81 28
62 7 66 12
69 10 76 23
58 23 72 31
76 21 79 29
78 33 82 34
30 18 72 34
71 33 79 33
74 16 82 16
8 11 52 21
18 20 56 23
50 12 73 30
30 22 37 31
80 20 82 33
31 29 80 33
22 1 42 10
45 34 71 34
37 13 56 24
8 10 51 22
82 13 83 22
74 4 82 16
30 24 45 24
2 2 48 6
41 13 64 18
78 14 81 23
18 14 32 22
26 9 27 28
70 28 82 33
35 3 43 14
82 21 82 25
55 34 70 34
81 7 83 26
46 34 62 34
5 5 61 15
52 12 63 18
17 5 61 27
23 11 73 28
17 23 34 28
74 32 78 32
42 30 62 32
27 20 73 30
64 18 64 31
36 1 67 9
48 5 79 18
56 6 79 23
52 12 70 27
54 8 80 25
80 21 83 33
53 31 72 32
28 32 49 32
83 14 83 31
29 23 61 24
64 12 65 27
76 20 82 24
43 20 74 32
59 14 76 16
12 14 30 16
83 23 83 26
3 15 35 18
81 7 83 16
18 12 63 23
25 21 82 28
50 23 58 31
16 29 64 29
63 11 73 25
76 9 81 26
47 23 80 25
6 20 13 21
45 20 78 23
35 6 69 9
50 24 57 32
80 11 80 15
26 16 71 26
69 8 73 8
4 27 15 34
57 19 63 23
11 21 11 31
72 26 78 33
79 3 79 21
51 19 55 30
38 4 55 28
10 2 34 13
72 31 77 34
25 2 53 30
74 18 76 21
33 15 46 20
73 34 73 34
48 7 59 16
22 30 28 33
42 5 55 26
81 22 81 34
72 17 78 27
71 27 75 34
74 7 76 27
68 14 72 25
58 13 71 32
25 22 46 26
58 28 72 33
76 34 81 34
9 20 25 25
45 26 76 26
18 27 51 32
37 22 69 23
12 14 51 24
29 8 68 24
24 29 67 32
26 1 69 6
15 2 18 23
78 29 83 31
54 17 56 17
14 10 69 23
77 11 77 27
32 19 80 32
11 28 37 30
46 9 68 16
37 8 67 34
10 13 81 17
77 22 79 30
36 30 61 31
25 28 69 28
56 10 73 27
83 30 83 32
73 34 78 34
48 12 72 19
58 7 67 13
35 5 36 28
24 33 30 33
43 15 43 24
6 5 11 17
30 2 53 13
75 16 83 16
15 3 61 17
33 12 33 18
70 30 78 30
10 21 46 25
47 29 62 33
66 17 80 33
83 2 83 3
66 34 81 34
83 18 83 21
10 6 19 8
10 29 31 34
39 5 43 9
54 9 64 19
53 2 82 2
79 7 83 9
69 34 71 34
75 19 80 21
20 3 64 26
55 25 65 34
32 20 43 23
21 33 38 34
16 8 83 20
20 31 40 31
10 22 14 28
30 22 60 23
31 28 68 28
41 28 54 28
11 28 32 29
21 25 21 33
78 10 80 23
31 18 68 21
37 31 58 32
61 5 79 11
83 11 83 23
18 12 37 34
52 11 83 14
30 24 68 34
44 13 57 26
79 17 81 24
58 20 79 27
47 31 73 33
14 5 78 19
29 7 72 13
46 33 49 33
33 27 72 34
76 5 81 31
33 11 38 21
29 31 36 31
65 29 67 32
81 11 83 13
23 7 83 12
72 8 76 25
41 12 45 25
24 18 77 19
22 4 46 4
36 31 64 32
50 1 56 8
49 31 72 33
42 20 60 26
80 28 83 28
82 13 82 30
21 7 50 33
7 14 23 23
49 21 52 25
62 18 65 32
44 27 45 27
74 17 76 31
56 5 70 25
15 3 77 23
31 29 72 33
4 19 22 23
42 5 50 28
69 27 81 33
20 11 64 12
68 27 71 31
65 8 73 31
71 17 79 17
9 24 35 31
44 29 77 32
7 5 49 33
11 8 79 11
62 32 74 32
82 2 82 29
46 32 69 32
3 5 6 31
14 34 66 34
32 32 55 33
11 31 35 33
34 1 50 21
9 17 37 29
78 30 80 34
14 5 17 6
58 17 58 17
34 11 51 14
7 9 31 15
74 32 78 34
73 26 74 28
49 32 49 34
21 4 58 6
68 33 77 33
80 32 81 32
19 11 36 12
75 26 77 34
59 15 78 23
65 12 67 27
81 16 83 16
78 10 83 23
71 29 78 33
83 17 83 18
72 14 82 25
79 11 83 15
34 10 67 11
43 14 48 32
16 26 67 30
45 11 46 28
54 20 79 25
44 12 62 31
69 1 75 26
10 21 39 22
58 18 59 24
8 2 8 10
5 24 37 32
9 24 20 29
78 10 83 16
16 25 19 26
53 28 76 29
71 25 82 32
47 31 76 32
80 21 83 24
65 30 71 30
57 19 72 33
34 27 83 34
60 11 60 27
43 19 44 21
46 25 77 33
69 17 70 25
46 14 66 27
13 17 30 26
70 24 77 28
20 6 26 24
49 9 61 25
51 9 63 13
27 28 60 30
4 31 17 32
71 31 73 31
19 1 43 17
80 12 82 15
2 3 82 5
11 1 23 21
66 33 75 34
64 12 75 16
1 28 5 30
32 22 58 34
52 12 57 18
81 33 81 34
38 3 48 16
29 29 69 31
78 29 80 32
9 3 60 32
25 27 32 34
11 7 79 15
58 24 60 24
5 1 76 3
39 23 56 29
13 12 17 19
38 25 41 31
49 24 50 24
49 30 80 34
47 13 68 31
58 7 64 29
74 24 81 28
60 11 82 25
31 5 71 20
44 28 75 33
37 10 62 18
7 9 35 13
47 9 64 23
29 33 76 33
56 14 83 29
9 11 81 30
51 16 55 16
78 17 81 33
16 1 36 34
42 22 51 33
31 11 56 17
36 11 39 24
72 19 75 21
3 12 43 19
52 23 52 26
12 28 15 34
8 17 38 33
50 16 82 27
77 16 82 31
23 25 28 28
76 16 79 30
54 23 65 28
66 17 71 31
29 25 74 32
56 16 61 24
11 20 81 22
37 33 74 33
2 6 10 22
2 34 4 34
71 26 82 31
35 21 70 27
70 21 73 24
76 20 79 32
81 8 82 34
2 26 28 29
8 15 50 34
9 21 78 31
80 25 82 33
36 29 58 29
14 29 60 30
61 11 79 25
4 15 77 23
35 33 50 33
41 10 66 12
10 29 73 34
49 11 78 24
52 33 58 33
11 25 47 34
49 16 59 33
63 9 80 29
58 2 68 2
35 17 37 27
35 1 82 4
58 5 63 33
10 6 38 18
25 33 78 33
9 5 27 28
51 4 56 7
60 22 66 22
15 21 50 27
79 1 81 6
15 23 80 33
28 29 55 34
28 28 56 31
77 22 78 29
1 26 22 28
55 18 57 18
44 30 79 32
32 32 61 34
67 25 78 30
12 20 27 23
39 23 61 33
57 18 62 34
60 21 71 30
15 17 79 22
50 28 77 28
12 5 75 28
51 10 71 29
60 9 68 10
28 16 72 18
26 28 74 29
36 19 66 33
79 17 82 28
68 13 75 22
42 8 57 23
73 11 79 22
55 29 67 29
65 20 70 31
78 6 80 26
30 27 39 33
50 10 70 22
1 11 17 34
67 27 81 28
5 10 28 21
44 5 75 11
76 31 81 32
47 27 48 28
19 7 28 10
59 9 67 9
63 12 69 20
19 19 31 23
32 15 57 17
63 9 64 21
34 17 45 24
41 25 51 33
18 7 60 30
4 34 33 34
73 19 73 19
25 28 31 31
50 19 57 32
33 5 64 33
37 15 39 31
45 28 79 29
81 2 81 16
15 20 26 26
25 2 73 25
9 20 15 27
44 14 61 20
15 30 55 32
65 14 82 15
38 9 68 33
26 21 81 30
33 11 79 25
52 32 80 33
61 25 67 33
54 20 68 29
45 21 68 32
8 8 57 19
66 7 81 27
67 16 70 33
6 25 40 27
63 8 77 22
59 3 80 30
71 21 81 24
7 6 81 34
6 27 65 27
47 10 65 25
52 34 78 34
28 6 67 24
22 16 39 31
50 18 54 34
67 9 67 14
67 17 78 22
41 6 42 11
26 12 31 15
58 30 73 32
68 12 72 20
45 14 71 23
71 9 77 16
33 30 55 32
78 1 82 12
55 18 74 26
83 27 83 33
44 22 45 25
76 5 82 34
72 32 80 34
74 19 74 30
2 7 2 20
77 13 82 25
2 21 48 22
21 31 29 34
60 8 82 33
37 4 74 28
70 5 82 29
78 4 79 12
45 31 77 31
70 13 78 15
76 21 82 27
78 4 81 4
16 18 36 20
26 25 49 31
54 8 65 33
74 4 74 33
78 16 83 17
82 3 82 5
5 2 20 13
20 11 60 20
40 5 54 29
34 9 51 9
43 7 59 10
69 24 81 24
32 16 44 16
17 6 25 18
48 12 57 33
27 18 44 24
60 2 68 23
46 30 56 31
33 9 51 21
31 24 54 24
56 20 56 22
6 13 66 16
21 33 60 33
38 19 77 26
35 31 67 31
69 2 74 16
70 33 73 33
21 5 65 34
42 17 43 22
14 10 65 31
10 10 50 22
5 17 53 28
67 31 81 34
77 7 81 12
33 15 60 18
37 6 43 16
58 15 74 30
27 3 42 20
58 33 66 33
19 21 24 31
71 32 83 34
83 33 83 34
3 9 42 22
33 31 59 32
77 6 78 28
12 23 63 28
11 10 64 11
51 9 75 16
74 22 74 26
51 30 70 32
58 26 82 28
39 14 54 28
10 31 78 32
46 7 69 29
49 32 63 33
38 34 39 34
15 23 77 32
6 21 59 32
11 8 63 21
62 12 79 20
32 30 70 33
25 31 76 33
14 4 27 10
43 26 63 32
68 27 68 32
4 34 81 34
15 13 67 17
10 29 50 33
52 18 52 20
35 21 46 33
55 34 73 34
18 13 63 34
24 30 56 32
78 8 81 9
52 31 59 31
50 19 53 21
72 24 74 33
74 10 75 32
72 2 76 25
3 20 25 29
77 1 81 2
20 27 53 27
65 30 69 34
63 22 73 26
63 4 78 8
34 11 41 14
22 27 65 27
52 8 60 25
40 16 72 26
14 25 58 27
74 20 80 28
34 18 54 31
47 34 76 34
67 18 71 25
82 14 83 17
20 18 50 28
75 13 81 27
23 26 83 33
47 12 82 29
65 25 76 25
60 33 78 34
20 3 55 30
3 25 26 30
73 23 78 23
1 31 21 32
82 34 82 34
73 14 73 22
83 16 83 29
12 4 38 15
10 3 22 16
40 2 79 29
15 16 65 16
10 27 74 33
26 29 73 32
10 25 32 31
68 28 81 31
3 7 40 20
57 13 59 19
44 8 48 29
15 4 27 13
2 29 3 31
71 30 82 32
64 10 75 29
53 13 63 28
39 12 71 20
53 9 68 19
25 22 59 29
31 25 33 33
83 4 83 14
46 15 67 32
18 31 75 33
26 17 58 24
54 8 79 34
60 13 69 16
73 30 83 31
47 8 81 30
36 6 37 6
41 15 54 19
74 32 75 33
16 7 40 9
72 18 77 23
49 24 55 30
75 2 76 18
11 3 33 5
82 9 83 27
69 22 82 30
71 30 71 34
80 13 81 20
68 32 73 32
72 5 74 9
25 23 38 27
16 26 45 29
8 11 34 17
35 18 63 34
18 25 32 28
79 10 79 31
44 22 50 34
29 4 68 25
29 30 62 30
4 12 57 20
52 10 61 20
37 9 75 30
22 21 32 29
47 31 69 33
10 23 17 26
18 26 36 30
61 33 73 34
54 20 67 26
80 12 80 19
63 13 76 28
44 28 60 28
44 28 59 32
53 30 62 33
83 13 83 22
48 19 82 28
68 22 69 27
4 28 15 28
59 20 76 23
75 4 79 18
31 31 34 31
77 11 79 32
6 9 80 22
54 16 81 28
68 21 74 24
32 10 35 28
44 9 73 14
46 7 61 25
55 9 63 21
68 12 79 24
17 11 80 14
8 12 32 22
8 13 23 26
67 9 68 25
56 6 81 31
54 2 54 3
75 4 80 16
76 32 77 33
38 20 54 24
34 14 47 25
9 26 52 29
37 15 65 31
35 16 57 22
20 33 47 34
76 19 78 21
3 19 64 29
51 32 63 34
38 11 48 25
68 27 81 29
65 34 65 34
38 27 65 30
1 17 24 34
76 33 81 34
43 18 79 31
29 27 50 27
65 23 70 32
50 1 75 8
75 33 75 34
60 23 66 31
68 1 78 8
40 11 65 13
65 18 66 25
69 30 82 32
2 24 55 25
60 5 80 14
55 25 69 33
20 18 58 30
65 31 83 32
69 18 78 27
40 26 43 26
69 20 81 20
21 5 66 34
66 32 74 32
5 31 71 34
17 16 71 19
67 13 68 20
12 29 13 32
14 25 21 32
3 7 49 24
7 23 28 34
79 15 83 24
29 7 30 23
40 23 41 30
80 23 80 27
21 11 52 20
44 12 58 21
2 7 11 16
79 5 83 20
74 33 75 33
19 27 29 30
37 22 65 28
29 6 78 21
19 14 74 28
3 30 29 32
27 21 60 26
39 32 53 32
36 30 66 30
7 15 42 16
63 25 82 34
8 7 10 16
43 26 56 26
71 33 74 33
61 10 83 12
38 25 80 31
15 23 48 30
73 24 78 32
71 23 77 29
2 13 67 15
30 4 66 28
13 27 43 31
39 24 80 31
77 23 83 27
23 2 56 7
62 13 79 32
16 4 37 15
76 10 76 27
69 32 78 34
71 31 73 32
74 19 80 25
62 18 64 27
71 33 71 34
20 28 25 28
38 4 81 30
8 10 44 20
59 33 76 33
16 32 67 33
27 30 63 30
15 29 48 33
28 29 64 29
3 2 54 33
31 9 46 26
17 20 80 23
47 30 75 34
5 30 80 33
28 14 41 16
22 10 36 15
54 15 54 19
33 31 43 31
56 11 65 25
50 28 62 30
44 13 47 22
40 7 57 13
55 31 76 32
7 7 80 12
75 11 75 20
34 17 76 28
75 16 77 16
30 31 48 31
16 18 42 21
16 30 55 31
82 17 82 18
79 11 83 30
57 30 65 32
24 10 78 17
62 21 62 30
80 19 81 24
75 14 77 17
34 26 40 27
30 25 82 26
20 21 70 21
20 8 49 18
29 34 46 34
70 28 72 30
44 16 58 31
46 17 53 17
74 33 76 33
14 6 54 21
56 27 81 29
43 31 57 33
51 25 58 27
4 2 56 14
21 4 52 13
76 22 83 25
44 29 45 32
74 24 76 31
4 3 56 6
36 32 72 33
76 12 78 12
69 29 74 34
2 13 10 26
73 20 75 26
36 9 47 28
54 9 70 23
9 16 17 34
80 12 81 34
69 31 71 32
11 23 49 30
45 13 55 28
5 12 79 24
25 17 47 29
83 14 83 18
9 11 19 18
30 16 57 28
43 28 65 31
23 12 44 13
51 11 76 11
12 27 30 34
37 16 63 32
65 32 70 33
8 26 67 29
38 11 83 18
22 34 61 34
50 18 65 21
44 3 50 33
75 2 83 16
41 33 69 33
3 13 50 18
82 17 82 33
3 16 36 33
55 6 73 14
77 27 80 28
50 26 56 27
17 16 44 19
3 14 15 23
24 19 77 24
26 11 34 23
48 18 70 29
27 20 78 30
33 28 73 31
12 21 27 27
10 31 27 32
59 21 73 32
81 31 81 34
34 27 71 29
41 5 60 16
31 27 63 34
42 9 56 22
1 32 21 34
59 21 60 31
3 25 42 33
29 24 66 24
17 5 53 33
45 32 45 33
57 20 73 34
54 33 54 33
18 15 41 22
57 3 63 27
61 33 73 34
33 2 47 27
25 14 53 33
42 27 65 31
2 28 70 28
52 24 64 25
79 3 80 8
40 25 78 25
63 15 80 32
62 25 83 31
6 8 55 28
55 2 71 19
25 30 28 32
51 34 54 34
24 14 52 34
80 20 80 31
82 1 82 25
37 2 75 26
23 3 48 4
28 4 46 21
6 33 23 33
59 31 70 31
15 26 70 29
71 27 82 31
43 20 70 31
81 26 81 32
60 14 64 33
71 10 73 19
34 17 36 28
56 11 57 15
12 15 52 31
44 8 60 21
2 1 40 13
77 31 77 32
27 32 78 33
59 4 62 26
2 1 6 20
11 34 59 34
69 19 78 29
8 27 54 33
59 4 79 5
35 13 81 18
83 25 83 31
38 3 45 33
19 1 32 19
70 5 74 32
65 24 82 32
42 17 81 26
20 3 26 16
48 9 71 16
6 3 36 31
61 15 80 30
42 18 71 32
69 20 71 23
32 5 50 10
52 24 80 25
66 29 77 33
10 32 71 33
35 3 55 14
8 6 73 21
8 30 45 32
50 6 66 23
12 6 23 19
19 9 24 15
61 24 71 31
75 14 79 22
40 28 66 33
12 11 22 16
4 21 69 21
79 31 79 34
79 14 81 34
50 31 69 32
34 21 44 30
68 7 74 15
11 22 25 26
76 1 76 28
17 26 33 29
61 33 63 34
82 2 82 22
65 19 68 28
20 31 59 33
54 20 81 21
68 7 73 11
43 19 47 31
70 34 73 34
75 32 75 33
29 6 55 10
45 16 52 31
52 9 74 29
51 12 57 13
34 12 49 12
4 16 52 23
77 30 79 34
64 4 71 22
30 34 36 34
32 21 74 25
27 4 61 5
24 25 79 29
41 2 78 8
7 21 64 26
60 26 65 31
18 25 34 25
41 2 63 15
58 17 69 23
70 31 72 31
34 31 44 32
63 32 78 34
69 3 73 27
35 4 77 32
32 8 58 11
82 1 83 16
7 30 79 33
77 15 77 22
52 19 78 30
57 19 60 34
60 26 71 29
6 8 65 17
31 27 33 34
48 10 78 16
11 10 77 11
52 32 64 32
76 4 82 31
5 8 18 16
80 3 82 33
10 13 83 20
74 19 78 34
72 18 73 26
35 22 57 23
4 12 60 28
60 28 82 33
32 6 41 12
48 26 62 29
42 20 53 21
33 14 65 28
25 17 60 18
11 34 66 34
42 12 79 28
74 27 79 33
78 7 83 30
49 1 81 15
18 7 67 10
37 8 56 33
77 3 79 15
45 21 80 31
78 21 81 21
18 22 52 26
13 30 52 34
3 15 62 15
55 15 71 29
14 19 24 21
9 11 61 13
11 14 60 34
68 3 74 9
64 2 73 24
24 17 82 20
9 31 60 34
60 32 73 34
52 13 73 31
8 1 24 15
49 23 58 29
22 10 42 26
8 25 26 33
10 24 37 24
9 3 78 7
69 34 81 34
76 18 76 18
39 16 80 21
19 6 24 24
26 1 53 19
3 23 59 30
29 32 76 32
38 30 64 32
13 19 14 23
25 31 62 33
20 18 21 28
1 18 78 19
72 7 79 16
19 17 72 28
12 28 74 30
20 24 79 34
25 1 79 23
37 24 46 34
8 14 14 19
2 25 47 26
9 32 33 34
67 12 81 23
6 18 79 20
78 21 82 25
76 32 80 32
51 4 59 30
69 21 70 30
75 16 79 34
60 10 71 15
9 8 75 26
68 34 68 34
81 30 81 30
65 15 82 33
56 25 72 28
40 12 48 21
68 34 75 34
31 6 38 20
21 29 46 31
30 7 32 30
43 24 54 24
41 10 58 13
53 13 60 26
70 24 80 34
50 14 59 21
63 10 64 26
45 34 70 34
72 22 72 25
18 18 18 21
45 15 51 32
35 6 47 21
29 24 56 28
83 31 83 32
50 11 59 25
46 22 75 28
77 5 80 27
81 2 81 7
38 5 71 29
55 18 83 30
71 34 80 34
12 32 83 33
81 34 81 34
62 7 65 17
69 20 74 31
6 30 75 30
79 23 83 28
46 27 70 33
71 13 73 14
62 6 67 12
10 15 10 23
56 11 68 17
80 12 80 16
73 28 76 33
13 17 55 20
28 4 33 14
61 32 68 33
38 25 54 25
54 20 79 23
74 25 78 28
64 4 69 31
9 25 75 34
68 16 72 28
61 5 62 15
55 31 56 32
73 1 74 31
74 20 79 23
16 20 76 27
65 30 74 33
66 2 75 6
40 29 42 29
61 25 66 34
72 12 73 16
14 17 66 24
47 18 57 29
77 8 77 20
67 21 68 28
70 25 78 32
79 24 79 27
26 28 46 28
17 22 54 27
60 29 64 31
12 2 38 19
82 17 83 22
70 13 83 29
68 12 76 17
30 13 75 18
61 22 82 26
33 27 57 33
65 20 65 22
82 12 83 27
35 16 80 34
50 34 63 34
64 34 68 34
15 28 29 29
41 25 47 25
28 9 64 32
64 25 75 26
3 17 46 27
4 6 78 26
33 15 72 23
71 18 73 19
25 10 54 19
29 19 55 20
83 6 83 9
61 24 63 27
52 10 61 33
9 21 80 25
22 23 51 27
1 16 37 26
2 14 20 26
46 4 58 7
33 24 50 27
66 1 70 10
37 3 62 23
40 25 53 31
19 10 77 11
18 25 46 31
27 24 62 28
75 25 81 25
9 13 74 20
27 19 31 34
26 8 82 34
49 25 71 31
4 4 80 7
16 11 21 29
13 21 72 30
65 28 74 31
78 22 80 31
77 13 83 31
26 20 64 27
19 10 20 30
6 18 79 32
76 10 82 31
29 15 35 18
51 16 82 24
37 31 70 33
35 19 38 34
50 13 64 34
66 12 83 28
20 33 74 34
72 15 80 22
70 28 76 28
18 23 70 23
51 21 71 23
31 7 31 27
1 10 10 11
65 11 75 20
28 27 58 31
75 3 82 7
41 1 58 19
53 27 61 32
28 7 62 27
10 29 38 34
63 4 81 5
69 16 76 18
79 16 79 33
23 21 26 25
29 11 64 34
18 30 19 33
40 5 60 5
10 2 37 2
59 7 83 21
29 32 74 33
22 2 32 6
5 7 75 18
27 21 74 21
32 22 70 31
45 15 67 26
78 15 80 23
60 19 63 31
73 29 79 33
41 31 41 33
45 11 59 33
49 21 54 30
27 11 39 19
64 19 73 34
30 27 80 34
18 14 67 26
1 7 69 21
65 3 78 9
3 31 81 34
12 33 61 34
33 22 73 30
52 20 63 30
16 6 65 33
32 4 62 15
74 9 74 27
14 34 43 34
35 16 80 16
49 25 65 29
26 13 41 23
73 33 74 33
5 24 47 24
40 17 46 26
60 10 61 12
37 13 45 14
9 19 78 27
56 20 65 28
31 23 42 26
63 17 73 18
27 28 67 34
75 7 76 14
76 10 78 26
25 33 43 34
43 6 55 23
63 9 71 21
15 2 82 33
36 6 69 23
10 18 34 22
52 23 71 23
73 9 74 24
55 16 55 33
34 17 54 29
31 24 47 24
34 2 48 18
34 2 40 34
25 7 69 26
7 22 19 33
10 24 69 25
24 3 73 18
49 9 68 16
72 6 77 13
30 19 51 26
23 28 57 32
18 30 62 33
11 26 13 27
76 24 80 24
83 18 83 24
63 23 83 32
1 21 51 28
50 25 74 32
18 28 78 28
58 33 68 33
7 33 57 33
51 9 75 21
79 13 81 26
64 7 75 21
8 25 27 31
82 20 83 30
81 7 83 26
43 30 73 31
19 14 69 18
54 15 81 15
16 11 60 33
49 28 65 28
35 10 58 26
76 1 83 7
80 8 81 25
28 6 59 34
11 20 27 24
6 23 56 31
64 19 74 30
61 30 61 30
61 32 80 33
73 12 81 18
7 3 60 18
53 26 82 29
68 17 75 34
79 30 80 31
13 13 21 20
27 21 36 34
12 3 14 16
30 30 53 32
19 8 82 14
60 30 61 33
37 11 54 15
62 22 67 23
62 21 71 25
40 4 46 28
75 8 76 29
75 23 81 33
74 5 81 33
80 28 80 33
81 33 83 33
31 19 67 32
59 16 72 23
79 32 79 33
33 23 41 23
62 1 66 1
19 1 71 23
73 14 82 32
33 27 74 28
26 4 82 19
66 29 78 31
26 10 26 19
62 22 62 29
37 32 39 34
78 7 80 10
25 21 69 23
63 6 68 30
49 20 60 33
45 20 54 34
58 16 76 19
78 12 83 23
32 4 38 32
22 3 28 12
79 34 82 34
49 33 59 34
41 3 79 33
54 33 54 34
16 20 70 30
17 30 19 34
35 27 65 29
4 24 9 27
61 10 66 19
21 2 80 30
23 7 71 25
15 29 42 34
50 16 60 32
73 2 73 22
60 34 65 34
69 21 73 22
55 27 69 29
25 3 78 9
67 19 80 31
29 23 60 24
49 11 79 11
44 11 62 33
57 19 57 25
2 16 78 31
5 7 11 32
25 7 69 18
55 14 63 32
10 23 66 28
57 32 79 32
70 34 78 34
71 25 73 25
11 27 43 29
77 25 77 33
2 1 60 19
77 4 83 32
23 18 26 23
63 19 71 28
73 9 73 29
43 2 75 16
66 31 75 31
27 17 44 28
72 7 72 15
46 17 52 26
50 26 81 28
39 34 72 34
17 32 33 33
74 8 82 12
70 18 70 18
74 18 76 33
60 25 73 30
82 18 83 19
18 17 19 19
60 4 73 33
38 9 42 10
62 9 69 18
45 8 55 33
47 19 81 29
14 4 66 21
29 14 54 26
64 10 77 14
77 10 83 17
74 21 83 25
66 15 76 20
36 25 76 32
49 30 75 31
12 29 31 30
19 21 71 34
45 2 75 3
58 24 71 26
34 25 52 33
69 34 70 34
58 25 71 28
62 7 83 30
27 18 75 31
69 7 81 23
33 3 53 26
42 25 42 28
64 3 78 20
56 33 83 33
68 18 74 27
19 21 52 25
35 27 38 31
50 1 72 7
16 3 56 18
70 5 75 25
37 30 53 34
81 34 82 34
8 5 30 21
19 21 62 23
60 33 68 34
21 12 51 29
46 11 73 17
41 14 76 17
78 16 82 17
26 20 75 31
33 30 72 33
21 15 22 28
65 17 73 17
69 10 79 20
49 14 83 17
55 33 78 33
63 9 64 16
64 33 71 33
32 8 45 14
31 29 77 31
61 31 69 31
56 19 73 28
32 34 78 34
81 11 82 17
41 33 49 33
52 5 63 19
26 6 69 27
10 19 13 25
54 13 75 24
18 26 51 33
2 31 52 34
83 23 83 28
50 10 55 13
34 22 56 28
20 30 40 30
80 12 81 21
37 18 41 34
1 14 11 31
7 21 34 31
21 15 39 20
74 32 78 33
63 24 80 25
81 24 83 34
81 11 81 18
40 10 42 13
57 5 83 28
48 8 74 30
24 7 25 11
33 18 42 25
55 21 70 32
41 25 61 32
82 5 83 34
42 21 43 29
83 29 83 33
1 4 52 15
20 25 23 32
63 30 65 30
2 12 78 24
31 11 62 23
57 4 63 4
71 31 83 33
15 29 30 33
38 20 65 22
44 10 74 28
33 34 48 34
15 3 62 12
76 4 82 13
81 10 82 27
18 14 31 33
43 14 47 26
8 8 64 17
8 31 69 34
35 13 57 29
14 9 22 11
74 32 82 32
66 32 80 34
79 32 81 34
33 34 41 34
9 6 73 9
23 34 50 34
1 10 17 14
2 4 15 21
11 1 41 24
61 10 70 28
15 32 54 34
1 25 13 34
10 31 79 33
10 7 34 20
5 33 21 34
26 30 29 33
52 13 77 14
17 29 59 34
42 7 50 34
58 16 62 30
46 20 81 30
3 1 40 22
61 1 72 20
45 11 59 30
46 27 80 32
52 34 65 34
65 19 75 24
26 26 71 33
61 13 83 15
67 3 74 11
37 28 57 29
74 5 79 10
6 25 21 34
60 23 67 26
29 16 79 33
29 17 62 18
7 22 48 34
3 7 68 16
68 4 81 31
29 2 63 15
36 4 45 34
10 18 34 29
41 9 46 34
75 31 76 31
39 34 50 34
63 4 65 28
3 1 28 20
5 11 48 34
68 23 70 32
36 12 60 21
61 13 74 19
79 1 79 11
43 18 81 21
16 28 33 31
10 25 17 28
67 28 74 32
5 16 55 16
66 12 77 20
43 10 44 30
25 26 79 26
69 12 78 21
4 11 34 20
52 26 69 34
12 30 54 31
40 21 76 27
9 14 75 34
57 12 83 21
51 14 62 16
46 28 69 30
68 20 80 22
24 1 29 16
7 11 79 29
71 6 73 29
37 28 67 33
47 18 63 34
22 3 74 25
72 29 72 33
72 4 73 15
56 10 82 26
77 23 82 31
65 18 68 18
72 13 81 28
49 6 80 31
43 32 67 32
42 18 76 33
13 6 68 30
39 23 63 23
25 34 68 34
1 8 27 28
39 31 56 33
18 27 81 32
79 24 81 31
64 1 64 12
54 26 63 33
8 11 16 34
17 8 18 34
78 4 79 13
25 14 50 19
8 28 39 32
79 29 83 34
73 24 75 28
25 4 43 23
49 25 77 31
66 23 72 26
14 19 79 31
68 30 70 33
48 9 66 32
77 13 77 28
8 22 69 32
59 30 64 30
47 29 73 31
31 12 59 25
69 2 73 28
35 11 74 12
30 30 32 30
72 9 78 31
51 26 73 29
13 11 13 29
52 18 68 33
22 1 48 6
7 21 44 29
78 7 82 30
16 12 42 31
32 22 82 27
5 4 41 5
22 34 28 34
46 7 46 9
48 19 80 33
22 4 24 13
35 11 57 31
73 22 75 26
48 32 55 33
77 19 78 25
48 25 55 25
80 20 81 29
27 10 72 29
27 26 68 26
56 13 66 14
10 8 70 30
38 19 41 31
70 11 83 34
42 28 50 34
51 15 70 23
70 12 83 28
77 19 78 28
58 16 60 16
77 22 78 33
30 2 30 9
43 10 53 10
4 26 30 33
43 18 47 24
17 29 67 32
53 31 79 31
70 7 70 27
44 3 48 24
11 20 67 22
15 31 49 34
11 6 31 21
17 26 68 27
30 15 81 21
52 14 69 17
69 30 78 30
53 24 78 33
61 15 79 30
19 19 70 34
3 16 70 20
25 34 57 34
79 30 83 33
42 32 49 33
8 29 82 33
15 25 53 34
5 11 67 24
47 16 76 22
29 19 77 32
58 32 72 34
31 1 43 4
14 31 80 31
67 23 74 27
79 20 82 30
50 29 83 34
46 14 67 33
58 9 68 18
8 3 60 11
42 12 80 17
76 22 83 30
82 13 82 18
61 12 68 12
34 8 53 15
43 28 55 28
32 20 65 33
40 5 44 19
23 4 35 6
46 5 60 30
31 33 76 33
9 30 40 33
50 28 51 30
74 1 75 25
7 6 40 9
73 18 83 32
55 11 56 32
49 31 83 32
14 9 30 26
15 14 41 30
19 33 25 33
58 16 74 20
66 9 80 18
81 22 82 22
13 25 83 31
30 5 63 18
81 4 82 14
54 28 76 30
4 8 59 25
78 8 78 8
29 7 47 26
59 23 78 29
44 22 64 22
34 17 47 34
57 8 57 21
64 23 81 24
9 26 49 33
55 2 67 34
22 21 52 23
30 23 41 28
59 18 81 34
70 1 75 33
49 29 76 33
40 1 40 22
5 3 74 26
51 1 57 16
73 33 81 34
8 25 20 29
17 3 53 28
27 10 56 24
59 27 82 31
9 11 19 34
50 15 52 18
30 9 77 20
65 23 81 23
34 31 68 33
43 20 80 28
79 26 81 33
15 4 82 12
21 32 30 32
37 23 78 32
44 11 80 14
23 6 32 14
22 11 83 34
64 11 70 32
35 27 55 34
7 10 83 14
69 3 79 6
64 32 72 32
2 13 71 17
12 13 54 24
12 20 17 23
5 25 28 29
79 5 81 13
61 4 62 10
74 7 83 29
10 4 60 11
74 31 78 33
22 24 45 28
18 19 78 25
82 24 82 29
12 32 61 32
33 4 75 5
12 1 28 28
25 3 67 11
30 26 48 33
23 27 69 30
53 22 80 26
60 10 61 12
26 6 55 8
67 31 74 31
43 34 72 34
13 34 50 34
17 11 28 22
61 27 62 27
67 30 72 34
67 9 69 31
72 16 77 26
40 28 74 31
67 34 69 34
67 2 76 25
18 26 73 27
56 3 73 5
40 19 48 21
59 25 77 33
2 16 39 17
69 31 78 32
34 17 58 32
27 19 61 22
2 27 68 31
1 15 17 18
60 7 72 20
10 4 24 26
60 33 77 33
35 28 48 31
53 22 56 33
17 13 27 28
25 17 59 33
64 14 70 18
23 8 42 21
76 31 81 34
2 12 62 14
54 34 78 34
82 32 82 34
66 1 77 22
42 21 53 31
45 8 51 24
33 18 71 18
11 26 77 32
27 15 57 21
32 34 48 34
48 11 71 29
4 12 21 30
27 19 75 27
8 29 68 33
45 1 61 19
59 24 69 30
83 20 83 28
71 30 79 32
12 31 70 31
15 24 77 32
44 1 57 6
37 25 56 29
28 26 31 28
22 31 64 34
69 19 75 30
17 18 26 20
18 25 40 32
30 31 34 33
43 28 71 30
83 10 83 15
6 1 80 6
42 23 80 28
1 11 12 17
48 7 83 26
27 30 83 30
1 10 22 18
69 15 73 24
6 26 16 31
51 23 74 27
31 16 41 29
23 27 68 33
33 31 67 32
76 12 82 19
62 20 69 26
11 16 17 24
26 28 28 31
74 18 74 22
81 10 81 33
14 22 75 24
82 4 83 4
49 19 71 33
37 9 76 16
20 28 49 33
74 28 80 34
51 8 71 19
26 33 78 33
79 6 80 11
41 18 77 18
58 10 68 31
64 25 70 32
69 33 70 33
67 12 74 18
41 30 78 30
65 8 65 29
8 5 56 27
1 3 51 26
47 17 80 26
76 7 78 8
74 31 80 31
82 11 82 32
32 7 59 32
82 3 83 18
42 24 81 32
58 17 61 31
32 31 44 33
75 2 83 8
9 1 50 9
40 4 49 20
41 26 47 32
64 23 83 26
68 5 70 26
32 9 82 16
81 7 81 16
63 18 68 29
63 26 78 32
55 31 77 33
66 19 73 30
83 26 83 31
50 3 63 30
10 7 59 33
73 13 77 18
71 1 79 21
39 6 46 27
32 6 64 13
73 28 75 32
17 6 76 19
13 10 27 17
39 14 62 31
5 25 9 31
68 32 71 32
80 19 83 26
30 32 55 33
35 1 62 8
82 25 83 27
76 33 81 34
73 1 78 10
63 22 73 33
34 22 80 23
29 28 55 31
11 20 58 23
61 23 70 27
19 23 67 33
19 29 43 29
53 8 72 30
62 3 71 19
10 21 15 23
21 22 43 23
17 24 24 28
29 33 51 34
39 34 52 34
64 3 81 20
46 21 76 34
4 32 81 33
33 33 76 34
6 5 12 7
29 23 71 23
33 21 55 33
20 7 21 20
61 20 73 20
62 17 76 32
59 21 72 26
69 5 77 14
67 29 79 31
4 21 21 24
7 28 66 28
57 28 64 32
35 9 74 22
50 33 59 34
36 19 65 29
50 4 83 24
65 3 68 20
45 10 54 29
24 32 66 32
61 2 71 21
9 18 67 20
26 5 80 19
50 21 79 24
26 34 41 34
6 30 37 32
32 30 83 33
50 11 68 25
50 19 81 20
68 24 81 26
12 23 16 30
59 29 67 30
79 13 80 31
15 9 52 29
39 27 40 30
57 1 58 22
31 19 62 30
76 34 79 34
15 26 69 30
79 5 81 17
32 4 74 24
78 11 79 29
80 23 83 25
63 22 80 25
2 26 45 34
5 16 50 29
38 4 75 11
4 4 19 28
74 20 75 28
14 3 75 12
13 15 36 33
29 34 80 34
14 24 78 27
78 12 83 34
24 27 51 31
70 18 72 28
67 29 71 29
67 26 67 34
36 1 51 4
34 24 58 27
27 21 50 31
13 25 58 27
21 13 47 13
53 16 58 29
21 9 43 24
20 12 31 14
57 17 79 34
55 10 82 25
83 10 83 22
19 9 58 16
69 24 74 31
61 25 80 28
68 5 75 22
28 10 52 21
74 22 74 24
2 26 34 34
59 21 62 29
32 20 47 34
5 16 34 33
42 10 45 26
15 24 16 31
33 6 79 34
43 17 59 25
66 5 80 16
72 33 83 34
59 18 75 22
31 18 72 20
42 4 67 26
4 20 56 28
18 10 68 22
44 8 79 23
33 14 59 14
64 10 73 24
65 33 70 33
17 22 30 32
29 22 54 30
12 29 36 33
39 1 49 16
69 27 83 33
27 5 41 23
68 24 76 28
69 21 70 21
55 33 63 33
66 23 76 25
47 24 58 32
17 26 83 34
58 9 80 15
12 23 67 23
57 9 73 15
71 33 79 33
50 10 62 34
41 33 67 33
79 2 79 4
69 11 76 24
12 27 82 32
9 11 59 24
36 11 54 23
21 33 39 34
45 15 68 27
74 10 81 11
36 13 83 19
52 18 82 25
74 29 80 31
69 16 70 28
78 8 81 16
79 34 81 34
17 8 67 15
73 9 77 15
28 25 48 25
82 2 82 5
21 26 33 32
48 9 69 11
75 5 75 27
14 3 64 3
44 4 79 24
58 19 68 26
44 23 74 24
69 12 79 20
66 6 76 29
3 5 24 17
25 2 28 20
7 18 53 33
21 26 48 34
60 8 74 29
26 10 78 32
79 20 79 20
74 33 81 33
29 2 31 32
76 28 77 30
21 1 74 18
13 10 33 20
34 32 68 34
74 32 82 33
62 10 65 11
5 7 44 27
23 11 61 23
3 27 8 30
7 30 49 32
31 30 47 30
56 2 70 2
45 23 83 26
3 23 14 24
81 30 81 34
60 20 70 24
56 13 58 22
56 12 83 29
76 15 76 25
63 17 82 21
12 18 28 25
25 16 30 27
5 6 32 33
28 10 83 29
3 16 72 19
78 26 83 26
81 15 82 27
65 11 71 15
58 22 73 25
48 19 57 21
57 10 62 20
66 7 76 29
61 4 81 19
53 15 58 29
9 16 40 29
28 6 43 22
77 15 79 15
19 33 72 33
48 6 78 34
15 31 49 34
79 9 80 27
30 3 74 10
71 26 83 28
8 7 11 33
69 19 83 19
45 28 80 33
28 26 68 34
75 31 83 34
11 10 55 32
71 30 81 30
11 17 60 21
7 2 9 5
16 27 25 33
30 24 30 24
78 17 79 22
35 6 56 19
20 7 68 23
41 11 47 30
7 19 43 23
14 14 42 27
60 32 73 33
78 8 79 24
3 34 48 34
5 9 27 30
19 31 24 34
22 26 30 29
75 23 83 32
38 12 76 30
74 32 77 32
31 11 52 12
4 29 13 30
20 20 49 20
9 12 73 26
75 34 81 34
14 14 53 31
68 14 71 14
70 5 78 20
47 15 74 17
52 31 65 34
23 25 46 26
19 16 30 18
65 32 72 34
18 4 30 9
29 6 81 9
26 2 64 24
64 8 80 30
19 6 73 6
78 16 83 34
39 23 44 33
59 22 78 23
23 5 77 34
72 17 77 33
42 14 53 21
61 5 79 21
40 14 49 27
42 28 44 33
27 19 28 22
35 4 47 23
38 24 42 28
2 8 50 10
34 15 81 27
6 3 34 21
29 20 71 29
36 30 37 32
33 16 74 18
14 24 46 27
48 7 69 18
18 15 57 17
59 15 72 25
59 22 59 26
73 27 81 29
25 10 42 31
51 31 76 33
56 11 58 14
3 33 65 34
9 8 37 18
76 17 80 29
13 24 45 32
83 31 83 31
74 21 74 21
9 34 51 34
79 10 82 31
33 31 54 33
80 12 83 21
38 10 82 13
60 17 80 19
19 12 20 25
29 17 80 26
62 34 62 34
38 7 66 7
37 29 55 34
44 12 69 12
11 18 21 24
31 13 81 30
35 30 36 34
72 6 73 22
48 33 73 33
5 19 12 27
1 7 82 13
12 24 52 26
32 5 62 26
64 10 71 31
14 25 66 29
57 26 66 34
2 17 23 25
19 23 54 33
47 32 53 34
24 10 26 27
19 4 21 14
2 22 7 32
44 29 56 29
36 29 82 32
41 28 41 33
56 7 61 17
70 14 79 21
67 29 82 29
17 10 81 29
11 22 57 25
7 7 73 24
2 21 9 33
59 14 64 23
72 31 75 32
58 7 63 30
41 25 49 33
27 29 46 31
22 23 57 23
64 27 72 27
14 15 59 28
36 13 37 13
8 30 14 30
74 29 77 34
12 13 48 23
71 25 78 25
55 13 76 13
58 23 73 28
39 3 74 28
6 32 16 33
7 18 45 34
63 28 65 28
69 2 80 13
19 1 41 3
8 1 8 33
31 6 71 13
45 13 64 27
31 17 49 29
61 1 76 3
13 2 65 25
14 22 55 24
12 6 19 17
44 7 65 22
14 11 77 21
46 18 50 31
25 13 64 32
23 31 81 32
7 2 25 23
64 17 68 30
18 22 71 33
21 15 58 20
15 24 51 32
64 25 76 32
32 10 81 12
32 28 54 30
78 29 81 29
4 5 48 13
10 21 73 24
77 8 77 24
14 22 44 30
15 12 17 13
6 30 15 30
48 32 73 34
10 15 21 16
35 22 36 32
77 4 79 13
4 3 30 25
24 33 83 34
24 14 70 24
28 23 46 28
30 28 35 29
67 34 68 34
35 8 56 9
6 30 35 30
44 20 64 22
70 31 77 31
83 18 83 21
28 7 53 32
44 26 81 31
7 13 69 33
38 29 65 33
70 31 74 31
35 13 81 16
53 31 61 31
67 16 78 24
78 28 80 29
66 25 66 26
51 14 58 18
3 6 40 14
21 25 57 29
54 25 63 32
66 20 76 28
13 20 69 34
17 29 39 31
34 14 36 16
49 16 71 23
11 8 68 11
60 7 61 21
23 11 75 12
39 10 45 26
8 14 48 31
76 12 76 28
22 29 61 32
42 4 65 30
20 19 36 28
20 8 75 29
48 17 78 30
41 13 67 30
15 13 70 20
22 18 50 27
44 34 53 34
73 24 82 34
74 17 78 18
38 2 66 6
61 17 75 23
53 25 68 26
28 26 52 26
43 27 61 27
77 29 79 32
22 28 46 32
82 9 83 29
21 7 79 10
15 30 20 33
56 14 57 27
52 25 76 25
9 21 78 25
46 17 46 18
1 33 58 33
23 8 46 17
72 18 79 32
28 11 37 11
29 26 29 28
80 27 81 30
58 6 70 24
55 5 81 26
3 23 63 33
65 4 73 15
53 10 55 33
22 10 79 30
69 4 79 25
4 10 50 14
75 8 76 8
45 4 83 10
27 24 49 24
4 29 61 31
32 19 65 20
61 6 72 10
46 4 67 4
66 8 68 24
25 13 49 26
82 18 82 27
63 26 73 27
31 16 41 25
27 27 49 27
47 1 76 14
12 32 58 33
12 34 33 34
74 12 76 32
63 11 75 18
81 21 83 29
43 27 54 32
27 27 44 33
25 5 60 18
50 5 60 13
50 17 83 25
27 13 76 31
57 26 59 29
31 25 49 28
22 33 67 34
44 10 52 15
5 3 40 19
53 8 77 24
18 30 37 30
79 11 80 15
68 27 71 27
49 27 82 27
43 31 64 31
71 22 78 31
22 20 71 21
18 3 33 22
5 1 9 19
53 18 64 20
74 15 80 33
20 24 22 26
19 17 83 33
47 31 68 32
27 28 29 29
30 19 58 25
22 28 42 33
28 5 47 16
26 27 40 29
58 28 62 29
47 21 51 34
75 6 76 32
3 25 13 33
44 30 54 33
21 25 29 31
62 5 82 18
16 11 65 23
18 17 76 27
13 20 71 34
81 12 81 21
29 30 61 32
74 2 80 9
70 5 76 6
7 9 22 20
69 21 74 32
2 20 4 33
82 5 82 26
23 9 55 16
45 4 70 27
54 2 68 4
76 9 83 21
30 18 56 34
60 1 70 3
49 3 77 33
12 34 46 34
51 29 83 29
74 1 81 6
6 5 83 20
39 3 61 34
55 31 78 33
41 32 63 32
73 23 75 23
19 15 63 21
36 19 43 33
53 19 71 25
82 15 82 29
18 28 31 32
68 2 76 24
1 29 36 31
10 25 24 31
77 5 81 20
32 12 41 24
77 28 81 33
31 16 83 21
16 6 47 20
71 6 78 10
9 16 10 29
83 1 83 28
38 15 65 33
8 2 23 25
66 22 80 31
43 10 73 25
28 1 67 22
65 24 65 24
22 12 64 28
76 23 82 23
44 11 62 13
15 11 83 22
79 9 79 29
70 15 74 15
16 17 72 17
60 16 69 16
55 10 67 19
65 16 67 34
22 13 78 14
66 10 66 20
54 6 61 16
69 27 75 30
54 16 56 17
61 18 72 29
59 6 61 8
31 24 38 26
28 34 47 34
43 34 83 34
5 23 24 27
9 5 68 10
55 10 74 12
34 28 45 30
69 32 73 33
80 3 82 4
29 33 40 34
12 9 47 16
34 10 65 33
51 17 68 21
61 8 83 33
61 7 79 22
73 23 80 34
72 7 82 14
67 2 74 22
70 5 80 25
3 22 24 25
22 5 54 5
3 20 69 31
67 10 68 28
37 13 56 15
43 34 57 34
11 33 63 33
79 3 82 33
28 4 61 21
75 18 78 34
12 10 14 28
77 15 77 30
21 16 79 29
76 22 80 34
57 7 83 16
44 12 78 14
12 10 30 29
60 19 78 32
49 23 51 29
25 7 54 13
19 14 31 26
39 16 56 26
17 16 71 28
48 18 78 32
12 32 27 34
54 30 59 31
26 6 31 34
26 33 70 34
22 21 32 24
74 5 83 25
32 15 46 17
56 1 63 27
30 31 82 31
21 28 40 29
67 25 72 30
37 17 80 26
58 31 58 32
36 29 64 32
32 29 59 32
43 24 56 28
28 14 42 17
33 1 46 6
74 7 82 34
2 5 57 34
58 5 62 16
49 30 75 30
73 25 83 34
3 14 12 33
63 17 66 32
24 1 77 11
69 31 70 31
50 15 56 16
4 1 34 29
48 13 68 26
31 14 50 29
45 1 83 22
10 10 46 11
4 25 41 34
7 13 8 15
62 28 76 29
17 24 65 26
18 22 51 26
31 5 70 11
21 19 55 22
82 18 83 27
24 30 58 32
12 3 42 12
48 23 79 28
27 13 70 32
1 32 71 33
73 27 75 33
9 3 39 17
43 26 65 28
29 14 48 16
16 1 62 2
71 6 74 10
30 24 30 28
15 2 36 15
67 12 78 13
49 30 52 33
27 6 30 9
82 7 83 18
5 12 9 17
10 30 33 32
19 5 29 7
51 14 83 32
31 24 79 24
57 18 66 22
64 10 78 30
48 5 69 8
63 25 63 34
76 16 80 25
15 19 18 23
61 34 61 34
29 4 43 6
65 1 76 9
49 27 66 31
58 16 64 28
6 26 43 28
37 10 75 30
32 16 40 24
29 23 54 34
58 27 68 34
79 4 82 21
63 32 76 34
1 34 57 34
22 10 68 21
19 32 45 32
48 4 74 4
56 9 70 34
82 33 83 34
51 4 82 15
32 5 77 20
14 14 80 15
59 9 73 34
77 16 77 24
24 21 52 32
1 7 49 27
82 30 82 31
82 11 82 20
9 31 19 34
65 28 72 34
46 25 60 25
22 5 22 30
80 1 82 29
23 16 33 19
74 31 83 32
72 29 72 30
68 12 82 29
3 24 66 33
36 6 48 25
39 10 41 30
17 26 26 27
16 19 52 22
20 8 59 17
3 7 73 26
32 22 39 24
17 25 37 29
21 8 72 21
54 23 83 32
1 11 59 25
73 23 78 24
75 30 80 30
73 22 74 29
8 32 48 34
64 26 69 32
65 3 72 19
45 13 79 13
79 4 80 10
68 33 70 33
50 8 81 12
57 28 76 33
1 13 64 29
71 33 77 33
4 34 62 34
12 1 75 33
26 8 56 22
42 32 55 33
24 2 64 17
71 27 77 33
79 31 82 32
80 9 80 13
75 9 79 27
41 33 55 34
69 20 78 20
4 16 29 26
7 18 9 25
37 26 47 34
43 24 73 28
76 12 83 20
61 20 71 34
35 7 48 30
5 16 47 34
38 23 65 25
10 31 35 34
25 12 74 15
44 9 46 24
71 34 72 34
30 4 56 10
49 5 77 29
53 20 83 26
12 8 37 30
28 26 74 33
22 19 63 32
20 9 81 12
37 20 47 30
5 18 25 24
35 2 69 3
41 10 70 16
73 23 80 31
14 3 56 20
21 7 60 18
44 29 63 34
31 23 81 30
24 34 73 34
80 13 83 24
55 15 68 33
44 19 62 25
9 28 63 34
26 13 28 28
54 32 62 33
8 16 37 21
21 25 72 26
16 20 19 28
78 16 78 29
81 5 82 14
63 32 65 33
59 6 79 28
37 31 72 32
45 26 68 26
59 1 83 22
58 20 71 31
50 16 71 23
8 19 16 25
8 34 50 34
7 28 21 33
76 1 76 33
1 10 48 18
73 16 76 29
73 8 73 14
9 15 75 30
47 31 74 34
69 4 73 30
47 17 52 29
59 26 61 33
81 33 81 34
22 30 78 32
25 24 59 27
49 3 49 4
2 6 83 7
27 30 39 32
71 34 71 34
36 25 47 25
38 3 69 32
3 33 73 33
37 16 66 33
42 29 60 30
13 6 19 8
36 19 42 22
40 6 83 6
60 6 71 23
1 13 7 15
42 15 54 22
78 28 80 30
54 31 70 31
45 4 76 33
45 20 80 29
72 19 74 28
80 11 80 22
59 1 70 20
41 27 74 27
47 21 50 32
29 30 45 32
9 21 27 23
40 33 60 34
49 3 57 16
5 13 38 28
7 21 64 29
7 27 58 27
55 8 56 33
71 14 75 18
26 32 44 32
22 26 60 33
72 17 73 18
32 21 45 34
82 32 82 34
15 34 38 34
63 25 80 26
65 33 81 34
48 24 69 34
5 26 11 30
49 10 70 15
48 1 62 27
56 11 79 34
51 12 76 21
61 25 76 27
80 19 83 27
68 8 74 28
60 13 60 29
58 22 81 22
9 7 71 32
63 12 83 14
68 21 69 21
69 5 73 13
73 32 76 32
41 25 41 26
74 4 79 10
44 11 70 29
28 28 41 34
44 14 54 16
10 22 29 32
66 11 82 19
53 28 79 32
10 19 16 29
70 8 79 30
30 26 69 30
51 17 51 32
26 13 46 23
77 34 83 34
10 17 79 19
35 14 42 20
4 10 39 32
69 30 71 32
73 18 80 23
23 34 61 34
33 13 37 16
35 6 73 7
78 9 80 29
23 18 28 30
50 29 54 34
29 15 45 34
64 33 69 34
25 19 71 21
66 11 78 33
53 16 59 22
7 32 67 32
20 29 46 29
27 10 36 13
60 22 81 31
11 15 35 26
65 7 75 15
15 2 20 25
65 30 72 34
53 19 82 32
79 18 80 34
18 30 83 32
57 10 72 11
62 11 74 18
8 1 40 25
22 19 24 21
22 6 46 19
59 20 63 25
66 31 80 31
44 22 66 24
47 17 65 22
82 24 82 32
53 23 60 33
72 23 77 29
62 19 74 21
72 32 75 33
57 18 76 23
80 14 81 19
69 23 73 29
27 22 67 29
72 18 82 24
61 27 75 27
81 4 81 7
83 4 83 12
49 22 50 30
83 26 83 34
30 31 53 32
15 3 29 19
3 20 24 34
42 24 51 30
34 1 61 4
66 6 66 19
21 31 46 31
16 29 80 33
27 28 47 30
81 26 81 32
21 7 45 26
49 12 74 27
12 27 62 29
43 12 65 23
33 3 80 31
68 11 80 30
40 20 63 20
57 4 83 9
73 18 80 23
65 28 72 34
32 22 79 28
79 2 81 14
23 32 64 34
53 23 67 34
56 33 70 34
76 21 80 23
6 16 14 20
34 24 72 32
4 12 60 28
46 9 57 17
26 20 28 31
4 28 28 29
15 26 41 33
15 17 48 18
30 9 40 11
51 22 80 23
5 15 43 28
62 12 72 19
10 33 19 33
57 7 63 28
8 10 17 12
62 7 77 26
31 5 72 25
44 33 67 34
42 23 48 26
13 1 73 34
38 30 54 33
24 1 70 15
1 33 11 33
26 26 27 33
11 3 75 22
38 8 44 22
50 10 54 12
77 31 81 32
71 27 78 30
21 31 41 32
22 15 37 23
47 24 80 24
34 30 47 33
42 9 45 18
60 5 76 12
83 9 83 29
82 1 83 34
80 34 80 34
51 9 60 12
12 29 40 29
35 14 61 27
9 19 51 30
46 6 57 9
26 5 41 19
6 9 30 30
68 4 70 8
54 1 56 22
18 30 72 34
10 31 17 32
74 28 81 30
6 23 67 24
66 17 80 33
50 19 80 34
8 29 32 30
19 20 60 29
8 8 13 12
12 16 27 21
48 34 65 34
54 25 82 29
46 33 83 33
23 9 38 31
75 20 82 33
11 13 35 21
3 33 31 33
50 32 57 32
58 26 81 30
7 17 72 34
12 12 39 31
83 9 83 30
8 15 57 34
27 8 35 28
60 33 60 34
68 26 83 26
38 29 47 33
3 11 70 33
69 29 72 33
33 24 45 26
54 3 63 24
17 21 46 24
33 15 82 34
2 23 4 28
21 24 32 27
24 14 79 34
57 34 64 34
81 25 81 28
41 33 63 33
27 5 45 33
49 6 65 23
18 30 63 34
54 8 61 24
55 15 79 15
65 4 78 21
64 9 69 22
8 7 61 15
47 21 58 30
25 6 68 13
20 6 64 10
2 12 73 18
15 31 23 31
5 30 53 34
51 32 79 34
76 33 77 34
75 31 82 32
47 1 63 17
8 25 76 28
55 15 77 28
36 29 36 32
60 30 75 32
43 22 74 34
17 16 24 31
61 23 67 29
42 30 51 33
70 28 76 30
82 5 82 23
11 10 51 31
77 18 80 23
5 14 76 15
14 22 32 28
33 24 81 24
53 30 55 34
52 29 76 30
17 11 56 12
55 20 61 26
19 4 61 29
75 10 75 11
26 12 59 34
19 13 55 13
28 27 37 29
18 26 78 28
51 21 74 30
49 30 83 32
7 5 72 25
32 1 67 3
51 27 78 31
17 16 68 31
74 19 79 25
77 12 80 32
3 29 44 32
32 26 65 34
69 4 79 4
68 19 73 32
69 20 71 34
32 17 38 32
15 27 50 34
12 18 53 25
35 32 63 33
64 21 67 22
26 11 76 23
35 13 43 25
83 32 83 32
51 23 58 23
79 8 83 31
82 34 82 34
67 11 70 21
36 33 49 34
20 7 32 14
56 18 79 21
63 34 70 34
56 22 58 28
8 16 61 21
78 28 79 29
11 14 23 23
2 14 3 33
6 21 20 21
45 33 50 33
26 3 83 22
81 11 83 32
7 5 71 18
57 27 80 34
70 12 81 16
34 1 78 19
72 17 81 31
75 1 77 15
78 17 83 27
33 5 33 33
19 22 39 32
58 16 79 16
34 11 69 31
2 17 21 33
7 33 13 33
32 29 74 29
78 12 83 14
29 16 64 20
79 6 80 21
44 19 69 31
8 27 59 34
39 19 82 22
24 19 79 34
36 33 66 34
15 17 75 29
55 24 55 29
59 29 75 29
44 30 59 31
18 11 30 11
34 17 35 18
48 4 82 17
47 16 61 23
60 20 81 22
22 17 45 26
42 11 68 15
42 28 67 30
8 14 28 33
41 21 43 29
5 11 58 13
13 31 45 33
22 6 22 25
41 27 55 32
59 5 81 21
81 14 83 23
59 11 63 24
53 3 57 3
68 26 74 30
1 10 54 34
31 20 43 23
56 2 79 23
52 28 53 34
9 12 47 14
22 11 80 11
4 14 10 14
48 22 54 29
44 19 45 30
48 28 62 29
6 18 13 19
82 8 83 25
49 9 57 15
48 31 51 33
62 27 65 29
53 10 69 26
74 25 79 28
29 12 53 24
44 20 51 20
49 3 64 12
53 23 53 34
81 4 81 24
73 14 77 28
76 14 79 19
67 16 72 17
22 7 55 11
59 25 73 25
48 24 57 29
41 28 70 29
54 2 67 12
21 6 39 28
42 20 58 27
10 2 52 29
47 34 80 34
4 31 13 33
3 10 4 29
82 7 82 19
61 26 61 29
3 27 5 31
4 28 53 30
78 9 78 25
36 7 61 20
61 30 74 33
16 31 23 33
34 19 64 29
81 32 83 32
71 13 72 17
31 17 72 25
41 33 41 34
56 26 78 29
60 17 72 21
65 5 83 27
50 28 81 34
51 14 53 33
13 12 32 19
37 2 46 5
32 16 73 19
61 23 80 31
44 21 47 32
8 3 54 19
78 8 81 13
4 23 24 24
75 30 78 31
61 7 62 33
51 25 79 26
64 15 79 21
46 4 67 9
34 22 50 24
4 30 8 34
21 20 39 21
76 11 76 18
69 31 78 32
78 32 79 34
82 25 82 32
24 30 80 30
37 20 64 29
79 31 83 34
26 29 63 32
74 28 74 32
21 19 74 30
19 16 43 28
63 12 81 23
27 14 42 16
79 17 80 18
15 23 51 31
51 13 82 14
24 9 29 34
4 7 69 26
27 14 72 30
35 28 63 34
48 2 61 10
44 6 48 23
78 24 81 29
29 12 83 21
62 6 78 28
64 7 71 28
2 16 62 30
64 13 69 26
10 13 66 15
13 16 39 16
30 24 43 34
30 12 56 33
35 24 49 27
60 27 63 32
12 22 46 34
23 12 54 26
24 6 47 33
1 15 17 17
28 7 49 23
70 22 74 28
37 22 74 33
48 18 62 26
23 24 30 30
37 19 68 20
45 33 60 33
26 19 27 19
82 13 82 27
18 13 19 26
83 10 83 31
2 1 18 31
12 13 27 20
47 25 62 31
50 32 78 32
53 5 64 7
6 10 78 11
6 12 60 28
25 31 83 33
20 28 73 34
3 32 48 32
6 5 52 31
59 10 76 21
82 34 83 34
64 27 69 28
18 13 69 29
65 26 78 29
15 24 29 34
26 24 39 34
44 15 67 18
32 6 50 24
82 22 83 22
28 13 45 22
43 16 49 31
74 15 76 27
44 18 46 24
64 19 71 33
62 15 64 19
77 6 80 21
39 23 63 32
16 26 76 29
36 7 75 27
75 18 80 26
76 10 82 11
64 15 69 31
14 22 28 26
7 6 64 25
8 18 26 31
70 3 70 20
30 3 65 5
79 21 79 34
29 20 58 32
42 9 82 33
42 29 54 32
1 15 1 33
39 18 39 23
43 22 45 24
17 13 67 14
44 13 56 17
6 2 56 14
82 11 83 14
12 2 58 6
3 12 4 14
48 19 81 29
14 21 58 29
18 5 70 25
18 25 36 32
82 7 82 11
2 30 73 30
3 13 12 16
79 27 83 31
12 3 36 33
1 13 62 33
60 9 76 20
33 25 33 30
76 18 79 19
59 25 69 32
31 34 48 34
20 24 45 26
3 33 18 33
83 33 83 33
65 16 78 29
21 4 22 25
59 19 72 27
66 6 76 11
5 32 35 34
5 10 14 19
20 26 32 26
21 9 35 26
3 13 78 19
49 28 82 31
59 15 75 19
4 5 20 24
48 26 49 32
28 12 57 19
20 4 64 6
35 31 43 31
32 12 45 24
66 13 67 20
55 25 62 34
73 12 82 20
49 15 52 25
26 34 83 34
5 1 81 2
53 18 81 27
83 30 83 33
20 26 56 26
41 29 47 34
68 32 71 32
79 15 83 18
59 2 63 28
46 10 75 31
78 9 79 17
70 19 83 26
2 14 49 30
1 3 1 30
42 20 76 28
42 34 52 34
13 3 38 5
12 16 74 18
27 22 70 30
42 23 51 29
54 10 76 31
12 15 26 18
5 20 67 26
34 25 50 31
66 21 76 21
9 5 25 22
46 17 63 24
66 15 73 18
64 32 69 32
60 26 70 30
83 27 83 30
40 26 55 31
53 6 60 8
49 13 79 21
56 5 78 20
17 28 56 29
47 10 61 13
11 21 48 27
73 26 75 26
58 4 77 17
24 2 59 26
82 11 83 19
30 33 55 34
29 29 60 30
31 4 80 14
22 18 39 34
6 5 36 32
82 24 82 28
71 5 81 21
52 22 57 26
46 33 78 34
68 6 71 24
26 13 59 22
75 22 76 23
48 34 58 34
12 22 15 32
42 29 63 30
22 28 41 32
21 6 66 12
78 5 78 30
1 30 68 33
20 30 29 30
18 24 65 32
35 14 81 19
56 17 62 21
80 7 81 24
52 6 70 18
73 30 83 33
69 29 79 31
28 18 30 29
37 11 82 18
81 25 81 34
13 16 71 29
80 12 80 27
57 33 75 33
18 24 48 30
41 31 63 32
68 34 83 34
19 5 61 28
26 14 70 34
72 30 79 33
50 24 83 33
79 20 80 23
55 14 62 33
4 26 43 29
3 34 23 34
44 30 45 34
17 1 36 27
31 19 55 31
61 29 63 34
60 6 74 27
26 34 48 34
79 12 81 28
5 7 74 26
63 22 75 31
6 2 49 6
29 24 44 31
10 27 56 29
34 3 73 6
49 16 71 34
3 15 16 32
73 18 74 31
13 21 47 32
67 15 80 33
47 20 79 21
74 3 77 19
36 1 64 34
75 27 79 31
26 7 68 13
81 9 83 24
63 14 66 22
3 17 77 28
50 11 82 34
53 20 79 22
1 7 26 33
48 28 53 28
81 26 83 30
4 25 59 33
74 31 74 33
50 33 52 33
61 23 69 30
44 26 46 29
32 20 46 28
50 25 70 29
41 31 81 32
33 3 43 34
43 7 83 11
27 32 47 34
32 25 70 29
77 17 81 24
76 12 83 20
24 33 63 33
44 22 67 33
4 7 60 14
64 17 75 25
30 28 41 33
26 19 79 31
72 16 79 17
4 27 61 27
66 10 67 22
55 17 77 23
31 21 64 22
74 7 79 9
13 5 65 7
8 16 40 28
67 22 71 30
41 33 76 33
10 28 33 32
76 9 77 30
8 3 30 20
48 7 51 10
23 28 45 34
9 31 24 33
83 23 83 26
16 26 57 31
76 10 79 20
1 7 65 7
8 10 25 12
12 14 55 23
68 19 75 27
65 10 76 28
41 25 46 31
13 34 18 34
2 17 34 20
9 25 67 30
61 29 63 30
17 12 74 30
70 25 72 25
18 11 34 12
50 29 82 33
54 14 83 25
28 18 77 22
11 10 36 11
58 12 67 17
51 15 59 29
8 25 21 26
46 15 76 22
68 34 74 34
70 18 74 32
72 9 78 13
53 1 54 18
59 24 72 32
64 5 82 5
75 5 81 20
27 1 31 11
3 26 49 32
79 28 80 30
18 4 55 28
9 32 26 34
70 32 77 34
14 4 75 30
53 13 73 18
2 17 33 25
9 13 54 25
28 19 40 29
61 27 72 29
62 11 79 13
28 2 74 27
41 20 78 20
80 4 83 16
81 5 82 32
40 12 78 22
6 16 82 29
15 9 34 14
27 4 38 14
79 26 83 34
48 4 63 5
55 3 61 14
44 14 57 25
44 18 69 30
75 17 78 21
30 23 39 29
29 4 43 19
4 20 32 23
8 8 77 15
72 12 75 12
26 25 48 34
58 21 76 24
17 30 49 33
2 11 65 16
79 4 81 30
16 9 25 16
1 31 41 32
66 23 66 32
63 22 75 25
83 25 83 30
36 34 57 34
50 29 69 29
9 2 62 15
58 2 65 23
74 20 74 32
52 10 56 29
30 23 35 25
18 7 53 19
73 32 74 34
15 10 46 20
76 13 79 15
21 3 33 16
75 9 77 34
49 22 58 25
28 5 31 24
6 2 45 33
80 8 83 17
43 17 57 34
10 1 37 17
83 9 83 31
7 34 79 34
55 28 76 28
46 27 57 33
66 10 83 26
78 12 78 19
35 10 43 21
62 16 70 18
63 3 75 13
82 7 83 14
74 13 74 33
28 17 67 31
81 5 82 13
32 21 34 25
20 6 70 15
35 34 67 34
36 17 40 18
74 25 77 26
76 11 77 32
4 31 80 34
3 32 25 33
31 28 35 31
51 5 52 8
33 21 66 34
23 27 62 34
61 21 64 26
26 2 83 16
28 24 65 24
33 18 61 18
9 7 64 26
60 33 66 33
12 21 40 21
57 21 62 21
17 29 48 29
72 23 73 26
46 8 78 10
5 9 50 22
60 24 68 29
5 3 41 32
67 3 67 17
53 12 55 28
59 4 82 18
15 32 36 34
26 26 76 31
28 21 44 24
34 32 46 32
56 18 67 27
82 7 83 14
26 7 38 26
58 31 74 33
62 22 79 24
13 29 74 31
74 9 74 28
77 18 80 19
27 1 32 13
26 27 45 34
36 28 40 34
63 12 66 16
81 24 81 30
21 8 60 26
82 20 82 20
34 34 72 34
43 8 70 19
77 30 81 31
83 6 83 17
58 17 64 31
68 32 73 34
76 18 78 31
66 34 70 34
6 31 75 31
36 25 42 34
24 9 67 24
19 4 81 24
37 23 82 33
50 32 54 33
64 20 68 26
32 7 45 13
34 9 79 23
61 10 67 18
34 8 74 24
17 24 81 25
38 30 43 33
55 29 62 32
52 7 79 20
37 20 44 30
1 28 20 34
60 22 73 23
35 32 40 32
45 16 46 28
3 22 70 28
43 16 71 21
13 33 67 34
47 4 60 11
47 15 61 26
10 4 45 26
34 33 68 34
76 24 83 27
32 15 57 22
74 27 76 30
55 18 75 18
65 21 83 28
24 11 59 24
57 10 82 26
5 33 33 34
64 13 69 26
58 23 61 31
27 10 60 33
73 29 74 33
11 3 53 6
81 18 82 24
23 10 51 19
81 24 81 26
2 30 26 32
78 30 82 33
35 4 58 24
19 33 42 33
10 31 63 32
50 34 64 34
27 29 81 29
47 6 52 20
69 29 80 32
26 17 73 23
15 23 77 23
2 24 30 32
58 28 61 32
27 2 61 22
48 2 54 11
38 33 39 33
54 13 78 23
65 20 65 27
42 13 43 13
31 14 53 15
58 18 73 31
23 11 62 29
5 33 6 33
6 26 53 27
47 1 81 13
73 18 82 22
78 34 80 34
13 28 28 33
57 9 72 27
81 22 82 22
45 15 75 25
31 25 74 34
53 3 70 7
11 32 54 33
4 2 50 25
28 14 61 22
61 31 70 34
10 4 53 23
38 28 50 33
33 23 67 30
10 31 40 33
42 24 83 24
6 19 6 23
1 11 54 28
50 24 77 25
22 14 55 28
23 24 75 26
2 28 73 29
33 33 50 33
76 4 79 28
47 2 80 32
6 2 81 5
27 10 53 25
43 31 63 34
9 25 74 25
25 8 80 11
21 28 70 30
58 11 63 18
82 1 82 31
8 17 45 30
82 31 82 32
26 27 58 32
72 21 81 27
59 6 73 29
41 19 53 20
7 21 81 31
73 29 73 30
29 18 80 23
83 8 83 21
18 25 81 34
41 30 45 34
9 21 33 24
6 10 32 19
77 34 81 34
23 33 80 34
33 6 36 7
58 32 63 34
55 13 76 15
50 29 55 34
21 12 75 15
7 20 13 31
30 6 66 16
46 11 47 19
73 8 80 8
40 31 40 34
54 13 63 23
54 8 82 15
5 11 13 18
78 22 82 23
58 9 81 12
67 31 83 32
8 18 49 32
52 21 62 25
67 26 75 28
34 29 56 32
27 24 67 26
15 10 58 14
47 27 76 34
38 32 62 33
66 22 70 24
72 31 73 34
58 23 60 23
61 27 80 34
49 9 60 33
3 16 14 30
75 25 83 30
8 27 52 29
49 29 71 34
54 18 54 21
40 32 68 34
67 23 76 23
33 7 59 28
25 4 32 28
59 25 83 27
53 32 70 32
51 8 82 10
72 10 79 16
15 19 53 28
71 3 77 10
32 19 50 33
28 33 56 33
31 6 44 30
29 27 56 27
58 3 65 6
4 21 67 30
9 31 82 32
64 1 67 1
20 15 52 17
18 20 34 33
39 25 42 29
48 29 69 29
16 8 65 18
71 20 72 29
26 27 76 27
45 14 52 25
79 32 79 34
21 23 69 32
44 22 53 22
75 22 82 25
62 28 65 34
2 24 66 34
79 31 80 31
44 33 72 34
46 14 80 23
81 13 82 20
21 33 64 34
61 32 72 33
34 30 75 31
33 31 52 31
29 1 44 32
73 24 82 27
38 27 76 29
64 13 68 17
21 20 74 21
60 33 61 34
54 8 82 15
29 33 34 33
11 16 57 29
55 26 73 33
49 5 51 25
48 11 67 29
5 12 34 25
64 23 71 31
77 28 79 32
11 21 45 24
15 11 68 18
4 25 7 33
31 12 64 17
24 7 30 11
82 4 83 22
44 24 53 32
15 11 39 12
80 10 81 12
59 16 60 26
25 1 56 26
11 22 65 29
40 23 65 31
52 9 75 24
9 11 60 12
11 17 39 34
52 4 66 23
16 8 64 26
67 32 71 32
11 22 81 24
52 20 68 32
21 31 23 33
14 14 83 25
63 23 64 26
74 33 79 34
70 15 78 21
45 18 56 22
12 4 41 31
72 1 76 18
78 20 82 34
14 8 20 9
17 10 57 27
40 28 77 29
36 11 41 21
50 33 73 33
71 26 73 26
70 24 74 33
5 23 39 29
49 22 74 27
81 17 81 18
57 34 64 34
25 21 78 25
73 20 81 32
12 27 77 27
83 16 83 30
18 14 34 31
64 8 74 29
30 5 46 29
2 19 23 23
4 16 27 24
17 9 64 33
55 10 75 24
79 22 79 26
39 28 42 31
20 12 41 21
47 15 53 30
66 33 70 33
39 2 52 9
36 6 65 20
62 9 62 24
34 8 43 18
18 29 61 31
55 13 69 25
11 20 75 32
66 25 71 30
54 3 79 12
62 26 80 31
8 15 63 23
76 30 82 34
20 7 75 21
74 34 83 34
35 22 75 24
58 16 64 19
38 32 69 32
11 28 30 31
60 6 64 11
22 20 39 34
4 8 69 16
33 23 67 28
54 7 79 30
19 32 44 34
4 8 35 16
59 26 59 32
17 24 45 34
70 31 72 31
31 18 45 20
24 18 37 27
56 24 67 34
71 1 79 22
36 31 55 33
41 28 61 30
28 7 63 31
64 6 82 27
70 11 82 27
4 34 62 34
53 12 74 26
77 20 83 22
76 33 80 33
44 19 80 28
24 21 37 22
17 27 50 31
46 20 83 25
9 17 46 21
10 21 26 26
83 6 83 11
3 19 15 28
37 26 68 30
5 2 77 32
20 19 26 34
1 9 25 18
35 9 47 16
48 25 62 27
5 1 34 3
23 24 55 28
49 29 63 30
47 19 78 27
38 19 38 27
11 31 36 34
17 6 18 18
8 11 19 22
61 9 75 33
29 5 47 11
21 15 30 16
26 16 60 25
77 21 78 33
35 21 44 30
80 34 83 34
32 20 40 31
76 3 81 26
34 19 36 23
82 16 82 18
83 10 83 30
74 25 79 31
18 5 53 24
52 33 77 34
81 30 82 32
13 26 52 30
19 1 40 32
44 2 74 10
47 5 71 5
28 31 76 33
40 5 79 15
25 4 36 20
56 21 78 24
67 34 67 34
21 28 49 32
63 3 83 4
65 15 66 26
80 20 80 30
53 8 58 14
68 33 78 34
38 2 51 7
26 9 43 15
61 28 81 28
22 1 33 9
40 21 69 29
25 21 75 31
3 24 23 34
75 25 81 32
32 5 37 11
9 18 23 29
56 12 79 16
64 22 75 31
56 26 60 30
38 16 55 25
50 1 73 12
53 21 74 27
67 13 76 17
70 10 71 23
47 22 60 28
52 25 68 32
26 21 58 25
32 32 55 34
34 15 80 30
82 19 83 34
21 7 50 7
35 17 75 23
1 12 40 17
49 34 74 34
81 22 81 29
37 10 61 20
51 4 56 21
68 9 82 33
3 23 30 30
75 9 75 20
19 17 20 28
16 5 31 12
17 25 70 28
69 28 80 32
59 24 63 26
46 18 72 31
29 31 83 32
11 11 56 34
64 12 73 32
51 29 52 29
1 32 47 32
31 18 50 28
76 32 83 32
5 1 21 13
23 24 62 33
10 30 67 31
4 3 61 24
27 31 83 34
64 30 79 31
42 2 46 32
43 28 75 31
16 16 34 27
50 21 50 33
65 12 70 26
38 28 73 29
4 21 13 31
45 8 51 32
33 27 56 29
61 13 75 33
81 7 82 25
43 22 76 28
67 11 82 27
20 14 66 27
59 3 70 26
60 24 74 25
72 22 77 24
2 34 68 34
23 9 75 32
6 5 73 18
22 34 74 34
64 10 70 19
20 28 63 29
52 31 52 34
26 31 27 33
61 7 70 24
47 30 53 30
77 7 82 13
35 8 60 18
43 22 74 33
53 19 63 31
67 21 68 24
17 5 17 30
21 22 67 29
82 16 83 30
74 33 82 34
35 15 49 23
7 26 29 33
13 16 15 31
14 6 40 29
57 11 67 14
24 33 56 33
25 19 39 32
31 27 50 30
63 5 65 16
48 9 54 28
62 18 69 33
62 12 83 18
59 27 83 33
17 31 67 33
47 29 80 30
8 1 41 17
57 1 82 7
28 6 68 10
36 7 36 10
23 1 39 34
41 21 82 21
10 1 19 5
82 12 82 29
36 4 70 16
51 20 71 30
42 5 46 25
73 11 77 12
65 23 65 29
39 31 78 32
45 8 71 31
41 9 54 31
26 22 79 22
10 22 33 25
74 25 74 32
65 24 70 32
57 15 77 24
20 20 83 25
60 8 80 13
81 26 83 34
31 26 38 32
25 5 58 15
2 16 51 17
33 34 47 34
26 27 52 33
74 11 83 31
9 15 83 16
79 22 79 34
26 21 60 28
45 14 77 21
53 24 63 29
33 19 65 34
19 33 36 33
57 22 80 30
59 6 75 25
18 8 18 10
73 25 80 31
11 10 29 19
2 26 48 27
68 6 71 23
6 4 80 25
31 22 40 27
33 21 51 26
42 2 67 29
57 2 77 18
29 17 81 33
4 19 56 34
12 11 28 32
32 29 48 31
50 16 65 33
67 1 75 8
82 22 83 25
35 8 62 32
55 11 83 14
54 7 71 28
41 32 81 33
25 26 50 30
17 18 27 23
1 2 29 26
52 15 62 29
43 27 73 31
1 15 1 19
48 22 63 29
51 32 52 32
52 28 69 29
33 22 41 34
52 1 75 29
38 16 38 21
74 19 76 19
34 30 41 31
17 1 68 15
74 14 74 28
14 12 22 27
73 20 75 34
79 33 81 33
8 19 54 27
71 30 81 34
15 22 76 29
54 13 73 27
79 10 81 19
32 3 64 3
76 19 79 31
61 9 74 26
62 22 77 31
34 3 37 14
1 1 5 9
4 18 28 24
58 13 81 33
80 8 81 33
63 26 75 30
31 16 43 24
74 14 75 23
62 33 63 34
26 20 47 23
35 26 59 34
40 23 41 27
27 20 62 20
51 21 77 27
24 9 37 14
71 15 79 20
32 30 57 31
13 4 27 22
13 3 75 13
41 8 57 9
26 3 53 8
32 15 61 22
5 2 58 2
19 5 42 24
81 8 82 15
65 15 67 19
80 19 83 24
57 33 69 34
59 4 80 11
13 23 74 32
19 24 65 32
51 34 72 34
45 4 67 4
31 23 33 24
25 18 74 28
79 33 79 34
35 15 37 23
21 15 74 16
18 8 66 27
19 16 80 28
64 7 70 29
69 11 73 27
62 30 78 34
27 16 82 18
8 3 41 21
61 7 70 22
55 16 62 33
61 19 70 20
70 29 71 31
22 24 22 25
39 10 49 28
75 26 79 26
26 32 42 32
79 9 80 32
65 34 72 34
38 26 79 27
58 28 76 33
45 24 67 25
4 17 26 31
81 9 81 10
74 28 81 34
83 26 83 26
64 21 80 25
62 30 81 31
69 27 72 34
82 3 82 21
21 31 65 31
15 23 22 30
4 30 11 33
75 1 83 15
47 33 76 34
62 7 68 33
17 22 80 27
61 8 78 22
40 11 76 11
8 30 13 32
66 15 75 23
56 18 75 22
61 34 72 34
78 25 79 25
78 28 83 31
78 12 82 17
17 17 62 20
77 5 81 19
46 4 63 6
81 28 82 30
21 10 68 21
43 11 82 32
24 10 63 12
70 23 78 31
80 5 82 24
59 12 74 23
21 19 58 25
59 6 77 20
30 29 76 29
70 29 71 31
64 20 74 20
19 5 68 30
1 6 23 13
51 5 62 9
4 20 4 31
42 34 60 34
78 33 82 33
26 16 27 26
69 2 81 19
28 33 43 33
68 5 73 32
44 17 50 27
73 13 75 26
69 12 83 23
62 27 62 33
19 19 54 34
61 5 79 17
34 18 82 28
58 26 77 32
69 23 81 28
78 13 79 17
43 10 76 28
37 15 63 16
45 28 82 30
63 28 73 28
75 20 79 25
80 33 81 34
72 3 79 15
83 33 83 34
80 31 83 34
16 20 80 28
39 5 39 32
40 19 78 21
83 3 83 3
73 9 76 31
13 6 62 15
75 29 76 34
82 6 82 12
18 11 25 20
55 19 62 20
61 8 73 24
24 16 53 21
24 1 47 26
36 18 44 26
6 18 16 19
25 7 30 17
33 8 56 22
80 32 81 34
23 2 47 8
9 2 20 34
33 11 74 30
15 1 82 11
34 22 52 25
72 1 80 23
5 21 51 33
77 14 78 31
29 6 58 9
34 15 43 28
71 31 71 33
37 4 48 23
3 19 68 28
17 3 58 10
15 24 22 30
22 25 74 31
58 4 74 7
68 17 82 24
23 4 71 19
37 10 48 18
27 9 80 22
72 5 73 6
45 4 72 18
12 9 25 14
72 14 75 26
70 13 82 29
25 11 40 21
71 3 73 4
2 22 20 25
64 27 72 32
64 28 80 33
72 18 75 27
14 11 76 19
75 14 79 29
31 6 59 16
32 5 34 11
43 6 53 22
37 29 73 32
41 9 83 27
10 33 43 33
30 16 41 19
36 34 72 34
80 18 80 33
39 10 62 32
64 30 70 30
39 22 42 23
66 1 74 4
2 3 60 34
7 15 82 29
77 19 81 33
68 27 83 28
54 16 57 18
41 2 45 19
56 3 66 11
36 6 49 23
6 12 82 16
18 6 26 28
18 24 34 26
77 17 77 18
1 3 79 4
57 2 78 8
22 4 38 29
64 7 74 16
35 26 52 31
81 16 81 16
66 14 78 26
74 25 77 30
45 12 55 34
8 9 74 13
51 14 81 22
54 6 63 10
12 16 28 23
10 21 42 28
55 23 64 32
71 10 83 20
55 21 63 30
57 28 82 34
52 22 59 26
61 12 67 31
11 24 54 29
25 29 26 29
41 1 61 22
38 22 47 33
51 2 56 11
35 33 46 33
83 22 83 28
20 34 78 34
68 31 72 32
1 18 48 27
25 27 79 27
3 25 23 27
3 26 15 30
44 27 68 34
42 20 70 32
22 8 66 8
22 24 61 33
59 32 83 34
50 10 52 30
34 24 83 26
33 18 33 30
71 23 75 33
69 20 79 28
5 12 19 13
24 31 68 33
4 1 80 13
61 32 62 32
49 34 64 34
67 14 67 26
78 31 82 34
81 17 82 28
44 10 60 14
7 20 80 30
5 22 15 26
28 13 75 27
57 23 76 28
64 19 68 26
56 9 72 18
67 2 73 21
16 21 59 25
72 28 73 28
60 14 67 32
28 4 31 26
36 33 81 34
57 7 81 25
18 31 29 31
43 33 66 34
6 2 40 28
14 27 62 34
30 17 57 23
74 16 78 32
83 14 83 18
58 32 70 32
21 6 57 26
32 15 40 15
27 29 55 29
1 5 17 17
82 9 83 24
65 29 65 34
81 10 81 30
9 13 47 25
2 21 22 28
71 17 82 26
1 1 7 7
56 34 80 34
50 21 57 31
58 27 63 29
76 31 76 34
49 15 62 21
63 4 78 8
42 13 73 14
58 23 80 25
71 12 72 18
1 24 42 24
83 11 83 11
73 8 75 20
12 4 32 32
32 34 79 34
14 31 66 34
51 5 66 14
24 23 72 27
52 14 73 15
80 32 81 34
66 5 80 13
73 2 74 2
54 23 76 34
2 24 43 25
24 31 68 32
63 20 80 31
4 5 66 17
49 10 54 34
21 32 66 33
57 19 64 25
78 21 80 29
25 26 39 34
23 18 28 27
16 4 64 12
36 14 72 33
73 27 77 30
38 18 77 24
59 7 65 20
17 34 48 34
82 7 82 14
4 4 45 16
39 25 71 29
83 31 83 34
7 20 51 31
17 26 78 34
60 18 82 34
62 34 81 34
49 3 64 9
8 19 42 27
36 27 66 32
61 11 61 17
75 4 80 26
33 32 57 33
44 21 47 25
51 25 75 32
83 6 83 31
30 9 75 29
73 15 80 31
30 11 64 22
76 33 78 34
50 22 82 27
61 8 67 13
75 6 79 34
66 12 72 29
24 18 48 25
55 23 56 28
52 21 72 25
42 21 56 27
26 7 28 7
59 3 62 16
53 7 77 19
67 14 78 15
30 26 70 33
41 10 58 16
57 11 59 27
70 7 75 12
22 20 77 26
73 3 75 34
26 34 29 34
60 2 80 4
9 14 17 19
2 23 82 33
77 24 80 25
24 12 50 30
68 19 69 27
64 17 82 25
83 14 83 27
70 9 77 32
9 12 50 14
61 34 61 34
24 13 65 23
28 6 81 7
13 24 65 32
35 31 71 34
49 8 64 8
19 17 33 32
35 25 42 26
80 17 81 34
59 28 62 33
79 5 81 34
21 10 36 28
59 10 78 22
79 32 80 32
3 22 20 23
70 12 79 22
29 25 36 25
47 1 60 18
77 8 82 31
83 28 83 34
16 18 33 23
51 5 60 31
76 22 78 23
83 19 83 23
41 18 48 28
42 17 42 32
53 10 73 24
16 24 28 29
27 31 48 32
39 5 62 9
26 21 62 23
18 8 49 12
66 2 73 22
76 27 76 31
21 17 24 34
22 30 33 32
65 6 73 31
30 26 67 27
46 29 82 33
29 24 35 29
71 25 82 31
25 3 39 5
15 19 58 25
32 15 79 23
77 28 78 29
38 20 61 22
31 31 64 34
27 3 77 28
41 15 71 31
63 3 67 8
44 25 46 32
77 34 78 34
32 13 59 19
38 9 54 13
65 9 81 34
12 5 28 8
64 34 64 34
27 20 70 23
49 10 62 13
64 1 70 28
13 27 37 33
36 3 57 12
4 26 63 27
50 12 72 31
12 3 59 24
72 21 79 26
67 30 82 32
7 3 41 7
5 30 20 31
34 9 79 15
49 4 83 5
54 4 60 22
74 33 83 34
83 28 83 33
12 17 41 26
83 14 83 32
33 18 64 32
40 31 52 32
3 7 54 32
18 3 57 27
39 2 47 6
33 7 71 29
71 28 77 28
13 34 24 34
74 3 77 23
18 27 42 32
68 7 69 19
73 4 75 9
55 26 76 34
34 29 55 34
45 20 55 24
12 30 33 34
21 28 83 31
41 2 78 16
49 12 73 19
19 31 47 32
64 8 74 22
36 16 55 31
35 29 70 34
59 25 83 31
79 11 82 21
19 3 62 10
18 18 58 29
82 9 82 23
2 28 61 33
3 15 57 29
2 17 22 27
31 33 65 34
50 8 68 18
80 8 81 26
39 30 75 31
46 9 76 29
1 3 13 14
42 5 48 24
57 15 59 24
73 32 83 32
56 4 66 7
29 26 36 30
83 12 83 29
65 21 80 26
11 22 49 25
46 17 61 26
35 28 78 28
78 31 83 32
6 28 20 32
8 30 15 31
60 3 64 32
30 13 42 16
30 29 33 34
48 30 66 32
2 26 77 29
51 5 74 12
63 34 73 34
43 30 62 33
30 29 52 32
48 33 56 33
72 12 81 22
79 27 81 29
34 7 58 12
57 21 60 32
34 11 51 20
8 22 38 29
62 18 69 19
20 12 39 28
67 26 72 30
14 15 73 31
20 6 74 9
67 2 71 7
7 21 74 22
75 30 76 33
71 34 77 34
16 1 34 17
15 29 57 33
63 30 75 32
56 6 62 25
60 5 82 30
35 34 58 34
41 13 81 13
73 23 76 27
2 25 59 31
44 34 64 34
26 6 63 19
19 21 63 26
82 9 83 31
45 13 72 19
43 12 49 14
81 19 81 25
30 10 40 34
61 28 76 34
70 16 72 29
65 6 69 22
38 24 63 25
42 21 62 23
24 5 83 16
80 11 80 33
43 12 67 13
68 6 71 28
49 1 55 22
11 21 31 30
1 33 3 33
49 11 64 24
40 15 53 28
30 17 49 25
14 20 44 20
27 17 73 19
40 11 71 26
32 4 32 21
48 2 49 16
8 26 54 33
81 28 83 30
17 4 27 13
4 12 72 23
31 34 60 34
68 28 77 32
22 18 41 28
51 23 56 32
42 1 58 32
31 12 81 31
23 2 75 34
50 7 61 20
39 6 67 7
7 7 41 29
14 20 37 28
3 7 80 26
26 5 64 33
72 15 79 18
25 15 79 18
52 17 53 19
76 33 80 34
42 16 42 33
25 2 46 19
49 13 80 14
19 6 32 6
25 17 64 24
75 11 79 21
39 8 60 10
66 17 77 24
40 26 70 32
77 22 77 34
54 29 57 29
28 7 68 32
31 2 65 18
23 12 39 30
2 34 63 34
19 25 49 27
67 24 80 30
74 31 77 33
18 5 22 27
22 18 70 32
49 5 56 26
80 4 82 27
64 21 73 26
35 5 56 16
30 14 56 32
8 10 83 32
21 32 26 33
65 27 67 34
81 16 83 28
41 14 76 23
10 25 52 32
33 24 77 31
55 2 61 28
24 13 82 22
12 25 42 29
79 3 82 21
66 25 83 31
60 2 71 30
19 17 31 22
69 17 78 27
83 9 83 34
37 18 55 29
11 18 14 32
76 13 83 17
19 23 82 34
70 21 82 32
58 33 62 33
41 20 41 34
75 26 81 33
57 32 73 33
44 11 70 11
6 19 71 20
15 25 20 29
57 11 71 19
37 4 38 7
64 17 66 31
67 1 71 10
44 24 64 26
64 17 66 25
4 4 28 12
18 25 63 33
7 2 78 13
58 27 73 31
39 25 83 25
25 2 69 23
44 28 55 32
48 13 55 31
5 10 27 32
52 20 79 30
20 14 29 19
63 16 78 30
46 30 82 31
58 2 78 18
16 32 71 32
52 5 68 11
34 17 62 27
1 16 32 24
5 15 62 26
13 29 44 32
57 25 83 29
42 10 56 26
10 11 48 29
2 10 9 22
56 34 61 34
39 33 76 33
65 13 70 15
44 1 57 33
65 17 83 24
27 28 46 29
6 34 48 34
43 30 83 31
43 12 82 33
38 15 54 27
46 7 76 31
76 34 80 34
43 11 53 17
15 2 60 3
73 33 81 34
38 9 51 20
17 4 36 34
10 32 73 33
48 33 79 33
69 26 82 30
75 10 76 14
81 13 81 22
74 34 82 34
41 22 51 22
18 27 30 28
71 4 83 24
26 16 56 23
29 17 51 20
21 25 39 33
20 12 66 29
78 32 79 32
38 22 77 23
49 24 53 28
39 10 82 22
13 34 50 34
79 23 82 23
59 21 76 21
67 21 67 34
69 22 79 28
81 21 81 23
8 26 33 26
4 12 82 25
43 9 73 15
80 8 81 12
10 26 79 32
55 2 57 32
81 22 82 24
53 33 53 33
50 17 56 29
49 19 70 20
73 19 75 32
15 23 79 27
22 32 66 32
83 6 83 6
52 32 76 34
54 1 61 5
39 32 52 32
30 11 40 26
32 26 77 31
65 8 65 20
10 24 41 26
16 25 21 25
3 29 16 33
57 20 68 22
16 13 52 21
38 26 83 31
48 14 69 24
62 12 83 34
34 2 48 6
68 4 83 16
63 2 67 32
32 12 36 17
82 34 82 34
42 33 83 34
3 6 68 22
3 18 55 19
4 31 10 33
2 22 50 29
43 33 44 34
83 27 83 34
20 6 68 23
35 25 36 27
57 20 62 26
47 2 82 26
49 30 64 34
65 14 70 24
58 12 69 28
70 12 80 33
75 24 79 25
8 23 9 28
16 3 60 12
63 26 75 30
9 29 81 30
71 5 77 20
71 28 72 31
24 34 68 34
52 6 60 8
71 33 71 33
49 5 71 27
63 16 66 26
14 12 73 31
1 6 5 30
46 26 65 28
3 2 76 18
17 7 61 31
14 23 44 25
52 6 71 33
8 31 71 34
48 22 51 23
38 30 63 33
7 10 61 26
83 13 83 27
75 33 83 34
12 1 46 30
21 20 22 27
18 10 28 24
41 11 66 23
55 19 61 32
82 2 83 11
19 4 67 26
59 14 73 21
82 20 82 20
45 29 63 30
70 10 81 25
1 8 56 11
80 21 80 25
25 15 35 29
47 4 78 8
63 19 77 32
73 9 80 29
77 5 79 9
8 3 69 32
15 34 74 34
61 9 78 30
56 16 82 18
70 3 73 13
54 15 83 26
29 30 49 32
14 27 40 29
75 15 75 24
74 20 80 30
20 20 33 23
66 5 78 18
27 20 79 28
15 31 75 34
39 20 58 34
52 21 62 25
8 17 40 21
56 13 66 22
16 8 50 25
72 22 83 28
66 33 77 34
22 4 23 32
39 3 80 17
12 32 66 32
81 11 82 15
80 34 80 34
35 19 46 30
20 18 69 22
64 30 75 33
28 15 55 22
76 1 82 20
29 12 44 28
73 30 74 33
83 24 83 29
45 32 80 34
48 14 54 20
34 8 68 18
3 23 28 33
47 26 60 33
11 23 75 23
76 12 77 23
82 33 82 34
74 12 74 19
14 22 20 27
15 26 70 34
34 6 70 6
59 18 74 26
40 33 44 34
5 4 60 13
19 25 36 29
59 33 62 34
46 24 66 26
37 28 72 33
47 5 60 22
49 5 70 11
31 28 32 28
71 3 83 16
21 23 28 28
28 17 70 29
24 21 28 29
67 4 78 12
6 10 39 25
75 20 78 27
73 10 76 31
70 32 81 33
69 17 73 27
72 13 81 16
49 30 66 34
62 3 68 22
62 23 74 25
22 19 68 26
63 30 80 31
2 10 14 10
41 8 42 17
6 25 39 26
2 13 69 29
53 4 83 25
45 25 48 33
26 10 59 18
64 32 74 32
20 26 44 27
10 33 61 34
50 26 62 32
8 20 48 21
22 21 52 22
69 15 79 24
78 4 78 26
75 17 83 17
75 30 79 30
5 2 13 28
13 15 78 32
34 32 70 33
73 18 80 25
65 7 82 31
18 2 76 28
32 17 69 23
15 9 41 25
56 13 71 34
5 12 42 24
74 32 79 32
76 4 83 33
69 30 69 30
82 10 83 25
43 28 82 32
80 6 80 34
25 3 60 32
76 23 77 27
75 14 81 22
6 20 57 26
80 2 80 5
30 13 53 22
43 18 75 24
49 3 68 18
44 2 77 4
78 21 79 23
65 26 67 28
9 10 36 28
18 11 83 33
62 16 79 34
80 25 82 26
17 12 50 29
80 23 82 31
35 15 44 15
83 29 83 33
41 25 45 31
72 30 82 34
31 34 46 34
44 1 45 2
57 4 64 18
16 1 55 32
73 17 83 30
25 20 53 20
20 13 47 16
49 20 64 25
32 16 68 25
4 3 51 4
81 1 83 1
19 7 45 20
72 33 82 34
70 7 70 9
48 4 65 10
68 16 73 34
14 1 29 16
68 15 78 26
80 27 80 29
1 4 42 25
1 24 46 25
29 28 83 30
79 19 83 27
75 3 77 30
79 1 83 21
2 22 13 22
5 12 6 14
32 15 81 17
10 31 80 33
18 12 32 28
8 33 13 33
23 30 72 30
47 27 70 30
33 14 75 15
39 10 40 11
1 1 38 25
64 12 65 19
23 14 58 28
32 14 60 34
58 20 74 34
54 17 65 21
20 5 40 13
12 5 74 30
7 8 80 13
9 17 13 32
30 34 38 34
17 8 47 10
75 3 81 28
53 28 65 29
26 1 36 26
31 32 79 33
70 20 79 27
74 1 77 15
56 14 68 32
50 18 60 20
74 24 76 30
73 14 78 28
17 30 40 30
29 7 31 11
24 14 76 28
32 16 59 31
21 15 42 33
30 21 75 24
32 25 49 34
26 15 69 17
29 14 45 20
21 17 37 26
41 8 67 21
27 17 37 24
8 26 12 29
64 25 64 33
43 32 69 34
15 12 82 28
79 10 82 11
5 1 69 6
81 31 82 31
37 31 52 33
30 15 83 17
48 22 56 23
41 16 83 33
73 20 73 24
55 30 63 30
73 9 81 23
35 28 57 34
22 32 51 32
11 18 44 21
35 28 80 32
46 30 49 31
20 10 55 22
27 29 27 33
54 9 71 9
18 17 71 21
21 12 60 33
52 26 61 33
16 19 36 25
58 26 81 33
57 24 62 34
47 25 57 33
11 3 57 12
64 10 68 14
70 21 74 28
59 26 79 31
7 29 40 33
4 29 76 29
50 26 70 28
81 14 83 28
19 28 81 30
25 32 75 33
24 9 26 12
48 6 60 32
40 8 50 19
48 15 54 33
59 8 72 25
72 10 76 23
11 5 26 10
54 34 75 34
77 22 77 31
37 30 61 34
62 31 75 31
79 22 79 31
13 3 76 22
31 29 60 32
69 29 73 32
81 14 82 29
6 22 66 26
68 23 69 29
24 31 24 34
36 23 45 30
69 16 69 24
78 5 78 30
9 4 60 22
36 22 36 26
3 24 5 24
19 14 82 17
23 6 81 19
58 15 60 16
67 25 68 27
19 23 62 26
37 28 61 34
76 8 82 31
11 9 26 29
34 33 42 33
6 17 49 32
82 17 82 21
68 23 78 31
16 29 26 34
21 12 32 25
24 31 24 31
78 13 82 33
61 20 80 28
80 22 81 23
1 25 10 30
25 16 35 24
11 20 24 28
62 26 67 26
69 22 69 33
76 30 81 32
81 8 81 27
31 29 48 33
54 23 58 33
33 30 73 32
66 10 80 23
82 29 83 33
30 34 54 34
30 21 33 28
52 34 65 34
46 29 60 33
69 3 70 20
18 1 26 27
66 19 68 31
23 10 62 27
58 5 73 29
4 3 40 32
3 4 59 17
55 17 60 33
47 22 57 32
23 21 55 25
12 3 68 22
32 9 67 30
16 13 18 25
59 32 61 32
54 26 73 33
48 31 80 32
70 17 79 27
7 20 19 22
31 8 51 16
10 22 14 32
62 5 63 20
30 4 78 8
62 9 81 20
38 29 45 30
76 26 80 32
65 5 80 19
67 32 79 32
63 5 68 7
11 3 64 7
42 6 57 15
54 10 78 31
11 26 27 31
4 9 38 21
56 12 81 24
70 20 77 20
6 31 9 31
17 18 26 23
42 10 78 11
24 1 37 7
66 29 68 31
32 17 71 30
34 11 78 18
11 28 14 30
6 31 45 31
24 33 68 34
80 25 81 29
12 10 20 34
72 16 82 25
55 1 58 14
38 1 79 13
79 11 81 31
66 15 81 30
14 18 34 34
41 32 55 32
41 24 51 27
77 11 83 22
3 1 77 29
54 21 72 27
58 25 74 34
18 22 83 33
9 17 29 28
36 13 51 18
57 10 67 28
32 33 71 34
75 20 83 28
33 29 57 32
44 26 58 29
6 3 14 18
26 25 31 34
42 12 49 20
21 16 40 31
55 33 80 34
76 4 81 22
67 12 83 23
34 26 53 31
31 32 45 33
5 29 48 31
13 34 38 34
67 26 70 29
54 31 77 32
38 13 70 28
46 15 79 24
56 3 78 23
64 1 70 21
21 33 46 34
24 4 75 25
70 1 78 34
51 2 73 4
76 12 83 12
67 18 71 24
6 3 16 28
40 3 61 13
66 5 79 29
72 24 75 30
37 30 50 32
74 8 81 30
52 32 59 32
74 3 82 34
14 25 33 30
42 20 73 25
62 25 62 32
17 8 50 24
76 19 79 29
34 17 59 17
2 18 33 18
59 34 68 34
56 7 57 18
27 26 46 33
35 20 51 34
66 7 73 9
2 6 28 18
1 22 9 29
24 30 75 33
12 26 60 28
75 8 83 12
32 33 53 33
71 27 77 28
71 26 73 28
38 20 52 25
36 18 82 28
37 30 77 30
35 6 36 23
78 30 82 34
25 23 35 26
54 3 61 28
65 19 75 23
20 2 27 21
17 11 37 34
39 6 39 6
35 28 39 31
79 29 81 32
75 4 83 15
82 30 83 32
21 2 28 8
36 28 53 31
45 21 50 26
54 3 62 15
1 15 45 23
3 11 81 33
34 17 47 27
53 34 59 34
67 16 79 26
32 28 55 29
13 23 56 25
78 12 83 14
37 15 63 33
31 18 35 27
52 6 56 24
83 2 83 16
6 2 76 7
68 25 69 26
7 26 29 33
83 21 83 22
70 20 79 30
36 34 56 34
62 20 71 29
59 32 61 34
11 26 66 31
51 14 80 34
48 6 53 24
18 32 72 34
1 19 73 23
4 22 72 26
11 28 35 34
67 33 77 34
15 2 46 31
54 19 80 21
24 17 56 21
12 14 46 21
22 27 71 32
25 14 69 25
7 8 70 34
72 12 77 17
65 33 65 33
63 2 76 6
70 13 76 25
72 22 76 22
71 7 72 27
10 1 22 3
57 28 78 32
5 1 70 31
75 15 83 15
24 8 52 24
62 28 77 32
19 10 46 29
67 3 77 28
6 13 42 18
36 12 45 13
64 4 81 6
77 4 78 17
74 2 78 24
55 34 83 34
32 19 53 20
74 27 83 32
54 10 55 11
65 13 80 27
74 14 76 31
9 22 35 34
24 10 28 19
12 24 42 32
83 11 83 19
13 9 51 24
7 28 79 31
68 22 79 33
75 20 81 22
55 31 65 31
52 30 60 33
25 30 59 30
16 10 79 27
8 18 25 19
14 31 65 33
39 2 70 16
55 18 58 30
40 5 40 26
67 21 75 28
1 2 30 12
71 1 80 29
9 27 53 32
11 27 19 31
35 23 64 31
71 34 75 34
54 5 69 11
63 14 73 32
8 21 42 21
15 23 30 27
67 14 72 15
33 21 57 34
18 17 31 33
25 14 73 34
1 10 58 24
53 15 65 30
77 12 77 31
22 1 69 11
49 4 53 24
51 5 75 24
47 11 62 34
8 3 37 5
60 14 82 30
71 24 77 33
56 33 73 33
12 23 49 26
56 5 75 30
64 16 80 32
31 7 70 26
49 24 78 26
36 25 43 31
26 28 55 28
5 2 79 18
19 33 41 33
57 31 65 31
67 4 83 32
56 20 69 30
4 6 53 15
6 18 17 33
75 26 80 33
58 22 60 31
49 33 77 34
15 24 60 34
34 7 65 8
78 1 82 28
73 19 81 25
5 8 62 33
83 30 83 32
47 28 68 30
58 26 81 26
39 12 54 23
70 31 79 31
48 16 67 19
7 11 53 26
35 11 70 31
51 4 56 15
66 16 76 16
75 1 80 13
14 19 76 26
64 26 75 33
7 9 48 27
26 21 56 33
21 21 31 34
83 1 83 28
31 8 41 14
4 2 45 19
17 30 31 30
67 22 83 32
62 20 69 34
74 9 76 18
14 5 39 29
47 12 59 31
47 21 76 23
60 7 67 22
64 25 79 31
9 24 39 26
73 6 74 21
1 6 52 25
37 3 68 25
59 9 78 18
59 4 77 11
40 33 57 34
73 10 74 10
45 4 65 34
30 14 73 15
66 29 77 31
19 4 39 24
77 16 80 17
45 3 76 34
38 29 39 29
62 28 79 33
71 17 75 20
76 24 83 25
57 16 77 23
39 5 47 25
74 10 76 22
14 32 69 33
48 7 77 28
17 24 55 25
9 33 56 34
67 9 73 14
18 13 70 27
51 12 60 22
62 18 62 22
75 10 77 12
18 30 62 30
57 24 79 32
7 26 13 30
45 28 61 29
43 31 67 33
2 33 17 34
48 28 69 30
14 12 14 18
29 30 33 34
42 11 80 31
9 28 30 32
61 21 64 23
38 15 71 19
20 7 73 11
80 16 81 19
35 4 61 21
63 17 82 34
81 16 81 20
48 17 77 27
15 18 37 21
17 5 30 14
38 7 45 30
10 7 53 30
79 15 82 24
7 34 41 34
30 13 70 26
44 11 59 33
57 10 68 30
69 33 79 33
21 21 38 27
16 26 82 27
75 31 77 33
66 16 82 32
62 8 63 30
51 31 73 33
16 29 57 34
52 25 80 33
60 19 74 23
55 21 60 24
75 10 81 13
34 22 76 26
8 11 55 29
38 9 45 27
51 27 70 32
20 28 54 34
69 20 74 24
79 8 81 33
5 13 11 32
65 16 69 24
56 19 66 26
80 20 80 28
18 34 51 34
21 7 62 10
12 7 73 17
64 34 77 34
3 19 51 30
83 4 83 26
76 1 78 23
40 28 79 32
28 12 82 31
34 1 76 34
64 24 78 25
31 24 43 24
37 22 61 28
54 20 77 31
66 21 75 30
24 13 31 20
75 31 82 33
67 24 81 26
72 3 80 20
46 12 80 22
21 30 36 31
12 9 22 31
27 34 27 34
82 15 83 25
11 32 47 32
12 4 16 20
81 29 83 32
78 30 78 32
46 4 58 12
45 24 62 30
37 34 73 34
44 8 51 27
78 1 78 22
49 10 81 33
34 11 38 16
45 7 63 10
50 3 57 11
1 27 32 31
28 15 78 24
47 12 64 12
6 17 14 31
34 18 60 19
40 1 46 23
81 30 81 33
56 22 73 33
17 26 55 32
65 33 73 33
78 26 82 29
54 23 59 31
43 15 49 24
56 29 65 32
31 5 41 22
11 24 31 25
53 30 64 33
49 34 81 34
1 18 61 28
49 3 79 20
15 2 60 27
55 16 65 32
67 16 74 26
82 2 83 12
75 8 83 12
75 4 83 23
3 25 24 28
75 5 77 16
31 11 77 26
54 14 83 26
63 32 73 32
11 27 23 28
34 20 70 26
69 30 83 34
7 1 51 23
28 26 46 33
79 10 79 10
2 24 19 24
4 8 19 8
12 1 29 30
64 15 70 30
23 26 66 32
39 24 75 33
29 22 35 31
16 26 47 29
13 3 79 25
55 32 70 34
40 1 82 24
32 3 45 14
38 6 79 15
12 26 74 32
28 5 79 9
71 22 76 28
78 34 78 34
24 4 59 15
17 3 28 22
36 20 72 27
29 17 78 25
48 9 64 18
1 25 6 33
78 8 83 21
22 34 36 34
57 29 76 29
16 5 52 29
29 26 71 33
24 6 45 26
6 17 81 33
49 16 67 18
2 34 47 34
75 8 83 20
40 8 56 25
79 2 81 17
10 27 33 34
28 11 36 24
26 13 71 15
51 26 54 30
34 9 82 14
15 27 75 34
4 7 16 14
62 13 80 17
78 9 83 12
16 3 39 27
28 3 76 25
79 28 83 30
22 15 42 16
34 3 65 16
70 28 77 28
32 6 50 32
48 7 51 33
81 20 82 21
70 24 79 27
68 2 73 29
27 18 45 25
82 22 82 31
11 8 31 11
18 17 58 28
45 17 75 34
25 22 73 29
75 16 81 18
81 5 83 15
31 24 74 26
74 23 75 27
76 32 80 32
74 11 76 20
51 13 59 19
80 5 80 6
43 25 58 26
29 20 50 29
61 21 61 22
70 27 79 31
81 18 81 28
62 29 63 32
17 2 67 19
23 9 80 32
14 15 24 31
17 11 28 15
60 33 80 34
70 14 75 17
71 18 81 30
39 29 40 33
25 9 75 20
10 10 76 18
62 8 62 25
18 10 20 25
9 31 74 31
83 30 83 33
13 13 82 33
55 21 77 24
81 8 83 29
26 25 81 32
6 8 47 29
19 23 74 32
33 11 38 20
51 24 64 25
20 30 24 33
79 26 81 27
31 27 68 28
64 32 69 32
1 26 56 26
73 27 74 30
74 18 79 30
40 28 66 32
48 13 79 28
44 5 83 8
66 19 68 31
52 14 74 18
79 32 81 33
32 5 57 13
5 9 14 33
6 17 29 26
83 20 83 22
79 24 80 32
32 27 32 31
34 33 61 34
40 7 57 32
56 30 83 32
55 34 82 34
42 4 54 16
77 26 83 31
11 5 20 23
76 5 82 30
53 19 81 30
68 5 75 21
64 32 82 34
41 7 68 23
1 9 13 31
42 2 53 29
2 13 18 23
60 18 73 22
17 5 69 15
26 2 72 13
38 13 38 31
3 13 29 13
36 34 83 34
79 14 80 34
19 9 78 33
55 16 60 22
39 20 66 23
58 10 70 34
62 32 71 32
4 29 57 30
28 32 35 32
42 6 69 19
48 17 49 31
71 5 71 31
4 7 70 19
68 27 80 32
54 7 58 30
34 33 50 33
40 2 40 32
24 15 77 15
9 14 68 16
16 31 74 33
63 6 83 10
35 5 72 9
57 23 72 32
78 1 83 8
15 30 65 34
51 18 65 21
81 10 82 18
34 10 82 11
40 1 55 10
59 33 83 33
27 16 35 24
71 20 83 30
72 2 73 17
30 9 48 24
11 15 26 22
81 16 81 31
72 12 82 28
9 27 13 27
77 20 78 33
30 18 77 24
29 3 50 32
59 20 65 29
80 34 80 34
16 20 17 34
54 12 65 22
52 32 83 33
39 33 40 34
37 5 45 25
30 30 37 34
57 20 63 22
66 20 68 28
58 2 72 6
53 26 60 27
66 20 68 22
20 29 50 31
25 11 77 33
70 13 76 34
63 14 63 15
31 5 75 13
10 14 80 19
69 14 74 23
30 23 74 31
18 20 60 32
52 16 58 32
33 28 65 33
65 20 76 34
51 29 75 31
56 13 71 20
41 17 47 18
52 5 66 8
33 19 52 22
9 26 16 26
45 8 70 31
53 6 76 33
67 13 76 34
45 34 47 34
78 31 82 32
45 26 61 31
36 20 72 26
29 20 70 33
2 6 54 26
70 33 80 33
52 18 62 21
51 31 70 33
56 16 64 22
66 8 74 31
27 22 60 27
40 26 76 32
12 24 77 29
64 26 66 29
51 9 64 9
30 28 79 28
35 32 74 34
25 20 64 29
81 32 82 32
61 13 61 25
26 14 41 23
28 19 77 22
29 17 62 22
11 8 47 15
39 15 79 15
79 20 80 30
47 2 58 9
15 14 21 25
63 31 78 32
26 8 52 11
13 3 16 28
72 26 75 28
70 17 70 18
6 33 31 33
83 8 83 8
9 3 52 32
11 17 75 18
29 10 57 21
40 32 57 33
30 24 55 26
58 27 74 27
10 19 24 31
13 27 16 29
56 34 64 34
20 3 49 26
75 14 80 23
36 32 58 34
19 11 69 33
3 15 57 27
40 16 52 32
6 13 34 28
15 10 75 26
32 12 33 13
46 26 80 30
8 18 58 34
9 31 59 32
22 11 59 17
35 28 48 34
15 32 47 32
65 32 72 34
52 15 77 30
34 2 72 29
45 22 58 29
38 4 61 10
55 2 59 16
38 9 40 34
9 2 48 21
83 16 83 25
51 1 65 9
16 29 50 29
39 12 56 17
21 2 57 32
47 23 47 23
21 25 45 32
71 11 75 14
48 32 56 34
42 11 69 26
1 10 6 11
27 31 48 32
65 19 81 28
65 2 75 28
78 21 79 29
83 13 83 28
60 3 70 19
22 8 72 9
11 11 61 15
64 34 80 34
44 7 72 29
50 10 55 16
8 19 44 29
24 3 77 5
16 15 51 26
6 28 63 31
74 2 83 12
80 25 82 26
37 31 47 31
32 2 48 22
83 26 83 26
59 3 66 5
11 4 74 5
17 11 43 20
63 12 63 19
70 14 74 34
59 13 65 28
15 9 28 20
17 12 79 21
64 8 82 9
69 28 72 30
77 2 80 5
29 34 73 34
40 6 47 34
62 1 81 21
46 20 65 25
13 13 33 33
1 3 34 25
74 13 75 28
46 22 63 28
74 32 79 34
55 4 57 20
31 34 44 34
21 32 57 34
14 23 37 32
46 6 81 16
2 13 32 15
1 19 47 22
30 10 57 32
22 28 76 30
50 25 69 31
27 7 55 21
7 24 20 31
49 29 54 32
54 11 57 14
43 9 57 19
27 23 81 31
56 14 68 17
37 20 75 32
29 10 49 28
46 8 82 11
48 28 66 30
31 29 61 33
3 17 47 18
9 16 61 16
59 31 80 32
31 5 48 11
50 27 70 32
44 6 83 17
31 6 81 6
18 8 70 11
83 24 83 30
74 17 78 33
59 2 68 18
45 27 71 33
23 27 76 29
2 32 63 33
37 28 80 28
45 5 82 34
53 32 68 32
10 24 31 28
51 17 64 25
77 9 79 22
30 24 57 28
39 3 77 21
22 31 44 31
15 10 82 26
78 11 79 22
16 14 73 20
62 31 79 34
1 29 68 33
68 6 79 29
80 7 82 33
64 3 70 3
63 31 75 34
49 22 74 30
46 28 72 33
43 8 71 26
55 16 60 21
8 16 72 25
63 14 80 22
51 28 77 33
71 19 73 26
9 17 33 31
48 24 72 31
43 34 78 34
53 26 80 26
38 25 72 26
47 20 74 23
4 33 48 34
42 5 82 29
38 5 72 8
19 12 42 28
20 30 58 32
43 29 67 29
19 24 49 27
63 25 64 32
72 12 83 26
15 9 43 21
8 1 70 5
2 7 76 27
42 23 65 31
50 3 55 11
10 3 83 29
72 27 78 34
13 28 31 31
16 31 25 32
39 13 44 22
2 28 71 28
14 1 52 4
30 16 45 23
43 30 50 32
23 3 47 22
11 3 75 29
58 20 80 23
4 23 23 34
80 21 81 21
40 32 58 33
69 12 78 12
44 13 56 30
45 23 57 24
15 30 75 32
82 24 82 34
41 22 68 30
23 16 36 26
76 7 80 9
6 4 33 25
39 21 58 29
6 30 72 33
16 12 34 30
40 33 78 33
17 5 62 8
45 16 81 17
82 19 82 33
9 28 42 32
32 33 70 34
80 26 82 33
71 30 71 32
26 5 71 13
16 10 31 13
40 28 77 29
10 2 83 4
47 26 57 33
82 7 82 30
47 7 75 7
44 7 75 24
29 20 42 29
19 29 60 33
12 8 55 27
67 12 77 16
23 29 41 32
29 18 46 34
80 5 81 28
16 6 76 22
29 30 76 31
9 7 29 17
25 32 37 33
80 3 83 5
38 2 83 12
14 26 78 26
10 30 67 34
60 7 65 21
79 10 81 22
40 15 76 15
56 27 59 27
55 13 55 32
17 15 74 28
67 27 74 31
51 30 53 34
3 29 52 29
58 18 79 22
36 15 63 26
42 28 63 32
44 22 77 31
48 31 68 32
11 23 58 30
35 30 75 31
16 9 16 17
66 9 66 33
58 15 72 32
3 23 9 27
70 18 79 28
64 20 70 20
50 34 50 34
36 26 43 32
83 3 83 15
83 16 83 25
19 16 19 26
81 16 83 24
63 22 68 25
47 22 47 34
55 4 67 28
67 1 83 21
25 19 37 21
11 15 36 15
81 6 83 13
2 8 18 11
55 1 72 33
46 32 56 33
65 4 74 4
43 7 58 16
61 24 80 28
25 32 34 34
48 20 51 27
41 12 69 21
67 17 75 25
42 3 77 19
26 30 57 32
24 16 71 33
47 22 70 33
66 14 74 18
82 17 83 28
14 28 49 31
68 27 71 29
14 15 26 15
28 8 77 13
9 24 34 34
52 21 64 31
6 24 79 34
79 21 82 23
22 2 59 34
36 21 76 24
56 10 79 20
53 9 79 16
64 31 71 31
13 17 17 30
29 12 76 21
22 2 81 31
60 17 82 26
23 7 53 8
38 12 60 21
31 16 45 32
36 29 81 32
3 6 11 12
39 2 73 8
35 20 44 23
71 30 72 32
23 2 62 8
81 5 81 23
59 11 83 31
80 23 80 24
3 32 67 34
66 11 69 33
65 25 73 27
39 25 62 31
81 21 81 32
75 29 77 33
45 5 54 30
52 15 59 30
35 2 62 27
28 5 41 29
56 3 77 15
75 12 81 29
74 4 76 33
67 9 74 14
19 33 80 33
32 8 34 12
19 34 30 34
61 10 83 15
54 8 68 31
37 20 37 20
49 9 63 15
77 21 79 27
60 3 73 10
5 6 41 25
57 13 77 18
53 4 71 20
72 7 72 18
59 12 61 29
20 25 75 29
48 27 58 30
16 11 61 23
74 5 79 17
27 2 71 34
33 17 72 33
7 27 57 30
2 16 2 31
77 7 79 23
12 12 47 18
78 15 79 15
6 13 75 16
21 1 53 22
73 3 75 21
12 28 47 34
2 22 6 34
1 27 73 30
79 7 80 15
15 12 49 32
24 6 69 14
9 26 37 28
34 13 78 14
49 30 69 31
62 5 63 30
5 7 5 27
7 6 57 15
74 31 79 33
7 26 38 26
16 11 30 27
73 6 75 7
39 6 64 32
63 24 79 32
63 22 82 25
71 20 77 25
81 8 83 20
28 8 58 9
31 33 67 33
50 2 83 28
55 3 76 31
71 25 78 25
72 27 79 31
14 29 15 32
44 14 55 24
49 6 60 7
80 31 82 34
53 19 61 22
1 21 68 21
42 8 83 23
30 6 35 22
78 21 83 22
5 17 18 25
59 1 81 15
13 10 57 10
81 12 81 31
54 26 71 31
27 12 81 26
19 8 41 21
29 15 54 15
16 3 81 5
20 3 25 14
54 18 66 33
71 15 75 16
17 17 27 34
40 28 51 29
49 5 52 18
61 14 81 21
66 23 83 24
62 8 67 26
75 23 81 24
49 33 70 33
26 10 32 31
4 24 11 24
36 23 53 34
42 12 74 13
79 28 81 29
20 10 25 18
70 10 70 12
27 27 32 27
62 34 76 34
56 10 59 29
23 11 68 26
32 33 57 34
42 11 77 14
52 27 63 33
14 13 71 13
50 19 52 28
47 24 55 26
61 13 67 18
1 2 5 18
35 29 45 30
73 16 82 31
36 21 73 26
52 21 74 29
44 15 50 19
32 16 37 27
17 30 30 34
21 34 29 34
26 20 68 30
53 33 60 33
79 17 82 22
23 31 53 31
73 22 77 33
77 12 78 30
68 19 69 31
71 13 71 23
4 6 60 6
17 34 53 34
64 17 70 18
7 11 45 33
60 4 73 27
7 33 80 33
82 24 82 24
12 24 12 33
41 14 61 14
19 12 36 12
7 14 31 17
59 21 80 26
31 13 69 24
67 20 79 29
78 12 81 25
34 34 61 34
46 14 80 14
17 2 59 18
45 32 59 33
35 15 42 32
10 15 44 30
36 7 65 18
78 30 82 34
62 7 83 12
71 8 75 29
33 2 67 5
8 15 77 24
64 2 83 15
74 30 83 30
68 16 79 17
58 20 68 20
1 15 12 28
8 9 10 33
33 15 64 25
58 1 62 13
21 13 25 27
69 2 79 17
3 20 28 26
70 6 82 30
21 2 60 3
76 30 79 31
38 33 68 33
19 32 48 34
83 34 83 34
51 30 83 30
10 34 83 34
18 15 62 24
42 2 78 11
53 9 77 14
14 16 54 27
6 8 63 26
20 18 30 24
12 31 38 33
71 12 79 33
78 16 79 18
3 17 11 20
37 5 60 19
37 28 65 28
45 34 61 34
3 30 25 30
29 19 59 20
47 28 60 33
15 29 80 30
78 26 81 29
55 28 67 29
50 5 78 22
76 30 82 31
50 20 54 33
26 32 30 33
66 13 67 23
47 12 55 16
25 15 53 15
16 18 25 18
80 29 83 31
15 31 76 32
79 30 79 33
53 29 67 31
64 34 82 34
50 22 70 26
39 2 67 30
52 14 76 21
39 3 45 10
52 21 81 22
43 27 61 32
33 28 65 29
83 23 83 29
69 8 71 33
32 26 38 29
76 33 78 34
44 29 62 34
56 24 74 27
22 7 45 11
1 30 12 31
40 2 53 15
25 20 32 27
81 12 83 24
80 19 81 21
25 7 29 8
54 34 58 34
22 16 54 33
46 8 72 30
52 10 81 24
68 2 73 11
80 12 80 25
3 18 9 34
52 2 54 13
19 1 37 13
11 16 77 27
13 12 72 33
28 27 65 32
78 1 81 14
58 4 59 12
3 12 42 21
31 7 62 30
35 33 72 33
66 13 70 31
46 34 76 34
76 7 78 9
38 10 67 29
83 31 83 31
55 3 57 17
4 8 47 25
83 29 83 34
7 13 39 33
62 9 74 32
4 34 62 34
75 9 83 24
75 32 81 33
47 5 80 34
46 12 53 24
4 29 26 32
5 5 5 18
40 17 82 29
30 12 53 19
44 20 67 21
3 1 54 33
33 3 63 32
68 2 72 26
56 4 65 4
67 9 70 30
3 8 41 16
74 5 83 21
71 16 73 27
44 20 73 22
25 11 53 21
19 2 61 8
79 29 80 33
68 20 74 33
49 32 72 33
3 4 23 6
37 10 81 27
30 10 59 22
83 17 83 20
7 30 43 33
4 18 72 33
18 7 77 32
16 33 25 33
43 10 75 14
39 18 67 26
13 12 37 25
2 12 16 32
47 10 63 11
52 11 64 21
15 18 25 24
39 1 67 28
62 1 78 13
6 6 70 32
78 20 79 30
45 7 49 26
24 29 71 33
31 6 57 11
80 13 81 21
63 21 69 25
58 21 74 26
16 23 76 32
33 20 73 26
47 10 50 28
70 18 82 22
1 20 61 34
67 15 70 17
43 4 77 33
70 11 72 13
53 14 78 19
30 15 76 15
22 32 70 34
40 15 64 31
42 4 75 31
74 28 76 33
15 16 79 19
55 32 68 33
23 33 39 34
32 28 56 28
63 29 76 30
12 7 37 12
38 4 42 15
42 20 48 33
2 5 14 19
4 26 60 34
17 20 61 21
35 25 76 32
69 21 73 29
63 10 75 25
17 25 81 30
53 9 79 10
76 32 82 33
69 21 71 23
76 16 83 25
42 11 48 29
4 13 18 18
76 16 83 31
67 18 82 33
48 25 75 32
66 9 75 9
68 22 79 33
60 34 71 34
36 14 60 25
20 20 65 25
24 29 81 32
45 21 80 23
81 8 81 13
27 11 35 31
77 23 81 32
6 14 80 14
1 26 37 34
77 6 77 17
54 13 77 29
67 20 82 28
1 15 81 31
50 27 72 34
61 9 61 9
9 26 43 28
24 16 62 19
20 31 59 32
34 14 57 29
70 29 70 33
50 12 61 20
24 31 78 34
32 33 82 34
20 7 83 12
16 31 47 34
5 9 59 12
58 5 75 24
14 31 68 31
22 26 51 30
13 7 18 14
39 11 47 33
23 4 44 33
59 13 64 27
68 26 69 27
47 32 70 32
11 5 21 17
63 2 66 20
7 20 81 32
9 17 45 29
65 5 72 18
59 16 67 30
6 20 55 32
31 7 83 11
21 7 29 33
53 30 60 32
68 2 75 13
81 16 81 25
33 14 56 31
74 7 77 24
55 32 71 33
29 17 81 32
38 12 47 14
44 26 62 30
18 27 55 28
1 1 74 21
64 6 82 15
76 13 79 14
43 16 62 32
32 3 39 27
43 13 68 17
51 20 57 25
30 5 81 12
62 6 79 28
47 4 67 13
31 13 45 24
81 28 81 32
23 9 42 17
52 14 52 28
68 21 75 27
31 8 74 15
69 15 75 22
37 20 82 25
4 12 16 14
30 27 77 27
51 16 80 33
11 25 23 27
41 16 59 29
63 34 72 34
22 25 33 29
73 32 81 34
76 13 83 22
64 18 80 25
16 34 58 34
36 32 80 34
62 19 73 28
3 34 23 34
44 23 81 30
42 19 65 29
54 13 82 31
38 21 59 29
73 33 77 33
63 18 68 21
50 3 79 16
68 29 71 31
13 3 36 13
30 8 78 13
60 6 78 21
43 3 57 25
23 9 35 21
71 20 72 26
66 13 76 18
37 33 60 34
3 25 46 31
10 23 59 24
38 11 80 21
79 20 80 25
52 20 52 34
46 22 46 32
13 3 46 10
37 22 82 23
38 28 39 30
34 16 42 25
26 8 76 20
80 10 83 28
77 24 79 29
10 9 63 18
53 21 56 28
23 15 66 20
77 29 83 33
39 10 71 17
3 25 17 34
34 26 59 30
75 24 77 31
24 20 80 20
57 18 81 27
5 2 22 23
34 6 66 16
24 8 32 16
27 1 37 28
34 7 57 12
47 14 61 22
38 7 42 19
15 14 17 26
50 14 54 23
63 13 63 18
54 10 74 34
50 17 67 26
29 20 55 28
17 20 67 28
42 30 46 34
19 19 79 26
9 26 24 31
63 27 78 28
13 20 13 21
19 33 39 33
2 26 9 26
60 33 68 33
58 3 66 28
60 29 83 31
30 2 40 16
57 34 62 34
16 1 60 7
60 7 62 15
56 6 76 11
55 14 82 15
22 19 74 29
4 2 83 31
10 28 16 29
79 17 79 29
64 6 77 13
36 4 67 31
18 9 40 24
83 25 83 32
25 1 29 23
9 30 53 31
31 25 32 28
2 15 23 32
32 9 69 10
7 21 9 27
22 7 38 32
52 3 52 9
79 15 80 15
28 20 78 29
54 5 81 18
77 27 80 30
61 24 70 24
65 6 81 15
58 11 78 27
18 27 49 34
42 24 73 26
70 14 72 25
4 15 73 16
22 10 83 24
4 10 4 31
73 29 80 32
28 9 36 32
24 33 46 33
3 3 51 34
23 21 80 23
68 12 76 26
6 19 24 29
29 22 38 29
18 29 22 34
69 27 83 27
67 19 79 30
2 24 49 27
53 4 61 16
39 11 73 18
52 23 54 25
12 12 19 33
2 13 16 13
69 18 82 18
50 3 63 18
64 15 71 22
15 15 22 21
4 19 45 19
16 18 64 27
57 10 70 23
12 27 77 33
15 9 65 10
63 18 78 19
4 26 19 27
16 28 25 33
36 29 77 33
36 8 78 19
63 17 65 31
39 33 75 34
57 34 60 34
59 25 65 26
57 26 80 32
10 6 79 17
83 32 83 34
22 4 53 11
27 22 70 24
26 30 48 33
23 2 60 22
4 18 66 24
41 20 70 31
56 33 60 34
53 32 72 34
61 23 79 26
42 19 54 24
28 27 68 34
26 23 37 25
11 12 69 26
48 12 65 28
5 3 12 33
51 11 67 19
59 17 70 26
40 22 67 23
74 12 82 22
52 27 61 33
53 11 56 34
26 19 32 26
21 18 52 33
10 4 26 33
22 32 75 34
36 8 70 25
9 34 13 34
6 11 33 32
26 31 70 32
65 22 76 30
19 8 59 12
42 3 60 17
46 9 75 19
62 20 76 22
17 1 71 5
36 16 54 28
9 32 62 32
38 5 41 12
17 27 75 27
15 13 20 32
16 6 73 10
18 28 18 32
26 21 83 27
33 33 34 33
56 16 73 23
68 18 71 18
3 18 59 23
14 15 70 28
71 28 77 31
55 28 72 34
7 31 20 33
47 27 64 27
81 19 82 29
55 13 68 30
77 5 77 26
39 3 58 25
4 32 73 32
71 11 82 33
60 14 60 18
52 21 83 21
49 28 66 29
43 1 79 3
5 27 54 30
20 17 52 30
16 30 41 30
50 28 58 31
52 2 61 21
39 20 71 34
18 5 24 8
6 11 56 27
34 33 53 34
67 10 70 30
62 18 68 30
77 1 78 22
45 31 62 32
10 6 44 13
8 22 31 34
6 13 11 17
33 9 76 26
8 26 20 27
39 13 71 24
4 28 40 30
3 14 7 15
35 10 42 34
83 2 83 29
45 30 49 33
81 15 83 33
55 6 75 11
75 14 78 19
70 10 83 13
68 8 75 8
75 24 77 29
73 2 83 23
32 23 60 32
15 27 28 27
3 17 25 25
17 15 25 21
2 14 63 31
13 26 35 26
73 26 75 30
70 20 73 23
72 34 79 34
81 8 83 10
43 16 51 18
38 20 53 30
55 8 66 10
46 33 48 33
55 25 58 28
46 17 65 30
24 27 59 28
58 19 68 28
67 34 71 34
54 6 57 6
64 6 78 9
81 30 83 30
30 16 33 18
30 9 61 28
80 22 83 30
30 25 78 29
48 20 49 23
22 12 79 28
29 29 81 33
40 10 67 15
65 31 76 31
31 20 50 25
72 22 83 24
33 12 78 22
36 11 41 18
44 10 78 27
36 8 79 23
53 29 63 33
50 29 52 30
82 24 82 29
3 32 24 32
60 8 81 24
77 3 80 17
70 12 70 31
49 27 65 33
9 14 54 19
19 32 64 33
6 33 48 33
51 28 74 33
54 6 68 6
48 18 68 18
45 9 51 10
13 18 78 21
74 23 76 26
78 22 80 25
48 31 55 32
43 15 77 29
28 26 33 26
77 13 83 32
66 26 75 29
51 26 61 34
27 12 43 32
31 18 34 27
29 33 46 33
35 14 82 28
5 15 20 15
18 14 73 24
77 19 82 24
56 22 60 23
38 34 55 34
57 7 58 31
5 27 7 29
39 19 79 32
4 15 82 30
69 16 76 32
58 32 58 34
20 14 31 25
81 28 83 30
76 14 79 27
40 24 76 26
57 14 72 34
13 34 55 34
55 10 63 13
35 26 44 31
32 6 35 32
39 32 45 33
47 10 66 12
9 12 13 26
68 23 81 32
30 24 80 26
60 8 68 15
54 29 66 33
24 27 68 33
62 30 64 30
11 4 22 15
56 1 57 29
38 25 67 30
68 3 83 12
50 30 77 32
38 30 56 33
72 26 80 30
76 11 79 26
28 9 45 10
73 16 76 23
30 27 70 33
63 29 81 33
54 15 73 17
60 8 67 31
10 21 77 21
7 28 53 31
66 3 81 23
43 10 50 12
24 27 57 32
5 27 56 27
32 21 57 34
62 12 80 20
60 8 74 15
65 9 67 18
53 31 69 33
55 14 78 29
9 18 27 31
3 21 70 31
66 33 67 34
30 13 77 18
52 12 63 25
2 2 9 4
71 11 77 26
35 18 66 33
54 3 55 22
42 24 53 25
6 14 71 33
25 28 56 29
80 26 80 28
65 14 70 18
19 7 76 18
35 12 40 24
47 28 51 34
49 3 59 15
53 15 83 32
53 34 75 34
28 24 78 30
79 30 79 33
6 18 53 28
68 14 72 24
17 19 67 22
33 4 43 22
48 11 67 33
28 13 30 26
59 28 64 31
65 32 71 33
83 15 83 27
6 25 24 26
29 34 52 34
55 23 71 24
43 21 73 34
11 15 48 17
58 31 74 33
43 9 70 25
16 22 17 24
31 22 50 26
43 6 51 29
1 25 81 28
21 28 52 33
35 23 40 28
48 18 49 22
26 5 78 18
64 26 75 31
50 23 57 30
35 16 72 29
49 26 76 33
82 16 83 23
40 32 42 32
39 29 66 29
9 4 20 14
25 23 73 23
74 11 75 27
28 32 49 32
60 20 63 23
37 33 40 34
24 28 60 32
73 20 82 21
12 25 40 25
55 21 55 32
72 20 79 28
33 17 59 33
34 11 45 33
50 24 75 25
7 23 33 28
52 10 66 13
68 5 76 32
83 33 83 33
27 4 61 17
55 22 67 26
58 27 65 34
82 19 83 24
37 14 80 24
41 24 70 33
73 16 80 16
34 26 79 31
32 17 69 25
53 27 54 30
79 4 82 25
12 11 34 20
52 12 55 13
75 30 81 34
49 18 79 19
62 17 76 20
44 15 55 28
24 12 54 14
5 11 34 30
11 17 51 23
75 7 78 8
43 32 62 33
62 30 77 33
79 21 82 29
26 2 49 33
48 33 57 34
24 12 44 19
55 31 61 32
80 15 83 27
33 15 79 29
14 21 28 26
16 9 24 13
32 19 48 27
62 9 73 16
44 12 59 30
47 5 54 25
40 31 51 32
58 28 72 33
69 23 72 34
