3 78 5406
.X........X.X..X.X......XXX..........................X............X..X........
..X....X......XXS.......X..........XXXX.......X.......X..X.X.X.XX....X.X....X.
..XXX.XX............X....X..X.X....X.......X........X..........X.......X..X...
1 53 3 60
1 10 2 52
3 11 3 14
1 24 3 40
2 40 3 63
3 61 3 69
2 69 2 73
1 57 3 59
3 77 3 78
2 28 3 74
2 30 3 64
1 5 3 66
3 42 3 60
2 55 2 74
3 28 3 39
2 31 2 33
2 8 3 57
2 7 2 17
1 66 3 73
1 5 2 10
1 61 2 66
1 36 1 37
1 12 2 69
3 11 3 13
1 51 1 75
3 4 3 21
3 36 3 72
2 48 2 67
2 54 3 59
3 8 3 31
2 55 3 63
2 60 2 65
2 57 3 77
1 30 2 32
3 11 3 31
1 59 2 64
1 53 1 70
1 10 3 13
1 71 1 71
2 17 2 48
3 36 3 72
3 73 3 73
3 25 3 74
3 19 3 57
3 36 3 61
3 1 3 56
1 11 3 53
2 6 3 69
3 35 3 68
2 43 2 70
2 42 2 57
2 72 3 73
1 74 1 75
2 39 3 45
3 24 3 44
1 65 2 66
3 68 3 68
3 77 3 78
1 35 3 47
1 3 3 55
1 12 2 63
3 54 3 60
3 76 3 77
1 45 3 48
2 11 3 15
1 38 1 40
3 68 3 73
3 16 3 51
2 20 3 72
2 20 2 36
1 24 3 35
1 38 3 77
2 16 3 61
2 20 3 46
1 7 1 28
1 29 2 47
3 48 3 55
2 48 3 60
1 54 3 78
1 25 1 45
1 21 2 59
3 73 3 77
1 76 3 77
1 12 1 52
1 39 2 68
3 23 3 49
3 32 3 71
3 55 3 55
3 54 3 55
1 26 2 32
3 13 3 49
2 5 3 64
2 49 3 61
2 59 2 74
2 31 3 56
3 32 3 78
2 44 2 50
1 64 1 75
1 42 1 54
1 16 3 53
1 29 1 33
2 33 3 43
2 70 3 74
3 24 3 73
2 23 3 64
2 3 2 37
3 50 3 68
1 70 2 73
3 68 3 73
2 14 3 39
1 63 3 74
2 6 2 63
2 36 3 76
2 11 2 21
1 25 1 29
3 35 3 76
2 66 3 66
2 26 2 42
1 78 2 78
1 29 3 34
1 9 2 23
3 73 3 73
1 78 2 78
2 37 3 78
3 73 3 74
1 29 3 67
1 30 3 63
1 73 2 76
3 56 3 64
3 6 3 24
3 62 3 64
3 11 3 19
1 16 3 60
2 39 3 44
1 10 2 74
3 46 3 55
3 4 3 65
1 20 2 24
3 25 3 68
2 38 2 77
1 16 2 42
3 29 3 37
1 24 2 52
1 19 2 41
3 14 3 20
3 9 3 72
3 49 3 74
3 40 3 55
3 67 3 68
3 52 3 60
1 16 3 58
3 34 3 39
1 73 2 78
2 20 3 58
1 67 2 78
1 21 1 49
3 39 3 67
1 24 1 67
2 34 2 34
3 43 3 44
2 13 3 32
3 38 3 50
2 71 3 75
2 64 2 76
1 47 1 57
2 62 2 63
1 76 1 76
2 42 3 54
2 40 2 67
3 11 3 70
3 17 3 34
2 44 3 48
1 26 1 35
3 37 3 54
3 58 3 63
2 57 2 61
1 22 3 40
2 69 3 71
2 35 3 37
3 11 3 69
1 62 1 64
1 7 2 45
2 31 3 74
2 70 2 72
2 62 2 68
1 77 1 78
2 67 2 78
3 74 3 75
2 61 3 68
3 6 3 66
3 39 3 75
3 68 3 76
1 27 1 62
2 68 3 71
1 47 2 52
1 49 2 65
2 54 3 62
3 16 3 22
3 70 3 71
2 10 3 26
2 3 2 64
3 78 3 78
3 12 3 69
2 50 3 75
2 18 3 53
2 12 3 21
3 35 3 60
3 70 3 71
3 77 3 78
2 29 3 31
3 16 3 48
3 77 3 77
1 77 3 77
3 75 3 76
1 21 3 71
2 32 2 57
1 19 3 59
1 68 2 69
3 68 3 77
3 8 3 62
3 65 3 69
3 51 3 58
1 70 2 77
1 69 3 70
1 15 1 60
2 78 3 78
1 5 3 66
1 21 2 77
3 23 3 37
2 35 3 54
2 44 2 72
3 69 3 78
1 7 2 35
1 33 3 41
1 77 2 78
1 45 1 77
2 73 2 73
1 64 2 64
2 10 3 31
1 19 3 35
2 19 3 46
1 53 3 66
1 26 1 38
1 34 2 76
3 8 3 45
1 18 3 35
1 27 2 56
1 64 1 64
2 35 3 36
1 45 3 48
3 3 3 26
1 40 3 64
2 31 3 65
1 65 2 70
2 7 2 76
1 34 1 53
2 30 3 35
2 72 3 75
2 54 3 58
3 26 3 72
3 11 3 30
1 17 2 36
1 64 1 68
1 75 2 77
1 62 2 65
3 26 3 38
2 69 2 78
1 73 2 76
2 27 3 62
1 21 2 54
2 29 3 43
3 44 3 60
3 23 3 54
3 45 3 73
3 28 3 74
3 69 3 76
2 32 3 58
1 74 1 78
1 29 3 40
2 17 2 71
2 20 3 43
3 28 3 29
2 67 3 78
1 29 3 38
1 59 1 64
2 32 2 52
3 12 3 31
1 43 2 44
3 18 3 26
2 56 3 62
2 68 2 72
3 3 3 56
2 78 2 78
3 64 3 76
3 13 3 48
2 51 2 70
1 39 3 44
1 65 2 69
3 8 3 9
2 45 2 50
3 27 3 43
2 11 2 75
1 42 2 76
2 60 3 61
1 2 3 15
2 25 3 41
2 45 2 74
2 72 2 78
2 5 3 51
1 23 1 36
2 7 3 55
3 19 3 56
3 6 3 68
2 77 2 77
3 64 3 67
3 63 3 71
1 13 2 45
1 4 1 75
2 49 3 59
1 57 3 74
3 37 3 45
1 76 1 77
2 64 2 71
2 3 3 51
1 17 1 46
1 48 1 52
3 71 3 74
2 71 2 75
2 45 2 67
3 52 3 71
2 5 2 74
2 71 2 78
2 51 3 76
1 18 1 23
2 45 3 48
3 53 3 58
1 26 2 72
2 37 3 60
1 47 2 55
2 14 3 60
2 76 3 77
1 35 2 36
3 35 3 69
2 19 3 63
2 61 2 62
2 30 3 78
1 78 3 78
2 23 3 65
2 53 2 76
3 17 3 39
1 78 2 78
3 22 3 24
3 39 3 50
1 78 1 78
3 61 3 78
3 22 3 33
2 16 2 74
3 47 3 73
2 59 3 77
2 26 2 73
1 70 2 71
3 15 3 20
3 51 3 54
1 76 1 78
2 17 2 51
2 40 3 69
3 63 3 78
1 52 3 73
1 71 2 73
2 19 3 59
3 23 3 62
3 65 3 70
3 69 3 78
2 14 2 76
2 17 2 60
1 41 2 56
1 68 2 71
3 59 3 70
2 63 2 70
3 51 3 55
1 74 2 78
1 19 3 74
2 34 3 40
3 43 3 48
2 65 3 72
2 40 3 49
1 47 2 77
3 55 3 60
1 59 1 62
3 18 3 34
3 71 3 77
3 18 3 18
1 12 3 72
2 8 2 21
3 18 3 27
2 8 3 58
1 41 3 57
1 21 3 60
3 36 3 72
2 9 2 10
1 35 1 44
1 71 3 73
3 2 3 60
1 8 3 49
3 52 3 57
2 8 3 49
2 28 3 32
3 13 3 24
1 16 2 18
2 10 2 71
1 64 1 72
1 24 2 55
2 78 2 78
3 31 3 67
3 11 3 12
3 2 3 31
3 46 3 47
3 14 3 41
3 13 3 52
2 48 3 74
2 48 2 59
1 24 3 32
3 13 3 50
2 42 3 65
3 55 3 63
2 73 3 75
3 31 3 38
3 26 3 60
3 43 3 72
2 45 2 66
2 45 2 65
1 1 3 26
3 47 3 60
3 55 3 58
1 66 2 74
1 23 3 45
2 73 3 76
1 23 3 43
1 76 1 77
3 24 3 36
3 75 3 76
3 25 3 34
1 64 3 70
3 26 3 40
1 68 2 68
3 68 3 72
3 56 3 71
2 4 2 42
2 76 2 76
2 24 2 46
2 2 3 56
1 28 2 35
3 49 3 65
1 61 1 69
3 59 3 75
1 40 3 65
2 2 2 47
2 64 2 67
1 45 1 60
2 77 3 78
2 31 3 45
3 4 3 48
2 72 2 72
2 18 3 32
1 44 3 49
1 5 1 33
3 29 3 63
2 15 2 74
1 58 2 67
1 59 3 75
1 54 3 56
2 8 3 29
3 39 3 41
2 40 2 64
3 63 3 74
2 12 2 62
3 62 3 75
1 64 3 74
3 65 3 65
3 35 3 37
2 35 3 77
3 68 3 74
1 40 3 53
1 33 3 64
1 54 3 77
2 15 3 41
1 11 2 39
3 27 3 69
2 50 2 71
2 35 3 45
1 62 3 71
3 23 3 32
3 7 3 46
3 26 3 50
1 17 2 52
2 17 2 20
3 2 3 52
3 73 3 77
3 31 3 66
3 66 3 73
1 19 1 53
3 64 3 66
1 36 3 77
3 12 3 50
3 24 3 52
3 67 3 75
3 4 3 19
2 38 2 47
2 48 3 63
3 69 3 69
2 44 2 59
2 36 2 56
3 21 3 67
3 14 3 53
1 3 3 17
3 44 3 56
1 27 2 43
3 28 3 52
1 14 2 29
1 47 2 54
2 73 3 73
2 60 2 67
2 46 2 76
2 1 2 47
2 37 3 65
2 53 3 55
2 18 2 46
2 22 3 33
3 25 3 63
2 5 3 50
2 61 2 73
2 1 3 77
3 54 3 64
2 22 3 43
2 6 3 7
1 8 2 30
1 49 2 74
1 12 1 57
2 36 2 73
3 73 3 74
3 26 3 32
1 21 3 76
2 15 2 38
2 49 3 55
1 5 3 71
2 40 2 64
3 11 3 14
1 67 3 77
2 6 2 18
1 42 1 59
3 24 3 27
1 67 2 75
1 15 3 26
2 33 3 38
2 29 3 39
3 75 3 75
3 40 3 52
2 45 2 54
1 55 3 69
2 49 2 66
3 25 3 75
1 5 1 13
1 22 3 74
2 1 2 28
2 74 2 74
3 3 3 43
3 18 3 75
1 29 3 49
1 73 2 77
1 7 1 68
3 7 3 10
1 1 3 66
2 64 2 68
3 44 3 50
3 44 3 69
2 69 3 69
1 70 1 70
2 74 2 77
1 75 3 75
3 37 3 76
3 4 3 76
1 35 1 74
1 34 3 75
2 63 2 68
1 76 1 77
3 20 3 44
1 10 3 65
1 48 1 77
3 10 3 48
1 12 2 68
3 51 3 69
3 45 3 52
2 69 3 71
2 61 3 75
1 2 1 28
3 74 3 76
3 71 3 71
1 45 1 70
2 28 2 45
2 65 2 66
2 28 3 74
2 48 2 48
3 76 3 76
2 51 3 62
1 66 3 66
2 78 3 78
2 2 2 18
1 74 3 74
1 76 2 77
2 68 2 78
2 46 2 64
1 54 3 55
2 77 2 78
2 5 2 72
1 28 1 55
3 75 3 77
3 17 3 62
1 73 3 73
2 26 3 49
1 22 3 48
1 32 3 52
2 20 3 65
1 62 1 78
1 70 3 70
1 72 3 75
2 5 3 58
2 62 2 65
2 27 3 37
1 42 1 48
1 68 3 68
1 15 2 74
3 27 3 55
3 46 3 72
1 39 3 68
3 76 3 77
1 16 3 21
3 74 3 74
2 9 3 26
2 49 2 51
1 31 3 41
1 65 3 78
1 44 2 52
1 16 3 70
1 33 3 41
1 50 1 51
2 30 2 47
2 62 3 76
3 42 3 56
1 23 2 34
1 60 2 76
1 37 3 73
1 48 1 62
2 54 2 66
2 75 3 78
1 27 1 42
2 39 2 51
2 56 2 71
1 48 2 51
3 65 3 75
3 26 3 76
3 19 3 32
1 68 3 70
3 67 3 75
2 53 3 58
1 55 3 73
3 10 3 16
3 23 3 54
3 18 3 60
1 54 3 75
2 7 2 33
3 40 3 44
2 6 2 77
3 77 3 77
1 70 3 72
2 78 2 78
2 67 3 71
1 49 2 62
1 40 2 53
2 18 2 30
2 54 2 65
3 42 3 68
1 33 3 71
1 6 1 33
1 24 1 45
3 72 3 74
2 45 3 71
2 56 3 64
1 74 3 74
2 11 3 30
1 20 2 42
1 37 3 62
1 4 1 20
2 28 2 35
3 53 3 60
3 15 3 49
3 24 3 76
3 8 3 48
3 19 3 29
3 78 3 78
1 62 1 73
3 43 3 58
1 20 2 78
3 51 3 74
2 65 3 77
1 51 3 65
3 20 3 42
3 69 3 69
1 70 3 73
3 10 3 27
2 41 3 41
3 42 3 65
3 48 3 71
1 14 1 53
3 74 3 78
3 76 3 76
3 37 3 37
3 14 3 39
3 62 3 78
3 69 3 69
3 62 3 67
2 49 2 53
2 50 3 54
1 69 2 71
2 35 3 35
1 1 3 16
1 47 1 62
2 21 3 22
1 44 3 53
1 8 1 51
3 10 3 41
2 24 2 70
3 56 3 60
1 5 3 5
2 28 3 75
3 72 3 77
3 67 3 69
2 78 3 78
2 72 2 77
3 5 3 68
3 39 3 40
2 3 3 41
3 37 3 41
3 39 3 55
1 42 3 55
3 75 3 78
3 59 3 76
1 39 2 45
3 45 3 74
3 52 3 63
1 42 1 44
3 54 3 58
2 43 2 65
1 73 2 77
3 28 3 28
1 12 1 32
3 20 3 50
1 16 1 25
1 6 3 71
3 35 3 68
3 62 3 71
1 57 2 75
1 59 1 78
3 13 3 26
2 49 3 53
3 9 3 66
2 9 3 18
3 33 3 57
2 14 2 55
3 30 3 58
2 52 2 78
3 45 3 65
2 64 3 72
1 22 1 32
1 24 1 56
2 55 2 78
2 65 3 66
1 38 2 70
3 78 3 78
2 34 3 64
3 5 3 16
1 38 3 54
3 23 3 46
1 49 2 78
1 6 1 65
3 24 3 31
1 6 1 65
3 36 3 39
3 9 3 46
1 23 1 41
1 48 2 67
2 23 3 65
1 54 1 55
2 75 2 76
2 4 2 57
1 39 2 62
1 67 2 67
3 55 3 67
1 33 2 35
2 54 3 72
1 33 1 49
1 11 3 58
1 48 2 51
2 78 2 78
1 72 3 74
2 65 3 71
1 30 1 54
3 3 3 21
2 39 3 44
1 42 2 78
2 27 3 49
2 28 3 69
3 72 3 74
3 54 3 62
1 61 1 78
2 55 2 72
3 59 3 61
3 50 3 59
1 6 1 71
3 48 3 63
3 75 3 76
1 16 1 32
3 75 3 77
3 21 3 29
3 56 3 61
3 18 3 50
3 69 3 78
3 62 3 73
2 65 3 77
3 61 3 76
1 16 2 71
3 2 3 65
3 48 3 73
3 45 3 54
1 78 3 78
2 44 3 57
1 49 2 50
3 26 3 32
1 19 3 77
2 73 2 73
1 57 2 77
2 53 3 62
3 50 3 59
3 11 3 39
2 36 3 44
3 71 3 75
3 43 3 47
2 58 2 59
2 23 3 67
1 77 1 78
1 30 3 72
3 37 3 43
3 2 3 62
3 59 3 77
2 48 2 55
3 8 3 56
3 33 3 73
1 25 3 65
3 74 3 77
1 57 2 65
3 15 3 26
3 65 3 66
3 54 3 58
1 49 1 59
3 44 3 65
3 51 3 54
1 12 3 24
2 68 2 75
3 10 3 28
3 8 3 59
3 61 3 67
2 45 3 54
2 73 3 74
2 45 3 75
3 77 3 77
2 72 2 76
2 22 3 78
1 5 2 53
1 40 3 45
3 39 3 69
2 60 2 71
2 37 2 54
1 24 3 53
2 11 2 46
2 21 3 22
3 57 3 69
2 18 3 56
1 42 1 50
1 35 2 40
3 65 3 66
1 51 2 75
1 45 3 73
1 32 2 50
2 53 2 73
1 31 1 31
2 76 2 77
1 47 3 74
1 2 2 32
3 50 3 66
1 27 1 73
1 3 1 29
3 35 3 38
1 2 3 31
3 57 3 76
2 28 2 71
1 56 1 70
1 46 1 61
2 2 2 52
1 4 1 69
1 63 1 74
3 48 3 76
2 12 2 39
1 67 3 67
3 53 3 54
2 78 2 78
3 23 3 57
1 69 1 72
1 22 2 43
3 33 3 59
3 10 3 72
2 31 2 67
2 68 3 69
3 60 3 75
3 52 3 72
3 30 3 57
1 37 2 78
3 65 3 74
3 75 3 76
2 54 2 65
2 34 3 67
2 34 2 75
2 5 3 68
3 59 3 76
2 14 3 60
3 62 3 70
3 9 3 23
1 68 2 70
2 17 2 33
1 13 1 74
2 45 3 73
2 31 2 38
3 71 3 75
2 67 3 76
1 15 1 66
2 30 3 54
1 62 1 73
2 26 2 75
1 74 3 74
2 52 2 71
1 23 1 48
3 67 3 77
3 58 3 69
1 37 1 52
2 75 2 75
3 11 3 24
1 51 3 65
2 68 3 73
3 57 3 73
3 58 3 66
1 44 3 62
1 59 2 78
3 54 3 55
1 24 3 57
2 26 2 52
1 26 1 78
3 61 3 62
3 73 3 74
2 68 3 75
3 54 3 55
1 29 2 59
3 12 3 28
3 30 3 73
2 73 2 75
1 21 3 48
3 43 3 63
1 6 2 72
3 19 3 47
3 58 3 58
1 54 3 57
2 2 2 68
3 59 3 67
1 64 1 77
1 56 3 60
2 18 2 28
2 78 3 78
2 31 2 52
2 32 2 50
2 65 3 77
2 25 3 59
1 28 3 67
2 50 2 69
2 77 2 78
1 73 1 76
2 69 2 72
1 76 2 78
1 26 1 70
3 49 3 59
1 42 1 64
2 45 2 50
2 72 2 76
2 56 2 75
1 70 2 77
1 7 2 67
2 8 3 47
2 1 3 17
2 53 2 68
2 72 2 74
1 73 3 75
1 11 3 65
1 33 2 53
3 60 3 72
1 39 1 49
2 50 2 57
3 35 3 36
2 54 3 66
3 32 3 54
3 54 3 75
1 22 3 22
3 11 3 28
2 40 3 45
1 21 1 70
3 44 3 65
1 61 1 78
1 60 3 74
3 68 3 75
1 39 3 62
2 56 2 76
3 70 3 78
1 64 3 65
1 77 1 77
1 74 3 76
3 4 3 37
3 40 3 41
3 45 3 59
2 58 3 78
1 25 3 49
2 71 3 72
3 7 3 7
3 56 3 64
2 45 3 56
2 38 2 38
1 5 3 29
2 60 2 75
1 69 3 70
3 54 3 66
2 12 3 48
2 39 2 48
2 42 2 69
1 68 1 75
3 54 3 66
2 54 3 60
2 45 3 65
3 13 3 34
1 74 3 76
2 3 3 23
3 32 3 38
1 55 1 58
2 56 3 65
2 56 2 76
3 25 3 39
2 6 3 61
2 56 3 71
3 28 3 39
2 10 2 22
3 51 3 60
3 49 3 49
3 77 3 77
2 59 2 69
1 32 1 55
1 49 2 72
3 75 3 75
3 22 3 72
3 7 3 46
3 45 3 66
2 14 2 37
1 57 1 77
1 11 3 17
2 43 3 48
3 63 3 72
3 43 3 66
1 46 2 46
1 51 2 66
2 67 2 77
3 21 3 59
1 7 3 37
3 58 3 60
3 34 3 35
2 29 3 54
1 32 3 38
3 66 3 71
1 28 2 67
3 51 3 66
2 33 2 63
3 65 3 69
3 55 3 63
2 72 2 78
2 27 3 45
2 70 2 75
1 18 3 73
2 30 2 42
2 60 2 67
1 71 1 77
3 59 3 70
2 43 3 49
1 68 2 71
2 40 2 45
2 4 2 47
1 12 3 13
3 22 3 67
1 30 1 60
2 38 3 74
1 53 1 74
2 69 3 73
2 40 2 47
2 8 3 33
3 74 3 75
1 60 2 71
3 2 3 45
1 54 3 56
1 6 3 46
3 35 3 66
2 18 2 65
2 52 3 77
1 51 2 55
3 16 3 17
3 30 3 40
2 61 2 73
1 56 1 67
3 25 3 30
2 2 3 57
3 11 3 12
3 37 3 59
3 30 3 35
2 15 2 78
1 32 3 56
1 70 1 73
1 4 3 29
3 52 3 60
1 24 1 40
2 48 3 65
2 73 2 78
1 55 3 65
3 54 3 70
2 69 2 69
2 65 2 72
3 56 3 73
2 77 2 78
2 13 2 69
3 42 3 66
3 58 3 65
2 23 2 38
3 37 3 51
2 53 2 66
1 31 2 61
3 34 3 74
1 22 3 48
3 58 3 77
2 43 2 63
3 52 3 62
2 48 2 72
1 13 3 41
2 67 3 70
1 14 1 38
1 51 3 67
2 34 2 37
1 72 2 72
3 44 3 52
2 23 2 53
2 53 3 70
2 17 2 45
3 40 3 52
1 24 2 28
1 31 3 35
3 41 3 49
3 21 3 49
1 45 2 45
1 57 3 78
1 13 2 52
3 54 3 64
2 77 2 77
3 70 3 72
3 28 3 36
2 27 3 27
1 32 3 39
3 42 3 71
3 17 3 27
3 42 3 51
3 48 3 58
1 13 3 35
2 21 2 66
2 64 2 72
1 23 3 27
3 66 3 66
1 60 3 66
2 43 2 53
1 78 3 78
2 55 2 74
2 56 2 73
1 35 1 74
3 30 3 59
1 4 3 41
3 77 3 77
1 56 1 73
1 57 2 77
1 46 1 54
2 50 3 59
2 15 2 63
2 49 2 74
2 65 2 75
3 33 3 69
1 39 3 58
1 52 1 66
2 8 3 47
2 74 3 77
2 77 3 77
3 71 3 74
3 49 3 58
1 34 3 66
3 54 3 72
1 6 1 23
2 68 3 72
1 16 2 21
1 63 3 63
1 45 2 78
3 76 3 76
2 74 2 76
1 56 1 57
3 5 3 71
3 19 3 74
3 20 3 69
2 35 3 65
1 75 3 78
2 53 2 74
3 53 3 55
1 18 3 51
3 55 3 58
2 61 3 72
2 55 3 67
3 18 3 68
3 39 3 58
3 35 3 62
3 66 3 70
1 50 3 53
2 50 3 56
2 47 3 69
1 68 1 78
2 26 2 68
3 52 3 76
1 64 2 77
1 48 1 56
3 46 3 78
1 63 2 63
2 25 3 50
2 59 2 72
1 62 1 64
3 39 3 54
3 8 3 39
1 37 1 78
3 44 3 78
1 23 2 28
1 39 2 70
3 70 3 74
3 18 3 35
2 77 2 77
3 75 3 78
2 76 3 77
3 58 3 59
3 25 3 27
3 44 3 77
2 36 3 57
3 44 3 77
3 39 3 47
3 62 3 63
1 15 1 39
2 18 2 33
2 39 3 61
3 5 3 15
1 30 1 37
3 2 3 71
3 74 3 76
3 50 3 66
2 46 3 69
3 8 3 71
3 45 3 76
1 69 2 70
2 76 2 78
3 6 3 54
1 73 3 75
1 62 2 66
3 45 3 70
1 41 3 46
3 66 3 73
2 4 3 31
2 58 3 70
2 70 2 70
3 6 3 62
3 22 3 57
3 24 3 67
2 68 2 70
2 76 2 77
3 66 3 72
1 53 2 60
2 43 2 63
1 58 3 68
2 68 3 74
2 47 3 55
2 69 3 73
1 62 1 66
1 19 2 64
3 35 3 54
3 73 3 74
1 31 1 33
2 69 2 77
2 1 2 78
1 10 2 62
1 41 2 61
1 16 2 38
2 17 2 22
1 73 2 74
2 43 2 49
3 43 3 45
3 68 3 68
2 2 2 57
1 1 1 2
3 52 3 71
2 56 2 63
2 55 2 62
1 59 2 76
1 67 3 74
1 39 2 60
2 4 2 10
2 22 3 41
1 75 3 78
2 66 3 71
3 41 3 71
1 34 2 56
1 62 3 71
2 2 3 41
2 20 2 42
3 50 3 63
1 33 2 34
3 65 3 76
2 19 3 71
1 62 3 62
3 10 3 75
3 49 3 67
2 76 3 78
1 26 1 26
1 53 1 65
1 64 3 65
3 11 3 62
1 23 2 64
2 31 2 62
2 27 2 70
1 37 2 66
1 61 3 68
1 42 3 58
3 6 3 65
2 43 3 77
1 40 2 55
3 46 3 51
2 51 3 52
2 32 2 63
3 44 3 62
3 70 3 76
1 33 3 64
1 4 1 32
3 32 3 35
3 34 3 34
1 40 2 43
1 19 2 74
2 5 2 35
1 76 2 78
1 27 3 61
1 42 1 77
2 53 2 78
2 35 2 59
1 66 3 74
1 62 3 67
1 62 3 66
3 60 3 67
2 71 2 77
2 72 3 75
2 17 2 78
1 15 3 19
3 55 3 69
1 52 1 57
3 60 3 70
1 30 1 63
3 60 3 69
1 4 3 63
1 3 2 21
3 67 3 78
3 13 3 37
3 46 3 47
3 45 3 73
1 42 2 68
3 22 3 63
1 78 3 78
3 52 3 68
1 23 2 41
2 73 2 77
3 8 3 66
1 44 3 66
3 52 3 66
2 63 3 76
1 64 3 66
3 32 3 72
3 57 3 69
3 34 3 60
3 44 3 68
2 69 3 78
2 76 3 76
3 38 3 60
2 22 3 37
3 16 3 43
1 17 3 64
1 4 2 42
3 5 3 75
1 57 1 64
2 71 3 75
1 8 2 58
1 16 1 30
2 70 3 77
2 27 3 77
1 38 2 78
1 48 1 50
2 29 3 58
1 51 3 67
1 25 2 41
3 75 3 78
2 52 2 55
3 69 3 78
3 8 3 37
2 41 3 49
1 16 3 66
1 34 1 54
1 63 3 75
1 31 3 77
3 17 3 67
1 10 2 72
3 62 3 68
2 32 3 71
1 69 1 69
2 43 2 53
1 67 2 73
2 39 2 60
2 74 2 76
2 27 3 33
1 8 1 45
3 48 3 63
2 29 2 66
3 61 3 75
2 7 3 78
1 1 2 75
1 39 3 58
3 36 3 41
2 20 3 53
3 34 3 77
2 18 2 68
1 26 2 72
1 32 2 56
1 23 3 54
3 66 3 72
1 67 1 71
3 32 3 65
1 2 1 12
1 61 2 67
1 27 1 52
2 49 2 63
2 3 3 30
3 70 3 72
2 73 2 73
1 35 3 78
2 29 3 63
1 75 3 78
3 74 3 76
3 33 3 51
3 43 3 45
2 60 2 74
2 72 3 74
2 39 3 53
3 39 3 68
3 60 3 69
1 65 1 71
2 47 2 52
1 15 1 32
1 61 3 74
1 67 3 77
2 56 3 76
1 4 1 64
1 14 3 47
3 1 3 19
3 42 3 53
2 24 3 35
2 60 3 65
2 31 2 54
1 27 3 31
1 57 1 71
1 24 2 71
1 71 2 74
3 59 3 62
2 38 3 72
1 34 3 78
3 12 3 38
2 25 3 66
2 33 3 68
3 78 3 78
2 56 3 67
2 44 2 49
3 30 3 54
2 58 3 70
3 26 3 30
1 60 3 63
1 14 3 24
1 2 2 12
3 65 3 68
3 13 3 71
3 36 3 47
3 8 3 40
3 72 3 74
1 33 2 58
1 46 3 62
2 54 3 74
1 41 3 49
3 3 3 71
2 46 2 61
3 57 3 61
1 4 1 78
3 69 3 76
1 52 2 59
3 34 3 65
3 57 3 61
3 45 3 55
1 60 2 65
3 39 3 46
1 37 3 41
3 40 3 49
3 5 3 71
3 70 3 73
1 63 2 73
3 17 3 46
3 8 3 43
3 46 3 48
2 12 2 35
3 38 3 64
3 21 3 40
1 35 2 54
3 36 3 62
1 3 1 6
3 22 3 59
3 77 3 77
2 44 2 72
2 7 3 34
3 54 3 55
3 53 3 62
2 76 2 78
3 76 3 77
2 1 2 35
2 65 3 74
1 6 2 51
3 8 3 37
2 47 3 72
2 29 2 39
3 7 3 65
3 63 3 64
2 45 2 60
1 34 2 58
2 9 2 37
1 28 3 50
1 73 3 73
1 14 2 19
3 28 3 69
2 12 2 25
2 23 2 35
3 70 3 70
2 14 2 46
1 1 3 63
1 34 1 56
2 40 3 63
2 4 2 44
3 19 3 19
3 57 3 74
2 40 2 75
2 25 3 39
3 6 3 69
2 22 3 33
3 39 3 59
3 27 3 38
1 75 2 76
3 11 3 57
1 63 3 66
2 42 2 48
3 61 3 70
3 62 3 68
2 34 3 73
1 30 2 57
3 34 3 78
2 73 3 77
1 73 3 73
3 12 3 77
2 42 3 45
2 9 3 40
2 17 3 26
1 59 3 66
2 11 3 78
3 63 3 77
1 12 3 51
2 13 2 61
3 51 3 51
2 75 3 77
2 6 3 24
1 28 3 52
1 1 2 76
3 57 3 77
1 39 3 56
3 38 3 63
1 70 1 78
3 42 3 60
3 5 3 6
2 28 3 65
1 40 1 41
3 64 3 66
3 63 3 67
2 70 3 70
2 11 3 58
2 35 3 41
1 14 1 42
3 38 3 55
1 74 3 78
2 74 3 75
3 66 3 75
1 5 2 32
2 55 3 63
2 71 3 73
1 15 1 67
3 49 3 69
2 20 3 36
2 40 3 70
3 47 3 71
2 61 2 70
1 42 1 47
1 44 2 56
1 69 1 70
3 7 3 57
2 11 3 42
2 37 3 66
1 66 1 73
1 9 3 63
3 6 3 42
3 48 3 64
3 20 3 32
1 10 2 72
1 3 3 52
2 71 2 73
3 21 3 75
3 52 3 72
3 76 3 78
3 50 3 55
1 7 1 76
2 6 3 64
2 52 2 57
3 16 3 26
1 53 2 68
2 26 3 60
2 15 2 56
1 25 2 41
2 37 3 70
2 58 3 77
2 41 3 49
3 14 3 31
3 19 3 43
2 43 2 73
3 35 3 53
1 7 1 26
1 70 1 75
1 75 1 76
1 75 1 75
2 8 3 14
1 45 3 53
2 5 2 75
2 73 3 75
2 26 3 48
3 4 3 35
2 73 2 76
1 34 3 53
3 65 3 67
1 77 1 78
1 13 2 61
3 6 3 14
1 77 1 77
1 16 2 20
3 68 3 77
1 56 1 58
3 11 3 24
1 24 3 39
3 40 3 65
2 64 3 68
3 75 3 76
3 44 3 71
2 45 3 60
3 78 3 78
2 71 2 74
1 41 3 72
3 3 3 34
2 13 2 60
3 32 3 64
2 46 2 53
1 5 2 56
1 61 3 70
1 66 3 73
1 51 2 65
3 12 3 36
1 1 1 56
2 76 3 77
3 20 3 57
2 64 3 70
2 59 2 69
1 50 3 76
2 43 3 71
1 55 3 76
1 61 2 66
1 8 3 14
3 28 3 62
2 27 2 69
1 22 1 76
3 45 3 53
1 52 2 60
1 73 3 76
3 62 3 65
3 45 3 45
2 2 2 31
3 68 3 78
3 15 3 51
2 25 3 30
2 71 3 74
2 64 3 73
2 50 3 73
2 71 2 78
1 77 2 78
2 51 2 59
1 70 2 72
3 47 3 71
2 20 3 76
2 15 3 29
3 30 3 33
2 74 3 75
1 35 3 37
2 54 2 78
3 24 3 42
1 46 3 76
2 56 2 59
3 41 3 75
1 62 3 63
1 37 2 44
2 45 2 70
2 55 2 63
3 8 3 13
3 38 3 77
1 33 3 37
1 28 2 39
1 36 2 42
3 71 3 71
1 42 3 75
2 32 3 54
1 32 1 42
1 44 1 76
2 33 2 39
3 6 3 29
2 8 3 64
3 46 3 49
1 68 1 69
1 4 1 60
1 58 2 58
2 67 3 73
1 77 2 78
1 4 2 77
1 6 3 71
2 48 3 53
3 47 3 72
1 75 1 78
3 62 3 65
2 33 2 42
2 62 3 69
1 67 3 78
3 34 3 42
2 70 3 73
1 27 2 60
2 13 2 50
2 24 2 67
1 56 3 68
3 56 3 77
2 65 2 68
2 59 2 67
2 35 2 38
1 53 3 75
1 11 3 54
1 74 3 76
3 44 3 66
3 49 3 65
3 26 3 53
3 25 3 46
1 7 1 67
3 48 3 74
1 50 2 62
3 52 3 67
3 66 3 73
3 46 3 69
3 37 3 44
1 46 1 49
3 48 3 62
2 3 3 31
1 44 2 75
1 1 3 27
1 27 1 40
3 32 3 54
3 34 3 35
2 67 3 75
1 53 2 65
1 28 1 55
3 40 3 42
1 24 1 47
2 25 2 25
3 29 3 34
1 25 1 48
3 61 3 61
2 11 2 77
1 43 1 52
1 74 2 78
3 19 3 48
1 49 2 61
2 55 3 56
1 30 2 69
2 24 2 61
3 54 3 55
1 35 3 48
2 54 2 66
3 4 3 42
3 8 3 30
1 29 1 31
1 7 3 8
2 11 2 23
3 54 3 71
2 2 2 47
2 77 2 77
1 42 3 75
3 70 3 72
2 52 2 77
3 26 3 66
1 39 2 63
1 8 3 8
3 13 3 74
2 72 3 76
1 50 3 74
2 5 2 54
1 4 3 77
2 70 2 78
3 8 3 44
2 33 2 35
3 69 3 77
3 17 3 35
2 46 3 64
1 65 1 75
3 56 3 72
3 16 3 27
2 22 3 43
3 51 3 76
2 32 2 35
3 10 3 22
2 6 3 48
2 1 2 6
3 62 3 78
1 2 3 20
2 41 2 45
2 12 3 77
3 76 3 76
3 1 3 8
3 35 3 48
1 60 1 65
3 74 3 78
2 12 2 62
2 32 2 49
3 21 3 69
2 55 2 64
3 12 3 74
3 60 3 64
2 72 3 73
2 57 3 63
3 51 3 72
1 18 3 63
3 13 3 24
1 26 1 50
1 7 1 29
3 17 3 40
3 48 3 49
1 14 2 44
3 53 3 62
1 77 3 78
1 74 3 75
3 48 3 76
2 69 3 75
3 66 3 66
3 17 3 77
2 77 2 78
1 7 3 16
3 78 3 78
2 60 3 74
2 71 3 76
1 54 1 55
3 16 3 74
2 35 2 64
1 44 2 64
2 42 2 60
3 55 3 61
2 52 3 63
2 60 2 78
1 60 2 62
1 13 2 45
3 50 3 52
1 73 1 74
1 34 1 43
2 56 3 68
2 9 2 11
3 48 3 61
3 6 3 21
3 48 3 67
2 56 2 64
2 42 2 54
2 49 2 61
1 57 3 77
2 27 2 64
2 15 3 18
3 67 3 69
3 36 3 37
1 16 1 60
2 37 2 52
1 46 1 68
2 14 3 15
3 68 3 78
2 3 2 31
1 23 2 41
1 63 1 72
2 27 3 31
3 60 3 60
1 55 3 69
2 3 3 29
1 5 2 70
3 33 3 38
1 63 1 76
1 13 2 35
2 45 2 70
1 38 1 66
1 15 1 28
2 77 3 78
3 77 3 77
2 19 3 64
2 73 3 77
2 21 3 59
1 35 3 49
1 34 2 52
2 77 2 77
3 44 3 70
1 56 2 75
1 21 1 30
1 11 2 48
1 62 2 65
3 68 3 71
1 76 3 78
2 78 3 78
3 58 3 76
1 34 1 35
3 63 3 70
1 36 2 42
2 28 3 44
2 26 2 26
3 29 3 63
1 59 1 61
1 24 2 30
3 30 3 75
1 59 1 72
2 59 2 70
3 59 3 66
2 51 2 75
2 27 2 37
2 27 3 44
1 41 2 77
3 77 3 78
3 15 3 57
1 51 1 69
2 60 3 78
3 71 3 75
1 66 2 71
1 25 3 52
1 7 1 72
1 37 1 49
1 50 1 64
3 71 3 72
1 74 1 78
3 29 3 31
2 31 2 69
2 25 2 68
3 77 3 78
2 28 3 60
2 64 3 64
1 70 1 73
2 23 3 40
3 54 3 54
3 19 3 77
3 53 3 68
3 38 3 66
1 61 3 73
2 32 3 70
3 33 3 59
3 1 3 59
2 76 3 77
3 46 3 64
3 46 3 76
3 57 3 75
1 25 3 27
2 75 2 78
1 72 1 77
2 11 2 41
3 74 3 76
3 26 3 59
3 16 3 21
3 15 3 27
1 42 1 43
2 37 2 47
2 20 2 64
1 12 1 47
3 31 3 32
1 6 1 38
3 14 3 41
3 19 3 65
3 72 3 77
2 2 2 50
3 45 3 65
1 50 3 54
3 63 3 71
1 67 1 74
1 41 2 73
3 65 3 70
1 10 2 12
1 47 3 60
3 29 3 33
1 69 1 74
2 14 3 68
2 67 2 74
3 55 3 69
1 2 1 16
2 17 2 71
1 66 3 77
1 55 2 74
2 68 2 73
1 31 2 74
2 71 3 72
2 22 3 78
2 24 3 55
2 9 2 18
1 29 3 31
2 54 3 77
1 43 1 45
1 74 2 77
1 37 2 60
1 65 3 72
2 12 2 37
3 4 3 56
1 38 1 74
3 44 3 69
3 35 3 69
3 13 3 55
2 73 2 76
1 49 3 78
3 56 3 70
3 65 3 73
3 21 3 60
2 46 3 52
2 67 2 75
1 14 2 35
3 28 3 69
1 4 2 36
3 70 3 73
3 51 3 56
2 52 2 62
3 46 3 73
3 60 3 71
1 11 2 56
3 37 3 50
2 48 3 68
1 78 3 78
2 30 3 43
3 60 3 64
3 52 3 67
3 5 3 53
1 12 1 35
3 72 3 75
2 77 2 78
1 64 1 72
1 32 1 56
2 63 3 74
3 5 3 36
2 57 3 59
2 26 2 38
1 1 1 27
3 70 3 72
3 78 3 78
1 22 2 47
1 46 3 59
1 62 1 66
2 21 3 29
2 63 2 75
2 13 3 44
2 2 2 51
2 11 2 72
2 19 2 31
1 46 1 54
1 56 2 77
1 53 2 54
3 60 3 74
2 39 3 51
1 76 3 78
3 19 3 63
2 77 2 78
3 59 3 73
1 35 1 58
2 5 3 12
2 15 2 49
3 75 3 75
2 26 3 56
2 34 3 35
2 38 2 47
1 11 2 65
3 39 3 64
3 52 3 59
2 42 2 76
1 71 2 74
1 74 2 77
1 9 2 50
2 55 2 78
2 5 2 18
1 24 1 28
1 17 3 36
3 45 3 63
1 15 3 37
2 67 3 77
3 39 3 74
3 47 3 71
1 65 3 74
1 15 1 58
2 8 2 36
3 44 3 72
3 43 3 51
1 33 3 43
3 62 3 74
1 30 2 56
3 1 3 49
2 19 3 58
1 27 2 57
3 17 3 47
3 9 3 52
2 75 2 76
2 43 3 48
3 36 3 62
2 43 3 44
2 16 3 56
1 21 2 67
1 73 3 76
1 36 3 36
1 72 1 74
3 74 3 76
2 8 3 20
2 53 3 68
1 36 3 66
3 35 3 73
3 20 3 71
1 40 3 70
1 20 2 58
1 25 1 30
1 65 1 68
3 61 3 77
3 62 3 72
2 43 2 66
2 65 3 74
2 51 2 74
3 49 3 64
2 76 3 77
1 39 1 39
1 26 1 29
3 11 3 45
2 33 3 66
1 54 1 76
1 28 1 77
2 32 2 33
1 9 1 74
1 42 2 50
3 26 3 44
1 39 2 69
3 24 3 63
2 9 3 18
2 60 3 66
2 30 2 38
1 42 2 63
3 67 3 67
2 10 3 24
3 69 3 71
3 34 3 47
1 34 2 76
1 17 2 44
3 73 3 75
3 18 3 68
3 61 3 77
1 57 3 74
3 75 3 75
2 46 2 74
2 31 3 39
3 65 3 72
2 19 2 75
1 27 1 55
3 78 3 78
1 65 3 73
1 7 3 69
1 71 1 75
2 30 3 66
2 5 2 25
2 23 3 65
1 72 3 77
3 74 3 74
1 36 3 61
3 49 3 66
1 49 3 68
2 40 2 68
3 16 3 73
1 55 2 69
1 1 3 14
3 32 3 73
1 60 3 68
3 47 3 78
2 22 3 23
1 17 3 36
1 36 1 78
1 43 2 77
2 74 2 74
3 43 3 65
2 56 3 58
2 49 3 76
2 47 2 54
2 50 2 65
2 1 2 47
3 27 3 56
2 74 2 76
3 41 3 70
2 35 2 53
2 56 2 74
1 21 1 33
1 51 3 72
2 62 2 78
3 63 3 63
2 50 3 70
1 20 3 69
2 20 3 55
3 24 3 60
1 78 2 78
3 54 3 68
2 34 3 74
3 35 3 60
1 71 2 72
3 51 3 51
1 53 2 58
3 49 3 70
1 2 3 17
1 59 1 63
2 77 3 77
3 34 3 46
1 7 2 17
1 31 2 60
2 70 2 70
1 52 3 52
3 26 3 39
1 60 3 65
2 78 3 78
1 35 1 61
2 18 2 25
1 32 3 56
2 56 2 62
3 24 3 67
1 29 3 62
2 17 2 53
3 55 3 73
3 28 3 31
2 30 2 59
3 65 3 71
1 53 3 78
2 31 2 59
1 21 1 48
1 61 3 74
2 24 2 60
2 19 3 75
3 78 3 78
1 66 3 76
2 20 2 40
2 72 3 74
2 20 2 26
1 22 1 73
1 30 3 49
2 59 3 61
3 21 3 36
1 41 3 53
2 60 2 78
3 55 3 71
2 7 2 43
2 59 3 69
1 76 1 76
3 6 3 15
1 47 3 55
1 9 3 42
1 57 1 67
3 8 3 24
2 13 2 53
3 28 3 78
3 50 3 50
1 45 3 45
2 29 2 37
1 35 2 57
3 9 3 35
3 36 3 51
1 2 1 14
3 1 3 67
1 72 3 77
2 45 3 70
1 37 3 66
3 11 3 52
2 10 2 18
1 40 1 74
2 42 3 58
1 10 1 13
2 27 2 40
1 38 2 74
2 1 2 20
2 45 2 67
1 75 3 76
1 33 2 42
2 26 2 71
3 1 3 31
1 28 1 67
1 20 3 57
1 11 3 30
2 12 2 31
2 21 3 25
2 46 3 65
3 44 3 46
1 52 1 53
1 21 3 44
3 46 3 72
3 25 3 47
3 23 3 34
2 39 3 42
2 58 3 78
2 57 2 77
1 46 1 48
3 56 3 64
3 40 3 57
2 7 3 11
1 24 1 42
1 9 2 61
1 64 2 70
2 44 2 68
2 45 2 77
2 7 2 42
3 65 3 75
3 64 3 77
1 19 3 30
3 27 3 69
2 12 2 50
3 57 3 71
2 34 2 49
1 6 3 15
2 54 3 77
1 16 2 35
1 59 3 73
1 54 2 76
2 23 2 67
1 18 3 27
2 47 3 55
1 55 2 75
2 34 3 71
1 46 1 60
2 23 2 31
2 60 3 67
1 65 3 65
3 41 3 73
2 2 3 35
2 27 2 58
2 12 3 32
3 42 3 59
3 1 3 43
3 6 3 21
3 70 3 73
2 10 3 59
1 3 1 58
1 6 3 7
2 23 3 74
3 32 3 61
1 23 3 65
3 78 3 78
3 29 3 63
2 7 2 19
1 46 3 53
3 62 3 62
3 6 3 61
1 13 1 35
1 76 2 78
1 5 2 21
3 23 3 78
1 6 1 47
1 5 3 24
3 20 3 46
1 47 1 65
2 20 2 39
1 15 3 57
3 66 3 78
3 18 3 18
1 76 1 78
2 59 3 77
1 3 2 52
2 64 2 69
3 62 3 63
2 8 2 43
1 14 1 43
2 33 2 54
1 8 1 36
1 76 1 78
2 55 2 59
2 68 2 74
2 35 2 73
3 69 3 75
3 32 3 65
2 56 3 72
3 16 3 77
1 75 1 76
3 54 3 62
1 39 3 47
3 19 3 22
2 51 3 54
3 1 3 7
3 7 3 14
3 76 3 78
1 71 2 73
3 29 3 32
2 62 3 69
1 54 2 55
2 71 2 78
3 55 3 78
3 13 3 24
3 15 3 59
3 54 3 66
3 43 3 45
1 8 2 30
1 31 3 41
1 41 3 69
3 55 3 59
2 13 3 19
2 70 3 73
1 48 3 49
1 58 1 69
2 11 3 58
2 43 2 71
1 77 2 78
1 22 2 37
2 62 2 64
2 67 3 76
3 59 3 70
3 68 3 71
2 5 3 42
2 40 3 61
1 14 1 38
2 12 2 66
3 56 3 71
1 22 1 41
3 74 3 77
3 24 3 48
1 53 2 73
3 23 3 49
2 7 2 7
2 27 3 73
3 51 3 63
2 38 2 39
3 74 3 76
1 31 1 34
1 38 1 59
2 74 2 77
3 14 3 67
3 12 3 38
2 25 3 49
3 64 3 73
1 61 1 67
3 43 3 52
3 16 3 61
3 39 3 65
1 7 2 63
2 41 2 62
3 71 3 74
1 58 3 60
1 14 2 67
3 1 3 51
2 69 2 69
3 62 3 66
1 39 2 62
3 30 3 55
2 12 3 17
3 78 3 78
3 42 3 55
3 9 3 35
3 33 3 73
2 15 2 53
1 73 2 73
1 43 3 72
2 54 3 60
2 13 2 30
3 47 3 68
3 51 3 72
3 11 3 77
2 76 3 76
3 27 3 30
1 74 2 77
3 73 3 77
1 75 2 76
2 35 2 57
3 2 3 75
2 8 2 43
3 54 3 75
2 69 3 75
1 39 1 53
1 54 3 65
3 15 3 76
1 58 2 73
1 21 3 64
1 37 2 74
1 41 1 74
3 60 3 61
3 33 3 67
1 70 2 78
1 40 1 61
3 77 3 77
1 74 2 76
1 24 2 38
3 78 3 78
1 63 3 70
2 16 3 38
2 9 3 78
3 16 3 54
3 45 3 50
3 15 3 73
2 65 2 68
3 55 3 67
3 72 3 75
2 53 2 77
3 66 3 72
2 65 2 78
3 34 3 41
3 1 3 57
1 55 1 78
3 48 3 64
2 55 3 66
2 27 2 78
3 5 3 28
1 54 1 61
1 19 1 40
3 35 3 76
2 70 2 71
2 76 2 78
1 51 1 55
2 62 3 74
2 68 3 70
3 62 3 77
1 13 3 62
1 3 2 42
2 57 2 57
2 6 3 13
2 55 2 59
3 42 3 51
2 57 2 74
3 25 3 34
2 12 2 73
1 75 2 75
2 5 3 23
3 11 3 28
3 75 3 75
1 20 1 67
3 62 3 69
1 5 3 77
3 64 3 75
2 9 3 25
3 74 3 77
3 11 3 78
1 7 1 65
2 30 2 77
1 59 2 74
2 27 3 57
3 49 3 65
3 51 3 75
1 18 1 36
3 4 3 12
2 42 2 50
2 66 3 73
2 57 2 76
2 62 3 71
3 16 3 74
3 15 3 66
3 14 3 40
3 52 3 76
3 13 3 61
3 76 3 78
1 22 2 38
2 2 2 40
3 40 3 53
3 70 3 73
1 41 1 42
3 46 3 61
2 36 2 70
2 4 3 70
1 12 3 73
2 51 2 58
2 31 3 72
3 14 3 57
3 29 3 48
2 35 3 72
3 19 3 41
3 56 3 57
3 36 3 75
3 40 3 53
2 78 2 78
3 45 3 57
2 76 2 76
3 33 3 38
3 23 3 32
2 11 2 41
2 69 2 76
2 70 2 77
1 4 1 55
1 26 3 34
3 7 3 56
2 27 2 40
3 47 3 66
3 13 3 14
2 61 3 76
2 1 2 25
2 25 3 40
3 66 3 67
3 40 3 73
3 71 3 73
2 63 3 67
2 7 3 31
2 47 3 67
3 55 3 57
3 63 3 65
3 11 3 72
3 7 3 42
3 29 3 31
1 69 2 72
3 42 3 56
1 39 2 59
2 59 3 65
3 18 3 31
2 53 3 70
2 52 3 52
2 17 3 57
3 28 3 70
2 14 2 26
1 73 1 77
3 29 3 42
2 67 3 77
3 53 3 67
1 49 3 64
2 43 3 76
2 51 3 67
1 35 3 47
1 42 3 42
1 22 2 51
1 39 3 68
1 14 2 63
1 58 3 71
1 3 2 58
3 34 3 59
3 1 3 19
2 51 3 68
1 47 1 60
2 54 2 64
3 12 3 35
3 66 3 71
3 44 3 54
2 19 3 55
3 63 3 66
1 60 1 60
2 41 3 59
2 55 3 71
2 31 2 69
2 70 3 75
2 38 2 48
1 73 1 76
1 60 2 78
1 15 3 51
2 37 2 54
1 75 3 76
3 54 3 69
3 54 3 71
1 1 1 17
2 45 3 75
2 29 2 60
1 2 3 78
1 30 1 31
2 16 2 41
3 76 3 78
2 22 3 63
3 46 3 49
2 13 3 16
2 52 2 53
2 47 3 50
3 35 3 60
1 2 1 47
1 31 3 37
3 69 3 74
1 46 1 77
2 27 3 27
3 1 3 55
1 72 3 77
2 44 3 46
2 63 2 69
3 62 3 69
3 25 3 70
2 57 2 74
1 36 1 57
3 23 3 42
1 10 3 68
3 33 3 37
2 32 2 70
3 57 3 78
3 21 3 74
2 12 2 28
1 53 3 56
3 68 3 74
1 49 1 65
2 27 3 63
1 44 3 71
3 18 3 19
3 16 3 57
1 56 2 78
2 66 2 75
3 47 3 55
1 77 3 78
3 51 3 75
2 65 3 65
2 50 2 55
3 78 3 78
3 75 3 78
2 13 3 64
3 37 3 78
3 19 3 63
3 39 3 50
2 26 3 33
2 6 3 45
1 77 2 78
2 41 2 77
3 63 3 65
2 26 3 31
1 34 3 56
2 61 3 68
2 4 3 34
3 72 3 77
1 44 1 63
3 50 3 76
1 47 1 63
2 46 2 57
1 70 1 70
2 44 3 57
1 51 1 51
2 32 2 46
3 69 3 76
2 41 2 48
2 3 3 45
3 65 3 65
3 8 3 28
2 43 2 70
2 27 3 28
2 57 2 68
2 11 3 31
3 27 3 76
3 67 3 69
2 40 2 57
1 32 2 53
2 20 3 21
2 20 3 24
1 46 2 46
1 19 1 31
3 34 3 62
2 56 2 58
3 78 3 78
1 30 1 67
2 49 2 59
1 69 1 76
1 19 2 61
1 28 3 49
3 59 3 62
3 5 3 57
3 58 3 66
1 47 2 68
1 31 1 76
3 73 3 75
2 74 3 78
3 41 3 45
2 72 3 75
2 72 2 72
2 18 3 62
3 70 3 76
2 66 3 77
3 34 3 51
3 3 3 45
2 49 2 63
1 25 2 72
1 25 2 77
3 74 3 77
1 18 2 36
3 7 3 62
3 21 3 54
3 52 3 69
3 13 3 70
1 48 2 52
2 1 3 78
2 45 2 70
2 25 2 69
2 23 3 50
1 17 1 45
1 69 1 73
1 75 1 76
1 53 2 54
2 47 3 54
3 71 3 74
3 65 3 77
2 30 3 51
3 30 3 33
2 41 2 54
1 9 2 48
1 38 2 41
1 37 2 69
2 59 3 67
2 2 2 26
3 2 3 11
1 60 2 71
2 48 3 55
2 20 2 24
2 18 3 24
3 73 3 74
2 58 2 64
2 15 2 15
3 72 3 73
1 78 1 78
1 42 3 61
3 16 3 72
3 29 3 35
2 74 2 77
2 58 2 73
3 37 3 73
2 29 2 36
3 18 3 69
1 72 1 76
2 48 3 68
3 35 3 78
1 41 1 77
2 17 2 29
2 36 2 67
2 1 3 58
1 18 3 74
1 11 3 52
2 27 2 71
1 3 3 34
2 48 2 63
2 15 2 15
1 28 1 57
1 30 2 39
1 54 2 73
2 61 3 69
1 51 2 55
2 50 2 50
3 41 3 73
3 41 3 46
1 28 1 76
2 65 2 69
2 20 3 35
1 48 1 62
3 26 3 69
1 32 3 77
3 52 3 54
1 32 2 38
1 77 3 78
3 73 3 75
1 52 3 71
1 65 2 68
2 23 2 24
2 8 3 76
1 53 3 73
1 14 3 47
1 23 2 46
2 8 3 69
1 43 2 62
1 27 3 57
3 1 3 16
3 7 3 15
3 74 3 77
1 16 1 69
2 49 3 71
1 42 3 58
2 61 3 77
1 2 3 63
3 32 3 36
1 27 1 27
2 9 3 27
1 31 3 41
3 27 3 44
3 14 3 50
2 75 3 76
3 70 3 78
3 78 3 78
3 72 3 77
2 75 3 75
2 61 3 70
1 51 1 76
3 37 3 78
1 35 1 63
3 72 3 78
2 46 3 56
2 40 3 51
2 51 3 54
3 32 3 36
3 47 3 47
3 43 3 44
1 9 2 36
1 69 3 75
2 40 3 65
1 66 3 71
3 17 3 78
3 39 3 51
3 67 3 77
1 22 3 49
1 43 1 72
2 73 3 78
3 62 3 74
2 49 3 73
1 37 1 58
1 4 2 20
1 75 2 75
1 39 3 71
2 15 2 54
3 27 3 73
2 76 2 78
2 19 3 25
1 54 2 73
2 55 3 56
3 58 3 61
3 62 3 69
2 5 3 22
1 25 3 45
1 46 2 58
2 77 2 77
3 61 3 69
1 6 1 73
3 4 3 49
3 24 3 59
1 24 2 36
1 77 3 78
1 40 2 61
2 51 3 56
1 74 1 75
1 9 3 69
3 33 3 41
3 56 3 67
2 46 2 68
1 36 2 43
2 43 2 63
3 49 3 68
1 9 3 9
2 74 2 77
1 68 3 76
1 20 1 67
1 74 3 75
1 7 3 69
2 5 3 11
2 51 3 64
1 17 1 75
1 74 3 74
2 40 3 55
2 48 2 59
3 4 3 55
3 40 3 53
1 73 3 73
2 13 2 75
1 61 2 69
1 65 2 75
2 33 3 50
1 12 2 73
2 38 3 48
3 53 3 58
1 58 3 69
2 17 3 53
3 57 3 57
2 44 3 44
3 19 3 72
2 32 3 78
3 4 3 52
1 77 1 77
1 32 3 42
2 40 2 55
3 51 3 69
2 68 3 71
1 7 3 68
2 26 2 73
3 12 3 37
3 5 3 22
2 49 3 52
1 12 3 49
2 70 2 74
1 33 3 46
3 18 3 38
1 72 3 76
3 52 3 54
1 33 2 76
3 18 3 49
1 77 1 78
2 43 3 50
2 3 3 36
1 36 1 53
1 59 2 59
1 1 3 40
1 35 3 43
2 6 3 12
2 70 2 75
2 50 2 67
3 77 3 77
1 6 1 55
2 74 2 78
1 21 1 75
2 29 2 68
2 43 3 55
1 50 3 77
1 27 1 72
2 73 2 75
1 26 1 49
1 29 1 64
2 47 2 59
1 55 2 55
3 57 3 75
3 77 3 77
2 57 3 72
2 27 2 50
1 64 3 64
1 56 1 74
2 67 3 67
1 43 3 48
1 39 2 51
1 50 3 61
3 41 3 55
1 27 1 35
1 34 3 75
1 58 1 77
3 7 3 58
1 20 3 65
1 77 3 77
3 16 3 22
3 35 3 70
3 77 3 77
1 70 2 73
3 20 3 66
2 59 3 76
2 64 2 73
2 7 2 15
2 55 3 59
1 49 2 53
2 53 2 72
1 30 1 40
3 62 3 77
3 77 3 77
3 25 3 71
2 33 3 50
2 49 3 72
2 16 2 23
3 52 3 57
2 77 2 78
1 8 3 41
2 35 3 62
3 12 3 23
3 29 3 33
2 70 2 74
1 39 1 65
3 4 3 25
3 73 3 78
2 25 3 65
1 68 2 75
1 22 1 75
2 37 2 38
1 41 3 61
2 68 2 75
3 26 3 64
1 40 3 53
2 16 2 68
2 44 2 49
3 47 3 75
1 4 2 75
1 3 2 45
2 60 2 76
1 17 3 35
2 13 2 36
3 35 3 64
1 60 3 68
3 57 3 78
3 43 3 45
1 44 1 76
1 25 2 41
1 57 1 78
1 27 2 45
2 18 2 72
3 18 3 74
3 23 3 57
2 56 2 66
2 59 3 71
2 37 3 66
1 74 1 78
3 2 3 5
2 20 2 45
3 76 3 78
3 70 3 74
3 1 3 14
2 54 3 69
1 43 3 62
3 63 3 78
2 47 3 67
3 51 3 69
3 52 3 61
2 44 2 60
1 11 1 75
1 47 3 75
2 20 2 57
2 2 2 54
1 74 3 76
1 64 3 68
1 62 1 67
2 59 3 78
3 58 3 58
1 26 1 60
1 28 2 56
2 47 3 72
2 25 3 71
2 6 2 78
1 64 1 69
3 30 3 31
1 15 1 33
1 47 1 71
1 75 3 75
2 66 2 66
1 59 1 71
1 47 2 48
3 1 3 47
3 46 3 62
3 57 3 77
3 44 3 67
2 78 2 78
1 37 3 38
2 73 3 78
1 9 1 13
2 9 3 36
3 59 3 72
3 34 3 64
1 48 1 70
2 6 2 8
2 62 2 71
3 34 3 38
2 71 2 72
1 67 3 78
3 48 3 63
1 46 1 73
3 75 3 76
1 1 3 67
1 4 3 29
1 9 1 72
1 78 1 78
3 1 3 54
3 51 3 66
2 70 3 74
1 53 1 63
3 37 3 49
2 29 2 72
1 63 2 67
1 38 1 46
1 5 2 71
1 68 2 69
2 2 2 58
3 33 3 73
2 45 3 67
1 16 2 37
3 11 3 50
1 1 2 50
2 57 3 57
1 68 3 68
3 23 3 40
1 78 2 78
1 2 3 66
2 42 3 47
1 1 1 35
1 56 1 68
1 75 3 76
1 40 2 46
2 54 2 76
1 14 2 59
1 74 1 78
2 25 2 50
2 44 3 56
2 50 2 64
2 77 3 77
2 6 3 20
1 4 1 27
1 20 2 24
3 55 3 62
3 73 3 73
1 16 1 73
2 59 2 64
2 56 3 61
1 42 2 74
2 34 3 58
1 55 3 74
3 18 3 78
2 38 3 73
1 15 2 43
3 75 3 75
1 2 3 18
1 15 3 44
3 9 3 66
2 58 2 58
1 68 3 71
1 75 2 78
3 68 3 70
1 23 1 29
3 54 3 68
1 30 1 65
3 36 3 56
1 70 2 77
1 65 2 74
1 23 2 58
3 74 3 75
2 62 3 70
3 42 3 66
1 58 3 77
1 15 3 35
3 44 3 67
3 73 3 73
3 69 3 72
3 17 3 31
2 8 2 62
1 61 3 77
1 50 3 74
1 10 1 52
2 56 3 74
3 29 3 52
2 11 2 22
2 72 2 74
1 43 3 50
2 60 2 75
2 13 3 21
2 34 3 62
1 69 3 78
3 40 3 69
1 67 2 75
3 49 3 72
1 78 2 78
1 34 1 52
1 70 3 78
3 59 3 63
2 1 3 30
1 62 1 70
1 24 2 73
3 50 3 76
2 47 2 71
3 68 3 71
1 27 3 68
3 42 3 55
3 23 3 78
2 71 3 77
1 64 2 68
1 44 3 63
1 43 3 49
3 53 3 76
2 7 3 7
1 16 2 76
3 13 3 39
2 52 2 52
2 36 2 55
3 62 3 68
2 13 3 33
2 51 3 53
3 4 3 30
2 73 2 74
2 49 3 57
1 4 2 63
2 5 3 58
2 77 2 77
3 62 3 68
1 29 1 66
1 56 3 67
3 43 3 60
3 58 3 59
3 77 3 77
1 33 3 38
2 51 2 55
1 41 1 54
2 72 2 78
1 46 2 69
1 5 3 77
1 71 1 78
3 61 3 76
1 46 1 56
2 44 2 58
2 75 2 75
2 48 3 51
2 23 2 44
2 22 3 29
1 39 1 68
2 19 3 72
3 76 3 77
1 64 3 74
2 5 2 47
1 35 2 78
1 47 2 72
3 22 3 64
2 76 2 77
2 76 2 78
3 78 3 78
2 14 3 29
3 39 3 41
1 49 3 58
2 70 2 73
3 59 3 69
1 30 3 51
1 20 1 32
3 17 3 56
3 33 3 44
3 23 3 78
2 27 3 32
3 51 3 53
2 16 3 49
3 13 3 73
3 65 3 69
2 9 2 47
1 9 1 52
3 36 3 55
3 4 3 72
2 7 3 38
3 61 3 75
2 34 2 51
3 72 3 72
1 37 3 40
2 46 3 63
1 39 1 76
2 42 3 71
3 4 3 57
2 60 3 74
3 74 3 78
1 6 3 7
3 48 3 50
2 55 2 72
2 28 3 73
2 8 3 24
3 68 3 77
3 49 3 62
2 3 3 52
3 55 3 63
2 12 3 34
1 19 1 62
1 31 2 71
3 67 3 71
1 32 1 45
3 72 3 72
2 34 3 67
3 25 3 31
3 33 3 54
2 38 3 53
1 29 3 33
1 17 3 74
1 21 2 75
1 31 3 44
1 41 2 71
3 57 3 75
1 78 1 78
2 27 2 71
1 17 1 45
1 58 1 66
1 55 1 65
3 29 3 46
3 24 3 67
2 50 2 52
2 63 3 75
2 54 2 69
1 13 2 72
2 54 2 68
1 45 3 53
3 68 3 76
3 39 3 71
3 8 3 30
1 20 3 49
2 29 3 64
2 43 2 60
1 22 3 33
2 73 2 73
1 11 2 14
2 78 2 78
1 27 2 54
3 55 3 67
2 74 2 76
3 60 3 68
3 61 3 70
2 29 3 41
1 57 2 73
3 27 3 46
2 50 2 72
2 40 3 76
1 29 1 29
1 68 2 72
3 31 3 53
2 50 2 64
2 12 3 43
3 51 3 54
3 60 3 67
3 55 3 64
2 56 3 65
1 48 2 76
3 47 3 57
3 61 3 65
3 10 3 56
1 76 3 78
1 9 3 76
2 43 2 54
1 20 2 50
2 41 3 47
1 26 3 35
3 14 3 27
3 62 3 75
1 63 3 69
1 45 3 65
3 66 3 71
1 7 1 16
1 71 2 72
3 54 3 73
2 53 2 64
3 23 3 54
3 6 3 53
3 1 3 34
3 37 3 74
1 67 3 70
2 14 2 57
3 75 3 78
1 11 3 70
2 61 2 76
3 39 3 56
1 42 1 62
3 11 3 37
1 51 1 60
1 31 1 50
2 3 3 39
3 59 3 60
1 24 1 49
2 1 2 70
2 78 2 78
2 18 2 59
3 32 3 60
2 13 2 54
1 49 1 58
3 32 3 38
3 9 3 50
3 53 3 62
3 11 3 77
1 48 1 56
2 76 2 76
2 14 2 78
1 24 2 62
3 65 3 76
3 66 3 72
2 26 2 36
1 78 1 78
1 6 2 10
3 76 3 78
2 16 3 60
1 52 3 62
1 37 2 54
2 69 2 74
1 76 3 78
2 66 2 68
1 44 2 73
1 34 2 51
3 32 3 32
1 28 2 35
3 27 3 48
3 28 3 44
1 33 1 37
3 59 3 73
1 22 2 28
1 44 2 59
2 13 3 70
3 1 3 34
2 13 3 55
3 75 3 76
2 13 2 36
3 43 3 70
3 4 3 11
3 29 3 77
2 47 2 56
3 47 3 67
2 52 3 70
2 22 2 48
1 37 2 52
3 51 3 74
1 40 1 74
1 76 1 78
1 62 3 73
2 28 2 77
1 38 2 66
1 20 2 68
3 22 3 50
3 12 3 54
2 46 2 65
2 19 3 33
2 43 3 59
3 24 3 33
3 73 3 77
2 10 2 56
1 76 3 77
1 46 2 48
1 55 3 55
1 60 2 78
1 21 3 21
1 72 2 78
3 36 3 38
1 20 2 48
3 48 3 66
2 67 2 75
3 47 3 71
2 59 3 70
3 28 3 34
1 65 1 67
2 64 2 70
3 24 3 75
3 4 3 35
1 18 1 69
3 71 3 78
3 32 3 64
1 16 3 35
2 69 2 72
2 77 2 77
2 49 2 74
2 26 2 34
1 50 2 64
3 20 3 75
2 23 2 44
2 72 3 77
3 35 3 68
2 73 2 73
1 31 3 37
2 42 3 57
1 55 3 77
2 70 3 74
3 71 3 71
3 14 3 57
3 22 3 29
2 55 3 76
2 59 3 64
3 50 3 74
1 25 3 69
1 39 3 62
1 54 2 60
3 41 3 75
3 70 3 78
1 24 3 41
3 44 3 65
1 38 2 54
3 71 3 75
3 40 3 78
3 54 3 73
3 70 3 70
2 65 3 69
2 12 3 49
1 14 1 67
2 71 2 71
1 48 1 76
2 57 3 67
3 78 3 78
2 35 3 67
2 57 3 72
1 41 2 72
2 57 2 62
2 7 3 59
2 20 3 60
3 72 3 74
3 53 3 75
1 30 1 78
1 69 2 71
2 22 3 64
2 62 2 71
1 23 3 47
2 31 2 54
2 9 3 35
3 5 3 75
3 63 3 67
2 44 2 45
2 62 2 67
2 37 3 52
3 31 3 58
1 30 2 30
3 66 3 67
2 21 2 36
3 36 3 66
1 40 1 48
1 29 3 68
2 43 2 73
1 73 3 74
1 2 1 48
3 21 3 32
3 41 3 45
2 33 3 63
3 32 3 64
2 40 2 76
2 13 3 43
3 38 3 65
1 13 1 74
3 33 3 67
1 11 1 71
2 42 2 57
3 19 3 74
3 37 3 65
3 22 3 68
2 63 2 71
3 43 3 63
1 4 3 60
1 30 2 37
3 20 3 36
2 61 2 68
3 10 3 10
2 61 3 61
3 39 3 63
2 59 2 60
3 63 3 78
1 1 1 70
1 8 1 25
3 40 3 60
2 36 3 41
1 43 1 65
3 22 3 25
1 66 1 69
3 23 3 43
3 77 3 77
2 22 3 28
3 68 3 70
3 12 3 35
3 37 3 74
3 54 3 67
2 2 3 15
1 76 2 77
3 20 3 31
3 40 3 51
1 32 3 36
3 40 3 77
1 73 3 74
3 71 3 75
3 49 3 53
2 58 2 68
3 10 3 45
2 75 3 75
1 15 2 22
3 12 3 30
3 45 3 70
2 70 2 73
2 66 3 73
3 59 3 78
1 29 2 55
3 6 3 60
1 12 1 51
1 65 2 67
3 12 3 15
2 14 2 66
1 44 3 50
1 30 3 76
3 68 3 76
3 57 3 74
3 41 3 52
2 14 3 46
3 52 3 74
1 21 3 29
3 71 3 71
3 66 3 75
2 4 2 25
3 14 3 53
2 10 2 13
1 40 1 50
2 56 2 63
1 10 1 40
3 31 3 46
2 16 3 21
1 41 2 75
2 34 3 58
3 48 3 53
1 8 1 72
2 1 2 31
2 53 2 70
3 15 3 44
3 10 3 62
2 21 3 41
3 46 3 71
1 27 1 36
2 33 3 65
3 77 3 77
1 10 2 56
2 36 3 45
1 6 3 44
3 15 3 33
3 34 3 51
2 32 3 70
2 76 2 77
2 46 3 72
3 7 3 14
1 54 1 77
3 59 3 75
2 38 2 61
2 50 3 69
2 17 2 68
3 7 3 10
1 61 1 74
3 58 3 77
2 63 2 67
3 77 3 77
1 32 2 52
2 15 3 36
2 22 2 28
3 51 3 67
2 19 2 42
2 49 3 57
1 12 2 42
1 1 1 28
3 20 3 52
1 5 3 32
3 23 3 65
3 10 3 65
1 50 2 69
3 57 3 65
3 28 3 75
2 56 3 78
3 18 3 37
2 7 2 40
2 68 2 78
1 40 2 52
1 24 2 63
1 74 1 77
3 53 3 57
1 64 1 76
1 26 1 41
3 28 3 54
2 43 3 77
2 70 2 71
3 50 3 72
2 70 2 76
1 23 2 53
2 55 2 60
1 16 2 25
1 66 1 68
1 17 3 60
1 35 3 57
1 30 2 55
1 72 1 73
1 13 2 77
2 21 3 48
3 34 3 39
2 61 3 65
2 48 3 66
2 19 2 22
3 12 3 22
2 11 2 17
1 20 2 46
3 15 3 31
3 38 3 56
3 66 3 71
1 73 2 77
3 52 3 75
1 14 3 72
1 65 1 68
1 26 1 41
2 46 3 57
3 43 3 56
2 58 3 61
3 6 3 33
2 19 2 39
1 24 1 69
1 73 1 75
3 1 3 42
3 69 3 75
1 19 1 51
3 29 3 46
1 77 2 78
2 23 3 78
2 46 2 70
3 2 3 74
3 72 3 75
3 74 3 75
1 60 2 70
1 19 2 29
1 32 3 36
2 64 2 66
2 59 2 69
3 18 3 64
2 64 3 65
1 55 3 76
2 5 3 40
1 73 1 75
1 49 3 69
2 4 3 76
1 33 3 75
2 15 2 34
3 49 3 54
3 61 3 69
1 75 3 76
3 4 3 74
3 32 3 40
2 24 2 51
2 45 3 77
1 25 3 27
1 19 2 51
1 72 3 72
2 36 3 66
1 6 3 45
3 40 3 40
1 55 3 68
3 66 3 68
2 23 2 31
1 65 1 68
1 55 2 66
1 30 2 63
2 47 3 56
3 59 3 60
3 63 3 63
1 62 3 67
1 46 3 76
1 22 1 72
3 70 3 75
3 38 3 69
3 38 3 45
3 60 3 61
1 57 1 62
2 15 2 54
1 58 1 71
1 20 2 48
2 70 2 70
1 53 1 70
2 64 3 67
2 55 2 69
1 5 1 72
2 78 2 78
2 12 2 44
1 21 3 34
2 40 3 45
3 7 3 20
3 61 3 66
1 66 3 78
2 13 2 57
1 70 2 78
2 58 3 62
3 38 3 43
3 47 3 49
1 41 2 47
3 71 3 71
2 47 3 68
2 4 2 64
3 33 3 49
2 66 2 74
1 74 3 76
2 2 3 66
3 73 3 77
2 7 2 49
1 40 3 66
2 25 2 45
3 67 3 71
2 34 3 62
2 69 2 75
1 64 3 67
1 35 2 51
3 31 3 74
1 37 1 40
1 72 3 74
3 41 3 57
2 18 2 33
1 37 3 64
2 61 3 76
2 33 3 40
2 12 3 49
3 23 3 57
3 17 3 57
2 61 3 69
3 34 3 66
1 15 2 70
3 64 3 73
2 7 2 57
1 49 3 74
3 64 3 74
3 45 3 66
2 9 3 59
1 41 2 72
3 42 3 68
3 56 3 59
3 75 3 76
2 19 2 37
1 63 1 65
3 33 3 59
2 63 2 69
2 35 2 78
1 52 3 61
3 73 3 75
1 26 1 34
3 67 3 67
2 40 3 50
1 10 2 42
1 9 3 27
2 18 3 35
2 56 3 58
1 53 2 75
2 28 3 58
3 48 3 77
2 69 3 71
3 49 3 64
3 39 3 65
3 43 3 49
1 18 2 27
3 47 3 61
2 53 3 62
1 15 1 33
1 22 3 34
3 71 3 71
1 16 3 30
2 23 3 58
3 72 3 72
2 45 3 73
3 40 3 41
2 36 2 59
3 53 3 62
3 61 3 70
2 29 3 72
1 50 1 53
1 33 3 77
1 13 2 53
2 30 2 59
2 69 2 75
1 62 1 68
3 51 3 53
3 16 3 37
3 27 3 60
2 60 3 71
1 17 2 39
1 71 2 73
1 11 2 47
2 14 2 51
1 26 1 36
2 55 3 72
2 13 2 54
2 55 2 71
3 41 3 63
1 2 3 21
1 39 3 77
1 39 2 55
2 44 3 59
2 7 2 58
1 64 1 75
3 66 3 70
3 13 3 22
2 13 3 55
2 75 2 78
3 44 3 48
3 43 3 60
2 40 3 53
1 12 1 22
3 36 3 56
3 70 3 72
3 70 3 70
3 29 3 78
2 51 2 73
3 34 3 59
2 7 3 75
1 35 2 40
1 32 1 65
1 32 2 66
1 32 1 33
2 6 2 78
2 32 2 77
2 42 2 59
2 35 3 71
1 4 3 33
1 26 3 30
2 12 3 65
1 34 2 51
2 45 2 46
3 33 3 56
2 3 3 23
2 26 3 62
1 18 2 39
2 38 3 54
3 35 3 69
1 71 2 76
3 26 3 53
2 58 2 71
2 1 3 39
2 68 3 77
3 67 3 70
1 53 2 70
3 9 3 29
1 12 2 17
1 67 1 67
2 41 2 72
2 41 3 42
1 12 3 15
1 44 3 49
2 30 3 54
2 24 2 56
3 78 3 78
2 61 2 67
2 71 3 72
1 70 2 70
3 46 3 75
2 51 3 71
3 67 3 76
1 73 3 73
1 14 1 66
2 24 2 69
3 74 3 77
2 64 3 77
3 3 3 22
1 74 1 74
2 20 3 75
2 60 3 75
3 20 3 34
3 19 3 42
1 63 2 64
3 27 3 59
2 30 3 52
2 71 3 77
3 50 3 69
1 31 2 39
2 71 3 77
1 75 2 76
2 38 3 71
1 20 1 36
2 56 3 70
3 18 3 37
1 22 2 38
3 10 3 39
2 33 2 69
2 8 2 22
1 47 2 60
1 2 1 61
2 72 2 74
1 75 2 76
1 54 2 77
3 11 3 49
2 72 2 75
3 70 3 74
3 24 3 41
3 49 3 54
2 59 3 62
3 45 3 76
2 34 3 52
1 58 3 72
3 41 3 65
1 36 3 72
3 53 3 72
1 32 2 75
3 46 3 66
2 70 2 71
1 23 2 27
3 24 3 77
3 73 3 75
2 69 3 69
3 54 3 58
3 45 3 69
1 45 1 53
3 58 3 66
3 46 3 61
2 21 3 55
1 74 3 75
2 59 2 72
2 68 2 69
2 22 2 57
3 52 3 78
1 54 3 76
2 27 2 56
2 8 2 25
2 73 2 74
3 46 3 72
3 15 3 58
1 66 3 77
3 46 3 51
2 45 2 74
1 66 3 76
1 38 1 64
3 6 3 12
2 67 2 78
3 50 3 56
2 12 2 72
3 39 3 71
3 31 3 47
3 24 3 65
2 51 3 67
2 25 2 44
2 63 2 75
3 32 3 35
3 66 3 70
1 54 3 70
2 35 2 70
1 62 3 69
1 71 1 72
3 17 3 62
3 36 3 49
1 61 3 72
3 60 3 72
1 54 1 72
3 18 3 34
1 42 1 59
2 2 2 13
3 9 3 52
3 44 3 60
2 31 2 43
2 47 2 57
1 55 3 58
1 68 3 75
2 74 3 78
1 25 1 25
1 22 3 41
1 56 1 57
2 32 2 52
1 6 3 31
1 3 1 56
2 53 3 63
2 19 2 55
1 15 2 49
1 28 3 46
3 49 3 58
2 17 2 51
1 36 3 56
3 19 3 22
3 53 3 70
3 72 3 77
2 51 3 71
1 25 1 63
1 55 1 68
2 31 3 40
3 74 3 75
3 10 3 44
3 9 3 26
1 1 1 41
3 43 3 69
2 29 3 55
1 2 1 74
1 14 1 14
2 25 2 30
2 64 3 78
2 30 3 39
3 68 3 72
1 45 3 58
3 25 3 61
1 57 1 59
1 5 2 45
2 72 2 73
2 41 2 69
3 36 3 46
3 20 3 26
3 46 3 54
3 56 3 64
1 14 3 16
3 77 3 78
2 13 2 76
3 50 3 50
1 10 2 35
2 8 3 56
1 36 2 51
1 72 2 78
2 22 2 23
1 32 1 56
1 9 2 66
3 41 3 61
3 30 3 68
1 56 1 68
1 28 2 38
2 27 3 43
1 38 3 73
3 32 3 50
1 64 1 70
2 78 2 78
2 42 3 45
3 30 3 45
3 57 3 77
1 12 3 29
3 30 3 31
3 75 3 77
3 8 3 71
1 7 2 58
3 62 3 65
3 15 3 76
2 51 2 53
1 46 2 53
2 50 3 59
1 14 1 49
2 74 3 78
3 46 3 75
1 34 1 69
3 46 3 78
3 40 3 75
2 9 2 20
1 36 2 64
2 32 2 51
3 69 3 77
3 37 3 42
3 30 3 50
2 25 3 54
1 36 3 56
3 2 3 45
3 78 3 78
3 13 3 74
2 25 2 33
3 43 3 74
3 69 3 77
3 28 3 57
1 60 1 64
3 45 3 52
1 52 2 67
3 74 3 77
1 40 1 52
3 38 3 74
3 25 3 43
2 8 2 43
2 45 2 68
1 44 2 75
1 34 2 57
3 52 3 64
1 73 1 73
2 39 2 52
3 60 3 62
2 58 3 60
2 46 3 50
1 59 2 63
1 19 1 51
1 19 3 75
2 23 2 55
3 45 3 73
2 3 2 28
2 42 2 47
2 63 2 73
1 2 1 15
1 60 1 75
2 53 2 58
1 40 3 54
2 44 2 69
1 21 1 21
2 62 2 70
3 66 3 71
3 1 3 6
1 39 1 67
2 10 2 27
3 52 3 61
3 18 3 44
1 6 2 41
1 11 2 45
3 12 3 63
3 65 3 74
2 70 3 74
3 7 3 66
2 38 3 38
1 48 2 50
3 31 3 57
2 56 3 70
3 69 3 75
1 44 1 49
2 72 2 78
3 41 3 67
2 7 3 36
2 43 3 54
2 47 2 69
1 73 2 78
3 76 3 78
1 18 3 25
3 26 3 77
3 38 3 39
2 51 2 70
2 49 2 50
3 38 3 41
1 64 1 67
3 10 3 52
3 60 3 69
3 68 3 70
1 63 2 63
3 31 3 38
2 2 3 46
1 62 2 77
1 36 1 40
3 69 3 72
2 53 2 76
3 34 3 34
3 75 3 77
2 49 3 68
3 19 3 28
2 25 2 61
3 20 3 72
3 1 3 28
3 61 3 72
2 15 2 71
2 16 2 19
2 59 2 62
3 20 3 46
3 52 3 57
3 18 3 33
3 20 3 53
3 9 3 47
1 60 3 74
3 24 3 71
3 38 3 45
1 21 1 44
2 50 2 56
1 10 3 38
2 13 3 23
2 71 3 74
3 77 3 78
2 25 2 70
3 61 3 72
1 10 3 47
3 67 3 70
2 9 3 15
2 21 3 38
2 7 2 21
3 62 3 76
2 6 3 9
1 30 3 60
3 29 3 38
3 6 3 27
1 16 3 62
1 56 1 78
2 66 2 77
3 4 3 24
2 50 2 71
1 33 1 39
1 56 1 78
3 69 3 78
2 59 3 63
1 3 2 21
2 59 3 63
2 63 2 75
1 7 2 9
2 43 3 74
1 58 2 76
2 36 2 37
3 68 3 77
1 39 3 76
1 20 2 34
2 28 3 69
3 66 3 76
1 7 1 9
3 40 3 64
1 73 2 74
2 24 2 49
3 20 3 24
2 23 2 61
2 62 2 71
1 40 1 56
1 24 2 27
1 4 2 76
1 8 2 43
2 10 3 49
2 68 3 68
3 2 3 51
2 17 2 48
3 9 3 63
2 31 3 36
1 56 3 61
2 13 3 29
2 12 2 38
1 36 3 58
3 49 3 66
2 13 3 26
3 9 3 20
1 41 1 61
1 43 2 43
2 5 3 41
2 38 2 38
2 30 2 51
2 52 2 53
2 41 3 74
2 60 3 62
1 33 3 69
3 45 3 73
2 32 2 55
3 41 3 62
2 78 2 78
1 28 2 53
1 26 3 67
2 11 2 14
2 23 2 44
2 33 2 40
3 10 3 75
1 50 3 75
1 56 3 70
2 47 2 62
2 68 3 73
1 11 2 62
3 56 3 57
1 54 2 58
3 2 3 23
3 69 3 78
2 20 3 77
1 31 3 66
3 19 3 46
3 22 3 55
3 32 3 55
2 6 2 43
3 13 3 73
1 76 1 78
3 56 3 68
2 53 3 63
3 68 3 74
2 75 3 78
2 5 2 38
3 15 3 22
3 11 3 26
1 46 2 47
2 71 2 78
2 78 3 78
2 10 2 26
3 73 3 74
3 30 3 35
3 10 3 41
1 21 3 33
1 62 1 68
3 17 3 78
3 46 3 47
1 35 2 68
2 54 2 64
3 12 3 32
2 41 2 74
2 6 2 63
3 24 3 48
3 59 3 69
3 12 3 68
1 53 2 65
3 58 3 64
2 57 3 62
1 67 2 71
1 57 3 67
1 62 2 65
2 52 2 74
2 64 3 67
3 57 3 67
1 23 1 60
1 29 2 56
1 21 1 41
1 39 2 64
1 41 2 49
3 58 3 70
3 72 3 74
1 76 1 78
2 30 2 59
2 29 2 35
3 46 3 60
3 61 3 73
2 66 3 68
1 57 2 77
1 69 2 73
2 68 3 78
3 68 3 78
1 30 1 38
2 73 2 73
2 17 3 23
2 41 3 56
1 76 2 77
2 42 2 77
3 73 3 78
2 26 3 71
1 40 2 58
3 37 3 67
1 24 3 67
2 12 2 34
1 63 3 72
1 70 3 77
3 50 3 65
1 40 2 49
1 23 2 71
1 71 1 76
3 46 3 50
2 30 2 52
3 52 3 53
1 35 2 63
1 63 2 65
2 42 3 50
2 54 2 77
2 41 2 72
2 62 3 70
1 32 1 45
3 67 3 76
1 37 3 57
3 27 3 33
1 75 3 78
1 58 1 74
1 55 2 76
2 52 3 72
1 58 2 58
2 60 2 69
1 76 2 78
1 45 1 47
1 13 1 73
2 5 2 7
3 72 3 77
3 40 3 66
3 42 3 67
2 31 3 45
1 69 2 77
1 26 1 42
2 43 3 59
3 24 3 40
2 70 2 73
1 71 2 74
1 1 1 57
2 29 3 50
3 3 3 55
2 71 2 74
1 47 2 49
1 39 3 53
2 40 3 41
1 44 2 75
3 70 3 75
1 14 2 70
2 38 3 67
1 7 1 63
2 31 2 46
1 30 3 62
2 39 3 67
1 70 2 75
3 36 3 50
1 19 1 21
3 2 3 65
3 39 3 58
3 51 3 78
3 30 3 63
3 37 3 55
3 21 3 38
1 8 2 16
2 49 2 54
2 36 3 65
2 11 3 25
1 35 3 45
3 62 3 74
3 10 3 43
3 39 3 73
1 41 3 66
3 20 3 64
2 27 2 34
1 59 2 72
3 1 3 52
3 56 3 66
3 63 3 69
3 42 3 71
1 50 1 57
1 44 2 54
1 13 1 44
2 76 3 78
3 74 3 74
2 70 2 75
2 55 3 70
1 75 1 75
1 1 1 49
3 58 3 65
1 47 1 58
2 25 2 32
3 66 3 77
1 44 1 67
2 58 2 67
1 41 3 42
2 20 2 77
3 22 3 37
1 71 3 78
3 48 3 75
3 44 3 76
2 74 2 76
3 72 3 77
3 16 3 61
3 58 3 63
2 36 3 62
3 11 3 58
1 49 1 75
2 6 2 51
3 8 3 33
1 26 3 36
1 63 1 66
2 64 2 72
2 28 2 72
1 63 2 69
3 63 3 71
3 66 3 70
2 8 3 63
1 8 2 71
1 36 2 58
2 58 3 59
1 70 1 72
3 73 3 77
2 39 3 77
1 68 3 69
3 29 3 50
2 64 2 78
3 31 3 77
2 70 2 76
2 18 3 52
3 31 3 49
2 45 2 72
2 56 3 70
3 22 3 24
2 38 3 67
2 66 3 74
2 47 2 48
2 47 2 78
1 62 3 66
3 61 3 64
3 48 3 50
3 27 3 51
2 38 3 71
3 25 3 30
1 48 2 48
3 25 3 62
3 34 3 62
2 72 3 75
2 27 3 53
3 33 3 76
2 66 3 77
1 36 1 47
3 25 3 46
3 73 3 78
1 29 3 39
1 26 3 40
3 15 3 72
1 24 2 24
1 21 1 31
3 44 3 51
2 58 2 70
2 22 2 38
1 78 3 78
2 10 2 57
3 17 3 43
1 22 1 28
3 5 3 33
1 59 1 73
1 10 2 27
2 42 2 45
2 60 3 75
1 35 1 63
2 55 3 76
3 28 3 75
2 53 2 71
3 66 3 67
2 74 2 75
1 65 1 77
2 55 3 66
3 39 3 40
2 35 2 53
1 23 2 46
3 16 3 65
1 45 1 67
3 54 3 70
1 5 2 30
3 77 3 77
1 6 2 38
2 27 2 53
3 53 3 65
3 2 3 52
1 38 1 38
3 50 3 61
3 63 3 65
2 53 2 60
3 45 3 48
2 45 2 65
3 36 3 50
1 43 2 71
2 22 2 39
1 65 1 71
2 4 2 59
3 70 3 78
3 7 3 44
2 63 2 67
1 5 2 64
1 8 1 71
2 68 3 73
2 16 2 28
2 41 2 61
1 2 2 24
2 74 3 78
1 4 2 45
2 5 2 61
1 34 1 71
1 43 3 78
3 7 3 41
3 44 3 51
2 30 2 46
1 24 1 28
3 56 3 69
1 16 3 61
3 77 3 77
3 43 3 54
3 10 3 47
3 9 3 32
1 18 3 36
2 36 2 74
3 26 3 76
1 44 1 78
1 61 1 64
2 28 2 32
1 6 1 55
3 17 3 66
1 78 3 78
3 9 3 70
1 26 1 39
2 20 3 67
3 43 3 75
1 60 1 73
2 20 2 78
2 78 3 78
1 16 2 55
3 1 3 8
3 40 3 76
2 71 2 76
3 21 3 38
1 16 2 42
2 30 3 78
3 1 3 78
2 64 2 71
3 34 3 54
2 72 3 75
2 11 3 76
1 73 1 76
1 29 3 44
1 37 1 75
1 59 3 63
2 52 2 73
1 41 2 77
3 46 3 61
3 25 3 49
1 1 2 7
1 5 1 55
3 17 3 78
2 12 3 13
2 27 2 64
1 15 1 27
2 42 3 70
3 37 3 65
3 33 3 33
1 67 1 73
1 54 2 65
3 30 3 69
3 67 3 72
2 70 3 76
3 49 3 57
2 73 3 76
1 67 2 77
1 3 2 52
1 41 1 47
2 19 3 52
1 66 1 76
1 64 2 70
2 33 3 62
2 36 3 60
1 36 1 66
3 47 3 58
1 59 3 60
1 74 1 74
3 39 3 74
2 68 2 71
2 45 3 64
3 21 3 58
3 15 3 26
3 13 3 51
1 50 1 59
2 22 3 64
1 15 3 52
1 10 3 71
1 43 2 64
3 76 3 78
2 32 3 62
3 75 3 76
2 66 2 77
1 41 1 52
2 40 2 48
1 25 3 46
3 5 3 70
2 45 2 57
1 27 1 56
3 1 3 60
1 78 3 78
2 42 3 44
1 3 1 69
3 40 3 61
1 9 1 37
3 60 3 62
2 17 3 36
2 10 2 27
3 75 3 75
1 44 2 48
2 20 3 73
3 19 3 47
1 61 3 62
2 57 2 60
2 20 2 70
1 66 1 69
1 33 1 58
2 25 2 28
1 15 2 67
3 36 3 50
3 55 3 62
3 46 3 53
2 63 2 69
3 62 3 77
1 78 3 78
1 49 2 53
3 5 3 27
2 49 2 59
1 66 3 76
3 60 3 78
1 17 2 75
3 60 3 72
2 63 3 74
1 23 2 44
3 15 3 54
1 68 1 78
2 32 2 36
2 45 3 51
3 44 3 65
3 60 3 77
2 37 2 67
3 35 3 54
1 46 2 70
1 69 2 71
3 18 3 66
1 47 2 73
2 2 2 60
3 71 3 73
2 28 2 67
2 65 2 72
3 53 3 69
1 24 1 60
1 76 2 76
3 3 3 38
1 66 2 73
3 4 3 7
3 74 3 78
1 45 1 50
3 39 3 74
2 68 2 69
3 4 3 14
3 18 3 76
3 64 3 68
2 32 2 48
1 68 3 72
3 15 3 72
1 9 1 42
3 26 3 51
3 78 3 78
2 18 2 57
3 21 3 50
3 57 3 77
3 61 3 76
3 31 3 43
3 67 3 70
3 44 3 68
3 2 3 43
3 65 3 73
1 6 3 33
2 31 3 32
1 31 2 51
1 50 3 61
2 8 3 30
2 12 2 40
3 76 3 78
3 28 3 49
3 28 3 69
3 44 3 71
3 48 3 52
3 32 3 36
2 74 2 75
2 59 2 75
2 9 2 50
3 48 3 50
1 64 1 72
3 11 3 22
1 45 2 51
3 52 3 73
3 31 3 54
3 34 3 65
2 71 3 71
1 57 2 66
1 43 2 68
1 55 1 65
1 51 2 53
2 31 3 32
1 66 1 75
1 9 1 58
1 39 3 65
1 15 2 28
2 54 3 64
1 14 3 48
3 12 3 65
2 27 3 72
1 4 1 41
3 34 3 57
1 68 2 72
3 11 3 39
3 35 3 59
2 35 3 35
2 60 2 71
1 36 2 75
3 33 3 49
2 20 2 28
2 30 2 66
3 38 3 62
1 66 1 66
3 34 3 67
3 10 3 56
2 53 2 66
1 40 3 75
2 56 2 69
3 39 3 52
2 58 2 68
1 14 2 40
1 73 3 74
3 15 3 37
1 36 3 43
2 19 2 47
3 46 3 47
1 39 3 43
2 54 3 63
1 69 2 73
3 12 3 38
2 15 3 16
2 47 3 70
3 62 3 69
2 68 2 75
3 75 3 78
3 48 3 76
3 64 3 66
1 69 3 75
2 70 2 72
3 10 3 40
2 78 2 78
2 47 2 59
3 36 3 74
3 76 3 77
2 36 3 56
1 58 1 63
1 65 3 75
3 27 3 56
2 16 2 74
3 1 3 54
3 34 3 37
3 1 3 75
1 57 2 62
2 52 3 56
1 41 1 52
3 46 3 58
1 55 3 77
3 51 3 64
3 20 3 32
3 30 3 58
3 75 3 76
2 73 2 74
2 58 2 59
3 12 3 69
2 11 2 41
2 38 3 43
3 15 3 29
1 11 1 60
3 69 3 76
2 61 2 61
2 40 2 68
1 61 2 78
3 74 3 76
2 18 2 56
3 3 3 3
2 22 3 30
3 2 3 5
1 47 3 49
1 6 2 50
1 4 3 60
1 18 1 74
1 43 2 51
2 20 2 54
2 30 2 74
1 26 1 37
2 78 2 78
2 5 3 39
3 24 3 75
1 28 3 43
3 52 3 75
2 32 3 37
3 22 3 70
1 51 2 57
2 62 2 65
2 49 3 66
3 61 3 65
2 51 2 65
2 16 2 72
1 2 1 21
1 58 2 62
1 56 3 70
2 28 3 28
3 16 3 31
2 65 3 67
1 53 2 55
1 61 1 74
2 25 2 39
2 28 2 66
1 19 3 25
3 11 3 45
3 43 3 72
1 63 3 72
3 6 3 24
3 17 3 55
3 57 3 68
1 66 1 78
2 16 3 65
1 69 3 74
3 61 3 61
3 61 3 70
2 49 2 58
2 77 2 78
2 1 2 69
3 8 3 73
2 63 3 66
1 18 2 59
1 40 1 63
2 45 2 57
1 45 3 52
2 8 3 10
2 54 3 54
1 72 1 72
3 18 3 27
3 36 3 39
1 48 3 72
1 1 1 20
3 26 3 67
2 24 2 50
2 76 2 78
1 67 2 67
3 29 3 46
3 14 3 60
2 74 2 74
2 31 2 36
2 53 3 77
1 61 3 62
3 1 3 37
1 15 2 49
1 19 2 20
2 31 3 41
1 71 1 74
2 73 2 73
1 76 1 78
2 62 3 76
2 3 2 51
3 38 3 70
1 60 3 68
3 39 3 44
2 1 3 39
3 18 3 31
2 19 3 68
2 6 2 66
1 43 2 57
2 67 3 73
2 7 3 22
1 23 2 30
1 30 3 63
1 66 2 70
2 4 2 28
2 47 2 76
1 74 2 76
3 71 3 72
1 21 1 66
1 67 3 75
2 7 3 13
3 42 3 78
3 51 3 55
2 59 3 73
1 48 2 64
2 40 3 59
1 48 3 54
2 17 3 59
3 73 3 77
2 75 3 78
1 48 2 70
3 7 3 45
3 34 3 58
1 78 2 78
1 54 1 78
3 73 3 75
1 26 1 71
2 31 3 47
1 40 3 48
3 23 3 68
1 23 3 48
3 14 3 43
1 14 3 46
2 73 2 75
3 46 3 51
3 66 3 70
3 53 3 64
3 24 3 75
1 61 1 65
3 17 3 52
2 17 2 69
3 33 3 59
3 72 3 78
2 22 2 66
2 39 2 41
3 25 3 48
2 42 2 68
2 7 3 65
3 55 3 61
1 58 3 72
1 51 3 69
2 22 2 58
1 15 1 74
3 23 3 69
2 44 3 72
3 16 3 23
2 44 2 69
1 64 3 70
2 3 3 70
1 37 3 57
2 18 3 37
3 37 3 67
3 66 3 75
2 59 2 78
1 7 2 14
3 21 3 51
2 58 2 65
2 68 2 72
1 10 1 77
3 48 3 55
3 11 3 15
3 49 3 71
2 40 3 67
3 6 3 72
1 49 1 51
1 39 1 72
3 8 3 48
2 21 3 61
2 41 3 42
3 2 3 57
3 27 3 65
3 68 3 75
3 51 3 76
1 62 2 64
1 30 3 78
1 64 3 77
1 19 3 72
2 59 3 68
1 66 3 76
2 39 2 48
3 60 3 63
3 74 3 75
2 56 2 72
2 27 3 54
3 48 3 65
3 36 3 71
1 57 1 64
2 68 3 70
1 32 2 56
2 1 2 76
1 39 2 68
1 7 2 35
1 52 1 71
2 3 2 65
3 68 3 68
1 58 1 66
1 66 1 75
3 78 3 78
3 46 3 69
3 17 3 23
1 11 2 19
2 43 3 58
2 72 3 78
1 1 1 58
1 37 3 65
1 54 1 65
2 60 3 63
3 77 3 77
3 41 3 44
1 31 2 31
1 10 2 22
1 31 3 31
3 23 3 58
1 53 3 55
3 36 3 43
3 15 3 56
2 77 3 78
2 25 2 39
2 76 2 78
3 8 3 16
1 72 2 75
1 75 3 77
3 7 3 40
2 42 2 55
1 34 3 39
3 23 3 38
3 22 3 46
2 1 3 6
2 15 3 78
1 12 2 36
3 6 3 67
1 71 2 74
1 62 1 73
2 74 2 78
3 17 3 47
2 73 2 78
1 3 3 27
2 7 2 30
1 51 2 66
1 60 2 73
2 14 3 14
3 45 3 49
1 31 3 69
3 16 3 58
1 52 3 72
2 75 2 75
1 39 3 58
1 49 3 49
3 43 3 51
3 48 3 58
3 59 3 60
2 67 3 72
1 26 2 61
1 21 1 22
1 22 2 40
3 47 3 75
2 69 2 72
1 73 2 76
2 62 3 74
2 70 3 70
1 30 1 45
1 27 1 32
3 76 3 78
1 54 2 64
3 66 3 75
2 76 2 78
3 34 3 37
2 65 2 68
1 77 1 78
1 69 1 77
3 76 3 78
1 73 3 74
1 66 2 78
2 37 2 52
2 17 3 78
2 66 2 77
2 19 3 63
1 30 1 68
2 23 3 73
3 77 3 78
3 12 3 19
1 50 2 56
2 24 3 45
3 75 3 76
3 36 3 71
3 58 3 62
1 39 1 77
1 2 1 3
2 17 2 70
3 46 3 65
2 21 3 64
3 74 3 77
3 31 3 31
2 12 2 15
2 33 3 67
1 74 3 78
1 27 2 73
3 5 3 18
2 19 3 69
2 42 3 68
1 77 2 77
2 22 3 23
3 53 3 75
1 48 2 72
2 63 2 71
2 27 2 29
1 27 1 75
1 45 3 49
2 36 2 49
3 55 3 55
1 39 1 69
1 3 3 67
3 44 3 71
3 37 3 52
1 24 1 56
2 21 2 62
3 52 3 69
2 12 3 19
1 24 2 67
3 45 3 60
1 66 2 75
3 72 3 75
1 57 2 77
2 7 2 28
2 70 2 78
1 44 2 54
3 33 3 46
3 6 3 66
3 37 3 52
3 8 3 44
1 19 2 69
2 56 3 72
3 49 3 73
3 30 3 30
2 9 2 14
3 55 3 74
2 16 3 21
3 15 3 37
1 75 1 76
3 52 3 59
3 31 3 60
3 11 3 65
2 54 3 75
1 73 3 74
2 21 3 46
2 38 3 52
2 9 3 51
3 68 3 72
2 46 3 74
2 51 2 65
1 46 3 59
3 74 3 77
3 56 3 61
1 16 1 68
1 1 3 48
1 7 3 28
1 59 1 75
1 41 2 75
1 17 3 64
3 78 3 78
2 31 3 31
1 31 3 35
3 22 3 49
1 31 2 77
2 53 3 76
2 10 2 44
1 4 2 12
1 24 3 57
2 14 3 46
2 15 2 32
2 54 3 61
3 28 3 69
1 68 2 71
1 34 1 36
3 18 3 56
3 51 3 74
3 53 3 73
3 67 3 69
2 12 2 12
1 52 2 57
3 48 3 50
1 5 2 78
1 3 2 51
2 43 3 56
2 11 2 69
2 70 3 72
2 21 2 75
2 46 3 63
2 44 2 53
3 46 3 63
2 53 2 65
3 64 3 68
2 62 2 77
3 48 3 57
3 33 3 33
1 39 3 46
1 37 2 51
3 35 3 71
1 25 2 71
3 59 3 59
3 25 3 49
1 62 1 73
3 76 3 76
1 21 1 61
2 11 3 32
3 44 3 49
3 52 3 71
1 74 1 76
2 24 2 71
3 70 3 72
3 45 3 57
3 13 3 55
3 48 3 65
3 57 3 59
2 44 3 56
2 24 3 31
2 45 3 69
1 76 3 76
2 39 2 58
2 71 3 74
2 67 3 72
3 60 3 62
3 42 3 45
2 74 2 78
2 34 2 64
