55 71 706
.....X...XX..X...........X.X....X..............X...X............X...XX.
.X..........X....X..X...X...X..X.XXXX.X...X..X...X.X....X.............X
...X.............X...X...X........X..X....X.........X.X.....X.X..X....X
................X.....X.......X.X.................X..X.X....X.X...X...X
....X...............X.....X............XX..............X...X....X....X.
..X...XX....X..X...X..........XX..XX....X...X..........................
.....XX...............X......X....X..XXX.....X.....XX.X........X.......
X...XS....................X...X.........XXX..............X...X.X......X
.X.X...X.......X.......X...........X.XX.................X...X..X.......
....XXX.X...........X..X..X.X..............................X....X......
X.......XX......X..X.......X..X....X..............X...XX....X......X..X
..X......X...X.X..X..X..X.XXX......X...X..X......X.....................
......XXXX..X.......X.X.X..X.X.....X..XX........X.................X.XX.
X..X....XX...X..XX....X..........X.....XX.X.X.......X...X.........X..X.
..X..X......XX..X..X.XX..........X.......X...........X....XX...........
..X.....XX.X..........X.XX..X..........XX..................X.....XXX...
...X.......X.X.X..X..X.X....XX..X..............X.............XX.....X..
....X...X.....X....XX.XX.....XX........X..........X............XX..XX..
.......X......X...........X........X.........XXX..X...........X........
.....X....X..............X..X....X.X....X..........X..XXX..X...........
X......X......X..X......X.....................X........................
......X....XX.....XX....XX.X..X..X...........X......X...X.X.X...X....X.
X.................X..X...........X....X.....................XX.........
....................X.X..........X.X.............X......XX..........X..
.........X.X...X....X..X.....X.X.......X..X..........X...X..X......X...
.....X..XX...............X.X..X.X...........................X...X......
X...X.................XX..X....XX..............XX...XX..XX.............
X.....XX...................X...........X.X.............X...............
X.....XX..XX.....X....................XX...................X...........
XX...X..X...X..........X..X.X..X.X..X................X.X.X.XX.X........
.............X.......X....XXX..................XX..................X...
...........XX.....XX...X.X.....................X...XXX....X.X..X.......
..XXX....X....XXX.X..........XX...X.....X...................X..X.....X.
.X....X...........X..X....X....X.........X....X.X.....XX........XX.....
...X........X...XX.............XX.X...XX............XX......XX.X.X.....
............X..........X....XX.........X....X..........X...............
.............XX.X..X....X......XX.....XX....X......X.....X.....X....X..
.X........XX.......X.................................X.X..........X.X..
............XX.X.X...X...X.......X.X...............X...X.X....X........
.X.......X..............X....X....X...X....X....X......................
.X.X........X...............X........XXXX.X...........X.X.....XX.X..X..
.X.X.....X...X..............X.........X....X.X.....X............X.....X
............X...............XX..X.XX.X..........XXX.X...X...........X..
.X.X..X...X..........X..X...X.X...X.X...X..X......X...X............X...
XX......................X.X.....X....X....X......X.....XX...XXX.X..X.X.
..X....X.X.......X.........X..........X...X.X.XXX..X......X..........X.
.X....XX.............XX.........X.X.......X.......X..............X...X.
......X..XXX.X........X.....X.....XX......X....X.XX...X...X........X...
.......X....X........X...X.......X..X......X........X..XX........XXX..X
............X...XX...X.....X...X..X......X........X....X.X........XX...
......X........X......X..................X.....X.X........XX...X.......
.............X..................XXX....X.....X.............X...........
.X..XXX....X..X...........XX.X....X......X....X.X.XX.....XX.......X..X.
......XX.....X.........X.....X.X................X.X.XX..............X..
X.XX......XX........X.XX................X.....X...X.....XX.X...X.X.....
49 70 55 71
9 65 38 68
42 70 43 71
18 25 21 61
48 10 55 44
31 9 52 57
52 69 52 69
14 26 28 61
37 36 51 66
17 19 53 71
2 47 37 47
4 19 12 63
12 14 42 16
35 51 43 59
7 44 15 59
46 19 46 53
25 4 34 18
18 29 30 48
42 51 49 54
6 39 33 48
4 60 42 67
27 23 54 33
44 16 44 39
10 8 45 68
29 71 32 71
43 17 46 44
35 69 46 70
44 48 51 63
27 22 44 29
53 28 53 46
18 41 46 69
11 1 43 58
30 38 43 42
9 48 55 69
46 54 53 62
18 37 35 52
31 64 39 67
43 58 43 66
45 28 48 32
39 54 49 67
40 62 46 64
31 60 52 60
25 68 45 70
19 44 32 48
19 39 44 43
48 9 48 46
32 46 41 50
11 70 47 70
36 50 51 71
27 4 49 54
44 65 45 66
53 36 53 58
40 19 48 50
40 71 47 71
20 39 50 61
2 57 23 69
22 9 46 58
41 67 46 67
20 67 34 70
17 12 31 22
25 3 45 48
5 66 37 71
46 33 51 48
29 47 36 60
55 49 55 68
10 23 37 55
33 69 33 70
40 61 48 69
16 4 51 66
39 17 51 69
25 42 42 49
37 40 40 40
32 30 50 38
35 47 44 65
8 12 16 36
44 70 46 71
3 1 34 38
54 67 55 69
55 44 55 68
6 36 46 37
48 70 48 71
13 15 52 36
52 43 54 55
47 27 54 38
4 52 42 69
11 61 19 64
20 21 32 42
51 39 53 57
12 32 50 51
42 69 45 70
26 3 52 53
44 3 49 9
15 8 45 22
51 57 51 65
20 21 38 61
9 5 37 64
10 27 32 64
50 26 50 63
41 30 45 41
51 46 54 63
10 36 55 49
53 52 53 56
44 5 45 20
36 66 41 66
6 59 53 66
51 35 55 46
14 15 31 67
42 46 46 60
18 33 25 58
53 43 54 47
29 16 40 71
6 49 42 49
4 5 38 38
32 30 33 55
41 31 47 46
6 14 21 18
6 21 8 42
15 46 35 57
21 22 35 43
14 56 24 60
46 28 53 65
27 50 38 65
27 45 46 60
26 9 33 58
29 17 52 57
25 66 46 67
50 68 50 69
42 7 43 19
17 71 55 71
28 18 38 71
33 38 51 58
45 21 46 57
38 20 50 48
54 59 54 65
32 53 45 58
43 61 47 71
43 32 48 33
54 52 55 57
47 28 53 44
53 34 54 67
50 39 52 43
49 36 50 50
12 27 49 38
11 21 48 34
24 58 55 64
35 2 49 37
54 47 54 58
12 54 35 66
3 61 18 71
40 67 47 71
43 1 46 26
43 30 46 34
50 21 51 39
18 4 34 32
20 68 38 71
36 39 38 42
40 43 50 51
15 52 37 71
49 31 49 45
50 30 50 61
43 7 44 49
52 45 52 46
16 61 50 66
2 33 24 67
41 28 41 35
35 4 53 53
33 62 41 71
24 11 38 48
40 55 40 65
31 51 45 51
28 5 47 49
12 1 14 61
10 50 11 53
2 14 33 49
6 54 8 63
2 1 14 25
4 51 12 64
24 62 52 65
52 62 55 65
23 23 36 36
49 23 52 61
7 35 23 37
26 48 27 55
25 45 33 57
38 32 51 64
2 22 4 54
22 31 55 53
24 4 47 18
46 1 55 32
32 55 42 56
44 45 52 62
45 59 53 64
13 20 36 69
12 21 21 22
3 39 46 64
50 46 54 51
21 58 49 66
31 53 39 63
55 52 55 71
29 49 41 67
45 57 52 58
1 20 46 30
45 34 50 42
1 24 54 53
37 44 40 47
54 2 54 68
43 48 44 54
42 25 48 58
38 57 50 70
17 12 37 61
15 20 27 44
45 68 46 68
47 59 50 68
39 21 48 65
45 55 53 62
7 27 35 47
31 30 36 46
31 71 32 71
44 7 51 8
40 1 52 8
50 9 54 41
38 10 41 59
23 65 26 65
10 43 13 45
54 3 54 16
25 7 42 61
13 65 55 67
11 40 35 53
24 16 42 41
2 47 19 69
30 14 52 16
44 8 47 38
40 13 53 70
24 33 27 51
27 71 27 71
15 20 36 54
40 14 49 55
13 59 13 59
9 11 17 57
13 53 17 57
33 30 34 42
23 34 26 64
12 40 23 43
52 5 54 33
42 12 50 70
34 61 47 69
43 48 49 58
33 27 50 58
15 56 37 71
33 60 41 62
45 25 45 54
21 55 24 59
3 9 50 27
42 28 52 38
43 48 50 63
18 71 26 71
22 40 34 42
20 2 24 62
5 69 33 70
47 5 54 70
17 7 18 21
19 28 38 47
13 28 47 45
27 43 47 64
8 40 17 47
50 60 53 68
22 49 39 64
38 65 55 66
17 26 19 65
15 6 16 55
6 13 12 23
25 18 55 31
17 29 44 65
48 23 51 67
22 16 45 70
49 59 50 71
28 15 42 47
42 43 45 51
45 38 45 46
34 26 38 71
23 11 31 48
17 19 42 28
27 33 54 44
8 25 42 48
41 54 47 57
10 19 49 28
7 51 32 62
21 68 41 69
37 13 37 42
19 16 20 59
38 22 55 27
55 21 55 69
2 52 38 52
42 41 55 57
1 43 42 61
14 49 25 53
26 18 28 51
26 41 48 63
10 9 10 49
13 20 39 56
30 33 35 35
48 33 49 35
4 44 19 49
3 56 40 60
51 58 52 66
13 2 17 58
28 65 46 70
39 65 48 66
1 12 25 29
14 19 15 64
22 41 46 69
55 35 55 35
39 15 49 47
24 12 33 55
35 14 55 68
49 19 53 56
34 44 51 69
53 57 53 60
25 12 35 19
50 1 55 30
49 58 50 71
8 16 8 69
14 4 29 18
16 8 23 13
32 37 42 49
25 9 37 21
47 30 48 70
29 16 34 60
33 68 42 71
39 18 39 43
3 55 30 60
46 56 46 65
43 68 53 71
4 62 12 63
33 44 42 47
35 49 49 70
19 20 29 20
10 59 28 70
17 71 42 71
34 59 48 61
7 39 27 67
54 46 54 71
39 18 49 40
5 6 35 28
51 53 51 68
11 42 52 48
14 41 46 54
11 18 53 43
53 69 55 70
41 6 42 14
7 38 49 70
21 25 51 70
44 48 52 62
20 18 25 49
22 65 34 68
3 47 39 52
18 10 32 44
41 63 47 70
19 40 32 70
49 19 54 52
17 46 41 58
36 1 49 15
25 10 31 69
23 51 44 58
40 10 45 63
43 4 49 8
44 60 45 66
14 17 34 43
31 53 36 65
24 26 53 65
1 35 19 71
18 7 50 69
49 29 52 38
27 13 34 34
38 24 48 64
40 39 45 55
49 47 49 58
24 46 30 57
29 22 38 48
19 53 45 66
35 44 54 45
48 43 52 66
33 17 51 62
52 5 52 70
45 44 45 69
41 67 43 70
2 55 4 65
36 66 55 67
8 46 30 51
13 41 28 54
30 30 45 47
45 55 53 69
38 71 53 71
28 4 36 55
6 26 50 49
14 24 18 39
48 67 50 71
15 55 29 56
23 1 47 27
49 23 54 49
44 40 47 66
46 64 53 67
15 59 31 66
19 62 34 62
33 9 55 10
53 65 53 66
39 58 46 59
22 47 23 62
19 51 19 57
44 18 47 66
7 44 21 62
54 47 55 66
6 70 44 71
43 67 50 67
19 32 31 65
53 19 54 60
2 44 49 71
30 5 42 37
46 37 48 51
10 46 25 63
35 46 37 54
49 4 53 39
48 31 55 34
41 12 48 49
55 38 55 40
14 67 30 67
36 16 36 33
24 18 53 34
34 48 53 60
48 6 53 31
22 25 32 70
33 65 49 68
8 55 20 63
23 28 40 71
29 35 37 65
16 33 29 58
13 41 52 71
32 70 48 71
3 15 52 65
8 15 26 54
47 24 48 29
4 46 23 70
39 34 44 55
51 35 53 50
29 27 31 36
34 3 47 59
23 22 38 51
18 45 20 48
43 16 43 46
3 33 48 56
48 29 52 57
10 44 19 65
28 37 46 70
33 38 46 55
26 17 35 67
1 71 40 71
14 70 28 71
11 31 34 41
37 11 47 12
12 12 36 37
42 70 52 70
7 68 47 70
5 4 36 45
42 10 54 14
28 14 30 23
24 35 44 56
12 47 35 48
35 22 37 40
32 35 46 70
2 52 52 66
36 71 39 71
41 3 46 40
32 9 36 65
45 27 45 31
7 69 46 71
54 38 55 47
47 35 49 64
52 66 52 71
30 24 39 29
3 6 28 8
36 7 54 14
25 6 48 68
52 11 55 15
33 9 42 67
35 34 50 70
35 54 46 57
13 68 22 71
45 54 46 66
24 55 24 65
44 3 48 46
48 70 50 71
47 38 54 40
34 28 41 28
31 13 55 64
30 70 42 71
36 6 40 69
24 53 51 64
39 21 42 69
1 71 34 71
9 64 31 66
24 40 32 64
31 37 54 57
46 15 55 27
48 26 54 68
45 18 50 40
48 62 48 62
3 1 39 44
36 28 36 32
30 53 47 60
55 70 55 71
18 25 18 46
4 60 49 69
1 71 47 71
14 3 49 45
15 63 43 70
24 4 46 41
1 68 9 70
26 6 34 49
12 67 32 69
13 31 24 37
4 2 13 59
15 51 41 66
40 59 55 68
13 32 22 51
20 53 46 58
2 9 23 28
5 59 17 66
28 25 43 65
40 14 49 62
36 65 51 71
7 10 35 65
42 12 45 32
10 28 12 65
38 33 38 49
14 66 27 67
40 57 51 60
49 36 51 70
28 25 41 29
20 63 46 67
3 39 54 42
3 24 20 32
55 39 55 63
50 27 54 59
27 62 45 67
21 21 36 35
21 58 25 71
42 44 43 48
27 36 43 41
23 34 48 71
3 46 20 58
9 39 49 53
14 12 36 67
13 24 37 40
41 37 41 46
3 53 32 67
17 62 29 62
5 12 25 32
46 57 48 67
39 65 44 71
19 43 44 50
15 29 23 39
46 65 55 68
43 2 48 38
15 40 35 50
19 68 34 70
46 3 52 61
17 55 17 55
4 30 35 51
5 42 43 65
50 3 52 67
24 47 49 55
7 4 13 30
15 6 25 58
20 39 47 67
5 70 14 71
50 47 54 66
26 28 34 44
7 31 38 64
34 44 42 57
6 8 46 61
3 16 39 56
38 26 50 52
9 67 33 70
30 49 33 51
19 40 27 56
39 58 39 69
30 9 40 14
41 26 50 59
14 28 20 48
15 24 30 35
46 60 52 70
2 29 12 57
4 46 24 55
46 56 53 70
34 43 40 46
55 2 55 2
8 35 22 58
24 4 28 23
15 30 18 47
2 24 37 46
1 10 14 55
42 66 46 68
52 62 52 67
38 70 42 71
42 34 44 68
40 68 44 68
23 34 30 67
43 63 46 68
41 46 54 63
32 5 34 47
2 53 8 69
36 62 48 69
17 40 33 71
29 47 49 71
14 5 54 54
45 58 47 66
3 14 17 67
48 33 50 37
49 68 55 68
48 32 50 50
50 5 53 63
13 67 53 70
42 22 43 23
55 15 55 59
6 62 53 70
40 17 50 52
24 38 32 55
53 35 54 41
52 6 52 68
46 33 52 43
31 60 38 67
7 41 26 50
41 54 51 67
43 31 47 62
10 13 15 62
10 7 15 50
52 33 55 55
35 50 54 70
6 71 47 71
28 8 34 35
8 6 55 64
9 56 12 59
14 26 14 40
10 39 48 59
5 70 15 70
51 65 51 69
3 33 4 38
26 23 39 29
15 64 29 67
17 49 32 65
35 70 49 70
24 6 29 11
12 34 34 41
12 12 19 30
19 30 38 69
16 40 52 49
18 5 41 22
6 66 36 71
22 71 49 71
45 66 46 70
3 15 41 71
19 31 22 48
35 43 48 57
12 32 44 71
1 48 27 60
34 45 39 52
13 16 45 25
42 51 46 67
23 66 37 66
3 23 28 42
50 57 52 71
16 13 28 34
45 71 50 71
13 35 43 66
43 56 49 67
53 34 53 67
46 31 46 31
38 18 42 31
46 67 51 67
24 25 44 32
10 48 35 55
8 14 43 62
22 57 50 58
46 46 46 68
32 13 35 28
37 1 50 71
46 34 46 71
32 47 44 51
38 56 52 59
49 21 52 44
51 51 53 53
18 43 22 68
53 32 53 66
20 13 37 64
24 6 27 18
18 3 26 50
3 38 50 62
33 68 51 68
26 5 38 32
8 28 45 58
39 26 55 26
44 46 51 52
14 22 16 56
49 46 52 52
5 36 30 63
15 44 51 66
