79 20 1259
....................
....X.X....X........
.....X.......X......
..X.X............X..
...............XX...
....X.....XX........
......X.............
...X...X.....X......
......X..X.....X..X.
....X.........X.....
............X.......
.X..........XXX...X.
....................
.X...XX....X..X..XX.
........X...X......X
XX....X....X........
X...X..X...X........
X....X..X..X..XX..XX
X.................X.
...........X....X...
.....X.....X.X...X.X
......X...X.........
X....XX..X..........
................X...
.................XX.
....X.X..X......X...
..X......X..........
.......X............
........X...........
....X...X.X.........
..X.........X....X..
.........X..........
X..X..X...........XX
.XX.X..X.X........X.
......X........XX.XX
..............X...X.
.....XX...........X.
XX.X.X.......XX....X
.........X..........
X....X.XX...X...X...
.........X.....X...X
..X.....X.......X...
.......X.X..........
.......X..X.......X.
..X...X...X.......X.
..X........X........
..XX.......XXX.X..X.
.....X..............
......XX......X.X...
.XX.............X.X.
.......X..........S.
........X.....X.....
.X........XX........
.X....X.X.....X..X..
....X.X.....XX......
........X.X...X.....
....X........X..X...
..X..X..X.........X.
........X....X....X.
.............XX.....
...X.X......X......X
...XX...X.......X..X
..X...............X.
...X...X..X..X.X....
.........X.X.X.X....
.....X.......XX.....
..X.................
........X.XX.X.X.X.X
..X......XX......X..
.......X.......X....
..............X.X...
................X...
.X.....X........X...
....X...............
.X...X...X.X.X...XXX
X...................
......X......X......
...................X
..X....X....X.X.....
21 2 61 3
66 2 71 17
66 19 66 20
75 5 76 16
11 7 30 19
61 8 62 13
72 11 73 12
25 11 51 18
71 20 78 20
22 20 66 20
41 19 52 20
71 7 77 19
69 17 78 20
76 14 76 15
49 7 50 20
18 6 49 6
11 18 69 18
30 15 70 16
15 19 78 20
10 18 76 19
67 3 72 13
11 13 63 20
3 15 33 18
55 12 65 15
4 12 30 13
52 5 79 18
1 11 79 12
31 1 58 17
75 5 79 10
51 8 77 8
35 11 42 20
12 15 67 20
56 18 66 20
25 8 70 13
45 3 66 5
40 12 62 20
69 12 73 19
37 11 61 11
68 16 70 17
34 10 34 18
66 13 72 13
1 15 33 20
68 8 79 12
34 7 43 11
1 2 40 5
22 2 42 17
41 4 61 19
44 5 52 11
24 12 73 17
77 7 79 15
40 13 52 15
64 10 66 12
2 9 73 14
53 9 69 15
45 9 63 17
60 17 68 17
44 19 59 19
26 6 73 12
48 10 55 11
24 14 43 14
4 20 79 20
10 5 67 16
33 19 38 20
64 17 66 20
74 14 78 19
14 2 46 17
38 3 78 4
33 6 47 6
36 20 49 20
32 9 53 14
31 20 78 20
42 13 74 15
34 2 45 9
76 14 79 20
31 17 47 19
45 10 63 20
11 8 70 13
69 1 72 16
76 10 76 17
55 1 66 10
48 2 49 14
10 10 64 16
31 15 59 18
57 2 73 14
4 20 11 20
27 6 55 12
59 4 66 7
15 6 37 16
58 10 66 12
74 19 79 19
65 1 67 16
10 11 63 13
2 12 38 16
66 3 70 20
52 10 72 11
34 2 35 19
7 2 34 18
71 4 78 17
34 4 48 13
15 12 19 20
41 12 78 14
4 3 55 11
34 9 77 13
6 4 26 15
16 7 18 18
50 13 77 19
3 10 7 19
58 9 64 16
17 13 25 13
72 1 72 2
67 4 74 17
77 1 77 12
25 11 39 12
27 18 55 19
49 1 53 4
69 3 74 16
11 6 38 18
30 10 67 19
3 15 56 19
32 14 40 16
10 4 13 20
60 20 63 20
23 12 28 16
3 8 67 8
49 19 71 20
68 4 72 8
19 2 19 13
41 4 50 20
15 14 29 17
5 10 5 19
17 8 51 11
17 14 24 16
44 17 50 17
73 2 73 15
41 5 63 18
46 14 58 17
46 11 57 11
23 4 51 9
65 19 68 19
77 4 79 16
42 10 44 13
50 4 54 10
25 13 37 16
41 5 63 14
56 1 69 18
8 2 18 20
53 19 76 19
65 7 65 19
53 8 63 14
10 15 24 20
46 9 70 18
50 7 75 7
12 19 54 20
68 1 71 13
65 15 72 15
50 17 70 17
3 14 7 20
43 13 77 20
33 2 39 11
29 14 49 20
36 10 42 16
63 4 69 19
71 8 77 19
79 4 79 15
44 9 68 9
4 20 30 20
61 10 79 17
64 13 66 18
59 4 68 7
58 3 77 6
36 4 60 9
68 4 76 20
3 12 26 16
78 8 79 19
62 19 79 20
56 8 75 20
17 15 76 17
52 2 61 16
44 9 49 17
12 15 55 16
42 7 71 11
49 19 70 19
30 12 59 12
76 8 79 17
61 10 70 12
2 6 26 19
46 18 46 18
64 7 76 20
28 10 45 19
35 15 66 16
22 9 79 9
77 8 78 12
79 10 79 14
68 14 72 16
79 20 79 20
63 15 76 17
25 1 57 10
4 15 75 16
31 11 56 17
40 12 46 17
13 13 15 20
49 2 79 19
51 10 64 16
30 7 71 14
34 13 45 15
73 11 78 14
78 16 79 16
46 12 54 14
2 9 15 11
24 10 52 15
68 19 71 20
60 7 76 15
71 17 76 20
77 4 77 6
71 6 78 8
23 17 46 18
35 9 78 14
21 3 29 4
30 6 79 14
59 8 60 17
44 1 66 2
3 8 6 11
12 9 35 13
36 9 72 13
9 13 28 14
15 20 56 20
54 8 55 8
58 9 79 10
58 18 69 20
42 1 49 11
51 19 56 20
6 14 48 14
25 2 53 11
65 9 74 17
52 15 62 16
12 14 21 16
58 2 62 2
79 15 79 18
54 10 66 17
40 16 49 18
8 7 29 8
58 10 75 20
13 6 67 11
12 15 50 16
19 15 47 19
4 16 33 16
6 17 20 20
35 5 38 5
41 16 51 18
10 20 72 20
77 5 77 10
44 1 45 20
55 9 67 18
32 14 35 20
6 16 45 19
19 3 31 6
77 17 77 18
7 10 17 10
6 4 46 5
41 15 52 20
21 6 59 16
40 20 75 20
45 8 71 17
10 13 19 18
63 19 79 19
75 20 76 20
28 16 39 17
56 9 58 17
25 16 35 19
11 14 64 16
55 16 73 18
31 11 33 11
56 13 69 20
26 6 27 11
17 8 46 17
70 16 71 18
66 14 66 15
71 9 75 16
7 4 25 18
59 6 70 13
3 19 37 19
46 1 74 15
28 20 54 20
52 14 75 15
14 4 39 17
14 19 70 20
28 20 66 20
63 9 65 18
71 13 73 19
24 12 36 17
28 20 50 20
61 9 69 15
15 2 35 16
51 6 71 20
10 16 38 16
28 4 45 17
18 4 55 6
78 19 78 20
70 5 77 15
32 12 78 20
72 1 77 9
2 14 79 15
3 13 54 19
5 15 12 18
35 14 75 15
19 6 31 13
63 10 79 17
74 8 75 18
13 20 68 20
24 1 65 19
67 6 74 18
77 7 79 10
31 18 33 18
2 18 70 18
67 7 74 13
5 8 52 15
67 7 75 19
47 17 54 20
75 8 75 13
30 3 67 10
33 13 72 19
11 18 14 18
75 20 76 20
28 16 77 20
60 19 77 20
16 13 66 14
35 9 61 13
67 11 78 17
54 12 78 12
18 2 28 17
62 18 70 18
59 8 61 19
46 6 65 8
54 13 76 16
31 19 60 19
27 7 74 16
16 4 33 20
30 10 67 11
14 4 42 11
73 12 74 17
26 2 31 14
34 2 64 15
51 5 69 17
56 11 61 17
74 8 79 8
31 11 66 18
68 10 72 16
31 13 77 19
12 19 36 19
43 10 49 16
39 7 66 20
47 20 70 20
13 17 33 20
69 20 73 20
37 20 78 20
71 10 77 19
19 15 64 15
46 19 54 19
61 14 66 14
64 1 69 14
72 1 75 3
20 9 42 15
14 15 27 18
50 3 57 15
24 12 72 15
60 5 69 10
40 4 75 9
51 11 57 16
8 10 69 16
57 18 60 19
26 2 76 4
2 16 59 20
51 9 73 19
28 10 60 10
10 19 29 19
61 4 77 16
21 15 28 20
53 12 77 18
4 13 43 17
35 6 66 12
44 10 54 13
66 20 69 20
64 3 78 18
4 18 79 19
76 1 76 20
7 10 25 16
50 20 75 20
32 4 76 16
24 7 78 16
5 14 56 14
17 18 25 20
7 20 25 20
60 10 66 12
60 12 64 16
69 8 75 12
17 10 36 10
22 5 68 15
77 4 78 17
25 6 38 14
69 14 70 19
39 20 62 20
64 6 75 17
57 4 64 8
35 5 46 19
47 11 59 18
4 14 32 16
76 2 78 14
4 5 44 6
68 14 75 16
35 9 62 13
66 8 69 8
29 11 41 13
8 13 71 17
73 17 73 17
79 18 79 20
70 12 78 16
55 16 75 19
77 8 79 18
67 1 67 9
73 18 77 19
11 16 65 18
33 8 57 18
15 3 43 3
20 15 41 19
57 11 59 14
42 7 42 8
69 5 71 14
49 17 49 18
78 14 79 14
32 11 70 18
26 4 45 18
62 2 66 11
45 6 75 8
55 10 70 12
25 18 32 19
11 1 20 2
46 9 75 13
1 11 43 11
59 5 77 15
61 18 72 20
29 13 60 14
59 14 61 18
52 11 54 16
42 20 53 20
3 17 42 17
73 15 76 17
75 18 79 20
3 5 14 7
79 12 79 19
43 14 77 18
22 13 55 14
15 8 78 10
13 12 74 13
47 11 72 16
57 19 64 20
51 17 77 18
11 4 48 9
18 2 46 9
13 18 60 20
44 13 56 20
73 16 75 18
52 3 64 8
75 9 76 18
52 18 75 18
10 4 57 19
45 14 64 19
33 8 35 19
48 1 59 9
40 16 65 16
3 3 33 16
66 3 70 12
74 14 74 15
52 16 77 20
61 15 79 16
51 18 63 19
47 2 64 19
30 16 70 19
29 16 76 17
35 14 44 17
2 11 65 12
66 16 78 19
7 4 46 7
15 17 31 18
74 15 78 20
54 12 73 15
38 9 40 19
32 4 65 5
75 20 78 20
1 13 73 13
40 5 70 5
3 19 60 19
42 16 56 17
31 17 32 20
5 6 60 9
60 15 78 16
61 14 73 19
57 6 60 11
44 14 44 20
54 2 69 7
38 5 61 20
44 6 58 20
58 4 66 12
20 10 34 18
70 7 74 15
25 7 25 19
75 4 79 18
7 1 56 11
52 11 52 14
56 15 56 17
41 18 42 20
65 1 72 19
33 1 65 4
30 16 40 19
56 14 60 20
58 13 60 19
54 17 65 17
60 9 60 11
79 16 79 16
54 1 57 16
44 15 49 15
35 6 76 9
54 4 70 5
50 13 61 19
38 3 53 10
25 14 53 17
63 14 71 17
8 16 56 19
29 9 29 10
74 19 79 19
53 2 71 13
63 16 74 17
61 9 63 19
60 8 78 11
72 4 78 4
68 8 77 17
23 4 78 8
71 18 71 19
19 5 78 11
7 13 48 15
37 4 45 16
36 19 41 19
70 19 75 19
46 5 72 11
75 19 77 20
25 12 74 12
26 4 33 17
22 13 26 20
64 7 76 20
40 5 54 12
59 10 78 10
36 5 70 9
44 18 48 20
28 14 41 14
16 19 71 20
21 6 23 17
72 18 73 20
63 16 72 19
74 1 78 6
9 10 26 20
50 1 50 8
34 1 35 10
54 2 61 3
28 19 60 19
31 6 67 7
3 15 6 20
23 9 59 15
64 3 64 14
34 9 60 14
59 16 73 19
2 10 15 20
54 16 61 19
15 1 42 2
77 10 78 20
20 5 33 17
59 20 77 20
50 16 56 16
77 4 78 16
53 14 70 14
54 13 74 16
40 13 76 18
46 9 57 9
72 5 79 6
13 18 14 20
55 12 56 14
35 11 60 15
40 2 61 9
31 7 68 20
4 5 21 19
65 5 68 14
27 1 75 16
32 16 40 16
4 9 67 18
41 11 41 18
44 18 54 20
22 13 46 16
25 6 56 19
49 9 75 15
6 13 49 14
75 6 75 13
43 5 66 13
42 15 71 19
53 7 72 8
1 11 45 12
45 3 76 14
49 17 72 17
36 6 50 9
71 8 78 20
52 14 55 18
11 16 78 20
15 16 68 18
53 1 65 17
56 12 71 17
43 18 54 19
45 7 79 19
57 2 64 15
59 3 79 6
2 12 59 16
21 1 52 15
46 16 53 17
50 1 54 13
42 7 70 16
26 8 48 14
62 9 71 17
72 4 76 10
43 9 71 19
14 10 15 18
1 15 51 17
26 2 38 18
13 11 67 14
55 18 59 20
75 16 77 19
33 14 59 15
73 2 77 3
18 4 73 19
65 18 78 20
19 20 61 20
60 9 62 9
29 4 44 10
25 8 55 8
17 4 40 9
24 19 48 19
21 14 25 17
75 1 75 10
24 14 63 16
35 6 78 6
66 18 74 18
65 11 66 11
67 18 71 19
31 13 69 20
67 16 74 17
20 1 74 1
20 4 50 17
71 4 71 20
22 4 22 17
45 7 74 7
54 4 67 8
50 19 69 19
13 2 18 4
15 1 69 1
39 10 58 14
57 18 65 19
54 6 61 19
17 11 78 15
39 19 69 20
28 1 75 14
1 13 57 17
46 9 73 10
58 5 60 13
36 20 71 20
31 1 59 17
65 3 65 13
37 13 59 17
41 11 62 12
13 3 27 10
11 1 15 10
41 16 78 18
29 10 64 14
63 20 73 20
37 16 42 17
70 17 74 19
21 10 24 13
70 3 79 18
7 18 62 19
60 7 74 12
9 17 75 20
17 7 33 20
31 12 69 16
77 12 79 17
61 17 76 19
50 2 79 10
33 19 79 20
30 3 69 19
41 12 60 20
30 15 46 19
11 5 49 8
38 11 69 17
19 8 53 15
75 2 76 20
64 8 64 12
46 6 50 14
4 19 69 20
4 2 56 4
17 19 25 20
24 7 59 8
21 3 56 8
5 1 24 12
40 1 65 19
58 2 77 10
17 19 23 19
27 18 28 18
28 16 62 18
40 15 68 16
75 15 77 15
50 14 51 17
59 19 66 19
48 10 51 11
15 3 62 4
61 19 74 20
72 2 79 19
35 16 60 19
63 11 75 12
10 10 22 11
22 13 45 19
37 11 72 13
19 7 67 19
20 7 72 9
72 12 74 18
33 12 52 19
20 11 29 13
67 15 68 18
6 3 37 7
26 19 58 19
73 11 75 16
12 8 28 10
53 18 53 18
27 5 31 14
10 7 64 19
77 15 78 15
61 10 76 16
26 12 57 16
58 19 67 20
49 13 61 20
58 9 79 20
13 18 18 18
74 16 75 20
15 5 16 17
11 16 74 20
44 2 75 7
41 8 78 19
65 18 71 20
48 16 48 18
60 19 67 20
11 8 42 19
46 2 52 2
15 19 31 19
34 15 64 18
28 13 74 14
23 12 67 16
47 19 62 20
23 5 31 10
58 13 74 20
67 8 77 14
69 18 75 19
45 9 45 12
38 6 54 15
23 5 78 13
34 14 51 19
70 11 79 18
53 3 57 17
55 17 66 17
42 2 54 11
12 19 20 19
43 16 48 17
74 19 77 19
10 13 73 18
5 1 61 11
52 4 78 20
33 16 60 16
75 17 78 20
78 13 78 18
75 1 77 6
30 14 43 18
5 9 20 11
1 3 36 20
27 18 57 20
70 14 73 18
43 9 51 16
70 15 71 19
26 7 34 19
20 16 51 20
37 13 77 18
73 2 75 8
31 16 77 16
64 13 70 15
30 1 54 20
2 18 19 18
56 17 65 20
20 3 66 11
49 6 66 16
16 4 44 11
66 11 74 13
32 19 38 20
19 18 19 20
34 13 37 16
48 8 74 19
29 14 47 15
19 6 79 20
41 7 55 18
44 17 57 19
42 6 54 16
28 2 69 9
27 20 77 20
74 3 75 6
42 1 57 2
59 7 68 16
78 19 79 20
38 16 59 17
27 6 29 7
76 15 78 19
30 3 43 16
30 18 71 19
20 1 79 4
48 16 54 16
76 18 77 19
35 15 36 19
28 9 78 15
10 12 35 20
11 11 35 18
28 13 75 16
62 12 64 16
67 17 72 20
61 2 66 20
70 18 72 20
65 17 72 18
56 10 66 20
79 7 79 19
49 20 78 20
3 20 44 20
30 19 67 20
38 10 45 14
29 18 36 18
13 13 58 14
27 3 61 15
43 7 49 15
30 4 41 18
79 9 79 9
57 4 77 14
22 10 30 13
36 10 45 14
44 6 67 16
42 17 54 17
21 8 72 10
72 12 79 16
40 1 62 19
14 14 73 20
41 7 56 10
55 6 65 17
53 6 65 12
35 20 79 20
75 8 77 19
56 20 64 20
37 2 51 17
18 5 28 8
79 20 79 20
76 6 78 17
2 15 76 17
44 14 79 16
79 13 79 13
47 17 77 17
55 3 68 20
15 7 35 7
61 13 73 19
52 15 71 16
39 12 41 18
54 9 61 17
43 3 76 5
21 17 25 19
32 8 55 20
73 10 74 19
65 14 78 18
75 16 75 20
8 14 38 19
41 15 43 18
2 12 13 19
33 18 59 18
56 2 62 17
20 5 79 15
66 20 67 20
40 17 66 18
54 11 72 18
41 15 53 15
17 14 77 14
12 7 38 14
71 11 75 17
24 16 74 20
64 2 73 4
18 2 74 16
7 1 9 3
77 14 79 18
10 4 50 9
74 17 74 18
2 1 63 5
25 16 62 18
43 20 71 20
44 4 62 18
64 15 78 19
25 10 38 18
22 10 29 14
58 19 64 19
5 8 14 15
10 12 33 12
3 6 56 8
39 10 77 20
61 2 70 20
46 6 46 10
67 20 71 20
18 13 78 20
76 6 78 6
43 16 47 17
23 8 43 20
7 8 39 10
70 8 71 8
43 2 68 6
70 3 71 3
59 11 68 12
75 17 76 17
52 12 62 15
18 19 56 20
5 6 56 6
65 3 70 18
44 18 75 20
31 6 38 7
32 5 44 15
4 12 57 20
23 20 24 20
22 18 53 18
54 13 61 13
13 2 65 9
47 15 48 18
17 13 74 15
43 12 67 19
30 15 46 17
53 1 57 2
1 14 15 17
25 3 56 9
3 18 30 19
34 8 69 16
73 12 77 19
45 15 76 15
16 3 33 18
23 6 73 9
1 9 51 9
36 7 48 7
43 17 56 17
33 5 41 15
66 4 75 16
45 6 69 19
27 18 41 18
65 8 75 20
77 17 78 20
7 2 7 11
59 1 75 8
39 18 76 18
4 20 32 20
70 2 79 14
18 14 45 14
55 9 62 9
13 5 76 11
8 13 44 14
20 9 46 20
27 16 38 18
45 4 50 13
71 9 74 17
74 19 79 19
62 3 73 18
63 17 73 18
9 17 38 17
11 6 44 12
8 10 61 20
28 9 42 14
19 13 57 14
50 7 55 7
2 1 2 1
69 10 79 19
54 17 71 20
7 10 33 12
72 16 77 20
4 5 24 15
72 14 78 17
60 8 61 10
61 19 69 19
71 15 75 20
10 2 18 6
38 3 72 19
26 2 74 18
20 18 32 19
25 14 37 20
33 1 48 12
33 2 43 8
63 8 66 11
30 18 73 19
49 4 68 17
61 13 62 16
71 11 71 16
12 7 46 9
74 14 75 19
5 12 18 15
30 1 48 12
66 3 75 19
79 6 79 6
1 8 13 12
23 9 61 12
74 8 78 9
59 3 64 16
64 11 74 14
28 7 60 10
22 4 32 5
22 3 55 10
12 15 40 16
76 3 78 5
16 5 56 19
63 9 68 9
26 15 47 15
71 16 75 18
77 2 78 10
66 1 72 5
39 6 70 13
39 20 54 20
19 10 25 20
69 7 73 17
27 10 47 20
24 10 55 19
70 15 76 17
72 15 79 19
54 2 55 5
31 11 63 12
76 16 78 19
77 1 78 5
5 14 13 14
55 17 69 18
42 13 67 14
40 2 50 19
58 14 75 14
41 13 55 19
53 14 78 18
18 4 60 9
68 2 73 11
8 15 74 15
42 3 55 15
18 16 23 16
20 10 32 14
9 8 21 15
47 4 55 19
23 19 59 19
49 14 73 14
68 18 75 20
63 1 79 13
24 11 31 12
8 15 68 18
16 7 51 20
34 19 68 19
62 6 79 8
46 11 52 18
75 5 76 6
46 8 79 14
42 10 67 11
59 15 61 19
62 6 79 10
34 9 48 11
8 1 66 15
78 8 78 13
71 17 75 20
68 15 73 16
15 2 66 4
28 20 68 20
30 13 56 18
46 8 47 18
53 8 58 10
28 13 60 14
71 16 74 20
70 10 76 17
58 1 65 11
6 1 27 5
71 13 76 18
67 20 70 20
15 16 22 17
70 10 76 11
18 20 20 20
31 17 50 17
69 1 77 15
2 19 60 19
51 9 58 15
63 7 71 16
25 8 25 15
11 7 24 7
43 12 43 18
27 1 61 4
50 9 53 10
72 20 76 20
51 9 53 20
9 19 24 19
4 4 33 20
53 9 61 17
35 16 72 16
54 13 59 15
38 2 40 20
6 18 54 19
57 13 72 13
48 3 76 20
56 17 75 19
12 15 35 17
40 5 66 18
18 13 21 14
75 14 76 15
62 12 66 17
53 18 60 20
15 19 78 19
6 18 76 20
54 9 60 18
54 6 67 12
51 5 70 9
12 11 29 15
21 7 54 7
25 7 50 10
74 19 77 19
33 15 78 16
52 20 68 20
15 11 19 13
48 6 51 8
36 16 41 16
59 5 73 6
39 8 65 16
63 4 75 18
44 8 56 9
16 3 29 9
51 4 55 18
9 15 77 19
44 6 79 17
71 12 79 13
9 14 9 17
64 9 76 13
22 1 39 10
66 14 75 14
39 14 78 18
66 16 68 18
42 19 71 20
11 19 42 19
74 15 77 16
18 10 30 13
1 3 76 9
77 13 77 14
17 7 46 20
77 13 78 18
52 17 62 20
73 19 75 20
45 5 77 20
64 20 74 20
21 17 33 17
17 5 59 7
49 1 65 14
15 3 15 15
30 7 69 7
24 18 66 20
55 12 60 19
29 5 33 13
34 19 36 19
50 4 61 18
42 4 57 8
15 16 15 17
2 10 10 16
44 10 50 16
54 18 56 18
48 3 49 16
62 2 79 14
23 8 27 19
43 10 51 18
30 10 77 17
25 8 66 12
62 7 63 16
52 13 70 18
59 14 72 19
28 5 41 13
39 17 69 18
61 9 79 10
77 1 79 14
14 19 17 20
42 11 49 19
39 12 63 16
28 8 72 16
8 16 22 20
44 13 49 17
33 16 65 19
10 19 55 20
12 2 77 6
25 12 57 14
21 15 28 15
25 3 44 10
59 19 59 19
20 14 73 16
23 3 58 6
7 18 27 20
77 2 77 14
47 16 52 17
76 10 79 20
69 18 74 20
51 18 61 18
30 7 55 9
12 15 59 16
21 9 26 12
58 1 58 1
7 10 45 16
47 18 52 18
58 13 71 15
46 2 66 2
61 4 77 12
38 19 40 20
20 1 76 11
75 1 75 9
30 15 39 17
6 6 67 12
15 20 62 20
74 10 74 12
30 10 74 17
9 15 76 15
7 20 73 20
44 9 55 16
69 17 73 19
13 18 38 18
74 8 79 19
74 18 76 20
35 12 72 19
72 3 76 8
74 4 75 18
6 5 58 20
68 19 75 19
75 10 75 12
75 20 77 20
64 19 74 19
15 2 38 7
75 4 79 10
7 8 61 17
44 2 64 5
7 5 42 12
65 19 79 19
25 12 25 17
10 20 26 20
66 4 77 7
8 16 8 16
38 16 52 16
23 15 38 19
70 15 72 16
23 16 41 16
57 9 71 12
8 9 21 12
40 18 59 19
10 14 12 19
39 13 71 15
60 16 77 20
36 18 74 19
