32 4 1967
....
.XX.
...X
....
....
X...
....
.S..
...X
....
....
....
....
....
XX..
...X
...X
....
....
....
....
.X..
....
....
....
....
.X..
X..X
....
..X.
....
.X..
31 4 31 4
21 3 23 4
3 1 19 1
24 4 32 4
22 2 28 2
21 3 30 3
31 2 31 3
18 4 27 4
1 4 27 4
19 1 30 1
2 4 15 4
30 3 31 3
8 2 24 3
23 2 26 2
22 1 29 3
4 4 13 4
18 1 26 2
9 1 28 3
2 3 5 4
11 3 24 4
9 4 29 4
16 2 22 2
13 1 32 2
29 4 32 4
19 4 28 4
22 2 24 3
32 4 32 4
32 4 32 4
25 3 27 3
1 4 18 4
3 3 21 4
29 3 30 4
3 3 19 4
26 4 28 4
30 2 30 4
28 3 31 4
24 4 27 4
9 3 26 4
24 1 24 4
5 2 7 2
2 4 32 4
21 4 31 4
26 1 26 4
31 3 31 3
7 1 16 4
8 3 18 3
13 1 19 2
20 2 31 3
16 2 30 3
8 1 13 4
23 2 26 4
10 4 21 4
5 4 8 4
30 1 32 2
32 2 32 2
10 4 20 4
14 2 21 3
18 3 21 4
18 3 28 4
28 2 29 4
18 4 32 4
12 3 29 3
19 1 23 3
7 3 8 3
26 2 32 2
19 2 27 2
13 2 21 3
21 2 30 4
15 1 25 2
17 3 27 4
6 4 12 4
12 3 20 3
23 4 29 4
12 3 29 3
6 3 26 4
21 3 29 4
26 4 28 4
13 1 27 3
23 1 28 1
24 1 26 1
2 4 29 4
27 1 29 1
32 4 32 4
29 1 32 2
21 4 26 4
32 3 32 4
8 3 9 4
11 4 15 4
28 4 28 4
2 4 23 4
24 3 26 4
11 1 18 4
31 1 32 2
11 3 21 4
24 3 24 4
5 4 23 4
6 2 7 3
1 4 28 4
15 3 15 3
1 1 23 4
25 3 25 4
12 4 26 4
7 3 16 3
7 1 29 1
31 1 32 2
22 2 27 4
6 4 8 4
31 3 31 3
1 3 31 4
6 2 19 3
22 1 24 4
16 4 20 4
8 1 9 2
3 1 7 1
28 3 28 4
3 2 17 4
25 3 25 4
22 2 27 2
3 4 29 4
32 3 32 4
31 2 31 4
7 1 31 4
18 2 23 2
15 3 15 3
1 1 6 2
29 2 32 2
16 1 20 1
23 4 31 4
6 1 29 2
2 2 7 2
6 3 32 4
2 4 4 4
23 1 24 3
28 4 29 4
28 2 29 3
22 3 23 4
28 1 31 1
20 1 30 4
26 2 29 2
28 3 32 4
29 1 29 1
18 3 18 3
8 1 18 2
28 2 30 2
1 2 20 4
30 4 31 4
13 1 24 1
30 3 30 4
18 3 31 3
32 4 32 4
19 1 31 1
9 3 22 4
22 4 25 4
31 2 31 2
32 2 32 3
6 1 18 2
22 2 32 3
4 2 17 2
29 3 32 3
30 1 31 1
26 4 29 4
23 4 30 4
17 4 21 4
22 3 22 4
9 2 30 2
32 1 32 1
6 1 32 3
25 4 28 4
13 1 26 4
7 4 7 4
2 3 24 3
14 3 27 3
12 4 31 4
19 1 28 1
14 1 16 1
28 1 32 4
15 3 18 4
13 4 18 4
18 4 31 4
12 1 30 3
30 3 31 3
30 2 31 2
22 2 24 4
6 3 31 3
32 3 32 3
11 2 32 4
2 1 2 1
18 3 21 3
31 3 31 3
31 1 32 2
29 1 30 2
24 2 25 3
1 3 21 4
1 2 29 2
16 4 19 4
31 3 31 4
15 4 29 4
24 1 26 2
3 4 21 4
16 2 25 3
17 1 17 3
13 2 16 2
30 1 30 2
19 3 19 4
15 3 16 4
8 2 31 2
9 1 23 4
16 3 19 3
17 1 32 2
17 4 22 4
11 2 25 2
15 2 15 4
30 3 32 4
15 1 19 2
14 3 30 3
23 2 29 4
31 1 32 2
12 3 14 3
24 1 24 3
18 1 21 4
28 4 32 4
14 4 21 4
18 3 27 3
6 2 18 3
29 3 31 4
30 4 31 4
3 1 8 4
28 2 32 3
10 2 30 2
4 1 18 3
21 3 31 4
27 3 27 3
10 2 21 2
7 1 32 3
14 2 14 4
13 4 31 4
6 2 14 2
17 3 24 4
23 1 30 3
24 2 28 4
6 2 19 2
8 4 13 4
24 1 30 1
5 3 10 3
18 2 22 4
21 3 21 4
25 4 32 4
28 2 30 4
18 3 31 3
32 4 32 4
2 4 7 4
5 3 29 3
13 4 20 4
17 4 29 4
26 1 26 4
8 3 27 4
13 2 29 2
15 2 27 3
10 1 15 3
12 1 23 4
24 4 25 4
4 2 32 3
26 2 29 3
26 1 26 1
23 2 31 2
22 4 31 4
18 4 30 4
27 4 28 4
17 4 23 4
14 1 30 4
26 1 27 2
20 1 23 2
16 3 18 4
19 4 21 4
25 3 25 4
16 4 18 4
26 2 31 4
15 1 23 1
25 1 26 1
22 1 23 4
25 1 32 1
8 1 8 4
32 4 32 4
13 1 21 2
19 1 25 4
8 3 9 3
23 3 31 3
30 3 31 3
16 1 27 4
21 3 26 3
5 2 6 2
17 4 32 4
26 1 28 2
23 2 26 4
20 1 26 2
14 3 31 4
23 2 24 2
24 3 27 4
10 1 23 3
28 4 28 4
17 3 21 3
31 2 31 4
16 1 28 4
4 3 14 3
14 4 25 4
19 4 19 4
14 1 32 4
15 1 18 3
23 2 28 2
29 4 29 4
12 2 15 3
3 1 17 4
19 4 31 4
5 2 13 4
18 3 28 4
8 3 17 3
12 2 25 4
18 2 19 2
7 1 23 1
8 4 9 4
8 4 27 4
14 1 31 3
20 2 20 2
9 3 29 4
16 3 31 4
31 2 32 2
1 4 30 4
21 4 29 4
12 2 22 2
14 2 30 4
22 2 23 4
18 4 22 4
4 2 19 4
3 4 14 4
27 1 32 3
9 2 10 2
31 1 32 3
6 4 7 4
23 4 30 4
1 2 7 3
7 2 11 2
31 2 31 4
19 3 32 4
4 1 4 1
2 2 31 3
21 3 25 3
24 3 32 4
24 1 32 4
25 3 26 3
17 2 22 4
11 3 22 4
6 1 10 2
20 4 29 4
27 3 31 4
23 3 23 3
22 2 32 2
26 1 27 3
27 3 28 4
3 3 22 4
16 2 24 2
21 3 28 3
25 1 25 2
22 4 28 4
27 4 28 4
11 4 24 4
28 1 31 3
25 1 27 2
1 4 23 4
5 3 32 3
13 4 24 4
20 2 30 3
8 3 16 3
11 1 11 2
21 4 25 4
15 4 27 4
25 4 28 4
5 4 23 4
25 4 26 4
17 2 25 4
28 4 29 4
26 3 29 4
4 1 24 3
4 1 20 3
24 1 27 3
20 3 22 4
29 1 31 1
14 3 21 4
23 1 23 4
25 3 26 3
11 3 26 3
24 2 27 2
31 4 32 4
18 3 29 4
23 4 24 4
10 1 14 3
25 4 28 4
6 3 17 4
9 2 26 2
12 1 23 1
13 3 27 4
31 4 32 4
9 3 23 3
5 1 10 4
2 4 21 4
3 1 28 1
30 3 30 3
30 1 30 4
2 4 7 4
27 2 28 3
18 4 23 4
31 2 31 2
19 2 21 3
15 4 21 4
11 4 16 4
16 3 30 4
30 2 31 2
7 2 27 3
18 3 29 3
25 4 31 4
11 4 16 4
11 4 20 4
15 3 24 4
2 1 20 1
2 1 29 1
2 3 26 3
9 2 18 2
18 3 29 4
10 4 28 4
22 2 26 2
10 4 27 4
18 1 27 4
13 2 23 2
13 1 20 3
24 3 26 4
10 3 32 3
17 1 20 3
15 1 18 4
28 1 32 1
2 2 10 2
31 3 31 4
6 1 11 2
30 1 31 4
1 1 29 3
31 4 32 4
25 1 29 1
6 4 16 4
17 1 25 1
24 2 29 2
15 1 17 2
27 1 32 2
24 4 31 4
20 3 31 3
17 2 23 2
7 4 10 4
31 4 31 4
25 3 27 4
7 3 25 4
16 1 27 1
14 4 28 4
16 4 26 4
25 1 28 1
31 1 32 1
13 1 29 2
1 4 28 4
14 2 17 3
27 3 29 3
3 2 3 4
20 3 31 3
16 1 23 2
14 4 22 4
25 3 25 3
16 3 21 4
5 3 6 3
30 2 30 2
23 1 30 2
30 2 30 2
22 2 28 3
21 3 23 4
5 3 7 3
6 3 31 4
11 1 23 4
25 3 32 3
11 1 14 2
16 3 32 3
11 4 27 4
18 4 31 4
17 3 25 3
4 4 6 4
32 3 32 3
10 4 14 4
30 2 31 3
10 4 15 4
16 3 18 4
8 2 20 3
27 1 28 1
9 3 32 4
4 4 17 4
19 3 24 3
16 4 20 4
10 4 21 4
4 4 26 4
20 2 23 3
5 4 23 4
21 3 21 3
24 1 31 4
19 3 28 4
1 4 18 4
18 4 26 4
7 2 16 4
23 3 24 4
14 1 16 2
8 4 11 4
26 4 32 4
10 4 25 4
18 1 19 2
1 2 30 3
25 2 28 4
18 1 29 2
22 2 30 4
3 2 28 4
12 4 25 4
24 3 32 4
2 3 30 3
23 1 26 1
27 2 29 4
4 4 14 4
29 1 31 4
5 2 17 2
14 1 22 3
30 3 30 4
17 3 27 3
21 1 32 1
12 4 26 4
14 4 30 4
4 1 17 3
14 2 29 2
30 3 30 3
27 4 27 4
31 4 32 4
25 2 32 2
12 3 12 4
14 2 18 4
10 2 15 4
31 4 32 4
30 3 31 4
15 2 21 2
13 2 32 3
5 1 7 3
28 3 30 4
6 1 28 3
15 1 29 4
22 4 28 4
13 4 26 4
27 2 29 3
26 1 32 1
25 1 26 2
26 1 26 1
21 1 24 4
20 1 32 3
21 4 21 4
11 2 16 4
29 3 30 3
6 1 25 2
19 2 29 2
8 4 23 4
28 3 32 3
24 2 26 2
27 2 32 2
25 2 25 3
23 1 30 3
17 3 22 3
21 4 28 4
5 4 27 4
25 1 32 4
27 4 28 4
9 1 31 4
22 2 25 4
9 4 17 4
28 2 28 3
30 4 31 4
18 1 28 3
14 1 30 4
29 4 32 4
29 1 32 1
2 4 23 4
17 1 28 3
6 2 21 2
14 1 27 3
14 4 30 4
26 2 29 3
30 1 31 2
25 3 29 4
29 3 32 3
17 3 25 3
15 4 16 4
6 3 27 3
24 3 30 4
29 1 32 4
31 3 32 3
28 2 30 3
8 4 27 4
8 2 27 2
23 3 27 3
5 2 16 2
19 1 24 3
24 1 26 4
31 2 32 2
7 2 7 3
1 2 8 4
22 2 24 4
31 3 31 4
11 3 19 3
28 3 29 3
10 2 18 2
30 3 31 4
24 3 25 4
11 4 30 4
27 4 32 4
6 4 30 4
24 1 27 4
21 2 28 3
19 4 28 4
29 1 29 4
17 1 26 4
3 1 6 3
24 2 26 3
12 2 14 4
12 4 32 4
29 3 29 3
19 3 21 4
27 4 28 4
17 1 31 1
10 2 22 4
12 3 23 4
17 2 27 4
8 4 10 4
20 1 24 3
11 4 28 4
24 4 29 4
25 2 31 2
1 1 14 2
23 4 30 4
22 3 30 3
11 2 26 2
26 1 29 4
26 2 26 2
20 2 32 3
7 4 19 4
7 1 9 2
26 2 29 2
26 1 27 2
21 1 27 1
16 1 29 2
32 1 32 2
15 1 22 3
29 4 30 4
29 2 32 4
19 2 29 3
29 1 32 2
7 1 10 4
21 3 32 3
29 2 29 2
10 1 28 2
26 1 28 1
1 4 12 4
4 3 10 4
31 2 31 4
32 3 32 3
9 2 9 2
18 3 32 3
4 2 9 4
31 3 32 4
21 4 32 4
13 2 18 4
1 4 25 4
32 1 32 3
13 2 14 2
29 2 29 4
29 1 32 4
11 2 31 2
24 1 29 1
12 1 17 2
2 3 10 4
7 1 17 2
31 4 31 4
1 3 12 4
22 1 26 2
29 3 31 4
10 3 23 3
3 2 8 2
2 3 17 3
22 2 26 4
1 3 10 4
27 4 29 4
13 2 21 2
24 4 32 4
12 3 22 4
17 4 28 4
1 1 16 2
11 1 12 4
18 3 19 4
12 3 24 3
4 4 4 4
25 3 32 4
29 3 30 3
22 4 24 4
32 4 32 4
8 4 16 4
19 4 23 4
21 3 25 3
27 4 32 4
2 4 21 4
29 1 29 4
18 4 28 4
30 4 32 4
13 1 31 3
2 3 6 3
21 4 26 4
16 1 19 1
18 1 29 2
12 4 12 4
6 2 15 4
27 2 29 4
24 3 27 4
1 2 25 2
13 2 29 2
5 3 23 4
9 4 27 4
10 1 15 3
17 1 29 3
23 1 32 4
11 3 15 3
15 3 27 3
27 2 32 3
25 2 29 3
7 4 25 4
24 2 30 3
19 1 21 2
19 1 24 1
5 3 25 3
13 2 24 3
1 3 10 4
12 3 20 3
13 1 13 2
21 1 24 3
13 3 13 4
13 2 19 2
6 1 17 4
26 1 26 3
30 1 31 1
31 1 32 4
26 4 29 4
2 2 7 2
29 2 32 2
8 4 19 4
15 1 20 2
22 2 32 2
19 1 25 4
16 4 23 4
14 4 29 4
29 3 31 4
5 2 18 2
1 4 4 4
31 1 31 2
1 4 4 4
30 1 30 1
1 4 32 4
9 1 9 1
8 2 28 3
5 3 31 3
26 1 26 4
22 3 24 3
27 4 30 4
1 3 18 3
18 2 32 4
12 3 20 4
2 2 9 4
27 2 27 3
17 3 18 3
20 1 28 1
5 4 23 4
27 3 30 3
1 1 17 2
22 2 30 4
11 3 22 3
9 2 11 3
9 3 29 3
25 2 27 2
30 2 30 2
12 3 20 3
16 1 32 1
7 3 18 3
4 1 9 1
14 3 23 3
31 4 32 4
6 3 9 3
6 1 16 4
21 1 22 1
30 2 30 4
31 1 31 2
12 1 13 1
10 1 15 3
21 2 31 2
26 2 29 2
29 1 29 2
21 4 26 4
11 1 11 3
31 1 32 2
3 2 24 2
29 1 30 1
9 1 12 3
21 2 29 3
4 3 15 4
12 4 24 4
24 1 25 1
6 1 14 4
9 4 16 4
8 2 32 3
30 1 32 1
24 3 29 4
26 2 32 4
26 2 26 3
3 2 6 3
20 3 28 3
31 3 31 4
10 4 11 4
17 3 25 3
2 1 15 4
31 2 31 4
32 4 32 4
14 4 14 4
9 2 10 2
3 4 6 4
3 3 10 4
4 2 27 4
19 1 23 2
20 3 31 3
29 4 30 4
25 4 27 4
6 2 6 4
23 2 29 3
20 4 26 4
21 2 30 3
11 2 21 3
23 2 24 3
17 1 22 3
2 1 24 4
10 4 26 4
27 1 30 3
27 1 30 1
6 4 19 4
11 4 27 4
10 1 15 1
28 4 32 4
11 3 20 3
21 2 21 4
13 2 14 3
26 1 28 2
23 3 31 3
17 3 27 3
12 2 22 2
31 4 32 4
19 2 23 3
7 2 18 3
15 3 20 3
17 1 20 1
6 3 14 4
31 4 32 4
30 1 32 4
24 1 30 3
26 3 32 4
1 4 27 4
32 2 32 3
30 2 31 3
21 4 29 4
21 2 24 4
30 4 30 4
10 3 29 3
32 1 32 3
2 2 19 3
32 3 32 3
3 1 6 2
3 2 3 3
17 1 32 2
14 1 21 3
18 2 28 4
6 4 24 4
10 2 15 2
16 4 20 4
31 1 32 4
17 2 29 3
21 1 31 1
14 3 31 3
17 3 19 4
11 4 27 4
25 3 27 4
15 3 18 3
18 3 32 3
29 3 30 3
32 3 32 4
28 2 30 4
8 1 19 4
15 2 22 2
16 1 23 2
29 3 31 3
28 1 30 4
9 1 11 4
18 2 27 3
26 3 27 4
22 4 32 4
19 1 32 2
14 1 14 2
26 4 28 4
30 1 32 2
20 1 28 4
12 2 15 3
7 1 12 2
28 1 30 4
22 1 23 1
19 2 31 4
7 2 18 4
23 2 27 3
31 2 31 3
12 4 12 4
3 4 8 4
24 2 24 4
24 2 32 3
32 4 32 4
3 2 18 2
7 1 19 2
8 4 31 4
20 2 26 3
14 4 21 4
12 1 21 1
25 1 26 2
19 3 32 4
14 3 20 4
15 4 15 4
17 3 21 3
4 2 17 3
9 2 27 2
23 1 28 2
25 1 29 1
14 3 18 4
8 1 29 3
13 1 29 3
25 3 26 4
26 3 31 4
19 1 20 4
26 3 31 3
25 2 27 4
16 1 24 1
17 4 21 4
3 3 13 3
1 1 2 4
24 2 30 4
12 1 30 2
19 2 24 2
24 4 28 4
26 4 28 4
10 1 10 3
17 2 21 2
7 4 9 4
29 1 31 2
20 2 26 4
4 2 14 4
22 4 28 4
10 1 24 3
18 3 21 3
21 3 31 4
13 4 31 4
9 2 26 2
12 1 20 1
12 3 14 4
20 1 22 3
2 2 27 3
10 2 20 2
17 1 29 4
18 2 19 3
29 4 29 4
19 4 25 4
11 1 18 3
17 3 21 4
1 1 6 1
16 3 20 4
4 4 8 4
23 4 24 4
24 4 26 4
9 1 25 2
2 1 26 2
13 2 20 4
8 1 26 3
6 4 30 4
14 4 30 4
26 4 29 4
26 4 30 4
15 4 28 4
16 2 29 3
8 3 30 4
21 2 24 2
11 3 12 4
15 2 20 3
29 2 30 4
3 2 22 2
3 3 8 3
21 4 28 4
2 1 5 2
10 1 21 1
31 3 32 4
8 1 28 4
31 4 32 4
19 1 30 2
7 4 11 4
17 4 24 4
28 4 28 4
6 4 6 4
3 1 15 1
24 1 27 3
1 4 22 4
11 2 15 3
26 2 26 3
5 4 32 4
21 4 30 4
10 2 25 4
22 4 26 4
31 2 32 3
1 1 27 3
10 4 11 4
29 1 32 2
16 2 29 2
13 2 13 4
20 4 24 4
24 4 28 4
30 1 32 3
1 3 20 3
16 2 17 4
14 2 23 4
18 2 31 3
5 1 31 1
6 3 23 4
9 1 28 4
19 1 20 1
32 3 32 4
30 3 32 3
15 4 32 4
11 2 24 4
28 1 30 4
31 4 31 4
10 3 14 4
32 2 32 4
31 3 32 3
19 4 32 4
32 3 32 3
28 4 28 4
17 2 21 4
32 2 32 2
25 3 32 3
5 4 6 4
28 1 32 2
15 3 23 4
31 3 31 3
3 3 21 4
7 1 21 1
8 1 27 2
24 4 29 4
32 4 32 4
25 1 30 2
18 3 27 3
14 1 23 2
3 3 16 4
27 1 28 4
22 2 30 3
7 2 10 3
19 1 24 2
21 1 31 3
29 4 29 4
12 4 13 4
25 4 25 4
15 2 26 3
13 4 26 4
4 1 27 3
29 3 32 4
17 3 27 3
14 2 18 4
25 4 27 4
6 3 15 3
2 4 32 4
10 3 15 3
17 2 22 2
30 2 31 4
11 2 24 4
7 2 14 3
21 1 21 3
11 3 19 3
20 4 27 4
15 3 31 4
13 4 17 4
22 3 26 4
5 2 8 4
8 3 31 4
1 3 11 4
7 4 9 4
6 1 6 3
26 1 30 3
24 3 30 4
6 4 7 4
30 4 30 4
15 1 22 3
28 3 29 3
27 3 31 3
22 3 31 3
14 3 29 3
19 4 28 4
13 3 29 4
23 2 23 4
30 4 31 4
6 4 20 4
5 2 9 4
6 2 23 2
8 3 24 4
29 1 32 1
11 4 27 4
14 2 23 4
20 1 21 2
31 3 32 4
7 3 31 4
22 3 28 3
10 1 18 3
22 4 30 4
1 1 32 2
5 4 11 4
17 3 24 3
8 2 27 3
32 2 32 3
4 1 24 1
19 3 28 4
30 4 31 4
13 4 23 4
27 2 29 3
22 2 23 4
32 3 32 4
17 1 25 2
18 4 26 4
3 3 13 3
22 2 28 3
17 4 17 4
16 2 26 2
2 2 17 3
7 1 20 3
24 2 32 2
31 4 31 4
26 4 29 4
28 1 32 3
13 2 23 4
5 3 16 4
21 4 24 4
30 4 31 4
23 4 25 4
11 2 20 3
25 2 25 3
19 4 30 4
31 4 31 4
25 1 29 3
15 3 22 4
3 1 22 3
13 3 14 3
23 1 24 4
31 2 32 3
24 2 26 3
9 4 15 4
12 1 28 3
16 3 26 3
24 3 27 4
26 3 30 4
1 1 20 3
12 3 14 4
12 4 24 4
10 1 24 3
30 1 32 4
25 4 30 4
28 2 31 2
31 1 32 4
11 2 12 2
32 1 32 3
16 4 31 4
2 4 13 4
16 3 30 3
9 3 9 4
16 2 21 2
27 4 30 4
21 1 24 4
28 4 32 4
3 1 31 2
17 3 18 3
1 3 7 3
32 3 32 3
18 4 28 4
14 4 17 4
29 1 31 3
31 4 31 4
6 3 21 4
24 4 25 4
17 3 20 4
31 4 31 4
4 2 11 2
24 2 25 3
5 2 13 2
9 2 20 2
23 2 30 3
22 2 23 4
32 1 32 3
5 3 14 3
6 3 20 3
26 1 29 4
12 4 22 4
26 1 31 1
24 3 30 3
11 1 16 2
15 4 29 4
18 2 27 2
22 4 22 4
19 1 30 4
18 4 25 4
19 1 24 2
8 1 26 1
24 2 31 4
29 4 29 4
6 3 13 4
22 2 28 4
3 2 12 3
24 1 26 2
19 3 29 3
7 4 14 4
27 4 32 4
10 2 13 3
1 1 32 3
5 2 9 2
10 4 14 4
28 3 28 3
26 2 28 3
22 1 30 4
22 3 25 4
22 4 25 4
4 1 16 2
3 3 21 4
9 4 14 4
32 2 32 2
8 2 20 3
20 2 29 2
9 3 16 3
2 4 29 4
14 1 19 2
16 2 20 4
30 1 30 1
3 3 12 4
30 3 32 4
1 1 1 4
18 1 20 1
13 2 16 3
32 3 32 3
13 1 18 3
12 3 17 3
6 1 8 1
27 2 28 2
29 1 32 4
19 4 22 4
23 4 30 4
24 2 24 2
25 2 28 4
16 3 27 3
8 4 27 4
31 1 31 1
9 3 12 3
11 4 26 4
32 4 32 4
24 3 29 3
20 4 30 4
11 3 19 4
9 4 21 4
10 2 14 4
3 2 30 4
26 1 30 3
9 1 30 1
31 4 32 4
30 3 32 3
30 1 31 2
9 2 27 3
29 1 31 3
13 1 16 3
32 4 32 4
17 3 22 4
13 3 17 4
24 4 31 4
8 4 29 4
8 1 15 3
23 4 32 4
7 3 26 4
30 4 31 4
24 3 26 4
3 3 18 3
1 2 26 3
10 1 19 2
7 1 9 2
24 1 26 2
15 1 29 2
19 1 25 2
30 3 31 4
31 1 32 4
25 1 32 1
2 3 25 4
5 2 23 4
1 3 26 3
7 1 20 2
31 3 31 4
4 1 19 4
3 4 15 4
1 1 9 3
18 2 29 4
2 1 23 4
16 2 18 4
14 2 18 4
3 3 16 4
9 1 24 4
15 3 23 4
23 3 25 4
25 2 27 4
31 1 32 2
7 3 12 3
4 4 11 4
29 3 29 3
13 1 29 1
1 1 29 1
29 1 29 3
24 3 31 3
27 2 29 4
5 1 10 2
10 3 16 3
15 2 29 3
16 3 26 4
27 3 31 4
18 1 23 1
13 2 27 4
22 4 22 4
11 4 14 4
31 4 32 4
25 1 32 1
19 2 24 2
28 3 28 3
23 3 23 4
26 2 31 4
16 4 19 4
23 4 28 4
3 2 32 2
25 1 27 4
21 2 23 3
4 4 31 4
11 1 11 4
30 3 31 4
9 1 19 1
11 1 17 2
22 1 28 4
17 3 17 4
22 4 26 4
20 2 30 3
13 1 15 2
25 2 28 2
2 3 15 4
6 4 12 4
25 2 31 4
32 2 32 4
22 2 29 4
11 1 11 1
32 2 32 4
12 1 26 1
26 2 30 4
9 4 26 4
10 3 27 4
6 3 23 4
22 2 31 2
9 2 18 3
1 1 6 4
22 2 32 4
17 3 27 3
18 2 21 2
11 2 19 4
3 4 28 4
21 4 29 4
14 4 22 4
18 4 26 4
23 1 32 4
8 1 17 4
3 4 3 4
28 2 29 4
24 3 27 4
19 2 32 3
26 3 32 3
18 1 30 4
15 4 24 4
30 4 30 4
27 4 32 4
27 4 32 4
4 3 19 3
16 2 20 3
14 3 14 4
1 3 2 4
31 1 32 1
19 4 30 4
27 1 31 1
10 2 28 3
7 1 12 2
13 3 15 4
9 1 31 1
31 2 32 3
6 3 19 3
7 2 10 2
1 3 29 3
8 2 26 2
2 3 9 3
9 1 23 1
11 4 23 4
13 3 30 3
4 2 6 2
26 1 28 3
15 3 16 3
22 4 24 4
19 3 20 3
4 1 7 1
21 4 21 4
10 1 14 3
25 2 28 2
13 1 26 1
4 3 20 3
18 2 32 2
28 4 28 4
30 1 31 3
6 1 11 3
22 4 24 4
6 4 17 4
31 2 32 3
1 1 11 2
30 2 30 2
29 2 29 3
24 3 30 3
30 4 30 4
17 4 19 4
9 3 25 4
16 1 16 3
5 1 24 3
25 3 31 4
20 2 25 2
17 3 25 3
29 4 31 4
28 2 29 4
4 3 25 3
1 1 17 1
15 1 20 1
3 1 17 4
3 3 28 4
9 3 14 3
4 1 26 1
22 4 22 4
23 1 24 2
16 2 19 4
2 3 26 4
29 4 30 4
9 1 20 2
32 1 32 1
17 3 29 4
31 4 31 4
32 3 32 3
31 4 31 4
27 2 30 4
6 1 21 4
6 4 17 4
23 4 27 4
6 3 15 3
24 2 28 4
1 3 9 3
14 4 28 4
28 2 31 2
30 3 31 3
26 1 29 2
13 4 16 4
3 4 28 4
31 4 31 4
25 1 29 3
27 1 32 4
3 4 16 4
5 2 21 2
6 3 25 4
2 2 30 3
6 2 19 3
22 4 31 4
9 3 12 3
8 3 24 3
19 3 19 4
27 3 31 4
9 2 20 2
22 4 26 4
17 2 17 4
28 1 28 3
15 3 21 3
20 2 29 4
9 3 12 3
1 4 24 4
3 2 7 2
10 4 25 4
3 2 8 4
18 3 31 3
13 4 21 4
31 3 32 4
7 4 19 4
22 3 31 4
21 4 28 4
28 2 29 2
28 4 28 4
23 3 30 4
2 2 32 3
10 1 30 3
12 3 26 4
27 3 31 4
29 3 31 3
15 4 17 4
29 3 30 4
10 4 32 4
14 1 32 1
19 4 27 4
24 2 32 2
14 1 19 2
29 3 29 3
32 4 32 4
5 4 13 4
14 2 16 2
18 2 21 4
28 4 32 4
11 3 14 3
17 3 30 4
21 4 26 4
17 1 32 3
20 1 25 1
32 1 32 3
13 4 25 4
5 2 26 4
6 2 27 2
3 3 26 4
3 3 27 4
32 3 32 4
10 4 25 4
2 2 26 4
31 3 31 3
12 1 27 2
8 1 31 3
4 1 13 4
9 2 11 2
16 3 22 4
7 4 7 4
19 4 26 4
8 4 12 4
19 1 27 1
17 2 19 2
21 3 29 3
6 4 20 4
30 3 32 4
12 2 22 4
19 3 22 4
9 2 9 3
25 2 25 2
1 4 29 4
21 3 24 4
26 2 27 2
12 1 26 3
24 4 29 4
2 3 29 4
1 1 1 1
30 1 32 2
25 3 26 3
4 4 30 4
5 1 22 1
24 1 29 3
11 4 24 4
1 1 17 3
16 1 16 1
3 1 12 1
24 4 31 4
2 2 9 4
8 2 28 4
4 1 15 4
6 1 31 4
15 3 25 3
22 2 26 4
6 2 29 2
30 2 30 2
16 1 30 4
2 4 29 4
16 3 17 4
8 4 25 4
12 3 12 3
20 1 26 2
9 4 20 4
11 1 29 2
12 2 27 4
19 4 24 4
26 2 29 3
17 4 17 4
25 1 26 4
9 1 9 2
11 4 27 4
32 1 32 3
24 4 27 4
28 4 29 4
4 2 10 4
1 4 8 4
20 3 25 4
21 2 30 4
13 1 13 3
28 2 30 4
20 3 32 3
27 2 32 2
13 4 18 4
24 3 27 4
31 3 31 4
24 1 29 2
14 3 26 4
31 1 32 2
30 3 31 3
18 1 26 2
22 2 29 3
23 2 32 3
25 4 31 4
19 4 20 4
14 2 26 3
9 1 30 3
24 1 31 2
1 2 11 4
29 2 32 3
29 3 30 3
3 2 8 3
4 1 4 3
13 3 29 4
27 2 28 4
1 4 13 4
6 3 15 3
4 4 20 4
11 1 32 2
27 2 30 2
13 3 15 4
11 1 16 2
20 1 22 1
25 4 29 4
3 2 4 2
10 2 31 4
31 4 32 4
3 3 20 4
14 3 22 3
9 4 30 4
20 1 28 2
1 2 32 3
23 2 24 3
16 2 25 4
27 4 32 4
26 1 26 4
5 4 7 4
6 4 23 4
27 2 28 4
24 4 32 4
2 3 16 4
20 3 22 3
30 2 30 4
1 4 7 4
20 2 25 3
2 2 31 4
10 4 17 4
30 4 32 4
4 2 27 4
24 1 24 3
8 1 25 3
23 1 32 4
26 1 32 4
30 1 32 1
32 4 32 4
19 1 29 1
30 2 31 4
27 4 29 4
26 1 26 2
28 3 30 3
24 1 24 4
25 1 32 4
29 4 29 4
24 4 26 4
15 3 20 4
30 1 30 1
18 2 18 4
16 2 23 3
12 3 20 4
19 2 29 2
2 2 11 3
12 4 22 4
23 1 23 2
31 3 32 4
18 1 19 4
19 2 23 4
24 2 30 4
12 1 18 1
13 2 31 3
15 1 17 3
23 1 30 4
32 2 32 4
26 1 28 4
6 3 17 3
27 2 31 2
4 1 8 4
32 2 32 4
1 3 9 3
13 2 17 4
32 3 32 3
8 2 21 2
8 2 29 4
21 4 31 4
28 2 28 2
26 4 31 4
2 2 3 2
27 4 29 4
32 1 32 3
30 4 30 4
25 2 26 3
7 2 19 4
19 4 21 4
28 3 31 3
19 3 22 4
1 3 12 3
30 4 30 4
27 4 28 4
25 4 28 4
16 2 23 4
9 4 20 4
4 3 31 3
19 1 22 2
29 4 31 4
28 4 32 4
31 1 32 1
9 2 17 4
16 4 21 4
31 1 32 3
20 1 24 4
3 4 11 4
17 2 21 4
25 1 27 2
11 3 24 4
8 2 16 4
7 2 26 4
20 3 27 3
11 4 24 4
1 4 3 4
28 1 30 1
22 4 31 4
30 2 31 4
22 3 23 3
22 2 26 4
8 2 10 4
10 4 10 4
15 2 20 3
30 1 30 4
17 4 25 4
24 3 30 4
20 1 31 3
28 3 32 4
27 3 28 3
15 1 30 3
12 1 24 1
23 3 29 3
12 1 29 4
25 1 30 1
32 1 32 4
25 1 31 2
13 1 21 1
28 3 28 3
24 1 27 1
8 2 24 3
6 4 7 4
1 4 25 4
28 2 31 2
13 4 24 4
31 4 31 4
16 3 27 4
20 3 26 4
16 2 24 4
32 4 32 4
17 1 24 3
7 4 29 4
25 1 27 3
16 4 21 4
12 4 18 4
31 1 32 4
15 3 29 4
24 1 26 2
8 2 9 4
2 3 16 3
28 3 28 3
32 2 32 4
14 3 27 4
25 1 28 4
6 2 26 4
16 3 32 3
6 1 13 2
11 4 12 4
22 2 29 2
16 1 18 4
24 2 27 2
2 2 3 2
19 1 24 1
7 2 32 2
12 1 19 2
4 2 16 3
7 3 28 3
30 1 32 3
9 3 23 4
27 1 27 3
24 2 28 3
30 3 30 4
25 3 28 4
13 1 28 2
16 4 25 4
12 2 17 4
2 1 20 4
2 1 19 2
21 1 21 1
19 1 25 1
13 1 27 4
4 1 8 4
15 3 16 4
26 1 26 4
1 4 13 4
25 2 27 3
8 4 8 4
8 4 23 4
8 1 31 3
11 2 25 3
6 4 18 4
6 1 22 3
8 1 18 2
32 4 32 4
19 1 23 2
28 1 28 2
11 2 15 4
1 1 13 4
21 1 32 4
18 2 29 2
23 2 28 2
21 3 30 4
21 3 31 4
16 3 22 3
20 1 28 1
6 1 28 2
26 4 26 4
29 4 30 4
12 1 12 1
26 4 26 4
14 3 29 4
2 2 5 4
5 4 20 4
26 3 26 3
23 4 23 4
7 4 27 4
9 2 24 2
14 2 17 4
30 3 30 4
20 2 25 4
30 1 32 4
30 1 32 1
11 1 23 1
17 1 31 2
12 3 17 3
17 1 25 1
6 1 16 2
5 3 9 3
29 4 30 4
17 1 27 2
23 3 28 3
25 3 31 3
24 2 26 2
4 1 24 1
5 4 16 4
21 2 25 4
4 3 25 4
19 2 27 3
25 3 29 3
1 2 1 3
10 2 32 2
6 3 21 4
27 1 32 2
5 2 22 3
18 4 31 4
4 4 15 4
19 4 23 4
9 3 23 4
4 3 6 3
23 2 25 3
9 2 32 3
20 3 21 4
7 1 25 1
5 4 16 4
4 2 8 2
15 1 18 1
5 2 9 2
23 2 23 3
13 1 23 3
2 2 3 3
4 1 16 3
21 1 30 1
12 2 26 2
21 4 28 4
13 2 27 4
7 4 26 4
9 1 17 1
15 2 32 2
7 1 18 3
20 3 21 3
12 3 30 4
26 4 31 4
28 3 28 4
5 2 10 2
29 2 30 3
28 3 29 3
19 3 26 4
3 2 11 2
3 1 25 2
30 2 31 2
19 1 25 3
20 2 29 2
7 1 23 2
8 1 13 2
5 2 11 4
32 3 32 4
17 4 17 4
2 4 29 4
17 4 18 4
17 3 21 3
9 1 30 4
19 4 25 4
30 2 30 4
13 4 17 4
22 4 23 4
4 1 11 2
22 1 28 2
29 2 29 2
2 2 20 2
29 1 30 4
31 3 31 4
9 4 14 4
19 2 19 2
6 2 12 2
2 3 22 3
25 2 32 2
18 4 26 4
7 3 20 4
7 2 9 2
21 4 23 4
7 1 19 3
8 1 20 4
22 3 31 4
4 2 10 4
25 4 25 4
16 2 32 4
22 2 28 4
15 1 20 1
18 1 21 3
8 4 17 4
