60 49 2520
.......X.......X...............X........X....X...
..X.X....X..X....X.....X.....X...X...X.X.........
.....X.............X......X.......X...X..........
.....X..X..X..X.......X.......X.XX..............X
.................X..X...X.X....XXX..........XXX..
.XX.......X..X..............................X...X
.....X.......X...X...........X........X.......XX.
.......X.....X............X..XXX.................
......X........X.X.X..........X.....XX.X..X......
..............X.......X...X.....XX..........X....
..X...........X.............X.......X.........X..
..........XX...X..X.........X....X...............
..X.......X.X...X..............X..X..............
X..X.........XX..X..X.....X...............X.X..X.
.......X........X......X..X.X.....X......X....X..
XX.....X.....XX...X.....X............X......X....
.X.X....X..........X.............X..X...X...X...X
....X...............X..X.......................XX
......X.X....X.X...X.................X....X......
.......X.......X............X.......X......X.X..X
..X........X......................X.X............
X....X..X.......X...X..X.XXX.X..X.....X.X....X...
X....X......X................X..X..........XX..XX
.........X...X.XX.XX..........XX............X.X..
.......X..X..XXX...XX...X..............X.........
X...........X...X........X....X........X........X
...................XX...X...X.S..X....XXX....X...
...................X.X.....XX....................
X........X.X...XXX......X..........X........X....
X..X.........X.X.XX....XX.X.X.XX........X........
....X..X......................X................X.
...............X.....X..........X............X.XX
....X.X..X...X...X..........X.X.X.X.....X..X.X...
......X...............X...X......................
....X..X...X...X.X....X.........X.X..X..X.......X
..................X..X....X.............X....X..X
X.............X............X......X.....X..X.....
....X.X.......................................X..
......X............X........X........X...........
X.....X.......X....X.............X..X......X.....
.X...XX......X..X....X.....X...X......X..X..X....
........X...X....XX.X.........X...X....X......X..
...X.........X..X..X...X..X......X.....X..X......
......X.....XX.X.X.........X...X...X..X...X......
..X..........X.X......X...X..X.X.X......X.......X
...X..................X........X.X.X..X.........X
.XXX...........X.X.XX.....X.......X...........X.X
...X..XXX........X......X....X....X....X.........
....X....X......X...........XX.X.................
.X..X........XX...X............X.................
...X..................X..X...............X.......
.....XXX...XX..X.......X.............X....X.....X
.....X....X...X.XX..................X...XX...X...
...........X......X...X.X......X.....X.X.X.......
X......X..............XXX.............X.........X
................X......X..XX.X...X...X...........
X...................X..X.....X........X..........
...................X...X..............X....X.X.X.
.X..X....X......XX......X...X...X....X...........
..X.....X.......XX..............X...X.........X..
46 27 52 29
11 39 37 45
53 36 59 47
43 37 57 45
21 31 57 31
46 1 54 14
56 6 58 42
51 2 56 3
18 33 26 47
37 23 51 39
9 1 18 12
55 19 58 37
54 24 54 29
52 8 56 46
28 29 53 45
11 6 47 30
11 24 44 37
31 24 43 31
34 16 51 31
23 11 59 45
2 30 2 41
42 40 52 49
5 29 40 35
15 40 18 40
28 8 34 48
57 1 60 44
35 43 45 46
56 49 56 49
7 30 34 33
8 39 59 47
6 42 59 42
56 23 57 28
49 18 49 27
23 15 57 38
52 6 60 12
24 17 37 31
52 9 56 13
55 42 58 47
51 48 57 48
28 41 59 44
2 33 50 39
30 40 49 46
57 33 57 40
45 8 46 20
18 6 29 7
10 30 60 33
17 15 57 41
41 43 48 49
27 47 57 49
29 29 51 45
34 37 35 48
18 35 41 45
55 39 57 42
49 12 49 13
6 29 33 29
55 21 56 38
29 40 50 47
37 48 44 48
8 7 11 24
55 1 59 25
37 30 54 39
32 33 37 45
56 41 60 47
40 17 41 41
15 41 28 49
40 17 54 49
58 24 60 49
41 1 52 22
15 31 38 45
16 46 37 48
46 4 52 33
46 12 46 37
49 30 54 44
44 7 47 13
53 46 55 47
47 19 55 28
9 16 14 43
20 33 50 34
1 26 28 34
52 40 56 47
56 2 59 32
28 29 50 48
27 10 44 47
41 15 42 43
36 41 41 45
28 19 31 31
32 14 40 49
38 26 49 27
50 16 53 39
44 29 55 31
38 17 45 18
51 37 59 48
39 41 39 44
56 18 56 35
14 36 49 41
52 49 59 49
13 48 31 48
53 31 59 46
13 16 31 26
34 42 34 48
2 19 50 45
41 7 46 26
18 12 56 13
27 34 38 43
49 29 56 38
17 35 54 46
20 21 22 32
53 19 55 22
1 40 45 40
54 15 56 37
45 9 59 17
30 3 50 46
4 25 39 37
46 43 48 46
8 41 38 42
36 19 44 36
45 15 52 29
23 27 26 28
5 25 19 40
45 44 58 46
56 11 60 21
60 18 60 26
4 39 58 49
31 6 32 13
53 19 59 48
28 3 50 12
1 22 12 35
29 28 47 40
32 27 54 34
53 27 56 48
52 36 55 39
15 9 21 33
57 6 59 36
42 7 53 16
29 44 48 44
1 11 4 12
16 13 39 21
15 16 50 43
40 6 47 27
34 41 41 47
21 12 39 16
8 47 15 48
33 34 58 43
20 26 54 44
29 27 60 43
49 24 52 41
13 42 27 49
3 21 49 28
2 41 11 47
50 8 53 36
50 3 52 27
45 5 54 21
13 31 54 35
51 8 52 33
45 17 50 48
35 6 42 14
15 20 22 27
5 35 18 35
19 21 48 27
29 29 44 49
26 15 30 39
6 7 52 21
30 38 37 48
19 48 26 48
32 15 32 30
11 18 59 25
24 33 33 47
10 39 11 49
24 20 27 35
33 46 58 48
40 10 51 25
44 32 48 32
57 44 58 46
42 7 46 21
10 12 54 35
11 12 50 33
9 24 43 32
56 29 59 29
45 2 50 24
25 16 52 16
19 30 31 31
41 12 55 48
43 41 55 46
44 4 51 35
59 1 60 13
11 14 41 32
3 16 4 17
51 8 59 33
49 2 60 15
21 34 55 48
37 11 45 22
38 7 40 49
21 9 42 19
46 22 57 33
33 47 35 49
52 15 59 38
59 10 60 27
16 37 21 45
51 29 56 44
19 20 21 49
7 25 16 37
34 4 54 19
52 34 58 35
6 49 22 49
5 14 40 48
12 20 42 28
46 10 59 44
9 1 14 26
26 31 48 38
22 33 52 33
34 30 54 43
4 15 19 27
28 4 54 42
44 5 59 11
48 40 54 47
11 33 44 45
20 2 34 38
14 6 26 22
25 42 43 49
3 28 43 42
51 44 57 48
37 3 40 19
23 32 30 45
30 3 39 35
27 34 49 39
39 23 53 29
12 42 57 46
45 34 51 48
26 15 60 23
37 22 60 29
7 28 22 32
41 46 49 49
7 36 18 44
12 13 52 49
51 21 60 30
20 15 29 27
57 26 59 48
50 49 59 49
34 2 55 6
4 13 29 32
14 47 19 47
1 12 46 38
15 31 29 41
39 9 45 39
37 5 50 48
27 43 55 46
38 7 50 42
27 47 50 48
38 41 51 48
6 3 49 39
15 23 41 35
46 6 55 25
33 33 34 35
33 16 44 17
34 47 59 47
14 19 25 35
30 45 50 46
16 39 45 47
15 18 26 23
38 25 46 41
5 37 37 42
38 47 60 48
46 21 51 41
50 4 52 48
38 21 51 32
21 18 29 26
51 1 55 27
42 23 50 32
21 8 33 44
8 48 14 48
14 46 43 49
26 44 40 48
15 43 36 44
51 28 57 40
52 44 59 47
14 4 25 19
50 27 55 32
39 23 60 40
3 4 14 26
18 47 50 49
43 25 60 29
42 11 50 35
44 5 46 28
46 40 60 48
59 20 60 24
45 14 53 42
24 46 59 46
7 43 37 46
56 47 59 49
44 46 54 48
21 42 27 44
11 11 52 37
60 48 60 48
4 28 53 36
21 46 53 47
11 32 49 34
10 9 42 42
15 9 21 36
3 38 47 48
12 12 13 14
5 46 36 49
34 19 54 44
46 18 49 23
8 42 24 42
23 3 57 11
14 41 38 47
56 34 60 44
13 29 30 37
15 41 27 45
22 45 24 46
12 5 32 30
21 20 54 35
5 36 10 37
9 27 41 48
26 27 57 32
38 48 48 49
29 3 59 38
25 35 38 49
30 24 36 44
51 34 60 43
51 4 60 43
57 21 59 49
4 4 10 35
60 46 60 46
31 10 44 15
9 43 9 43
48 25 55 25
17 5 35 9
53 35 54 45
41 6 49 36
46 25 55 48
38 44 43 47
21 29 42 38
21 46 37 49
27 39 60 43
3 19 40 38
48 19 49 28
5 32 27 42
49 45 54 48
56 37 60 46
32 17 46 33
13 2 46 26
1 8 34 45
33 33 37 46
50 46 56 49
53 25 53 38
44 6 53 33
30 27 60 48
11 26 11 42
49 29 54 41
24 4 27 38
23 16 47 41
37 13 47 27
33 32 56 40
43 31 44 37
13 49 32 49
6 36 15 43
14 5 15 9
27 6 39 18
22 29 56 47
25 16 52 47
34 25 49 49
34 6 49 8
15 33 18 42
33 45 53 48
3 29 38 44
23 4 25 20
9 17 45 30
20 45 44 47
35 27 60 42
2 11 43 15
43 43 43 48
45 6 48 46
16 49 16 49
47 8 47 38
56 3 56 3
8 11 20 40
56 35 60 36
33 14 56 29
38 37 55 39
37 38 48 45
41 32 59 32
14 17 22 20
44 22 45 26
20 28 46 32
34 37 60 37
10 25 38 47
45 14 50 38
13 7 43 32
39 20 47 49
59 6 59 8
11 21 39 26
28 46 33 49
28 34 59 37
42 37 51 43
49 18 53 38
5 45 59 49
5 32 7 44
55 34 60 47
31 6 42 12
16 28 48 33
10 11 43 39
2 36 47 36
45 16 60 49
14 15 55 35
35 17 59 39
36 41 46 42
39 21 39 28
45 38 54 48
40 47 41 49
39 40 42 47
42 44 57 45
23 34 34 35
9 46 24 48
57 22 59 27
12 14 35 16
10 41 57 48
15 31 58 32
44 15 47 31
26 34 53 48
44 29 46 36
20 7 57 8
18 39 39 43
5 17 5 39
35 22 36 36
29 47 47 49
14 4 36 42
3 28 15 33
57 39 58 40
11 1 49 40
27 48 53 49
30 34 60 48
49 28 51 30
32 19 59 20
7 18 56 47
40 47 52 48
31 19 31 48
58 20 59 23
17 37 25 39
27 1 29 47
59 27 60 44
48 12 54 14
1 37 37 39
30 6 60 24
29 35 53 40
41 15 60 27
55 2 60 20
20 32 53 43
5 27 26 29
51 14 52 19
11 42 21 48
7 39 11 44
7 14 32 24
5 16 16 17
9 18 10 34
14 39 41 48
43 42 46 44
19 45 31 46
29 31 34 46
21 29 54 30
25 47 56 47
33 42 56 42
20 21 30 35
56 48 56 48
53 27 54 37
59 2 60 13
56 12 58 22
23 3 43 5
16 9 55 17
5 1 20 7
30 34 55 35
34 39 35 41
24 30 59 31
43 4 58 33
47 5 57 43
25 3 60 41
35 27 41 48
18 29 57 31
21 22 24 32
57 34 57 39
3 45 5 47
48 49 48 49
34 29 36 44
28 10 41 25
54 31 57 43
14 41 42 42
20 9 45 49
19 29 51 39
50 31 60 48
41 39 60 40
53 17 57 24
27 18 46 19
37 42 47 42
55 39 55 44
60 49 60 49
58 23 58 32
30 8 44 47
6 9 29 41
49 44 55 47
14 18 47 35
37 29 38 39
40 41 42 45
7 1 41 33
42 28 49 49
58 15 59 36
47 47 60 48
24 15 28 36
49 37 53 37
9 31 26 49
50 47 58 48
55 12 55 15
49 7 50 28
14 26 15 31
48 15 53 48
44 19 46 19
45 40 47 45
21 22 26 43
23 6 29 44
16 12 48 19
13 36 38 44
22 22 50 36
34 39 53 49
9 30 15 46
13 34 30 42
37 24 38 46
25 38 53 41
40 18 55 32
33 2 40 15
6 20 54 26
24 10 50 36
9 5 30 5
21 37 58 44
42 11 58 20
15 41 16 43
1 17 32 47
37 40 37 47
43 36 53 41
2 15 34 16
34 42 60 45
21 48 49 49
19 15 36 34
50 36 58 49
54 36 57 43
57 34 58 46
8 21 55 47
49 10 51 23
3 13 59 43
6 31 38 44
12 7 31 31
28 46 51 48
27 38 48 47
26 29 26 46
33 49 40 49
40 11 44 33
28 7 33 43
31 4 47 19
9 37 36 37
11 18 54 42
28 47 35 47
35 44 50 46
11 29 15 42
55 1 55 28
6 1 9 34
36 15 60 35
19 32 39 49
2 41 8 46
14 12 21 13
16 43 43 46
49 1 59 20
54 48 58 49
40 40 51 46
1 45 26 49
5 23 55 34
50 11 56 21
56 36 56 49
54 30 58 48
27 17 32 42
58 27 60 40
50 7 51 31
7 30 38 35
55 48 57 49
33 31 43 41
18 16 36 30
11 33 44 46
1 6 54 43
29 9 46 49
40 18 52 18
24 12 38 36
9 6 11 18
37 8 59 19
8 36 14 43
41 21 53 39
15 27 22 33
5 7 28 24
51 11 55 24
50 37 56 40
32 35 41 36
26 24 33 48
31 30 60 32
24 17 54 48
30 8 32 42
46 18 49 40
42 3 42 42
33 43 58 48
51 34 59 36
54 15 57 38
34 19 53 36
54 13 57 22
9 10 11 47
6 3 46 45
9 15 60 27
55 25 58 33
2 30 14 44
47 24 60 27
17 39 51 43
41 42 56 44
52 30 59 35
3 7 28 38
60 22 60 48
6 49 24 49
9 34 21 43
35 5 47 19
33 41 51 49
48 29 56 43
60 1 60 3
28 8 46 26
39 28 52 47
53 36 60 41
21 38 60 39
49 25 55 36
32 12 44 24
23 43 29 44
60 16 60 30
25 30 55 39
3 6 22 20
17 28 26 46
40 12 49 40
50 40 56 45
60 34 60 34
10 34 34 39
36 28 45 42
19 15 35 15
43 41 47 43
40 21 60 35
9 7 52 35
36 31 42 42
60 11 60 21
14 10 35 15
4 6 43 14
25 7 38 43
28 40 34 44
16 1 49 46
25 26 52 35
26 36 42 42
13 5 18 20
38 35 38 42
56 13 60 18
35 9 53 40
48 1 60 5
24 17 33 39
22 15 31 15
12 28 21 39
34 18 37 35
54 21 57 30
45 20 55 46
21 9 59 30
13 24 39 30
28 49 42 49
30 29 49 39
10 25 14 28
10 14 24 19
19 11 44 47
30 39 44 42
35 40 36 42
42 34 60 47
33 1 47 16
48 39 48 41
57 42 60 46
60 41 60 46
43 5 46 49
15 3 18 23
26 18 41 49
51 35 60 36
50 1 53 3
5 49 10 49
12 5 47 46
5 8 33 21
32 2 33 45
29 1 31 14
21 8 58 34
13 1 55 1
23 5 37 49
39 6 60 22
35 44 36 49
7 36 59 41
50 18 52 26
18 7 41 20
56 21 56 48
31 45 59 45
28 22 49 24
12 1 58 44
2 20 48 30
5 26 42 31
43 17 53 40
12 23 55 45
12 41 32 48
45 28 52 46
54 26 59 39
23 46 53 46
10 48 23 48
7 16 21 30
57 9 58 22
11 16 60 34
8 9 34 34
35 27 47 47
44 10 56 48
57 30 57 43
54 33 59 49
9 1 16 44
39 21 47 48
57 31 58 47
24 12 48 39
46 41 48 44
22 31 46 34
40 15 50 22
18 12 60 42
20 46 28 46
45 28 56 33
56 21 57 26
20 7 55 39
28 27 44 42
52 1 60 42
6 8 57 37
18 28 58 37
31 45 37 46
23 47 58 48
55 7 57 15
17 8 18 22
35 32 47 37
59 26 59 41
30 4 43 49
39 27 51 30
30 40 60 47
50 16 56 42
22 16 38 39
9 5 21 5
55 48 55 48
34 22 58 27
17 35 27 42
52 49 58 49
46 36 52 47
1 34 28 40
38 41 43 47
22 45 39 49
42 33 55 47
29 2 42 36
13 25 51 44
57 8 57 30
49 7 51 41
24 7 33 17
21 47 23 47
24 6 53 10
6 17 39 27
48 26 58 34
44 18 44 43
14 27 41 32
45 33 47 45
12 24 28 33
53 4 56 5
9 12 35 30
58 35 59 44
12 31 56 43
9 16 50 34
12 25 43 40
17 7 28 19
39 42 46 49
30 30 46 49
19 40 49 47
11 14 39 26
51 22 54 30
21 21 34 43
10 16 20 37
14 45 37 47
51 28 53 41
46 7 57 32
21 15 51 47
51 2 54 36
28 40 30 40
5 12 10 31
20 38 26 38
30 29 46 33
36 34 40 36
3 15 13 36
39 47 46 49
20 23 38 34
48 30 55 39
38 26 49 45
58 17 60 44
31 3 38 29
40 37 53 40
12 22 46 27
18 11 22 13
33 5 60 12
8 4 59 39
43 30 49 47
49 9 58 34
21 44 26 46
5 42 36 48
9 20 16 29
5 29 49 38
26 27 49 29
5 21 16 26
33 29 36 36
44 7 54 12
38 14 60 38
6 42 54 43
47 21 47 45
20 31 59 38
56 21 56 34
10 10 59 16
14 29 39 32
47 47 51 48
52 41 58 43
51 42 58 44
56 49 57 49
55 38 60 44
2 35 58 38
24 20 26 26
28 39 47 48
59 20 60 29
30 38 47 41
20 5 58 18
42 14 50 18
6 1 15 4
48 10 58 44
1 42 38 47
38 6 42 26
46 8 55 43
48 37 60 48
54 17 60 19
57 43 58 43
50 41 52 44
50 23 55 43
59 29 59 41
25 16 59 18
42 47 42 48
34 16 41 43
12 10 55 38
19 30 41 37
34 25 46 29
37 33 39 42
53 13 56 42
55 44 59 48
42 35 51 47
33 3 34 49
50 18 56 25
50 3 54 23
34 34 38 47
39 24 60 44
12 14 34 41
54 4 60 38
23 14 23 30
8 33 51 33
37 23 52 36
25 42 28 45
55 16 55 39
58 23 59 34
46 25 51 35
41 40 54 44
39 44 44 46
35 23 46 45
24 6 26 13
4 45 7 49
8 34 33 34
30 5 32 47
49 45 53 46
13 24 21 30
56 10 59 35
22 35 41 40
54 24 55 36
60 44 60 46
33 12 41 14
21 9 38 49
4 36 45 46
24 33 38 44
29 44 52 45
30 18 45 47
46 28 60 45
27 30 31 41
50 17 57 34
29 39 37 43
31 25 40 26
56 10 59 28
51 7 57 17
2 33 54 37
17 8 41 45
27 11 29 49
28 47 36 49
41 32 59 49
11 27 40 45
56 14 58 33
20 48 35 48
10 2 15 3
17 17 25 34
36 14 57 24
33 7 36 12
45 3 54 3
43 36 59 41
29 32 44 42
34 28 48 29
43 47 48 49
37 26 42 33
52 36 57 40
19 4 24 44
34 11 41 22
3 29 49 39
57 32 60 36
24 23 54 32
55 7 56 28
1 36 52 36
49 32 55 45
10 7 38 36
27 13 53 27
51 38 58 48
54 32 56 44
23 24 60 41
12 17 42 30
26 20 31 31
38 41 58 45
52 48 56 49
40 32 55 48
12 43 27 43
39 35 50 38
22 47 49 48
49 48 57 48
42 27 46 32
51 45 58 45
31 24 50 43
53 1 53 22
17 26 42 26
49 25 59 35
36 29 47 47
27 40 57 40
23 6 57 45
37 16 48 21
30 41 31 43
31 46 37 46
34 35 45 39
2 18 29 31
28 15 35 42
37 37 58 46
36 8 46 15
22 1 52 27
13 25 40 30
44 28 44 42
39 14 40 29
28 16 42 38
3 47 31 47
14 47 54 48
6 23 59 41
24 21 60 48
29 48 34 49
47 4 48 11
13 44 39 48
10 28 33 43
43 36 57 41
45 46 59 46
28 21 32 35
46 30 51 47
29 39 48 45
9 37 23 42
19 19 38 24
41 21 45 22
47 32 57 33
43 10 44 47
18 11 31 24
21 26 55 44
17 30 42 46
47 35 56 44
57 40 57 46
27 42 59 48
23 17 53 45
30 29 58 36
40 40 48 49
40 47 45 47
45 9 57 31
58 18 58 40
47 32 49 44
30 4 50 26
55 2 57 7
57 23 57 30
30 15 32 45
7 40 28 42
17 22 59 28
1 38 23 40
10 42 29 42
37 31 37 41
40 39 52 45
32 33 46 33
37 49 59 49
54 23 55 41
26 14 43 33
41 21 49 32
48 14 59 24
5 25 32 47
5 30 45 33
3 34 21 49
28 17 58 18
25 10 46 36
11 18 15 32
24 44 52 46
15 24 59 28
60 22 60 26
30 32 30 32
11 5 29 46
39 7 50 45
21 40 47 42
44 34 46 49
8 44 55 48
7 49 27 49
20 42 46 44
27 46 54 47
55 24 56 36
19 14 60 37
37 10 49 34
50 6 59 20
12 34 26 45
38 14 45 32
24 47 52 48
9 28 42 35
19 19 60 40
34 15 55 49
41 19 51 29
60 9 60 17
52 11 54 32
22 32 44 47
37 9 46 16
15 22 52 30
24 2 47 39
2 39 59 41
30 10 36 49
30 49 39 49
21 33 47 34
34 10 51 36
9 39 18 48
29 32 42 41
8 3 47 25
14 31 25 49
11 26 37 38
32 33 52 42
2 22 48 48
35 25 54 46
22 20 34 35
7 37 29 37
21 36 26 36
47 35 51 45
60 33 60 49
39 3 56 40
51 32 56 46
23 9 33 49
59 38 60 41
26 43 60 47
10 48 28 48
52 16 56 46
1 5 53 11
5 22 43 43
56 45 60 46
4 49 27 49
13 29 41 29
29 16 55 49
40 30 42 34
33 38 57 47
58 3 60 14
44 48 55 49
38 2 60 18
37 3 40 19
38 12 60 16
60 34 60 35
57 45 57 48
54 41 54 41
16 25 47 46
40 22 44 46
27 28 40 30
54 28 56 45
60 40 60 43
55 32 55 49
55 41 59 41
51 33 52 33
2 30 18 48
23 46 49 48
1 10 15 27
12 18 28 40
10 40 24 46
47 14 55 18
14 21 40 24
41 21 41 21
56 14 60 34
11 38 59 47
12 6 53 9
26 15 47 26
41 19 55 19
39 16 51 46
48 2 52 32
35 36 56 39
35 21 35 23
7 42 51 49
42 48 49 49
60 2 60 48
51 35 51 48
7 7 20 33
51 37 52 47
21 10 23 45
18 45 18 47
31 18 49 21
45 6 55 19
18 46 22 46
46 5 52 5
7 16 56 43
34 37 52 39
40 29 47 49
53 25 56 43
12 6 23 48
28 11 35 16
45 28 50 48
9 5 23 16
48 45 50 49
1 49 16 49
18 4 39 27
40 35 47 44
45 23 51 31
39 23 44 41
4 18 27 24
5 25 34 34
1 6 52 22
48 16 55 27
1 22 23 30
59 32 60 47
46 44 57 49
19 38 51 40
59 39 60 42
40 46 42 46
26 46 26 48
24 19 36 37
8 20 17 20
47 18 47 23
27 40 35 40
11 41 19 49
46 35 59 39
28 9 50 31
28 42 43 48
12 47 59 47
56 44 59 48
35 29 41 32
8 48 11 49
15 4 24 21
18 19 34 23
48 29 55 38
21 23 49 24
28 30 39 34
60 47 60 49
47 35 53 36
54 41 56 47
35 9 37 10
46 15 49 24
37 4 40 26
27 28 43 49
28 24 42 27
12 41 33 42
8 41 29 47
12 48 36 49
20 12 47 25
10 21 36 30
57 13 57 30
25 38 57 46
9 6 36 6
4 41 51 46
41 28 51 37
54 35 60 38
53 24 59 47
46 28 52 32
14 14 59 43
32 30 36 31
42 43 54 48
40 7 48 8
54 2 55 4
45 12 46 21
22 44 39 44
19 11 53 34
11 45 58 49
38 1 39 9
11 44 39 48
57 16 59 40
35 4 53 41
28 31 57 32
55 37 59 47
43 4 57 14
33 43 47 48
9 24 9 42
49 47 49 49
6 19 35 42
28 7 44 21
11 4 28 23
12 2 50 22
29 36 37 37
22 5 48 9
52 1 60 10
30 23 46 29
39 23 39 47
50 4 50 10
42 40 43 40
30 2 47 3
46 19 58 40
60 20 60 34
36 11 40 35
32 25 35 30
53 24 58 41
24 3 58 48
46 10 53 43
36 12 51 23
31 20 31 30
2 45 14 46
59 28 60 41
14 48 35 49
26 29 26 48
22 47 26 49
53 32 57 37
15 10 19 25
17 34 23 41
44 38 54 46
23 48 34 48
41 49 44 49
28 40 50 43
13 6 39 29
37 49 52 49
33 30 46 49
55 25 59 36
43 29 58 32
15 7 26 31
36 15 50 27
23 11 57 32
36 3 60 27
58 7 58 36
48 31 49 41
22 14 59 14
18 46 48 48
16 39 58 44
26 17 33 41
5 30 55 40
15 11 30 34
54 26 59 47
43 44 50 46
12 5 33 48
45 42 57 44
37 7 50 36
50 28 53 40
20 33 54 43
14 17 55 27
11 42 50 43
38 40 50 43
19 41 24 45
44 20 60 20
21 41 35 42
29 35 55 38
27 16 58 49
41 28 54 28
32 12 43 14
6 23 22 44
58 15 60 47
8 18 12 47
3 44 54 49
41 38 43 49
14 29 45 29
45 47 47 47
41 17 50 22
58 43 58 43
34 26 43 35
16 4 27 8
44 43 55 43
1 4 8 23
41 19 43 37
41 40 53 40
19 40 26 43
14 22 26 25
1 47 25 49
12 35 25 45
46 22 54 36
49 49 57 49
21 27 36 46
25 3 43 21
49 47 50 49
46 44 59 45
5 42 16 43
28 16 30 17
24 26 55 32
37 5 50 30
49 24 53 44
30 21 58 35
19 46 38 48
11 5 17 15
49 42 60 45
57 10 59 48
58 32 58 33
58 48 60 48
17 3 39 46
22 43 60 44
37 10 46 34
31 17 38 22
49 29 51 31
34 36 60 48
44 16 59 35
27 18 51 44
50 30 50 32
51 11 54 19
15 33 49 45
16 43 39 45
50 31 54 36
51 30 60 30
31 32 57 44
60 30 60 49
42 3 43 29
21 47 57 49
14 12 30 33
18 26 26 39
59 19 59 35
44 46 51 47
42 46 53 46
22 6 41 13
47 35 50 38
34 37 46 49
29 37 33 42
23 29 52 30
8 29 60 32
6 38 56 41
57 41 59 46
55 4 55 12
21 21 59 27
12 3 34 39
20 33 20 43
45 14 45 43
33 19 35 29
32 25 41 46
40 19 55 27
13 17 58 20
58 7 60 42
34 7 46 41
4 41 39 47
47 22 51 47
59 26 60 32
18 11 53 22
36 39 49 42
43 17 46 22
28 46 44 47
8 9 33 25
56 26 60 42
54 33 54 37
13 15 57 19
60 13 60 26
28 32 39 49
14 14 51 28
14 15 58 45
19 14 41 48
28 26 46 40
56 23 59 42
39 1 56 6
55 4 56 31
32 48 36 48
12 43 57 47
4 6 29 34
5 39 11 47
20 34 28 44
59 4 59 7
29 37 56 48
14 6 29 13
16 34 21 39
39 14 60 37
6 33 51 45
52 31 59 45
1 40 33 48
50 46 59 48
40 3 58 35
53 3 55 23
45 7 48 49
15 39 46 40
17 36 54 42
36 24 45 25
13 20 52 35
33 12 33 34
19 6 58 45
52 17 52 43
22 3 26 37
50 14 59 46
52 6 57 47
47 35 52 40
6 39 33 41
9 6 47 36
38 34 56 45
28 10 50 28
55 3 58 41
10 5 11 7
3 12 44 29
47 12 60 27
40 26 58 27
49 38 57 47
21 37 24 49
8 9 12 42
28 47 33 49
30 27 43 47
51 17 59 36
47 49 53 49
29 4 30 24
57 21 60 37
57 15 59 25
56 19 56 33
46 5 50 28
58 46 59 46
46 4 47 36
47 43 57 49
23 33 28 45
17 7 55 36
28 23 39 33
44 18 48 39
52 16 56 24
50 34 54 45
54 13 57 34
44 31 46 45
53 39 58 47
6 42 37 47
60 41 60 49
45 48 57 49
58 16 58 45
47 39 48 41
59 37 60 40
12 12 38 40
11 2 59 29
6 34 6 35
1 7 25 35
46 43 58 46
24 26 43 26
8 24 34 33
43 2 58 2
45 4 54 9
26 5 44 28
7 48 15 49
53 40 60 43
39 19 54 21
19 22 59 45
29 37 38 48
28 24 43 25
31 21 43 45
17 4 60 32
57 40 57 42
46 10 58 35
60 33 60 47
34 10 57 39
14 30 58 43
9 35 60 38
32 37 55 45
16 21 31 41
38 2 52 13
19 6 43 29
18 6 27 30
37 3 50 23
28 24 33 33
6 16 59 38
22 20 38 36
59 41 59 41
52 2 58 35
25 4 37 18
8 2 25 7
57 17 57 40
34 2 38 18
35 21 41 36
52 14 57 36
54 22 56 38
22 12 49 44
18 42 20 49
2 48 4 48
60 35 60 44
28 15 46 26
17 5 28 26
58 32 59 48
2 23 23 43
52 39 56 49
32 23 44 31
36 30 56 36
36 24 36 44
27 22 37 38
15 32 31 48
25 45 39 45
2 27 34 40
35 43 35 47
10 15 25 46
43 44 58 49
56 22 57 25
17 42 34 49
33 19 38 26
47 2 48 10
46 45 54 49
34 6 47 27
45 24 49 41
46 3 49 24
53 12 58 18
12 8 24 34
16 33 21 33
14 31 40 46
3 7 20 17
25 15 36 41
59 22 59 47
5 46 45 46
53 10 55 26
35 47 35 49
34 9 50 10
42 41 44 47
36 45 45 48
24 43 52 43
38 32 59 41
48 38 57 40
58 43 58 48
23 48 49 48
5 41 26 46
13 40 26 41
37 40 48 43
8 26 18 31
21 31 59 45
32 42 43 49
47 46 59 48
31 8 50 34
13 19 46 34
5 44 40 47
34 39 38 46
15 11 38 25
4 42 21 44
36 20 37 42
5 40 39 44
34 45 40 47
44 30 59 35
45 27 49 39
24 2 29 29
16 43 53 43
20 18 31 33
60 27 60 37
54 19 59 47
55 38 59 39
60 29 60 39
29 15 31 18
17 13 59 40
40 13 58 37
4 2 16 28
8 19 60 38
4 28 27 39
23 9 36 15
44 28 47 41
53 4 57 14
47 23 47 30
28 32 55 48
36 26 38 45
17 34 43 42
10 49 25 49
56 37 58 42
52 31 58 33
26 9 47 20
22 49 49 49
5 3 47 20
52 20 52 29
22 44 34 46
17 14 51 43
45 20 47 27
52 45 55 47
51 37 56 42
32 14 56 41
38 14 50 33
25 1 46 21
51 15 60 48
19 44 40 45
30 2 41 41
21 45 41 47
52 2 60 45
7 44 47 48
60 48 60 48
26 7 43 9
8 11 54 18
14 47 37 47
43 23 53 30
22 26 49 48
46 8 58 19
34 13 38 22
25 11 39 20
39 48 60 49
54 28 56 33
10 40 34 40
1 9 9 36
51 26 52 34
40 25 47 49
25 47 56 49
23 38 41 43
32 48 47 48
16 2 32 40
5 30 60 42
31 46 34 48
21 47 37 47
34 30 45 39
45 47 49 47
33 3 60 47
14 14 20 25
30 6 30 11
49 44 60 45
45 38 55 42
7 17 25 40
32 24 52 37
52 8 57 34
59 41 59 42
59 7 60 44
12 36 19 45
28 26 38 34
40 44 56 49
8 26 32 28
14 3 19 29
29 48 41 48
18 14 59 28
14 47 50 47
59 30 60 48
1 19 24 49
14 34 45 39
51 7 52 44
37 39 44 39
33 18 52 34
37 25 43 39
60 44 60 45
50 24 54 42
49 44 53 44
5 13 29 30
13 27 49 27
60 15 60 40
33 13 43 48
20 46 41 47
54 44 55 45
57 2 59 18
22 29 48 34
56 4 56 20
24 37 25 39
27 6 45 49
34 47 55 47
11 16 21 24
53 25 59 42
16 26 54 41
3 1 10 38
16 21 27 21
39 1 53 49
35 48 48 48
19 42 49 44
47 15 53 45
52 8 60 30
12 30 42 37
44 41 52 47
47 8 57 26
58 7 60 41
7 17 60 30
52 28 58 37
50 18 53 38
48 18 50 48
24 18 42 48
13 40 25 49
55 3 57 25
14 28 49 29
39 33 49 40
2 47 51 49
14 42 47 48
23 3 26 23
4 23 17 25
51 43 53 47
48 4 50 15
9 17 43 21
7 11 45 32
52 39 54 43
43 22 59 40
27 47 37 49
4 14 21 41
29 22 49 24
40 49 59 49
29 14 48 39
55 32 59 37
54 12 57 30
47 17 56 24
19 36 24 48
33 26 45 47
31 35 41 42
41 16 45 23
5 37 18 48
36 7 52 45
20 38 52 40
8 18 10 18
16 30 42 45
26 47 43 49
9 41 54 49
54 1 56 2
14 48 38 48
41 22 46 27
59 11 59 28
13 40 36 41
60 1 60 19
19 15 52 27
44 13 52 14
11 21 42 42
3 43 15 46
34 42 37 44
41 6 50 11
2 36 28 36
57 32 60 39
44 33 55 46
27 45 28 45
28 49 58 49
4 17 15 44
28 2 37 16
40 17 51 49
16 43 54 44
26 21 59 36
14 19 35 25
42 1 49 14
38 32 58 49
41 40 54 40
46 23 50 49
60 3 60 15
10 44 40 48
7 37 56 43
4 31 41 45
29 46 31 48
36 17 40 38
10 46 39 48
12 37 50 42
39 10 44 16
40 48 49 48
17 37 17 39
10 16 23 18
1 46 42 48
2 6 15 32
24 22 48 38
14 37 36 47
59 15 60 45
22 13 60 48
27 33 30 34
40 17 41 23
1 38 18 47
4 47 26 49
30 29 58 38
40 27 42 43
23 36 38 46
9 40 19 42
49 46 51 46
47 7 54 49
21 21 23 44
55 45 58 45
32 1 51 31
31 47 54 48
3 18 58 22
56 15 60 32
51 39 53 45
18 41 47 46
53 16 55 39
38 48 43 48
11 30 53 30
14 7 36 20
56 7 59 36
7 46 48 47
42 1 57 1
21 41 33 47
14 9 35 46
41 12 60 38
49 19 53 49
45 40 49 49
40 7 55 43
58 35 58 47
45 25 60 26
60 21 60 22
23 27 43 27
37 28 52 48
40 48 57 48
29 19 51 34
10 29 54 42
5 40 18 47
48 49 49 49
36 14 49 30
16 26 44 42
28 14 58 24
15 6 15 13
17 24 28 49
27 36 45 44
29 13 37 31
3 17 3 27
20 40 48 43
2 45 29 47
4 48 31 48
47 21 56 33
57 6 58 35
48 14 60 28
57 37 59 43
23 4 60 21
24 43 32 46
19 8 20 29
12 37 35 46
51 17 57 46
5 10 47 27
54 48 54 49
42 2 44 32
3 6 29 16
60 10 60 26
49 38 52 45
1 24 14 42
39 32 54 49
49 4 50 36
24 13 50 27
30 42 43 42
31 9 46 25
57 49 59 49
23 43 58 45
46 22 58 47
19 11 57 14
30 48 44 49
50 27 59 41
35 27 49 31
7 16 60 29
17 3 60 12
26 31 55 39
38 24 53 37
19 4 33 27
51 46 55 46
57 3 57 19
52 40 54 49
24 4 32 39
23 30 45 37
36 39 47 47
56 42 60 44
8 35 36 38
60 1 60 43
28 45 46 45
53 16 53 24
36 39 59 47
8 49 36 49
51 39 58 42
33 13 33 19
41 43 43 47
6 39 48 46
47 1 56 46
27 32 35 41
13 37 34 40
14 39 43 44
18 30 52 35
59 30 59 47
2 37 46 41
3 5 42 38
22 10 51 38
17 20 17 34
23 45 60 49
55 10 58 33
6 34 18 37
49 31 50 47
4 10 53 22
57 33 60 43
14 42 55 47
7 9 10 36
60 28 60 45
58 43 58 44
49 10 57 45
3 24 21 36
17 14 51 16
16 42 37 47
5 20 5 29
37 47 47 47
10 40 18 49
52 28 57 30
13 29 13 41
41 23 56 39
35 44 60 46
6 41 28 41
5 26 19 45
20 46 21 48
4 1 58 25
15 14 22 42
49 49 49 49
36 20 40 38
41 26 49 27
13 8 44 20
6 34 8 41
46 15 57 46
3 17 44 44
57 1 57 42
34 9 53 9
3 36 7 46
20 45 54 48
20 1 20 1
38 47 48 48
57 44 59 47
33 21 36 46
5 42 16 44
30 42 53 46
22 34 22 35
59 30 59 47
19 32 54 40
47 22 55 48
1 43 49 46
24 5 58 5
36 42 54 42
19 9 30 45
6 10 57 45
54 35 54 47
11 26 49 48
28 20 60 43
56 13 60 49
15 38 60 46
28 18 37 31
17 14 49 27
33 8 59 46
49 45 57 49
26 46 32 48
37 33 57 36
4 35 59 42
15 25 15 38
43 36 57 40
10 43 23 48
29 37 52 38
28 30 56 49
14 45 54 47
7 35 17 36
40 22 45 36
26 8 33 28
52 21 58 42
12 1 37 42
41 40 44 49
60 49 60 49
31 43 32 47
48 5 52 46
49 11 51 46
30 7 57 39
40 40 44 44
41 27 54 27
10 42 48 44
20 36 59 40
35 15 36 29
30 40 53 48
33 22 39 22
10 23 16 31
53 35 57 47
32 7 34 28
38 47 41 49
16 5 34 45
44 35 47 48
57 2 57 42
38 13 58 45
2 27 8 42
21 8 26 14
46 34 58 39
3 34 40 44
17 48 23 49
9 30 39 40
43 18 54 31
39 35 42 46
55 48 59 48
34 20 47 44
41 1 54 42
9 17 26 44
49 36 60 44
6 10 47 26
26 4 56 37
4 42 48 45
56 10 60 44
12 32 18 49
40 13 57 35
18 8 21 40
26 44 52 49
4 15 4 28
49 7 56 31
34 33 46 38
45 30 55 34
1 23 29 48
39 44 50 44
36 49 42 49
48 46 54 49
17 17 56 49
44 40 54 41
12 16 14 48
42 17 43 25
3 45 34 46
38 20 46 30
22 14 41 49
1 15 43 41
55 27 58 31
40 27 54 34
54 48 59 49
48 33 58 44
5 16 28 35
6 13 20 26
56 4 59 10
3 22 16 38
46 29 51 38
48 35 58 35
44 17 44 40
54 42 54 43
40 17 48 30
30 10 33 41
54 8 54 17
13 43 57 43
52 6 56 6
44 4 47 38
31 36 51 41
12 8 31 40
18 35 37 48
30 5 34 6
5 15 54 22
43 46 45 49
59 15 60 22
28 2 29 44
53 37 55 43
18 17 58 49
49 42 51 44
26 6 37 34
12 18 50 25
45 30 52 42
10 10 22 38
12 43 42 48
40 27 44 34
37 37 50 47
56 47 59 48
47 5 53 21
43 33 54 47
48 7 56 42
57 46 58 49
41 13 47 16
16 24 47 29
27 16 50 32
28 4 59 27
16 30 58 31
26 33 36 35
55 18 60 38
45 28 59 49
38 15 59 36
55 22 55 46
3 28 60 32
11 41 54 41
21 43 32 43
26 38 56 43
34 35 56 36
28 1 35 40
4 22 52 43
43 25 55 44
42 6 56 49
55 23 59 37
18 30 27 45
38 7 42 30
58 15 60 26
56 19 59 31
57 43 58 46
7 47 12 47
50 2 57 2
11 3 57 14
16 48 19 49
10 48 41 49
13 48 34 48
33 10 60 41
39 2 54 8
39 46 43 47
49 14 54 29
16 45 24 48
18 47 50 49
7 41 7 43
13 10 43 18
1 24 22 43
21 11 50 49
40 12 54 45
57 47 57 48
20 46 30 49
24 35 55 48
15 23 58 37
26 13 32 46
2 44 59 46
11 29 54 44
17 5 35 44
46 34 54 46
53 49 60 49
38 46 38 48
60 10 60 22
10 7 53 35
31 31 39 39
26 24 57 24
22 38 46 44
6 46 12 48
18 45 49 47
45 48 57 48
37 36 49 44
31 15 52 23
4 48 46 48
60 10 60 29
35 46 35 49
7 16 15 28
24 2 41 31
60 22 60 41
7 8 47 14
56 8 56 25
46 44 59 48
15 35 51 41
33 39 47 48
40 13 43 40
5 41 27 42
31 30 59 33
29 12 34 48
1 37 16 43
47 8 52 48
23 26 60 37
38 14 59 26
54 36 57 37
7 9 27 20
26 3 34 38
42 42 46 43
22 24 39 31
21 19 40 25
58 49 60 49
45 7 52 27
43 7 48 14
1 14 42 38
46 5 55 42
21 38 27 45
24 39 37 45
44 27 55 34
6 7 47 18
43 16 47 33
53 49 59 49
24 8 30 20
22 49 41 49
47 22 58 46
42 1 58 12
18 33 40 40
34 43 52 44
25 6 54 19
39 27 46 38
38 41 51 47
22 29 25 46
54 42 59 46
36 16 40 44
37 39 44 46
18 28 37 47
12 41 40 43
1 1 2 19
53 43 57 46
39 47 45 48
29 5 33 48
19 29 56 29
20 30 22 48
51 41 51 48
19 20 48 44
12 31 18 41
40 33 60 44
27 17 46 48
24 41 58 49
9 36 16 49
7 49 16 49
36 9 52 43
47 49 47 49
39 31 43 36
8 5 31 38
40 27 43 39
31 19 45 48
44 24 58 39
22 11 27 32
49 5 51 28
42 45 48 46
22 23 31 35
59 10 60 48
33 1 42 17
11 8 41 37
52 13 55 38
26 35 48 46
38 15 51 41
50 45 50 47
5 26 26 33
19 41 54 45
23 44 36 48
19 40 34 44
23 26 43 26
34 48 40 49
39 12 42 36
46 28 48 43
13 11 49 38
39 21 45 22
56 4 60 7
23 21 35 46
15 25 34 41
22 23 54 47
29 13 30 14
14 10 41 47
29 27 36 31
20 18 44 28
50 10 60 29
40 3 57 26
59 24 59 26
27 35 56 46
31 1 34 45
23 15 41 30
13 20 43 31
56 24 60 40
12 41 31 42
60 47 60 47
55 39 58 48
4 5 22 42
42 46 58 49
12 35 56 43
41 7 46 46
21 30 54 42
23 37 31 41
57 45 59 48
59 15 60 21
29 22 31 42
28 29 34 46
1 30 20 40
18 20 42 24
42 45 44 48
37 27 39 45
18 34 45 46
44 27 50 38
2 19 41 40
31 32 34 34
30 4 48 37
27 48 56 48
32 21 46 44
56 21 58 42
60 16 60 48
53 2 54 40
23 37 53 38
46 16 57 17
20 7 42 18
48 49 58 49
1 27 9 38
15 14 28 23
25 35 37 46
38 49 51 49
9 44 16 48
33 9 43 18
1 43 25 45
33 49 39 49
3 35 43 44
43 48 47 49
59 42 59 44
4 27 54 27
27 8 38 37
57 40 57 47
7 18 35 21
27 17 34 18
17 37 40 40
19 4 43 23
54 29 60 44
25 47 34 49
5 39 32 49
36 18 43 49
22 47 33 49
12 8 34 21
8 29 21 47
18 39 54 40
24 44 53 46
23 18 31 35
60 34 60 39
28 23 34 46
56 9 58 24
47 45 54 46
6 38 8 40
51 43 55 47
35 21 59 43
26 29 30 46
11 16 38 20
1 30 51 47
55 48 59 49
49 6 59 12
37 14 51 38
7 28 46 30
50 9 50 30
60 47 60 48
46 5 50 23
9 41 58 48
6 21 37 39
23 32 57 40
8 2 24 26
8 6 35 41
57 2 60 29
27 5 43 22
45 16 50 27
22 38 38 46
9 35 17 35
22 32 38 32
4 18 42 29
37 35 56 47
48 5 48 11
46 42 55 43
4 3 38 14
47 49 50 49
57 6 59 6
57 35 57 43
55 43 56 45
58 1 59 24
32 43 45 46
5 47 52 49
52 37 58 41
28 43 52 45
45 35 57 42
57 28 60 37
51 38 54 44
51 43 57 46
24 19 32 36
36 13 43 29
44 11 58 36
26 33 40 42
33 32 60 47
40 21 52 32
19 4 58 19
45 42 52 46
56 13 56 30
36 40 36 44
12 1 48 49
16 5 17 39
57 6 59 19
60 3 60 22
48 25 51 42
19 16 32 41
60 33 60 37
56 3 58 32
29 8 34 13
54 43 54 44
30 17 56 46
16 11 26 39
40 12 40 44
21 44 45 49
45 40 48 44
32 30 52 31
2 41 15 44
40 40 56 40
11 23 28 23
21 23 56 23
33 5 40 34
23 1 37 48
6 40 49 42
57 18 57 22
51 18 57 45
26 12 26 17
28 5 60 29
53 39 60 45
26 20 58 30
58 31 58 43
59 43 60 48
42 8 60 35
32 29 33 38
9 12 45 41
25 6 57 29
46 11 53 16
32 17 45 38
49 6 57 16
57 37 58 47
18 3 18 49
25 28 25 43
52 21 60 48
2 38 25 44
59 43 60 43
13 13 15 49
52 2 55 16
30 4 43 14
8 10 34 32
3 27 21 44
40 1 53 28
40 7 48 26
52 1 52 40
19 35 21 43
47 5 56 15
12 12 25 22
13 44 18 45
57 22 60 27
39 4 55 28
46 31 46 31
46 28 55 38
17 46 31 48
59 30 60 30
14 1 56 30
59 28 59 33
3 13 18 44
31 4 33 10
25 34 59 47
16 5 60 47
52 24 52 29
27 29 60 46
17 33 41 36
21 28 52 44
2 13 39 49
15 17 21 39
43 1 49 33
22 14 35 27
34 14 51 25
3 29 30 37
28 3 58 25
55 49 60 49
17 17 21 40
31 35 48 40
10 39 26 40
16 4 28 39
17 30 25 31
55 1 56 30
34 30 51 31
38 31 56 45
20 39 42 48
52 19 54 23
53 17 60 41
11 32 23 35
60 41 60 49
4 22 43 35
46 47 57 49
44 18 49 36
55 40 56 49
44 23 59 41
48 11 51 20
14 42 40 43
35 41 55 48
5 47 58 47
9 2 47 36
43 40 51 47
6 18 7 35
33 41 40 41
32 11 48 36
13 49 51 49
23 6 44 46
54 49 58 49
29 28 60 33
42 48 43 49
46 25 52 32
7 49 42 49
56 35 56 44
16 8 48 46
11 3 12 21
55 34 59 45
1 5 32 19
30 8 47 24
10 8 48 43
52 22 52 40
44 6 55 47
4 18 60 35
19 32 50 40
21 34 43 39
21 34 49 40
10 26 18 46
34 15 57 40
38 40 58 42
24 6 37 7
20 8 43 22
7 43 10 44
11 13 19 48
1 13 10 20
54 8 60 47
15 6 36 8
16 45 26 46
49 21 51 45
40 6 47 27
28 31 44 37
17 8 39 19
50 24 59 38
14 17 27 26
43 15 55 15
42 18 45 24
13 31 23 34
20 43 58 43
33 44 34 45
48 9 53 44
59 47 59 47
42 31 59 48
44 11 60 13
57 49 57 49
55 12 58 32
25 44 30 45
42 48 46 49
42 13 42 35
52 5 58 44
59 36 59 49
58 13 59 35
40 26 59 30
12 18 14 28
1 6 25 17
59 15 60 48
1 20 36 39
14 14 53 17
40 11 40 23
35 25 59 28
39 40 45 47
25 21 35 39
34 48 54 49
13 49 21 49
48 10 54 49
51 32 51 43
37 10 39 34
21 30 21 30
58 24 59 30
7 42 45 49
16 13 17 17
39 46 59 49
48 30 58 31
21 25 30 37
43 16 48 32
55 32 60 32
5 4 42 16
45 13 60 45
33 7 59 7
57 9 57 23
59 49 60 49
7 13 9 46
52 2 52 48
13 2 56 48
25 37 52 39
20 30 22 30
35 36 38 40
15 11 35 40
59 8 60 16
10 18 23 20
34 15 51 29
12 18 48 29
9 30 58 37
42 23 43 33
49 9 49 30
50 5 53 28
19 17 53 41
36 35 56 49
20 2 38 46
