100 100 84 51
79 8 24 56
85 42 96 47
3 46 45 75
39 67 97 76
82 73 46 18
65 79 61 54
71 60 71 30
63 28 27 100
52 85 50 41
12 46 68 57
32 22 81 10
68 90 8 16
95 16 83 72
28 27 29 52
79 65 2 78
7 14 54 42
40 82 12 11
65 80 56 45
51 89 44 6
46 67 50 73
76 78 87 10
7 74 33 75
54 95 94 49
95 1 72 45
12 13 33 92
5 90 65 8
85 18 86 53
83 36 38 41
24 27 78 71
57 76 49 96
85 32 16 37
65 98 6 54
85 87 49 28
80 51 46 4
34 78 83 64
25 59 61 30
35 57 100 55
36 90 39 92
28 12 14 71
52 86 95 70
73 67 28 96
6 99 77 5
45 82 59 36
30 54 15 45
55 64 19 74
75 22 11 11
91 77 94 53
43 4 12 84
70 46 96 3
50 62 38 4
72 45 95 80
8 26 63 12
85 90 98 67
49 87 46 21
98 38 44 8
55 79 40 82
26 83 80 47
8 29 71 50
63 94 29 44
56 20 97 76
9 75 63 85
74 37 21 29
26 12 85 60
77 23 3 66
6 13 94 41
49 34 31 89
62 68 22 76
24 32 38 51
17 83 73 98
9 99 45 75
57 26 75 37
13 44 43 50
58 23 73 69
64 71 22 7
7 87 95 68
7 73 91 100
96 35 95 18
93 60 44 40
61 48 44 39
61 16 55 96
23 22 49 83
77 82 99 89
4 32 93 65
69 18 64 39
99 9 76 65
38 15 9 78
26 3 79 10
99 42 31 4
78 49 98 6
7 71 72 18
99 50 51 24
78 71 32 99
31 62 46 38
27 39 88 87
99 80 54 84
72 66 58 90
48 79 13 51
84 72 89 64
65 1 58 100
9 12 10 70
