100 100 19 44
51 21 21 67
34 94 3 32
6 35 24 17
100 18 70 58
40 47 70 23
57 13 12 7
21 88 90 41
82 24 66 88
59 17 63 22
2 87 48 38
2 21 32 41
58 10 61 8
53 77 31 33
39 56 4 51
70 2 62 91
70 91 45 49
77 10 67 77
86 91 18 64
99 84 4 34
43 66 36 94
11 79 19 61
20 96 56 59
20 33 98 69
4 98 60 70
66 49 54 91
3 81 28 98
39 25 13 84
96 80 46 23
6 16 96 13
47 10 33 43
63 85 30 60
26 94 22 14
45 3 95 59
47 23 11 9
12 74 29 35
90 16 81 4
53 74 21 69
67 47 92 21
39 12 85 98
18 87 28 62
39 46 64 53
73 75 4 23
42 78 9 58
32 25 73 94
38 81 50 56
58 62 29 87
28 27 86 52
77 28 63 57
82 36 51 57
85 71 78 66
19 49 54 55
7 18 74 76
9 59 13 6
36 57 16 38
64 3 24 38
92 13 87 49
46 11 73 52
49 26 89 56
30 66 90 95
75 71 77 97
62 85 23 41
8 99 69 4
52 86 30 85
71 17 24 12
98 81 10 13
23 5 75 11
86 55 82 12
77 6 37 23
94 63 4 94
48 30 42 45
52 56 21 36
3 23 86 78
85 88 35 32
23 1 34 12
44 80 20 81
72 21 15 68
78 81 9 2
9 10 16 35
90 72 33 46
90 19 91 41
27 55 45 100
86 30 34 15
10 100 57 79
51 90 63 68
69 97 71 11
75 56 54 55
99 93 36 24
24 39 79 32
38 3 43 100
52 62 54 28
26 55 30 96
15 39 85 66
89 52 28 62
94 77 100 44
89 70 7 97
20 86 22 17
23 81 57 51
23 12 20 66
100 97 71 41
21 97 30 7
