1000 100 797 784
328 982 902 613
28 84 839 249
629 147 59 90
271 939 778 576
900 148 476 566
420 435 626 290
801 933 338 212
111 140 290 97
288 868 48 192
362 167 167 583
470 931 241 54
12 20 946 306
692 582 237 543
667 56 470 97
372 962 5 946
289 734 962 844
508 397 876 96
190 625 269 308
882 226 135 903
362 457 300 509
159 498 397 276
517 22 37 329
431 359 451 318
563 252 48 62
607 468 155 767
226 338 237 357
604 431 907 913
280 725 841 477
820 146 574 602
322 897 200 547
97 361 176 748
22 309 201 139
765 493 329 312
269 745 983 861
291 506 57 680
784 339 974 25
58 1 13 324
14 909 549 517
697 362 673 855
666 124 581 520
256 83 82 817
752 195 664 708
390 78 237 774
919 291 423 384
222 838 462 113
163 860 71 463
55 802 281 915
218 945 456 963
929 324 383 12
947 126 57 871
812 92 809 521
903 618 746 317
83 815 885 472
181 565 249 250
184 509 855 831
461 588 519 108
539 609 152 855
760 3 696 990
667 198 504 851
213 46 613 586
611 529 162 876
171 760 964 963
428 530 190 477
816 306 954 186
955 871 238 107
387 740 622 753
416 23 604 958
220 976 37 570
802 46 369 613
797 784 308 657
332 956 59 891
150 866 893 918
415 288 135 623
216 102 725 237
439 401 323 898
194 644 500 750
580 721 60 607
11 198 110 284
73 7 789 398
584 44 887 238
482 828 794 71
4 345 466 942
645 43 303 637
951 520 690 4
142 938 511 208
476 556 566 824
340 725 400 127
305 938 854 991
506 464 90 747
456 211 100 747
21 474 275 966
40 327 39 786
297 783 916 390
559 358 445 248
305 51 443 423
761 406 574 452
579 821 548 153
860 158 162 103
582 107 387 587
254 85 765 401
