1000 100 244 449
408 921 364 6
449 244 652 258
434 329 679 999
634 38 91 671
435 613 624 631
980 199 138 486
570 762 512 718
434 194 462 500
346 288 292 845
741 303 767 523
708 451 639 25
186 41 1 724
844 867 747 703
849 286 265 798
850 639 809 185
388 541 341 412
642 250 179 617
638 806 132 891
391 794 578 250
705 60 85 186
544 558 980 441
165 846 789 892
334 703 40 391
241 127 373 149
909 673 651 991
628 142 121 19
209 42 908 494
244 16 956 127
310 612 270 931
129 715 380 23
981 993 127 779
971 969 608 491
884 88 961 398
654 277 806 836
625 523 305 92
770 242 980 896
109 353 225 531
652 244 772 117
302 32 295 514
468 240 855 305
843 196 712 65
922 52 657 646
708 564 316 681
859 257 932 397
299 761 146 975
160 834 375 762
745 931 320 884
174 795 400 568
424 511 854 265
43 571 311 828
835 965 965 808
669 551 807 229
565 913 979 923
396 239 393 682
113 543 284 161
480 800 837 286
353 657 526 973
135 795 759 570
167 537 372 831
418 41 375 917
883 415 300 797
231 412 512 567
530 300 712 570
39 156 76 932
501 253 640 488
223 681 805 950
279 274 824 697
739 714 284 629
981 334 932 934
212 326 172 987
426 489 318 964
651 481 821 621
516 456 59 995
253 367 867 184
554 483 615 27
803 133 698 155
22 985 57 619
651 369 933 102
748 814 122 147
639 354 719 260
48 177 524 356
80 915 277 773
601 985 496 368
48 407 646 661
477 92 841 670
763 859 597 640
964 69 649 599
423 796 963 308
591 408 635 658
160 455 432 970
81 831 316 725
719 395 306 143
378 479 999 706
533 376 657 652
507 780 833 350
847 197 224 742
794 563 614 581
609 96 766 935
725 399 240 120
420 597 51 482
