1000 1000 364 110
532 323 134 786
543 696 900 253
633 545 684 994
312 490 267 972
497 325 511 813
339 952 114 351
321 39 344 75
94 592 711 431
943 27 282 952
440 662 965 174
53 232 160 643
435 933 869 170
704 307 646 423
91 725 451 583
766 4 774 526
646 84 438 482
846 425 545 803
435 108 593 985
268 104 381 664
814 179 650 192
897 236 76 975
769 256 799 671
265 65 431 92
263 472 414 218
295 527 619 554
267 454 732 450
887 237 350 695
666 845 50 742
734 271 978 943
570 839 669 266
394 183 854 813
615 477 694 612
338 416 621 226
845 797 993 715
943 3 918 490
3 336 169 964
336 639 416 334
14 899 479 188
883 223 304 865
939 802 330 362
268 641 520 395
908 41 47 615
444 850 898 686
798 409 328 656
98 183 88 402
651 450 808 498
2 983 717 938
516 105 381 73
603 695 150 195
773 48 106 962
709 512 591 512
321 314 926 164
221 311 14 915
158 512 242 747
232 294 979 933
44 547 140 612
498 152 845 520
129 538 979 870
680 10 231 91
335 496 879 988
777 539 869 422
79 214 306 171
374 951 12 865
273 341 1 564
87 402 691 377
565 455 778 639
804 129 277 368
69 204 454 608
904 533 49 29
820 294 572 952
467 934 473 665
954 346 273 754
822 247 224 522
780 810 7 175
989 877 751 397
932 988 117 511
7 411 767 749
436 194 745 362
156 141 845 242
827 804 397 831
566 911 485 879
432 802 860 470
644 359 944 93
213 432 725 722
545 866 955 29
587 398 876 188
742 752 499 263
915 542 709 21
231 105 226 437
892 675 265 612
675 831 25 470
658 897 980 850
125 478 923 86
306 649 631 752
85 240 458 599
877 64 422 635
21 426 94 314
964 531 489 647
921 572 132 187
703 506 477 666
143 204 818 135
584 183 717 996
531 248 878 631
71 447 52 429
426 685 131 34
149 222 442 630
387 178 708 926
456 537 239 531
982 209 20 141
219 254 58 688
665 737 87 707
2 713 36 416
956 690 939 811
62 207 765 845
481 419 406 792
36 358 18 413
542 283 40 845
972 556 713 433
130 898 963 460
870 145 845 521
162 926 73 332
294 694 381 943
54 502 769 350
341 233 687 319
823 511 209 861
211 803 872 496
980 432 4 160
871 244 361 879
407 289 373 709
102 818 28 549
189 516 166 715
283 287 100 589
504 425 383 230
809 614 891 415
43 225 65 544
197 39 253 373
653 436 739 866
325 461 57 712
491 588 181 173
476 924 589 835
198 765 952 329
894 441 411 664
353 332 115 396
841 458 208 424
455 87 388 93
53 253 410 981
756 623 136 395
947 411 503 393
534 884 279 682
418 868 805 876
515 709 398 694
858 855 508 233
811 147 293 471
804 630 125 798
322 486 836 341
150 365 451 451
410 540 833 601
224 843 272 936
237 818 895 659
710 900 177 510
293 499 572 237
976 920 78 659
13 800 848 608
255 645 581 10
738 202 562 679
461 530 820 941
725 273 535 130
449 572 770 714
994 208 373 833
286 636 90 185
538 775 966 539
4 616 815 356
692 34 1 279
458 143 991 836
824 122 769 778
565 487 184 181
40 653 425 1000
176 955 922 108
926 868 270 712
20 342 370 841
858 191 34 357
582 942 173 443
3 110 513 405
707 36 299 849
444 546 259 273
714 633 647 336
768 300 824 181
332 741 617 308
3 981 943 284
644 795 736 577
74 900 715 822
528 694 778 335
783 2 626 247
692 695 496 924
265 232 451 548
5 839 271 88
376 698 148 998
592 997 463 926
561 760 849 87
822 317 877 931
614 13 974 496
585 19 861 964
871 764 88 125
917 551 879 779
925 344 360 879
121 716 646 818
907 838 587 538
221 194 581 44
30 632 168 778
323 622 858 432
145 510 565 508
584 789 831 377
930 379 805 209
899 340 856 918
21 929 593 243
187 379 564 658
7 227 932 235
107 840 668 719
986 525 504 361
199 909 218 493
501 988 596 468
618 625 311 167
255 369 410 748
798 270 233 908
836 530 978 919
306 246 201 760
858 933 333 551
222 886 902 167
148 912 106 615
842 911 315 633
214 634 367 499
450 232 236 649
650 245 46 668
475 3 523 274
973 393 475 385
607 400 440 421
302 472 436 416
481 995 115 321
297 827 40 225
508 215 905 15
842 639 482 127
634 523 717 100
501 534 463 64
798 433 476 321
857 926 288 534
341 460 901 636
590 854 882 166
475 162 367 735
874 539 544 66
940 1000 74 452
336 437 361 89
223 148 662 563
135 201 272 32
751 173 317 380
705 176 54 76
215 686 573 132
725 40 889 54
113 147 221 827
117 996 9 988
427 775 198 645
542 82 943 983
607 965 488 749
922 339 906 887
580 883 505 350
672 320 467 643
371 765 473 845
145 1 769 246
139 113 288 336
316 260 332 856
343 17 905 582
584 73 340 675
487 634 752 163
569 183 196 937
610 954 373 686
99 381 505 890
802 757 478 336
395 228 870 317
484 937 704 423
115 120 272 372
680 485 444 910
327 757 379 720
537 281 902 397
762 646 269 866
462 1000 785 234
163 793 645 515
396 673 133 126
536 622 928 32
970 639 193 671
44 769 94 974
866 195 952 512
379 456 597 737
746 857 624 505
226 686 487 367
224 868 324 269
702 536 802 253
74 136 69 619
935 107 990 121
239 746 763 600
355 919 488 116
233 647 244 694
974 917 195 666
334 227 577 774
60 956 630 799
560 363 119 224
126 303 863 649
475 648 569 294
637 184 371 760
168 178 171 913
659 90 845 32
492 465 640 626
147 186 169 316
416 570 653 885
281 275 224 965
140 346 212 552
176 905 119 344
523 300 65 939
423 818 983 922
644 501 359 237
531 153 222 551
690 253 340 593
905 991 127 866
249 603 234 47
396 139 414 657
420 455 723 984
570 368 75 944
376 313 983 925
497 869 687 522
631 716 20 352
614 795 889 108
839 861 848 850
56 453 915 508
441 121 406 345
824 191 439 502
944 382 843 727
269 148 964 302
581 908 147 349
58 3 787 74
598 383 539 210
120 236 420 573
251 996 298 21
220 796 550 962
286 485 490 941
393 874 847 116
10 450 507 6
575 408 565 612
813 492 591 187
808 262 602 687
803 52 162 685
473 779 132 724
446 168 864 444
485 381 398 490
827 342 7 8
443 369 157 475
238 484 414 879
851 492 2 575
119 36 667 448
822 908 506 398
563 434 7 772
305 575 338 19
156 304 969 272
192 371 421 472
407 753 680 22
574 523 471 840
183 365 886 568
179 958 153 676
503 770 95 357
45 541 810 395
831 646 984 416
741 713 194 240
565 591 166 13
139 318 183 705
540 286 848 483
608 103 766 719
628 255 29 97
658 906 733 962
827 586 101 886
897 887 627 150
730 637 673 574
847 201 698 116
91 347 553 822
911 754 175 716
413 58 32 409
360 15 96 707
203 339 650 617
805 128 439 191
407 798 791 716
684 123 576 507
92 650 305 427
60 444 202 459
286 201 810 78
739 101 766 46
872 91 934 854
248 390 607 818
463 778 435 960
385 272 983 561
907 798 7 711
830 947 808 481
551 350 44 159
828 514 474 802
404 25 213 457
200 763 787 86
852 123 597 386
856 737 773 793
742 291 356 361
626 487 606 795
186 187 168 34
73 861 785 816
108 555 656 870
113 915 496 670
94 310 247 371
118 939 527 534
179 921 996 98
631 956 935 411
600 60 227 577
683 524 623 139
271 176 870 247
39 386 622 703
456 169 199 68
333 124 375 52
641 761 596 679
72 849 392 350
803 400 604 995
365 707 851 156
389 209 370 746
968 806 153 478
372 166 377 278
947 420 569 741
657 337 26 859
81 777 318 738
723 588 949 259
133 463 656 31
774 235 592 887
94 289 494 751
258 5 103 342
914 372 197 144
788 642 111 118
454 261 746 590
462 990 225 422
819 467 452 968
888 912 9 978
548 320 707 818
446 741 267 336
154 143 747 985
412 28 853 525
80 443 834 176
85 654 465 234
885 593 198 591
932 879 510 205
623 744 156 14
421 976 24 978
440 822 449 696
221 59 680 789
682 725 478 627
352 906 514 287
516 284 321 239
259 346 432 400
91 581 634 196
505 234 971 650
384 195 452 110
183 618 677 331
97 777 68 332
157 270 447 148
170 852 65 992
859 166 377 111
110 493 945 427
919 400 980 705
971 6 499 563
275 761 313 600
957 624 748 474
563 886 989 102
94 715 319 156
122 328 170 749
799 260 243 316
447 621 834 578
439 41 87 689
591 238 564 129
90 792 832 174
480 947 740 824
566 937 718 388
79 356 650 507
299 803 611 475
816 717 972 848
460 470 509 987
344 834 563 114
728 136 819 643
151 163 216 654
56 957 124 452
816 487 706 649
719 543 974 910
122 77 65 480
134 142 199 540
24 462 5 842
430 641 992 431
718 516 872 18
653 502 299 535
496 935 537 160
666 239 46 100
177 197 443 268
231 396 501 219
876 927 195 253
969 8 839 907
367 558 103 229
198 30 555 328
557 665 261 701
399 775 985 18
859 787 856 579
738 230 330 684
125 654 336 674
490 199 872 74
287 551 895 926
676 954 892 455
618 733 181 387
366 685 310 158
500 325 881 179
173 809 643 315
754 420 818 451
925 943 932 809
134 890 241 44
81 801 762 774
325 635 637 83
718 747 381 330
746 488 590 208
12 569 349 723
322 783 690 952
320 892 620 349
40 593 9 35
776 418 576 598
402 781 420 686
629 807 32 919
852 659 82 540
373 13 403 642
473 477 621 949
518 951 153 663
987 947 773 48
271 399 323 131
876 506 278 798
236 237 305 388
572 253 458 297
167 703 197 367
563 17 138 799
915 352 927 47
702 670 974 430
735 697 224 184
879 138 99 664
736 819 803 582
964 99 830 553
449 224 906 336
231 291 411 228
163 688 489 289
764 973 737 363
20 332 831 308
637 114 730 629
675 993 174 839
435 607 64 166
62 464 772 793
818 434 839 164
318 629 271 417
70 643 423 773
883 449 207 565
291 736 49 521
106 672 926 937
411 759 801 555
336 767 396 233
883 376 154 115
90 773 200 393
33 894 445 704
325 2 693 398
931 995 936 734
92 818 728 333
714 191 670 108
635 6 130 232
111 148 430 574
799 204 562 508
40 425 819 532
962 305 706 585
200 550 458 833
448 251 53 397
838 173 350 659
410 503 801 316
298 555 731 437
12 190 261 104
313 45 103 244
598 449 862 159
270 779 895 476
222 410 51 387
468 463 52 902
910 864 645 972
383 850 443 855
303 638 141 779
298 545 39 929
403 331 669 778
174 735 438 932
268 766 427 739
718 79 405 727
452 221 508 511
194 437 104 582
28 660 183 434
698 377 498 563
448 91 509 784
397 577 446 868
861 197 181 549
552 479 400 229
183 967 270 872
675 197 890 417
364 521 485 948
325 849 279 702
207 105 977 404
740 224 83 836
103 523 628 581
500 384 884 295
568 80 886 696
566 849 557 290
46 36 594 55
875 195 815 25
664 908 325 396
399 829 535 844
819 110 837 628
85 978 955 876
108 678 273 678
412 312 35 887
207 536 894 228
799 613 358 227
828 954 968 615
746 191 952 657
475 212 699 675
299 270 865 358
457 962 97 629
771 149 356 704
683 502 533 573
946 184 43 120
842 864 5 817
461 709 933 766
324 31 130 433
224 621 621 197
48 958 963 303
642 138 817 603
755 376 979 810
148 939 169 703
739 291 285 325
893 268 813 516
857 894 556 926
214 870 354 124
959 260 181 802
206 222 226 117
484 916 630 134
858 832 734 444
60 694 244 309
389 19 123 965
274 155 495 554
46 656 103 213
374 95 763 709
423 739 409 917
712 344 160 54
13 812 83 70
370 197 510 462
419 680 655 168
574 748 50 809
551 162 507 74
5 671 104 414
988 592 275 456
31 396 890 399
605 579 525 837
453 133 284 444
908 1000 437 752
698 94 824 371
793 557 171 824
57 339 268 767
44 34 650 722
806 159 857 613
893 992 123 511
367 750 409 389
687 596 514 841
558 102 799 606
402 691 818 166
358 716 72 482
848 364 676 941
404 380 858 255
881 371 733 693
530 939 323 784
259 503 892 85
466 556 366 843
299 555 396 181
660 108 656 225
63 409 518 194
636 365 651 48
890 750 409 617
224 468 660 609
372 910 678 451
736 717 17 524
527 416 580 971
702 873 863 90
464 592 356 690
740 702 194 544
22 577 748 426
997 715 605 835
427 303 711 443
187 361 51 565
175 845 623 491
525 186 571 2
473 817 746 503
300 239 544 444
557 341 1 767
537 883 444 368
178 745 356 963
328 481 145 373
431 378 428 607
373 475 269 51
670 97 898 122
198 257 786 852
405 720 994 151
583 390 815 814
282 325 892 771
207 906 726 97
118 274 641 627
323 960 382 893
307 853 205 721
883 868 146 895
805 746 866 593
335 570 576 403
807 563 766 960
899 984 796 544
404 681 266 77
139 461 618 676
552 160 169 3
582 908 785 385
778 332 24 936
398 108 808 40
631 386 306 696
38 81 453 955
651 330 61 299
400 497 638 210
618 144 350 9
635 65 950 526
634 258 142 342
196 622 505 705
721 108 374 674
113 141 418 716
389 268 591 865
742 766 457 254
96 518 716 92
667 286 650 620
104 12 695 1000
833 99 744 208
113 218 964 189
751 143 202 548
105 322 188 458
214 836 837 193
896 438 307 386
353 628 39 805
397 151 557 701
797 79 873 816
151 489 244 898
751 325 490 604
279 138 461 976
98 240 526 793
528 708 453 787
335 95 973 903
156 985 265 413
19 785 350 228
865 8 52 597
367 502 351 216
937 750 411 1000
942 805 305 203
390 305 502 864
2 476 753 466
770 406 393 16
597 755 603 470
805 601 130 391
559 711 983 186
24 981 298 283
642 920 367 566
311 276 622 668
321 236 884 488
943 366 953 976
838 904 893 538
414 154 154 221
624 373 387 27
148 315 892 435
922 225 48 656
413 460 411 354
704 783 146 330
494 232 184 781
527 102 640 432
552 573 931 987
814 723 154 742
871 96 696 541
78 214 629 626
447 557 628 618
751 52 842 888
672 590 512 109
81 131 444 349
200 906 260 269
382 408 955 344
85 259 588 197
232 4 846 971
693 477 885 409
735 83 135 535
979 788 786 376
707 124 895 371
127 421 961 569
745 809 97 279
963 330 323 196
451 853 10 923
38 464 760 303
378 827 513 347
902 843 49 600
515 520 477 182
999 583 956 378
337 596 221 278
437 890 38 284
457 524 860 531
249 461 836 673
120 712 725 510
839 510 286 836
642 335 275 929
61 848 336 108
342 345 503 663
170 511 132 56
948 321 274 221
32 380 961 901
637 341 366 929
375 712 452 889
342 33 951 349
115 358 792 623
632 657 212 291
817 228 272 559
613 604 885 337
984 454 880 668
238 284 421 654
970 168 35 277
861 930 346 503
356 177 93 825
805 394 153 140
526 140 999 870
148 757 247 540
376 243 521 938
475 608 66 827
191 390 460 407
40 273 123 896
621 327 386 577
373 782 760 453
481 657 715 62
236 112 428 85
695 992 591 829
735 187 604 493
341 262 551 499
149 926 771 89
20 225 458 980
265 436 306 915
766 364 767 614
744 176 918 427
982 954 986 282
829 588 417 78
588 734 783 211
83 114 946 695
146 482 844 175
883 674 738 304
369 544 503 278
957 921 764 665
133 915 139 896
581 524 124 140
328 205 361 178
802 985 673 882
266 443 279 122
96 529 205 813
940 91 418 415
191 860 261 623
611 882 824 368
616 304 692 946
295 85 706 172
439 926 625 159
696 18 569 679
50 961 552 72
177 448 255 680
280 954 592 774
608 442 520 714
179 468 539 327
33 766 4 723
796 561 13 911
462 716 272 371
588 414 285 364
176 809 59 505
341 295 682 749
507 560 71 888
511 204 10 407
829 394 529 539
793 604 777 641
563 417 996 217
851 476 347 461
622 262 566 32
970 225 691 640
587 728 912 910
849 410 823 98
164 224 494 679
681 776 837 836
276 737 158 102
850 92 524 108
862 943 808 985
387 779 309 485
64 180 774 920
113 384 221 970
974 752 412 906
430 516 318 147
513 32 381 273
972 665 801 770
498 247 599 521
905 527 87 709
603 464 565 262
750 341 827 904
670 255 438 415
961 826 481 476
750 596 654 47
190 86 160 815
31 774 261 178
465 240 748 188
433 732 383 357
405 955 761 384
4 872 627 912
927 452 4 624
285 939 263 633
508 210 432 925
893 183 579 482
141 752 471 713
85 696 216 591
703 985 606 701
355 467 144 210
301 312 71 810
305 412 876 680
704 56 210 961
263 862 657 759
198 28 268 493
740 630 603 456
298 5 720 721
645 347 372 159
832 891 71 946
231 555 822 289
452 285 485 6
606 571 804 504
546 750 82 485
907 871 94 795
937 375 325 846
496 356 714 73
652 528 586 51
759 932 834 151
417 938 472 169
370 710 652 549
867 126 596 124
777 882 782 483
382 673 482 40
732 51 155 953
250 323 126 74
858 412 845 169
806 579 294 647
833 417 803 519
961 469 762 547
311 972 741 623
45 48 34 730
379 376 437 547
269 599 264 551
85 456 366 452
531 686 8 146
258 747 176 188
672 449 977 6
574 203 264 601
339 405 561 934
916 979 497 326
620 651 540 297
609 136 630 577
894 914 940 240
241 309 119 58
198 743 409 523
338 457 765 410
306 615 276 128
386 639 213 929
157 902 944 156
431 115 580 970
194 269 146 599
63 29 936 398
335 966 677 305
402 549 114 431
741 267 38 526
247 379 367 820
776 662 849 205
809 729 612 610
447 596 140 745
263 762 401 731
610 299 50 655
570 989 652 53
376 438 597 358
234 959 476 383
985 973 770 453
573 877 693 323
921 198 512 251
200 564 2 662
652 18 848 130
453 11 118 954
825 542 257 982
602 253 523 891
805 275 715 72
513 842 818 504
