1000 1000 659 198
965 671 870 538
958 545 916 964
848 578 633 904
481 407 303 546
537 994 362 117
506 244 580 961
646 284 31 214
919 2 97 359
222 428 302 224
550 779 225 793
833 728 505 160
897 681 555 798
686 131 656 190
342 616 421 825
177 789 87 666
370 692 461 590
341 894 175 545
936 620 603 955
329 493 281 496
747 889 704 74
81 280 232 974
462 109 479 968
556 710 608 744
991 334 619 725
767 358 484 560
720 904 797 211
513 45 633 281
591 155 104 30
333 833 590 544
572 420 263 886
116 243 751 307
836 735 188 835
479 278 578 25
242 947 697 665
151 822 350 315
373 396 765 468
998 344 389 697
589 463 979 587
152 439 786 264
509 743 479 962
421 874 969 793
442 620 73 333
159 258 906 61
20 404 685 894
129 568 90 841
540 991 133 374
65 575 127 522
20 286 399 112
193 338 346 801
570 864 171 24
253 267 261 337
323 305 535 204
968 167 716 947
430 548 16 237
167 120 164 952
285 426 355 839
107 545 396 904
99 889 981 237
353 984 124 944
79 694 909 130
278 200 59 175
730 913 568 539
288 160 951 465
623 102 756 950
22 214 704 76
141 76 978 937
805 9 692 677
856 525 549 647
443 921 351 447
307 932 366 965
904 909 780 428
813 203 76 241
371 65 851 133
564 691 451 22
306 381 736 220
190 132 114 171
814 225 571 62
114 675 648 163
633 839 533 61
424 538 636 729
989 75 262 476
558 333 871 720
373 698 177 736
504 726 153 14
776 716 318 688
266 839 924 440
295 660 903 394
752 307 528 735
886 621 803 839
309 642 205 714
538 874 554 225
750 33 257 86
984 568 538 217
638 320 141 864
18 603 758 47
762 199 698 425
215 715 533 466
129 6 944 436
95 289 918 99
362 201 129 813
547 185 902 28
148 981 120 725
555 991 965 54
530 975 108 366
706 33 177 950
695 565 95 89
538 11 794 108
2 758 700 866
618 404 19 95
494 203 319 769
113 243 977 359
514 7 334 239
650 969 141 162
596 620 182 931
511 384 692 624
398 439 944 722
154 103 36 437
341 482 224 792
842 655 573 773
496 994 82 2
624 134 379 358
496 526 310 914
137 756 793 114
892 345 363 769
274 713 219 956
453 324 217 258
342 211 476 276
853 346 161 48
436 203 83 349
649 297 339 720
55 327 740 543
710 707 374 764
547 448 899 122
513 212 487 659
160 318 129 377
68 222 215 629
930 709 195 471
575 807 132 808
428 783 848 139
705 521 365 558
202 120 547 470
98 234 426 1000
69 202 259 866
145 957 747 647
110 395 917 308
227 762 707 641
549 885 695 51
151 732 809 168
235 539 58 942
649 352 48 114
817 563 789 673
464 30 67 90
640 441 687 128
111 717 473 488
642 793 527 733
188 216 699 822
269 718 133 555
246 356 458 163
180 367 610 970
192 475 858 257
443 251 206 252
981 750 381 731
210 114 349 679
838 840 475 322
888 859 979 469
851 987 902 207
120 460 403 633
295 862 689 509
802 440 242 139
620 94 563 395
528 114 558 59
737 413 762 274
963 873 456 649
701 683 300 277
841 691 92 309
980 86 816 222
136 812 404 63
520 229 13 368
446 727 243 478
905 274 389 6
683 646 883 377
746 696 928 55
673 797 61 279
510 638 685 112
44 907 919 734
276 714 296 160
487 929 161 218
396 463 877 613
296 44 615 182
667 847 736 652
250 80 999 367
972 202 56 259
208 182 595 407
458 473 643 736
929 565 935 524
895 297 166 511
23 206 575 122
878 103 92 439
118 676 538 402
734 170 781 132
285 627 447 257
646 157 16 887
195 919 748 503
434 765 521 306
363 534 509 276
988 21 726 32
737 490 334 627
998 329 85 34
800 303 803 691
454 400 556 864
849 522 685 791
798 821 424 444
526 454 612 595
430 217 841 896
946 682 256 336
891 93 978 558
501 562 421 485
810 94 884 946
17 890 209 302
785 156 728 33
980 99 105 17
499 462 362 448
867 39 433 984
52 526 93 401
507 197 228 881
570 647 709 631
499 946 224 173
338 643 10 137
126 552 277 523
516 707 632 308
144 138 11 390
391 657 792 527
164 129 875 792
93 1000 686 890
895 615 392 163
818 73 123 126
402 323 872 878
185 801 501 311
465 951 550 611
698 815 184 409
826 979 207 725
101 632 743 924
259 976 704 522
162 988 82 792
487 934 48 145
169 831 921 775
735 100 934 100
977 18 628 966
968 450 349 376
403 237 20 471
537 731 222 48
922 308 936 53
323 560 78 408
916 824 168 432
652 754 975 511
155 68 473 154
965 855 830 681
72 337 346 684
71 795 545 334
818 252 314 211
872 565 154 666
361 868 951 756
943 57 110 554
197 778 911 251
171 552 90 660
448 200 391 251
386 824 594 427
231 339 60 127
54 239 122 623
998 180 38 669
853 631 414 133
788 460 71 256
5 236 947 107
613 786 135 661
847 279 284 627
164 51 973 579
312 736 208 176
293 568 148 857
969 98 546 656
332 204 47 774
11 228 586 322
532 711 144 66
965 601 569 498
835 632 840 410
561 882 285 132
698 783 894 928
168 945 631 374
620 796 557 433
961 957 955 55
267 547 775 725
183 717 845 973
121 371 835 316
869 18 825 285
767 608 768 871
610 305 72 735
350 578 895 925
242 794 777 780
304 587 644 615
443 735 816 878
291 450 126 1
477 399 980 693
119 670 414 475
204 926 853 136
168 250 662 86
804 762 203 686
341 646 333 152
255 381 110 313
495 709 648 282
429 301 282 172
365 139 148 584
322 645 908 754
380 392 937 817
56 683 637 901
789 26 455 919
917 59 611 830
128 562 803 989
873 638 471 754
553 483 646 33
300 391 766 256
956 581 174 371
112 812 178 519
130 281 69 456
885 310 272 972
488 392 734 750
232 625 150 667
724 675 844 925
599 797 232 721
906 205 736 714
150 604 860 953
996 243 225 412
500 711 213 97
587 620 232 989
214 753 125 947
579 73 151 602
120 294 428 187
817 132 528 800
159 928 750 129
541 292 443 775
116 213 892 816
226 68 882 416
242 141 215 929
26 462 297 843
847 862 109 431
912 561 476 829
667 743 908 392
77 578 675 282
705 60 24 875
7 740 286 439
362 9 963 484
317 429 371 242
441 73 840 42
693 9 702 387
167 686 317 976
123 522 107 865
673 263 771 987
327 21 776 265
836 598 596 86
106 766 297 83
356 913 359 77
450 376 584 287
587 896 147 877
350 172 216 568
500 534 527 966
840 509 455 899
502 295 836 445
411 156 794 19
486 211 684 828
167 890 595 815
302 779 94 213
844 452 874 517
261 153 254 628
30 383 57 688
897 76 240 30
728 992 962 583
775 996 850 72
239 587 506 145
366 99 332 305
713 641 905 66
382 124 299 413
404 24 469 461
408 218 63 83
846 695 498 722
430 703 792 654
996 22 138 990
262 110 391 964
449 815 476 380
405 53 510 191
516 666 246 605
915 515 928 879
903 760 81 94
239 897 876 652
90 353 755 430
233 126 910 180
100 71 365 472
962 351 896 947
973 39 9 135
862 494 936 1000
526 268 28 434
996 160 765 430
548 195 904 24
399 93 814 336
626 489 282 847
849 407 358 680
804 514 65 464
663 227 129 755
458 726 284 93
396 576 658 842
781 180 957 438
723 33 555 755
939 148 880 56
348 876 471 342
958 20 315 627
858 143 430 331
660 973 632 23
252 512 408 631
687 406 406 843
267 412 976 714
830 364 969 872
253 183 599 225
522 324 158 570
267 653 685 292
258 147 242 975
158 62 156 21
595 722 298 577
823 266 195 510
128 763 294 848
742 262 906 971
590 591 713 260
275 728 916 8
892 126 137 557
536 752 749 302
407 412 89 672
89 810 500 680
447 985 604 619
600 835 733 879
217 606 674 686
167 59 381 906
691 195 201 986
411 337 508 102
332 565 956 408
600 140 640 74
940 587 672 590
591 928 784 327
158 298 379 203
741 531 982 530
215 894 15 845
660 534 998 400
501 584 118 251
707 243 282 491
228 819 474 757
885 93 551 464
539 518 861 654
936 548 310 647
80 608 555 884
813 324 900 529
490 684 286 359
977 623 928 653
918 713 453 147
113 229 979 884
19 960 125 702
969 207 214 660
495 127 769 889
128 949 42 314
845 939 917 215
496 42 29 767
525 962 175 669
418 132 101 985
235 772 464 360
168 942 503 639
612 102 133 787
690 938 8 872
478 437 918 781
7 80 966 250
823 696 796 898
858 443 911 800
959 615 40 319
115 940 126 818
284 227 325 151
751 30 663 285
329 706 700 959
166 790 150 188
335 641 235 306
516 199 372 760
336 240 531 507
484 393 896 769
949 905 367 277
881 628 101 758
274 116 100 241
399 381 867 207
992 260 786 193
658 769 411 623
477 595 880 876
405 962 604 995
25 299 936 958
642 458 857 565
714 102 948 911
312 88 187 241
708 211 311 99
85 378 829 32
174 147 670 179
940 810 186 22
596 370 227 665
796 92 229 781
151 350 534 364
344 332 765 500
674 548 582 867
593 979 496 23
575 52 125 689
336 281 637 783
949 353 310 605
110 485 548 891
991 120 304 937
388 53 560 77
498 632 673 900
358 979 49 351
781 881 820 417
569 628 632 517
333 702 293 890
647 195 812 285
156 807 97 765
281 954 423 456
798 900 683 775
20 941 279 611
385 617 613 454
174 916 779 265
732 736 275 33
548 547 816 79
299 601 61 977
833 547 919 784
483 301 668 272
678 971 118 159
518 844 334 105
100 764 569 994
345 621 528 244
221 971 850 371
869 307 386 788
119 616 755 473
120 291 885 186
921 659 439 993
953 223 986 409
718 539 575 49
122 190 672 178
79 203 156 781
306 200 172 651
799 793 147 815
915 726 257 21
617 960 526 324
477 263 831 704
188 881 768 194
803 350 743 661
935 88 210 647
556 822 759 442
582 669 251 63
131 44 8 773
194 504 637 744
787 209 610 991
26 743 801 836
870 218 888 467
199 850 502 907
763 451 76 97
731 110 240 667
898 598 712 622
271 37 814 843
425 101 778 717
287 411 3 674
622 269 381 546
724 516 567 632
20 860 631 552
179 404 339 744
198 307 856 327
812 771 16 6
825 715 219 55
448 775 953 582
351 963 712 707
534 289 518 685
343 898 428 945
879 958 397 849
606 802 906 976
53 139 95 806
873 168 867 997
133 36 369 456
239 781 880 975
861 250 593 532
276 284 90 675
932 342 342 414
323 626 69 333
807 456 988 777
677 290 829 325
618 639 493 109
687 679 665 554
457 534 746 758
269 902 776 888
19 974 57 304
107 720 695 784
975 420 882 469
489 938 389 654
520 241 134 37
926 988 602 864
847 476 997 659
658 309 356 421
737 72 564 575
48 969 72 392
101 546 793 516
798 562 279 712
220 828 160 185
404 575 547 143
936 420 262 522
155 912 262 341
218 586 526 64
518 632 438 674
990 848 20 119
434 497 936 348
259 760 141 544
739 311 773 378
809 107 649 463
790 714 997 2
106 353 834 469
246 233 513 876
436 438 501 375
615 633 472 725
468 313 642 133
302 838 40 76
83 926 77 105
195 338 304 166
84 615 104 889
910 201 201 511
468 535 220 712
921 281 122 551
144 474 946 100
228 927 20 762
898 853 129 913
330 919 466 137
935 413 181 83
41 46 864 479
33 541 497 622
144 465 422 697
99 34 778 335
378 213 467 440
480 298 925 578
524 984 118 594
946 981 931 331
315 4 709 210
205 161 649 343
536 708 180 287
941 412 664 558
820 368 916 1000
249 900 265 464
73 670 408 713
964 603 907 217
137 82 850 532
198 480 253 345
390 912 921 580
802 547 914 415
57 713 382 146
617 242 57 763
669 639 35 414
491 743 561 905
749 953 59 471
724 602 774 735
843 360 409 233
755 776 165 867
221 617 379 625
247 855 184 590
811 211 954 677
740 882 881 945
339 883 139 901
265 731 720 257
43 5 818 420
750 409 138 356
130 120 269 428
918 476 600 373
557 118 750 108
295 379 95 185
2 622 881 750
486 825 747 656
128 42 279 479
268 575 336 30
62 405 140 833
881 743 874 732
102 925 548 916
967 131 964 976
138 622 166 499
405 658 760 324
234 306 7 905
444 273 107 364
866 8 1 252
35 388 903 947
156 959 470 723
564 117 189 960
377 354 453 411
580 217 889 956
410 141 855 388
606 66 274 15
859 733 106 954
758 409 507 606
428 603 796 487
657 508 319 73
502 951 945 251
44 952 145 611
510 760 956 128
996 167 699 684
939 882 490 262
713 658 584 495
429 131 814 894
195 531 715 258
342 540 636 588
462 419 570 2
4 867 120 397
570 33 5 277
180 564 112 889
578 217 155 518
8 503 897 806
102 244 76 210
176 193 944 638
752 846 818 401
49 778 242 709
917 727 628 351
476 588 564 430
755 168 401 546
966 97 208 705
40 719 729 468
280 402 282 332
392 766 321 510
958 484 831 392
870 695 121 578
869 417 640 410
137 289 948 564
788 625 618 881
442 463 79 520
546 841 187 916
211 777 771 769
288 669 214 567
701 201 938 690
864 89 23 385
586 104 429 880
433 382 638 979
158 87 80 418
319 69 158 313
229 964 418 857
218 669 844 407
412 436 12 461
460 454 500 587
591 700 234 843
229 190 361 920
893 845 680 122
999 553 672 999
720 255 131 84
512 824 670 676
996 755 985 196
557 212 837 966
952 299 428 933
650 140 822 736
592 110 912 925
367 325 753 378
392 586 453 66
114 342 188 469
806 66 121 678
662 692 993 811
391 61 595 807
804 870 844 374
105 954 203 878
856 897 716 710
801 357 917 643
148 750 438 121
492 114 203 772
586 572 905 68
688 346 294 957
627 666 649 483
381 991 476 69
559 442 720 974
261 256 218 502
321 837 873 972
117 998 465 586
773 827 469 89
360 287 825 166
105 915 943 315
381 63 917 741
222 550 682 97
511 974 503 445
256 798 788 940
754 787 869 204
659 495 407 147
854 216 183 923
921 920 795 410
528 731 573 156
631 676 429 372
830 249 737 989
880 995 246 519
291 925 196 797
312 621 652 310
886 415 245 106
776 867 897 623
107 184 397 92
840 277 987 306
589 5 343 948
990 749 277 640
903 271 639 13
379 208 79 377
239 711 75 473
638 772 793 753
412 746 148 733
930 295 448 660
147 413 614 706
178 952 359 123
422 572 568 356
838 999 445 846
285 742 646 298
442 649 156 898
714 194 836 898
224 336 520 889
343 683 978 701
632 599 512 393
234 904 574 529
557 722 468 120
626 944 901 156
850 485 177 5
247 668 135 156
827 912 459 326
846 70 47 582
820 597 461 167
838 348 1 984
591 177 984 833
580 970 271 719
210 102 426 454
581 247 578 403
837 860 770 908
422 916 256 825
756 915 920 232
886 340 647 169
679 518 521 628
323 179 942 408
80 766 377 848
633 901 827 558
1000 628 77 365
53 623 171 898
692 382 129 838
330 746 870 656
743 37 136 122
91 289 171 934
686 696 995 533
799 13 333 468
834 256 42 246
267 277 344 986
848 260 970 345
511 450 410 910
694 864 209 644
627 297 34 251
566 931 404 508
814 329 946 928
813 168 472 395
524 216 136 268
439 591 135 932
283 457 702 365
372 933 9 247
670 489 507 430
382 109 263 204
241 544 222 668
936 625 5 844
12 406 733 869
971 855 924 40
458 731 103 216
956 838 466 955
534 749 617 351
771 532 489 442
348 236 609 478
295 583 890 855
768 149 266 556
713 73 350 240
19 566 670 71
770 981 747 736
413 5 91 394
880 410 900 593
993 768 660 400
258 735 722 553
822 107 109 401
366 605 720 486
779 474 860 515
679 153 450 456
844 677 600 39
505 423 164 233
494 476 751 179
794 319 779 322
540 102 424 678
894 192 94 953
158 816 55 106
92 221 864 729
219 722 172 136
255 973 338 941
864 913 853 555
950 466 685 934
864 572 289 259
890 454 994 312
994 541 653 738
924 393 711 811
68 779 512 13
397 712 495 780
66 874 697 725
9 193 173 130
684 556 158 570
219 92 645 785
845 183 158 77
247 479 130 94
857 954 217 292
672 101 987 705
852 165 10 509
393 521 887 608
637 560 390 238
359 162 557 100
293 780 581 150
312 934 774 667
337 671 219 806
162 336 144 949
443 143 948 25
721 655 764 764
14 995 67 556
519 729 762 548
146 165 154 600
31 531 29 952
366 424 202 206
69 607 224 444
423 879 3 819
748 418 727 105
211 444 232 720
313 59 706 139
392 352 167 474
433 705 725 813
832 499 621 204
857 989 98 314
418 528 231 481
565 774 455 838
157 400 117 206
913 996 920 959
536 777 263 745
497 547 970 154
222 701 709 545
272 863 508 359
480 381 893 426
627 678 656 660
450 193 713 948
913 197 564 993
406 734 641 619
873 470 992 934
268 237 834 635
901 484 470 580
698 905 237 621
442 484 987 771
445 730 13 292
611 777 417 812
1 770 458 477
145 365 502 153
391 717 913 517
163 384 419 328
614 20 3 517
566 445 496 632
237 825 979 145
823 157 321 60
978 551 765 403
784 208 908 285
34 199 32 530
488 159 346 568
706 223 812 557
68 870 299 496
103 411 25 905
761 273 239 705
158 425 841 376
80 917 987 966
952 907 991 75
335 441 434 255
129 13 554 379
684 810 455 768
425 310 532 10
180 774 613 766
700 400 386 244
68 281 71 888
938 200 769 395
973 185 726 451
575 794 172 93
292 611 949 584
365 814 393 831
275 268 416 911
23 770 907 618
205 501 511 261
51 571 68 484
636 218 304 890
813 573 782 861
21 399 778 145
252 156 128 612
842 764 721 858
836 683 80 895
238 540 354 557
495 834 800 943
476 519 33 344
943 929 324 289
773 94 10 670
690 859 798 254
763 976 959 754
217 714 53 577
313 438 158 362
237 456 84 953
981 178 435 544
