179993 1233 20240 59091
7120 82604 83540960 29518891
16231 19563 71136624 71277674
23805 169652 12587109 67845448
93127 57687 24472103 22898250
174108 132267 36944692 98868262
7469 2732 2645723 92882227
5898 38440 19112578 39179495
72183 103360 13874933 18557485
57070 23708 87974338 63512234
82885 79022 51620783 90307524
69306 156754 25265950 90931965
83293 70620 27564173 42431815
179587 21337 85142200 93922524
142258 138798 21561448 16641853
26897 133168 32968405 34540871
33837 162985 33931027 729434
120665 174677 42175913 73240188
146172 8980 30583352 15490358
156113 37953 69948605 10014404
135272 135427 47547428 96726652
6378 109265 91527549 83370115
89787 159575 34854729 62356410
175691 44490 53253996 92911135
158597 7987 89611677 96309820
131674 36361 36845732 77323914
80859 15099 32804807 86249985
6031 32766 37015646 8851948
85522 50809 85298523 19072945
96356 130379 72867070 13260186
115099 43966 10215220 71917579
70608 59167 88253529 80979972
176016 95766 22474374 66091376
84447 156437 50404159 37031508
63722 157177 28233405 14318251
85011 175434 47365536 36498485
70893 7074 81545145 4324822
114802 127718 9672014 43877524
119327 95626 37414556 61160366
161594 105961 53190068 86156541
124233 58135 73986142 35665906
80025 29898 66448298 83410210
15829 159117 62958179 10940991
50666 162188 81520645 93016095
34261 155616 49490774 8130244
31438 175038 30088014 79387236
48185 60937 4671249 2648657
150112 103351 37729343 87570849
12614 62515 38724552 73484042
45824 77089 62509708 95572667
141240 32598 44677467 92322622
47470 157547 169755 23586221
33320 81813 84797155 83836787
120243 56496 45784589 3958606
15324 110432 10241951 32430080
23390 59162 14477686 9921334
46880 16318 51379213 60364413
94819 32893 63921367 19606109
71661 15478 66826902 21284881
13868 159848 6746200 55589605
115555 42054 6808119 74562544
101297 91546 59950272 9930559
98934 175104 22043709 60155114
45129 43445 83428002 53318414
42463 107096 92146069 88750154
32904 41410 1029990 52678644
105085 72154 34918311 70202269
26174 173727 91375591 61572793
33511 91550 46367921 65623845
175124 167093 8240509 45724687
132837 44477 23972168 44961676
66667 13015 59736453 47015128
177087 153499 10756094 21145939
174009 167728 67433828 4457748
32993 171630 36745258 66903403
91537 150933 8508089 73816933
118682 15806 28209080 93044828
94398 129539 88073353 4330849
102469 178335 31898987 51933382
77900 103166 78837442 44346007
74672 5230 15370091 19452235
31483 115518 96766125 84780362
140360 81441 19170519 88383555
142485 33187 47723553 46860908
19607 118771 39353982 11566149
66139 13719 58831335 74680000
62052 148016 91357409 51127139
57734 85135 44880435 83789917
3715 1871 71864640 32300806
36428 126466 91232057 69543367
42430 161562 40627171 73326935
86803 124399 76271692 74957081
56575 169325 13817850 31959253
83890 177052 37598226 55361818
69230 102547 38597040 92043794
168741 89719 30955825 61412624
80705 20165 79565826 34551073
80951 130698 44650374 87915557
34517 20169 99427086 67680065
164011 27891 44085820 33756422
100298 129627 99253405 99624614
169623 77656 7799154 9317270
102696 100172 90661056 98700415
141079 155117 38635457 48198305
83157 64302 83154903 64638954
148556 1787 26545955 60012194
44925 22344 6951411 68946490
86391 2070 69554154 21306579
93015 44463 53587509 22948952
108485 175692 18205198 10116188
123218 138246 32167592 80360171
169021 178222 51017278 39526402
89760 131095 37772590 51716821
116936 115130 3303963 88630464
33505 144804 91776962 79856617
80337 47751 60257168 65804936
66539 173618 17045419 27456020
62417 323 72447936 72632044
87856 129760 69546319 48631271
66338 84553 8764466 91303950
106724 4209 81899034 16002257
20571 101630 45471721 79464495
51221 37373 63418583 32936946
15039 5047 55820583 34215400
83703 177924 33104714 53463977
7925 73873 17681195 1374648
158573 10182 25649791 50331134
174261 62447 43761258 91020209
98942 115835 15800061 38918874
124619 111590 85326807 6426894
67815 32444 50620863 75178956
80162 133004 47676237 19893300
46647 86640 54665620 71125599
25425 106924 72114943 16474701
148151 38725 61637000 13042273
177065 86279 74977035 41637216
51312 1788 91648998 48346144
30783 40140 35032380 22429638
49239 79490 37466347 12820557
57629 75508 91655449 55492964
145817 167314 77580828 96221568
34006 156827 49947067 72111946
129818 145309 81822873 58352245
163290 103243 55495597 76837581
36058 2853 47826269 64460699
110899 47909 30022295 91361499
50229 37543 39302013 84968968
4792 34478 83364187 95121556
46094 42805 70814722 29972963
160872 137572 74089773 65371432
74185 140845 56385635 75230933
104027 160207 80139182 37671620
120190 69280 81405548 83026479
12562 160004 81497618 25114578
38251 171243 93831507 92674665
151894 141325 28093849 6439569
20801 57619 44661591 47019444
179330 15060 39970878 1828544
94307 81481 47063294 94432956
89051 93742 80790094 95936595
80589 81529 16660377 99491839
125354 31112 40561075 36895460
124148 30970 22710481 59946653
23727 160961 23885323 57208014
97023 150743 83351713 79577908
56519 31912 24487679 9945620
129075 15803 77136537 15018639
6123 22009 26766362 16197811
96885 16619 24601863 86542893
43789 83040 36909938 7067944
17641 35465 50191533 63688292
12748 5936 81766535 68606856
5502 115701 18418471 90443187
2845 44153 43510975 36897704
94638 133551 23782375 89972607
14461 103763 12598674 40082345
172231 158766 70851115 34838951
122732 66719 98050503 35895760
173493 153464 41891493 24386483
176705 33877 85229262 41180559
70224 2213 91697418 99544313
3478 159679 74078215 24264549
161731 29105 56731388 97411308
147973 108821 23900864 39845869
27700 30214 50792827 5596114
23066 122046 65201901 1456783
124083 159840 29701231 41603850
8912 1178 50552825 70708581
128737 82517 44673989 15612882
3129 115955 50284650 482621
17884 29623 10781446 69202564
24757 68489 33210188 73354153
138444 22989 82787769 66324215
65713 62978 38364193 30354355
102011 99372 56196770 83060793
147274 124636 79418743 77100890
93057 50278 45429381 8554485
109973 141214 31003137 84270167
58065 60280 76739883 48480308
7455 21839 17384819 32629777
87160 136234 72345611 19970194
104081 73637 54631395 48013696
108047 14941 40278587 76593356
160735 102491 10724796 1096512
133271 111919 28402137 91355350
10799 171726 54732457 13074670
138695 44923 67914324 74602855
34088 24650 72003350 65910189
63776 109550 60434745 13146602
50050 153286 72340464 25627389
16226 31647 57763206 60790637
7242 175509 38419245 31728573
156804 1172 68553130 98896206
139280 115415 77233696 15366075
45526 100683 52816928 8664230
143616 166232 34024613 33592500
152495 113664 59281734 74548233
28373 144856 81252327 16345623
165313 144087 20822880 54817352
121596 54714 63789700 1355194
155566 113489 12670735 62758106
22458 78142 10293305 89723802
97264 53283 90214026 13395679
94743 119348 10809892 68261107
130400 138821 76694528 53154357
63831 67055 75206783 27932544
98022 149449 2861033 68759564
145638 71900 2621229 74979670
26766 2359 52243262 67572993
105032 155926 9014391 4858481
107212 135191 52541475 39789766
4528 22900 134444 79945459
33472 156163 54834573 83550294
40761 6801 53172653 79956956
10317 153735 99788696 77305389
65726 138624 25335053 89998998
133725 164878 87908805 10697671
77155 155969 93500729 48448904
57468 169918 20674469 9134108
60573 82887 44235822 55612889
65675 137662 38937436 67010196
104093 79085 95422141 93602671
3467 16331 25174645 92050143
123909 92965 52152501 86642315
145459 92556 7937273 9195196
11243 86004 47378724 75711973
63375 106785 34473172 31465524
68585 161504 34891890 74613955
170594 48441 73601570 90965517
132085 55926 83805271 74759773
124623 14785 98496334 54570791
69744 173368 95621854 2610070
30068 34678 58150728 44375172
54604 139992 54558684 50154518
119884 8435 19225031 55114110
26883 18200 13863322 15373183
136192 98 92076954 64194562
109268 45668 45659695 81097913
149697 129816 47658041 12755234
114430 155976 34375738 50061259
80114 91055 49221869 1157266
132347 141694 82412758 14628929
169372 160683 81530816 71791208
59428 52067 60719320 10608226
113535 16423 66669832 67540230
41462 94191 36705486 66292307
4407 72239 73639956 66428318
24657 6350 11837264 45654105
108200 67195 7095479 6432168
93107 148050 962734 12167262
87746 44367 25818120 74454065
150009 10432 26151901 17232548
101596 123811 89015534 19212581
82311 151210 57011591 26985989
99887 94708 30742093 41427455
108750 126963 45006181 68464129
159515 123582 88824316 36569490
62051 8537 56422699 46180376
75788 160828 82273284 84419345
100440 149541 24729103 98035353
158550 90388 51439370 11023952
52039 121799 27059164 3525867
75127 165438 63521020 98310958
15462 79317 854122 44230829
120566 45785 6068183 2506812
12418 69404 36497388 74408803
123676 11955 91096843 80415337
171462 88634 93555041 42605763
56091 170678 41815825 31862991
47781 43016 76818152 45004585
171754 103673 25448324 48351446
47918 132160 47516723 38989785
158183 87180 59005453 55870134
135125 82564 21433801 9812256
62810 138525 57272513 22560952
133764 157763 13230136 11505624
29972 84871 6196026 49955823
124433 67444 55972247 7128627
41410 62196 84777154 70274319
101309 176219 24984520 10881354
17323 48288 58444758 3936286
143846 88085 97080168 69766259
104038 159084 47801805 40547760
164264 172111 28824816 57815029
49560 103749 34936208 24559600
118315 134376 26725373 90290538
52072 117334 32909125 13814836
119482 154498 11695623 79659059
161232 98980 44825814 11318340
158915 60468 51779407 88359635
105299 106031 83932808 59905928
7242 162935 23049029 2363508
174154 95791 72311921 51950992
167142 60919 78040170 57257266
163377 34330 46520265 4372325
108098 99192 48564502 26317640
106521 105798 6458244 63941448
134470 56116 88192537 54726843
55809 34479 50943558 53927190
49373 15122 7842508 5550433
104794 804 46432166 25314776
80070 134865 54429491 9762412
148192 68942 82209572 44221285
16423 54243 69993804 20843681
111220 130317 13194165 99390446
36808 160275 60302878 66918769
14909 174839 94101881 45633902
152598 138980 8438875 76797284
157478 99404 70496582 30386913
146608 115889 88473712 24407231
111022 57890 37034447 8921669
49837 92783 65956478 40714167
125084 142484 76256511 50304881
130327 52915 36752072 59484023
30298 160320 91673831 58734930
157669 86688 61897330 70929276
24868 172896 2854632 65404245
113945 137273 9636030 56768614
160713 18676 59345979 79530944
130244 35753 89100551 94171090
55825 43700 35685049 61492660
72919 178290 68987893 6514218
82713 94189 78843809 57024480
86675 157574 71218481 76201372
28002 119498 61728948 34767098
111945 177052 32653931 77552907
140117 36589 39249413 28785260
97997 94669 26974569 90574748
67115 18525 26088667 2826254
132565 114700 84152720 1981019
29397 107624 24175163 57585613
84693 35910 34670812 13361832
114359 39633 47953292 93912807
96581 5588 14082891 91279793
46162 74618 74594247 74208500
53519 12752 27741006 1025626
33380 121459 12413346 17151042
10256 116520 85587805 62022462
30607 91967 93279469 58475588
156154 128540 48088198 82900329
169752 134519 86869633 14665128
65583 2935 79678553 81374907
104663 112430 8029391 48512522
176665 75034 91011040 4688000
157556 171795 63198929 44611938
21412 92424 33863913 79126963
166084 81785 37510641 50937949
61371 45871 87207533 73599697
66646 54440 48525830 264787
53283 4991 25291423 75935155
161207 159914 61673788 61948332
11477 140767 90671972 25921256
132966 98125 15929309 5084038
162223 142353 91610620 56930027
114406 3300 36423166 10886356
141742 29311 96635 19205827
44967 165882 20546778 99165184
139077 163539 10790539 59436106
37281 90198 19570222 68581964
50830 115460 63523964 51298244
34775 107134 81498019 47514731
144669 119496 14229642 27553482
74754 160459 53470673 13588436
158049 105180 28149493 58384431
98917 22510 80596550 45192195
158914 91845 74920961 75669531
91915 79336 57971469 310185
17227 80702 89623961 41675634
62571 128506 24867334 79748710
152879 162513 24646860 85375483
166374 173410 53000985 83073256
172042 106987 402845 95744967
136043 72738 85904858 62627652
97173 81138 21554352 25570036
85625 109872 64276138 50826186
124751 165193 16619062 86915357
28348 60834 85733615 92174859
175308 115380 13099636 1770134
54157 66960 34871727 19528398
137383 90997 1690872 65591031
148931 34080 55771378 37381237
159082 130022 62726039 55051760
67847 90715 26427168 5255734
178301 13845 94614850 61014085
161606 128015 59672119 12273310
106969 101465 19923792 16651189
31766 51985 70516786 31630305
111068 107624 19907771 55592527
170385 129155 43097508 55854967
253 57495 98639723 81010839
123237 41386 52584309 15243352
11272 111888 67831263 16338759
61780 3749 9630749 2270798
132771 145698 88331647 93324960
15642 123172 19725211 59566031
179292 38700 59605780 35198082
176548 176201 12275935 46067761
47000 92414 90299754 40164987
139229 135043 4284870 42570731
26434 178395 53154500 13402921
17643 136654 64568515 78299039
89433 53669 65157974 98256532
48671 132633 1606861 88729428
11927 171535 77744112 29017449
122782 32151 76800764 41815848
49145 129527 52082232 8150876
40234 56910 84070389 6399862
18113 13638 75503191 14356973
60983 69756 60545299 13850237
17137 121111 87564826 72758321
48145 116268 53191866 1703375
132647 82928 86679341 2146140
17664 144651 53374049 24703103
491 98461 95739687 74966058
86566 22703 17141546 78221219
148496 147516 35104113 74504148
123827 33934 32219471 41876761
173186 2740 44114346 88750548
77546 124092 4207188 3000697
163823 105640 21268771 12784388
85545 80512 83189589 93757741
132657 46740 75130826 89689714
19370 83598 14552976 6280058
118765 143216 21116767 27147733
161480 136556 43691153 11948088
125778 85832 22313870 71212218
82816 112289 99960741 36223872
134038 167157 15319617 83999815
97781 115712 62697072 28175044
179990 57401 84986542 81848257
163077 52654 3743750 87567243
135030 167137 76954785 70906288
116179 113226 10104719 36560670
68659 80764 74072803 73551883
169738 151310 17375097 99033127
66472 171769 44188870 70622372
3534 164311 88782690 89952252
55218 160905 5866355 71953010
158164 75882 76298279 89916585
171940 127208 56311457 31061737
111209 132387 52247053 54597287
76760 49775 10521768 11664482
29307 12343 30574837 3947348
16857 125635 17901550 57607341
92626 90017 16052637 39643834
30681 56105 4923128 79352800
143517 39796 92417886 44995687
134037 121592 35319982 46062446
161048 150067 95063917 85443208
176694 42865 29180986 56124969
37815 171974 38435769 93133215
141597 97711 95504292 64933600
176740 17122 58490345 32671299
31268 162287 35752674 16783810
80673 100561 66658454 94473332
46127 132664 35253965 91781236
125066 108726 13210264 92818251
56261 99438 31348272 94658572
144899 94424 63467986 38204675
174212 89335 29375612 63823717
146234 77691 40390702 42737512
107961 57324 11189533 34915516
70143 91255 57960745 62761686
21266 174080 78250615 67422999
49306 149901 42350188 33060788
109450 179400 49427370 76367363
152157 123144 886820 93413086
113761 6496 54372359 56159152
116827 24838 55170446 56133951
50279 58105 79078825 16670643
17655 110645 5657555 86643925
48125 10534 4589524 50962805
72425 50347 23665612 29689719
66775 133787 92550487 31697337
113162 21151 14526773 31360448
150306 35067 39861712 71487179
112612 122763 83487235 68247738
175246 95985 49864416 96558564
36420 20063 43629866 71542100
42271 480 62678809 56677209
77699 23322 76436735 48169290
78965 144456 54415838 59584658
36468 96945 41922697 69319487
9319 32578 59518806 85170316
153689 129773 26965096 5830643
179776 36177 58282860 25101699
168154 72949 63024761 41332071
29246 45855 94351770 38254209
123914 109394 32959365 16568474
88252 48083 88392904 27343672
143879 109034 57828422 86031500
32793 54803 45864313 72449915
114353 117153 35788988 43529999
114592 101347 50943792 85387585
43490 81898 62109219 32453545
97597 169687 62284684 68249573
145751 71636 38320356 8321050
1429 161158 74457665 93478503
114162 17715 88744145 73691726
31328 59945 66562240 19005315
149991 171072 39944524 63776998
54635 62815 87657617 90257874
102924 60721 87137234 32803001
157706 175616 94897836 32960615
98560 48223 94420221 6072789
6067 67513 57839980 2669831
160360 87348 47227692 95934324
177142 73765 3878299 42749779
102920 102416 70355572 19557704
70348 59495 75098318 75954917
166716 102096 75201095 96309217
130045 82889 98368410 93429127
141291 44933 48828774 99377873
129801 135192 55833692 80504280
139973 167986 93714305 5720138
47540 133312 96288978 35244563
120976 179022 73655733 10637982
75927 121200 50056906 46393488
72521 58260 3390301 55530682
74253 36243 9211439 51523350
5763 74866 5725827 48863671
119323 176238 41999939 87543703
114119 112871 9364525 28282094
128825 133020 76116274 53693259
151253 68398 58919692 38601386
73561 22782 71289971 58458871
27248 163730 37696567 55746554
143733 76989 21155518 29801872
87187 93184 58097272 37882514
73993 24299 53995243 69437199
99471 19220 70033129 14637276
66823 61557 73592589 4075329
93317 159369 63548686 33020787
81496 4096 48293102 13867676
55651 76206 81861537 37968561
164138 88863 96389708 70456044
178339 150822 54287355 5836165
93218 4366 76238103 74688280
82248 67419 77644565 32855002
172806 120639 75107506 50683198
26976 178431 49667882 3336539
20543 179190 47835081 32890478
17733 6966 46713861 44779454
84846 103587 19281641 15254726
139609 54208 43898311 84150145
66249 67222 76027288 94494832
29054 177113 32010270 56185150
98877 144728 80284675 22901652
48428 161974 24808218 76239370
119707 149155 19693055 23282564
151693 166320 48656373 78375417
20019 131489 87115402 38822826
167379 48026 62759152 83463117
14594 74060 29717001 1996920
103410 155368 77276205 57015840
86130 10961 52315646 72930617
150053 66606 45329459 46290852
40596 136329 5768029 9088977
109734 72210 97545193 14248373
143530 73891 76153167 26581079
178985 62298 10161411 36534571
165604 14799 82081572 16843311
134261 159192 50756888 99918975
83160 131732 4661269 12894845
55085 12211 67791169 67579657
41654 114853 25028310 9781677
152544 111738 90720705 61882756
124309 144014 27404575 54674809
107592 75800 42374513 53767576
39590 62812 13755708 13377742
49268 71217 74461608 5116964
162538 114708 99919985 8715763
46030 144509 84391375 56138321
177456 84393 38919171 32612531
146545 110994 44266646 16775986
123819 87845 82864625 42151927
86117 44450 23204770 51983932
135631 95388 20095673 83571463
175050 166902 53962808 66469414
25337 88055 38718036 34724425
64528 13441 74763848 70562533
108844 34951 74423098 75563385
63443 120795 94626887 67790586
130143 41439 30659889 10232196
56074 23656 38125566 49946639
95193 97137 79911175 51296760
65016 46577 34810875 97955051
151951 164001 16662182 66364532
148841 143544 79393034 1815701
72883 95160 98270712 90606603
4903 26360 52997950 63802392
114600 104551 83066814 1215912
58629 133984 37259590 21313702
162089 35367 45742305 22546387
82039 94255 86317432 27849931
84797 40675 71579329 73107227
74717 110367 63520088 49698384
159391 155687 95700667 46527059
46239 70206 52921161 32100285
14300 147140 4344463 75026336
128771 171676 79443528 69542501
113343 35537 37632559 56803029
9971 74279 29811527 9880389
151180 150212 33924249 39076681
113154 11920 41647732 31976505
23865 60212 2326358 93638936
32705 158701 57917159 10460868
28357 96559 37305791 34193255
144705 46836 55626750 67142586
155697 132008 11412621 36695359
106246 169442 36523547 81603201
101069 122107 95057462 27479964
32348 100915 91516045 67565408
163194 136855 6352569 8033934
124168 57265 9014003 97372197
81886 114099 93236760 56118519
18536 59372 56196405 48605642
154581 139491 50134150 20955671
56863 94476 55889289 11629646
163317 89249 42514181 55332416
163882 27719 99584699 37097349
123406 33678 39313414 93629269
3769 158005 41162691 26895365
156682 92963 88433974 93216171
21016 4276 53533198 10084719
47043 50384 10684888 41340515
172327 118605 45633506 44348851
88370 37340 67845738 65688202
78614 75581 85761340 72720904
178133 154960 53374056 86287952
95777 40811 92065770 69740577
117310 117103 49511646 21771499
2347 36108 27512746 35054766
56542 4591 7934549 30418298
130988 178192 93973638 73205998
121933 123242 44325291 2064301
157453 58371 56176276 93036093
160293 20715 68177403 52924825
143240 170858 29168097 47890862
118471 39070 29309549 84008943
137802 60447 1380288 6665690
17839 84283 91042363 74576497
29977 109612 58840451 76201314
109867 35263 26534674 801823
157279 37772 10464337 65610685
102630 58215 73060157 44515467
158660 122952 9332669 6896715
137362 15562 96650322 20616975
41044 66574 92573581 12686502
167748 177108 15663517 69302567
117514 138511 59310032 3367291
42935 106375 88319912 6364618
31246 146768 94880829 37986504
95653 137220 35070180 89344365
55981 68599 14092524 78866767
133784 12023 69997874 78725928
61133 157419 96366476 28765624
154949 113186 98724377 67076146
24876 75700 55347644 79957746
51397 21552 21601225 70324043
163493 109802 15166281 87434612
137791 61128 8305312 48233462
77979 89474 96286038 63726225
43900 64523 52899086 44578954
85995 134987 74175931 24381128
61091 147408 6109691 27362783
132849 27425 72339772 22282145
74549 96480 14646406 63743626
136754 22919 18456715 15109978
5855 147753 52859545 17255163
46693 117862 32848570 86202521
140689 174904 36305829 63957416
118492 65247 46566459 50772714
100604 121890 81730440 7815021
8028 428 94601732 64764542
155877 171319 76952624 82771858
17630 64625 33284732 1574323
89767 128642 3461312 37219964
37399 139882 97855544 670851
94466 21264 58347095 70278260
174718 72973 86241413 18656425
130012 166534 31044566 5797646
174951 93463 82589393 59111889
63446 131836 70321270 71629033
32634 28781 10442423 85935379
86216 109273 2900332 96626443
22061 49457 18035393 48916694
7042 137065 71284796 82045246
139659 30213 1418855 12217823
144146 39490 1983719 90884762
43749 114810 61001656 52744438
131340 126454 32041326 71477638
111202 14883 46952020 30688059
119282 2929 62473241 66096182
78350 100025 64513788 70792505
144733 70418 21001673 52381187
72300 12240 3241802 30033014
115656 137704 66009235 44026151
129634 21019 28252960 49124213
74698 49446 28787869 37783493
32695 151861 84315753 44107098
172739 111974 39784816 22508834
10736 40774 88040894 53058848
155117 6306 1321029 80128133
165718 3078 12333535 6441613
22957 179218 96298036 58410975
41739 173886 4079335 95862045
91693 166923 12715992 95212638
49800 81045 6353865 69700174
86047 14617 17745400 94403684
57146 160946 54128684 69381084
63758 165293 56656350 31543250
107208 31385 65532697 99976602
155683 55308 32995171 41109542
60365 74993 69750562 59653103
148695 28942 93034660 59478524
75462 14512 2090760 95875662
138746 43044 84489140 94228855
68698 163554 44429225 88928062
41075 118276 37665202 32642513
84299 156050 69618724 91487991
120086 99882 48635076 78897018
82534 92833 33201604 89952490
14176 148960 1739309 43769803
60752 122784 45496157 74758989
155372 62779 47131498 72127757
168585 109221 9232559 79934763
179768 41246 67064317 37524017
70724 21848 86684429 93954788
173221 156764 76426500 90948085
139760 85287 24002089 79840531
8514 31442 8894916 68573122
116700 124026 24196814 8785861
159022 118531 43438536 54124915
124339 121959 64364530 41631537
27020 71347 90527794 55141734
75207 14363 35942312 29855602
111639 103918 5485881 50587093
40676 13372 24240972 82119631
33345 92439 36201940 67981821
102186 92428 4762005 39845738
171591 12652 31087265 71431170
65762 126118 43842682 68635993
98679 177067 10487455 3037442
14911 8293 44610629 44504529
118373 85044 80042146 78274244
171631 146590 15816500 67215894
162997 68201 89194640 19131245
64363 21111 69009486 97883307
125599 994 62601273 51943112
67182 144811 11960512 47891902
152417 118185 65863307 6422347
23793 110052 2626650 8508525
131832 137120 56741281 1831842
117163 32820 41466554 40611154
130374 62966 1755804 32945527
32840 101673 15763749 47343910
20240 59091 34890305 11012860
177296 23368 96407219 20516451
139790 135227 15238762 7736555
28696 127674 67409385 42821118
70529 145072 59715164 57940498
169374 111737 89222705 74292431
29736 58326 32327381 43678717
61881 26466 37446741 8344736
131349 136911 2301789 49215858
110991 112875 33643395 81787155
107198 161958 20431237 97409704
62446 21928 58975636 47196691
106538 137707 34712395 28236872
39162 132890 88613925 78144548
34256 20464 63972254 37278892
55431 18005 80013038 91559516
15312 167585 23252761 36116557
94426 91477 5600254 75721787
86839 88463 959801 15918517
140055 101969 61882864 65278357
40273 77784 74069263 96173741
113014 179155 52691014 83268173
4441 46505 68742566 72580307
34860 131091 94234441 19005180
81034 104708 23463758 48761339
64535 772 52725225 20193036
110717 135144 15587795 24922965
36056 167213 86926516 74519107
135439 48603 41257243 56369346
74564 51965 63692343 1586361
37989 154449 34293897 29774143
7142 148376 26746887 86500677
155288 131663 42621342 11267918
113491 113779 62224006 98898311
130266 113807 59077074 30128571
116995 25722 57094791 23169115
93649 120705 41162229 55641965
94236 30116 51946429 67188741
28693 37069 45379655 15047313
34428 87336 30161962 92523408
55867 16745 75584390 88494990
46099 43727 7399923 3565598
22872 26234 77107389 39545457
151998 61928 51784022 16876369
113963 80509 38276846 60414930
176834 37674 77264016 385192
77477 27416 15828066 62812476
179403 169571 72057426 11247792
48662 45664 34656160 99593067
128166 43276 7834863 2311213
37175 33839 22330020 35586891
150132 106277 68201921 73181002
159754 37616 26153432 39408405
70937 71052 31660233 49582367
33118 113128 14088072 59691193
2787 334 78290077 51492633
161158 142345 80882587 59231794
128827 54453 20580505 59543905
147386 50709 27597030 44705654
30517 153788 25666037 53030158
17095 102132 10211289 77887467
147567 175608 79032058 11393849
52369 131113 71935126 71305238
83911 9798 94478306 88687401
179898 70985 87446228 73828046
16620 11042 11508145 66804985
32523 99134 57390132 54496294
140598 160874 57125584 69800229
72116 106769 4736760 5001334
71359 65126 96195505 74320162
95961 2195 13241524 65278674
26958 1126 17011614 97898804
178108 113155 24359628 41642845
45062 105754 9044689 32002788
13073 101703 41348825 51511084
47080 97343 1855327 88669580
14831 76696 23102347 19972641
2616 179979 37869287 94173865
28001 92842 63005876 20600704
36389 72071 16315059 13868362
147006 49103 72407824 8287997
80663 162571 72246598 29004181
4516 83179 90705833 63037612
155279 82304 25036942 55719991
143795 123908 3336030 15032178
78812 15756 73960287 19162276
77653 59995 37556920 48681784
68825 29520 14913596 18254967
132826 123941 23384154 64564681
89139 30764 40900363 64485915
62686 115226 39558576 19213877
5246 121579 66093651 92687177
4556 35707 18335059 13588045
20126 97509 28333634 80041098
119000 159358 25568667 44408115
163216 137437 11896988 83245637
92131 55994 68099911 80769248
175591 23716 90216794 1634358
12258 71313 14978772 13689066
178749 77212 73831603 88909442
168259 58682 4143539 7078063
97285 167279 99392699 17228956
3957 68100 9868133 49035531
129618 109792 41675753 68957571
153345 9785 76047295 5112180
111304 10722 75340074 42850260
9711 119498 49341746 8167110
72984 43459 52948708 5705397
48922 74420 42624139 44305877
17480 18003 84746520 87983948
18388 80062 4531236 60357427
48242 164824 20270851 5280478
166722 135060 8762803 10712209
54454 161177 79431041 87974581
4763 113478 32833983 46991726
126994 21651 81608792 629315
66391 71426 85311378 25926632
326 4731 77807124 75121620
71822 38667 32629785 60831158
20521 2557 49470011 84325285
137454 72375 29923830 69407391
147483 161443 90678962 39924823
8732 66552 24137233 25391351
118786 117624 9321713 62943104
147880 100734 68958849 97101691
79564 79317 13408448 14621709
107052 114045 26665470 98143168
92552 57732 97408481 18581471
100210 51398 99351456 44277066
40467 142447 9903006 68555988
24059 28987 12408124 92708751
71715 88206 84623692 7381394
149084 159941 19735256 8684352
156686 9199 24749576 5722750
95379 108516 75377376 52074200
109007 11231 91893979 32308752
97635 168083 60851241 92884808
172620 137064 71108130 41519488
99856 121406 77127269 96181974
72493 67601 59720028 1329228
172585 6756 64864066 93407621
160837 164667 94636488 87694404
33948 177363 52590562 71339763
63648 102286 7836963 5530728
132657 22721 61487483 80525262
78582 40994 3175148 93267480
7207 48116 55874759 31059117
63530 97988 44943799 40194477
31829 35642 2571801 382937
18093 9467 87234057 94655032
47078 161382 82529717 72825215
90232 97545 42465667 88602454
88654 13493 52418511 98587787
154734 31859 6861658 47642068
93531 51330 61977165 22213209
61675 111767 58949237 80793269
91126 94021 30255865 17472389
47151 59843 41879199 33396741
1350 124919 50690312 57104559
168504 20183 44998614 63159534
90262 110955 17853434 55752022
162583 108195 24663273 8512378
17014 130851 87515166 30690897
110374 66382 25828608 1229619
106538 127097 53973130 28230158
50060 138088 16001172 75067434
137915 141197 12523046 90090347
173483 56757 29103705 54968230
133748 31309 32478918 76688133
95155 57765 94035667 22920468
44519 117217 20193167 87919489
105273 36159 21191775 69529349
165668 3154 49311474 37469159
110451 40062 64953318 28487130
98509 31275 52882369 42094793
98104 79204 96949800 64818203
152234 8865 32094243 18018193
89183 2765 74695571 62825070
166967 118157 730338 43398140
25302 40646 11589234 79980270
37975 16205 29299284 88074650
61810 40535 18240244 17808685
128798 154783 28812380 58720938
114113 162538 21971081 96498106
50056 84855 89713335 57162947
89904 56677 65245919 81228858
95279 52846 88906662 31106355
157460 144604 8591390 4249601
150722 129850 54910520 53247590
99905 88771 50826916 95948931
177989 104682 52520905 84845380
86826 158386 97226523 14186012
127082 132436 4992981 27042454
54656 160735 16239239 90274710
129194 85785 30053740 76716801
12081 41654 99918817 27375377
71280 168512 53046623 27246338
33285 46337 39836341 47855479
22350 172851 59810611 88580148
115784 82236 91482690 78972748
34930 120425 83413645 55167502
126171 21669 64430082 95438972
114912 86333 29456809 81205160
81474 83548 37719796 89951907
39649 103031 64974842 75485724
86515 19100 50805259 75147634
130990 144935 35549718 90661949
164304 131118 18053443 88946391
168396 144750 42697601 3268070
39428 159561 87319900 22672652
90436 144989 68869513 60450154
25286 87171 53104190 43889291
105413 119497 71580279 65123926
104747 129369 93792306 50491905
158852 96793 96817553 35624255
13852 33595 57134975 22538965
150652 161160 51356299 82744583
59968 163441 3912451 27689230
127037 27205 22110904 72874862
152835 12523 59718609 2577243
110818 106638 20745788 46324964
69250 110808 7917945 82747611
71834 171492 95778501 59195779
92336 172881 40226985 84570827
120196 2251 5734797 91292204
52273 77058 19943925 71739271
15603 76412 4032042 96064474
142532 163018 27789103 73937089
60513 22204 90839488 20679339
74150 171852 94910945 6365699
167671 54214 84757495 30103885
67432 170780 35295490 10983883
547 30531 54930122 78889796
26395 77886 5426680 11582156
153327 174382 24186568 63388781
68244 22897 19136092 9268254
75272 105736 78952500 12638819
108468 34507 27537784 76608735
73700 118378 35110798 19274036
161313 50721 39407635 1253717
122414 55449 90447271 77610295
163201 7395 27556567 1858177
20947 29102 50674009 21579740
177423 1536 92263102 65166666
143715 29794 7271824 96853817
76758 2981 17126448 87517122
62736 126437 518384 69012746
91 27165 15975181 53219013
139788 11466 87556771 91202829
171382 149179 53040373 4341401
176886 445 53878097 1127842
28747 127089 68107244 91883057
14557 124813 16273979 83681188
36739 90414 13603620 18201942
21523 1321 32555610 72608581
71398 136595 9363451 73499046
134747 59563 14133409 79017767
145634 71948 30948573 85782848
14724 81864 12764165 89874053
166333 151774 28595420 89135500
177471 73742 13988827 52229136
76862 30716 34314242 64442629
55460 90408 54956066 26966914
77188 22081 47540490 44216273
116395 69111 51559546 57029808
99666 96188 13525165 4542515
177521 82670 77959465 93721848
114650 74928 48281919 52377991
177013 175082 12748223 4234017
146252 32051 40818189 73300150
74019 71525 38735957 96473601
146414 132076 19199074 55260096
148050 133046 10892651 29769726
47877 69263 83507744 86624284
102364 5899 76744979 6148838
66663 33734 85660300 58429425
61625 50716 31378670 41954074
16067 160946 31660391 47254418
6945 169057 50387757 91732735
164407 119521 3687459 93421554
58759 73087 92235992 19634225
164614 104614 7921728 56588572
54532 53916 5186595 83615938
159391 19603 48297774 25650992
166337 177941 46421653 823767
32517 156129 5747447 78280698
60734 49524 71202727 83368515
20469 162622 40327108 18076739
99319 44621 43995710 55871748
113825 103018 29668541 73857863
17856 4741 52670579 55323115
115045 159887 93746660 90380618
149845 97300 29900041 48973879
144565 14117 22157862 61127421
11539 92587 62989707 77019635
92202 19928 19120647 38636931
35172 155375 22483025 42684706
153447 28231 61362434 57058663
34086 89292 54641801 59732337
69362 113367 15273745 53013885
169399 18565 6859960 80661323
101328 32303 11876205 56988954
53894 12242 40609529 20049833
172260 80053 20964650 56144340
62444 143611 58512240 39701173
17964 110689 25458543 73859845
84212 129149 22842357 68214205
26028 113981 41962761 44560803
1583 88543 17426942 46300004
44044 33003 42302355 76090053
169820 66512 59767849 22453734
144842 160097 64992158 37309678
7127 85115 86509672 93836768
46938 178059 8950053 83853605
39087 63237 7631010 39182586
61363 84457 79204952 62948138
158661 163182 87699743 8364883
99124 38561 90813385 97337011
147154 30378 49050242 48712709
125224 63188 82793072 91117411
145116 174154 86622770 4825242
178432 13840 42361920 63861814
56886 173699 66699203 60562542
8341 58929 82315970 18021472
17897 35080 23706462 67422999
5447 3979 67411588 40157990
22424 77488 42298189 62120536
143231 174883 70051156 4380641
41123 60779 21814794 43272633
76776 151983 5738822 17478536
149546 93476 45293195 68634877
130541 53492 92896217 15332429
95402 1429 90719774 92969000
112866 2726 24986236 34704684
138215 172558 86568190 5710017
100994 131262 82918675 88377867
169988 145122 3661130 17352828
71996 17898 43138838 93442069
122889 111429 14918290 29866673
88856 137680 80638209 2463245
159144 54061 48567873 61079798
120309 65383 95634558 82212233
19730 161583 62320878 46053914
22204 77468 335151 66303390
66571 159664 39428968 32229261
98778 38364 16297527 79045114
10367 136501 49035621 59500774
114693 48138 28921902 16938036
137193 51092 8599485 26243894
71538 3126 65821693 96356163
135630 38086 14790845 72546767
101377 104695 37217480 61364737
109006 28654 31449086 99201656
51035 102400 33346711 67198322
107116 40632 22061599 36063605
68420 60565 32431918 88631772
167222 27196 37786658 7970799
34983 1468 47911076 3706009
11099 135156 43417402 77401317
38261 89498 9027912 75727256
75223 27223 13709830 77339373
32241 152582 13983480 83924077
47866 15062 94420696 22032640
43232 44261 35130519 65126607
12921 143664 85341362 36659545
106674 128619 3296075 32364949
103074 155987 27972782 68386778
843 23126 60167114 43527337
120675 81324 28510627 99593293
28983 41045 7674650 32484857
30656 63510 39606969 94170309
131961 4728 58815156 47922441
120745 16146 94930414 11552820
148105 81393 53280964 1786206
84008 34055 55955634 98827895
178322 119839 29527821 23707702
89608 23744 11308669 92889350
22906 11476 30598756 31048688
141171 138250 14431859 38544087
148757 92377 68821946 46505898
163727 44778 39060192 57281694
62657 47536 36271607 20112812
162446 125469 78060694 2393055
16551 28671 544107 80559243
174195 61777 56642296 10083824
148382 147324 68751364 6712145
18516 99198 89665314 59053712
175248 114467 40527625 5014675
117328 110247 52951494 5687385
33226 141289 81307258 72823671
165052 70560 79439338 505815
116300 103479 9874949 37824513
50906 147216 95766084 53665879
34082 81767 75082209 93725806
152337 16962 68202662 24628964
168899 55726 45475601 52732
141706 179768 65533086 4095984
153140 115427 9256181 20671610
100717 116200 63702130 51441296
160488 143356 39494838 68393742
72731 98115 68234922 74184122
30543 27947 89048329 55951712
145818 35646 92762164 71885327
37414 149062 56232580 94336190
112629 113444 9716296 91426761
156038 99633 10537808 87969077
63822 33597 14866849 41735289
135146 51149 96515673 9910831
48944 48154 7281989 42034172
34627 83144 31392457 9619245
120089 38697 28861602 15748812
171117 90931 38269140 14854625
62723 58736 57987889 22496021
79720 169420 58297280 78276663
91490 179322 19938208 60010295
21817 133323 39970508 62148979
78958 81112 40133765 52270382
29894 161527 95592464 80038852
12332 132800 51559142 42117147
118409 112850 42356839 45030416
79041 93624 70290891 57489158
77734 109210 14189953 18667737
106848 162144 16837994 59224249
164850 94229 3595372 72930360
13331 23682 67389147 92326006
46554 91870 77895796 49027445
146899 121257 73884886 92864294
176293 83949 43036009 93595717
29050 1344 54602084 54665094
153088 53811 54083661 48108405
130090 122437 83403488 33904324
169124 101787 95076542 93217916
161556 24507 42128951 76690320
163776 85044 66114909 12808328
148240 35726 47479011 79090367
14629 68840 71068222 31853788
134517 8586 96544493 1258580
66891 169878 77731880 55595336
67826 22015 76083760 26886687
107233 151093 57161701 91643415
57049 27772 82861290 62854404
121281 162026 27313904 20816865
105895 154297 18790777 86250061
37480 67553 21962727 57778687
123643 143930 20042555 20421453
73786 120431 1415211 26811791
112486 149845 76510877 24853717
96130 145669 26595588 96496923
118708 52785 35379377 93829558
35994 138761 67531895 11345426
64352 147616 2242624 5258023
5823 51620 17411369 95044767
56593 81204 37691253 757521
65455 27443 67558527 82193646
11694 152687 82055427 60874875
170052 44527 74763792 4138708
64187 47671 11532277 13510757
