500 500
L 1
L 2
L 1
L 1
L 1
L 2
L 5
L 3
L 4
L 8
L 1
L 8
P 13
L 7
L 11
P 6
L 17
L 5
L 12
P 13
L 10
L 15
L 7
L 6
L 24
L 19
L 1
L 7
L 17
L 2
L 7
P 21
L 22
P 21
P 27
L 28
L 5
L 31
L 24
L 17
L 3
L 19
L 28
L 42
L 1
L 2
L 20
L 27
L 8
L 45
L 13
L 30
L 27
L 36
L 31
L 3
L 37
L 24
L 29
L 3
L 16
P 39
L 41
L 56
L 27
L 6
L 33
L 7
L 55
L 31
L 8
L 36
L 20
L 1
L 39
L 76
P 27
L 57
L 5
L 29
L 65
L 10
L 47
L 39
P 39
L 39
L 56
P 68
L 68
L 65
L 22
P 56
L 90
L 36
L 36
L 25
L 32
L 63
L 28
L 79
L 20
L 68
L 3
L 76
L 79
L 50
L 88
L 12
L 46
L 77
L 101
L 92
L 13
P 62
L 92
L 6
L 24
L 90
L 70
L 11
P 8
L 20
L 120
L 30
L 76
L 1
L 59
L 87
L 49
L 72
L 103
L 25
L 81
L 104
L 90
L 81
L 78
P 125
L 126
L 4
L 11
P 101
L 58
L 40
L 92
L 49
L 79
L 54
L 7
L 29
L 16
L 6
L 66
L 128
L 60
L 110
L 32
L 15
L 110
L 113
L 2
L 127
L 98
P 35
L 64
L 91
L 139
L 11
P 114
L 70
L 161
L 50
L 19
L 77
P 133
L 18
L 2
L 17
L 91
L 163
L 110
L 95
L 164
L 30
L 96
L 27
L 81
L 114
L 32
L 142
L 184
L 169
L 159
L 66
L 41
L 122
L 176
L 129
P 165
L 26
P 98
P 154
L 16
L 80
L 186
P 10
L 27
L 168
L 166
L 106
P 164
L 177
L 205
L 53
L 132
L 108
L 10
L 122
L 122
L 147
L 30
L 46
L 103
L 126
L 1
L 115
L 145
L 90
L 67
L 68
L 76
L 85
L 166
P 230
L 86
L 192
L 174
L 59
L 227
L 75
L 31
L 210
L 110
L 143
L 88
L 147
L 205
L 246
L 128
L 153
L 221
L 137
L 86
L 221
L 71
L 111
L 225
L 18
L 179
L 68
L 190
L 256
L 180
L 222
L 53
L 174
L 208
L 5
L 74
L 60
P 71
L 251
L 230
L 159
L 16
L 63
L 125
L 103
L 67
L 62
L 15
L 221
L 41
L 176
L 131
L 191
L 38
P 94
L 111
P 211
L 282
L 90
L 134
L 178
L 291
L 4
L 174
L 97
L 212
L 226
P 37
L 244
L 27
L 248
L 58
L 133
L 303
L 88
L 138
L 277
L 261
L 42
L 258
L 56
L 230
L 300
L 92
L 235
L 50
L 298
L 255
P 4
L 122
L 181
P 166
P 290
L 11
L 7
L 203
L 327
L 268
L 117
L 55
L 56
L 27
P 290
L 276
L 106
L 130
L 338
L 262
P 214
L 235
L 4
L 154
L 334
P 5
L 57
L 98
L 121
L 134
P 114
P 101
L 273
L 144
P 118
L 21
P 271
L 330
L 151
L 135
L 253
P 166
L 92
L 147
L 194
P 204
L 90
L 60
L 284
P 153
L 177
L 92
L 365
L 230
P 202
L 149
L 118
L 170
L 355
L 336
L 4
L 33
L 344
L 350
L 87
L 165
P 375
P 131
P 207
L 199
L 220
L 47
L 99
L 180
L 329
L 367
L 309
L 307
L 286
L 249
L 77
P 83
L 28
P 326
L 366
L 68
L 197
L 197
L 186
L 46
L 94
P 226
L 134
L 247
L 187
L 243
L 333
L 300
L 173
L 15
L 158
L 420
L 38
L 337
L 154
L 149
L 242
L 286
L 354
L 211
L 383
P 349
L 177
L 336
L 213
L 289
L 373
L 312
L 318
L 229
L 69
L 309
P 50
L 302
L 221
L 366
L 58
L 437
L 31
L 390
L 212
L 313
L 392
P 297
L 421
L 392
L 150
L 207
L 321
L 268
L 221
L 165
L 141
L 458
L 274
L 145
L 111
L 161
L 438
L 150
L 19
L 210
L 231
L 373
L 311
L 19
L 97
L 455
L 471
L 265
L 143
L 466
P 441
L 402
L 475
L 470
L 393
L 205
L 480
L 69
L 224
L 476
L 261
L 264
P 120
L 68
L 414
L 474
L 38
128 383
377 442
304 468
11 377
141 210
158 457
7 332
124 345
457 494
154 265
18 472
310 500
317 354
302 364
246 458
59 153
141 476
47 87
310 426
91 243
91 356
247 257
176 469
218 275
319 375
277 482
240 373
18 213
52 216
182 296
275 463
186 378
6 315
389 462
40 416
411 415
4 115
33 340
324 422
318 384
44 81
226 289
200 435
8 228
73 323
392 476
160 402
36 240
98 416
286 319
295 323
24 75
204 290
215 237
110 388
284 356
19 444
257 393
216 481
460 476
285 405
25 151
256 289
358 370
192 475
30 373
449 491
365 403
267 346
202 285
87 360
240 483
221 353
158 446
77 97
2 464
33 100
53 86
229 362
382 478
117 195
18 204
33 81
163 254
110 203
131 379
169 407
276 482
2 339
121 377
7 221
4 302
156 463
224 432
190 216
42 361
237 452
233 422
129 200
431 475
21 287
45 409
202 267
58 124
149 470
222 453
349 475
19 39
74 323
94 338
18 141
275 442
103 249
129 217
78 310
13 213
193 430
327 341
60 139
162 444
279 336
335 423
14 156
114 376
85 319
130 468
49 404
19 66
221 337
182 362
150 348
349 399
196 490
46 251
131 428
14 199
89 109
184 446
143 157
9 438
79 479
453 475
454 465
81 214
267 496
4 38
29 450
307 477
123 257
90 184
272 304
42 315
333 440
97 319
329 391
277 417
1 353
202 239
297 373
15 402
333 370
191 438
305 371
158 195
228 456
373 427
122 179
366 480
98 148
102 369
358 381
106 472
36 95
92 355
196 433
343 415
267 320
25 183
81 147
243 318
49 146
240 440
17 104
158 210
15 117
20 188
39 392
327 387
113 149
69 482
44 497
30 182
193 287
242 450
67 391
186 398
230 407
415 464
27 454
31 154
75 108
287 383
185 283
50 490
148 376
14 324
19 156
255 385
34 149
147 201
57 297
34 138
123 207
91 126
40 425
283 330
34 212
94 356
368 469
181 320
95 119
60 493
112 413
261 482
5 10
150 476
50 259
378 388
128 277
176 485
166 183
27 175
312 416
305 384
308 433
294 337
237 328
36 184
44 266
68 335
253 330
107 318
247 389
252 272
403 468
106 132
179 314
19 219
101 455
334 347
180 427
306 351
176 263
92 206
265 501
247 485
44 316
5 389
98 104
295 341
33 260
346 439
462 463
119 244
8 263
180 338
2 90
206 308
19 170
73 409
94 284
245 312
244 252
6 7
189 373
33 90
107 501
267 466
73 306
142 274
190 463
105 163
128 464
231 242
109 500
126 501
283 447
224 442
99 349
35 423
319 447
194 365
309 427
70 484
219 272
110 132
491 493
86 189
152 284
59 409
109 436
151 413
237 251
187 210
193 482
22 441
333 425
148 151
169 431
38 379
149 410
13 216
162 249
28 433
170 306
259 446
329 432
143 380
351 361
53 265
6 223
7 449
289 382
156 431
171 360
274 405
122 141
232 358
220 483
357 360
410 415
202 416
62 167
133 225
117 238
155 413
417 460
342 462
11 220
111 141
200 280
162 361
167 176
115 222
146 416
95 447
350 479
24 267
202 421
19 204
11 125
313 353
282 292
73 292
10 252
183 353
273 356
99 214
297 376
173 411
243 457
39 484
232 350
345 470
340 429
20 211
99 463
249 444
132 375
78 363
415 448
230 366
56 242
193 234
198 469
63 334
375 423
251 424
262 424
422 448
243 258
34 237
267 384
275 321
357 475
93 342
292 453
180 255
72 258
46 57
196 244
369 494
2 265
71 478
226 295
25 387
41 329
222 428
274 308
141 313
73 461
26 393
207 269
175 436
47 57
344 349
83 378
279 402
163 479
324 444
15 396
113 116
190 343
31 247
42 280
121 132
78 239
65 351
361 410
262 329
275 299
37 317
28 72
442 500
207 352
357 492
201 415
342 388
237 306
340 474
159 194
43 431
119 379
204 332
159 344
94 205
43 97
74 308
122 127
43 69
67 197
46 304
464 470
357 445
97 474
93 305
28 115
315 437
191 237
99 440
183 200
34 231
246 412
339 362
16 125
353 421
64 265
9 327
65 499
46 382
118 372
114 308
122 209
145 398
332 448
249 363
331 421
131 335
156 325
114 176
104 352
342 391
38 484
139 408
166 384
372 465
413 486
71 444
138 153
331 336
87 339
278 427
97 427
40 172
62 91
85 340
155 160
288 484
173 425
24 349
290 324
142 356
113 118
19 207
116 349
376 427
55 165
47 482
207 249
145 462
