500 500
L 1
L 2
P 3
P 3
P 1
P 2
P 1
L 7
L 2
P 9
P 9
P 5
L 1
P 4
L 14
L 14
L 16
P 12
L 13
L 11
L 3
P 4
L 14
P 13
L 21
P 6
P 21
P 20
L 24
L 20
L 1
L 17
P 13
P 25
L 7
P 35
P 24
L 12
P 1
P 5
P 24
L 25
L 30
L 41
L 5
P 39
L 30
L 48
L 21
L 1
L 29
P 42
L 11
L 35
P 38
P 49
L 9
P 2
L 2
P 6
P 33
P 44
P 44
P 41
P 29
P 52
L 46
L 4
L 26
L 69
P 57
L 56
L 53
L 11
L 14
P 30
P 67
L 26
L 21
L 14
L 34
L 37
L 22
P 2
P 83
P 21
P 45
P 74
P 52
L 20
L 69
L 17
P 85
P 37
L 30
P 46
P 73
P 21
L 72
P 99
P 19
P 1
P 77
P 24
L 79
P 103
P 91
L 99
P 93
L 103
P 7
L 9
P 52
L 18
P 35
L 59
P 66
P 37
L 105
L 89
L 20
P 46
P 113
P 101
P 66
L 7
L 69
L 95
P 86
L 90
P 12
P 46
L 112
P 57
L 100
P 53
L 79
P 42
P 21
L 50
L 131
L 55
P 48
P 81
P 32
P 2
L 39
L 144
P 33
P 115
L 53
P 36
P 41
P 87
L 125
P 6
L 81
P 121
P 25
L 126
L 104
P 143
P 5
L 102
L 96
P 49
L 24
L 47
L 82
P 18
L 152
L 93
L 140
L 89
L 97
P 6
P 157
L 161
L 54
P 135
L 179
L 20
L 123
L 77
P 86
P 67
P 187
P 48
L 144
L 135
P 147
L 10
P 139
P 136
L 142
L 164
L 51
L 190
P 101
L 86
P 168
P 186
P 56
L 14
P 14
P 23
L 111
P 185
P 52
P 23
P 20
P 203
P 167
L 91
L 203
L 138
P 118
P 161
L 69
L 63
L 59
P 218
P 92
L 35
P 113
P 91
P 18
L 134
P 194
L 104
L 211
L 202
L 11
L 170
P 190
L 99
P 237
P 50
P 236
P 104
L 131
P 106
P 237
P 192
P 11
P 158
L 151
P 165
L 21
P 179
P 213
L 111
P 177
P 164
P 19
L 232
L 100
L 194
L 142
L 133
L 77
L 129
L 201
L 203
L 118
L 111
L 26
L 22
P 250
P 175
P 252
P 212
L 94
P 30
P 38
P 198
P 174
L 259
L 69
L 228
P 13
L 218
L 205
L 80
L 83
P 279
P 143
L 219
L 254
P 135
L 240
P 17
L 191
L 45
L 150
L 65
P 156
L 165
P 201
P 186
P 240
L 132
P 30
P 173
L 156
P 77
L 240
L 101
L 279
P 306
P 241
P 57
L 32
P 52
L 127
P 146
L 169
L 231
P 91
L 315
L 261
L 42
P 10
P 183
L 35
L 326
L 122
L 180
P 120
L 323
L 59
P 82
P 146
L 29
P 33
P 147
P 180
L 181
P 230
L 52
P 287
P 96
L 68
L 186
L 212
L 228
P 186
P 93
P 37
L 266
P 338
P 71
P 79
P 57
P 67
L 229
P 281
P 210
P 253
P 340
P 309
L 1
L 335
P 308
L 267
P 286
P 141
L 103
P 308
L 156
P 213
P 85
L 363
L 134
P 298
L 224
L 71
P 202
P 129
P 249
P 374
L 246
P 338
P 193
L 191
P 40
P 34
L 172
L 177
P 318
L 227
P 153
L 172
P 392
P 90
L 14
L 97
P 368
L 218
L 119
P 5
L 64
P 303
L 323
P 94
P 336
L 122
P 300
P 286
L 171
L 260
P 282
P 410
P 370
P 28
L 8
P 220
P 219
P 231
P 241
L 39
L 374
L 11
P 162
P 133
L 388
P 300
L 90
P 84
P 114
L 367
P 404
L 399
P 207
L 282
L 410
L 230
L 87
L 227
L 156
P 74
P 297
P 419
L 273
P 137
P 186
L 181
P 443
P 235
L 205
L 337
L 218
L 255
P 341
P 60
P 185
L 161
P 456
L 126
P 126
L 331
P 212
L 420
L 334
P 323
L 83
L 111
L 82
L 432
L 398
L 147
L 434
L 339
L 121
L 173
P 328
L 245
L 297
L 49
L 444
P 131
L 415
L 342
L 224
L 395
P 139
L 437
P 437
P 140
P 322
L 392
P 408
P 475
L 326
P 137
L 181
L 488
P 118
L 69
P 454
314 414
168 197
235 334
247 310
37 333
472 475
331 487
117 370
308 495
206 323
10 31
232 325
22 390
84 272
256 314
340 486
77 117
48 122
168 191
301 325
108 407
193 334
247 500
257 304
43 478
26 473
1 19
316 441
50 355
27 273
122 278
146 430
134 253
352 365
108 375
125 144
247 495
185 450
25 421
323 447
72 465
189 204
135 292
40 309
248 305
211 448
276 338
5 336
74 155
110 360
83 393
233 338
247 494
198 319
201 485
92 380
57 305
342 439
23 198
163 343
150 255
285 290
148 307
285 350
316 463
308 412
412 464
293 492
145 299
201 269
96 460
206 405
23 47
383 491
207 385
358 365
207 233
85 238
281 439
146 180
358 413
90 259
474 492
132 218
190 250
357 370
34 152
276 407
45 464
41 321
243 261
127 294
253 480
141 497
377 448
372 485
70 188
302 326
60 318
293 298
201 276
67 167
256 419
242 458
14 386
59 127
108 310
119 460
107 183
64 128
206 476
141 353
64 332
69 227
244 368
302 491
49 437
66 471
209 378
80 386
15 458
8 194
296 395
218 261
15 465
244 356
161 359
255 334
401 475
35 260
116 379
43 181
264 283
199 446
14 377
160 309
278 398
274 308
294 338
335 349
122 146
202 268
30 367
46 462
112 167
53 293
113 217
198 461
65 363
32 351
223 290
339 348
450 490
41 45
156 489
216 347
394 493
179 423
68 345
47 376
232 273
176 355
269 288
153 199
362 394
123 156
107 249
125 466
17 294
379 391
130 214
104 243
62 406
162 199
175 291
80 223
255 466
210 367
75 113
12 302
307 370
5 387
202 247
31 242
269 413
81 486
131 404
251 255
200 295
9 46
423 434
409 459
368 427
284 500
433 489
434 482
62 201
410 433
315 393
68 99
142 375
2 234
103 261
16 290
375 485
41 180
161 370
262 294
194 477
373 456
23 36
287 465
18 283
89 105
132 365
80 86
76 166
155 342
146 272
37 119
9 323
419 468
131 247
126 202
160 296
84 410
278 364
153 497
280 424
239 391
200 462
12 152
242 326
226 458
446 499
32 361
330 407
382 466
116 296
196 237
271 404
197 239
43 437
287 337
52 381
135 432
74 91
205 301
341 456
201 205
306 371
6 21
237 276
62 199
81 484
45 209
17 277
7 455
378 489
102 409
194 453
60 394
328 374
121 149
88 345
204 477
439 492
54 239
2 219
31 184
136 278
417 460
280 400
203 501
265 409
235 337
326 370
115 159
5 26
249 472
477 482
397 482
205 454
40 184
164 483
304 431
65 331
10 439
250 496
115 167
159 230
186 235
336 386
302 391
228 310
63 407
260 475
368 395
457 475
22 377
5 104
353 447
259 420
89 106
76 488
115 489
33 487
47 206
432 438
14 414
12 172
194 439
307 501
351 373
40 457
83 437
32 73
171 228
84 270
346 496
278 467
42 211
421 423
31 33
189 212
82 407
162 416
131 331
170 244
103 377
21 227
86 393
87 454
331 370
2 347
41 155
146 483
173 318
363 429
98 159
201 311
290 472
231 307
258 389
317 476
158 302
166 363
239 353
279 466
13 351
252 321
267 299
188 273
55 427
65 197
196 307
407 442
237 388
90 393
30 47
320 485
315 387
433 491
105 196
26 489
74 93
135 460
384 422
184 428
337 374
110 479
157 330
29 417
255 327
323 487
182 266
340 484
26 351
31 290
261 437
40 333
250 295
252 330
26 194
272 351
4 462
6 56
127 280
56 271
222 480
49 386
17 61
31 175
113 461
76 409
194 282
11 482
1 12
30 419
146 308
92 110
364 446
196 377
420 452
330 370
39 491
349 409
359 430
198 238
5 191
336 500
340 433
251 426
68 120
43 268
145 371
5 452
69 309
114 436
308 364
30 457
419 481
1 140
168 497
175 304
216 298
82 187
330 355
27 113
209 289
231 334
238 344
77 232
232 335
49 213
269 329
101 493
66 227
125 213
105 481
143 315
69 441
58 169
191 198
23 262
261 397
87 362
186 298
327 449
57 277
18 61
312 371
40 238
265 356
227 369
359 464
197 275
407 481
44 300
68 245
357 379
278 279
218 311
130 433
469 483
241 243
114 269
314 315
375 391
178 375
269 452
149 180
91 426
136 157
160 213
367 436
431 432
75 345
263 321
55 347
46 120
110 476
219 355
150 240
313 445
73 484
82 251
90 111
386 442
25 298
83 250
170 287
120 447
396 405
496 500
208 382
113 331
329 488
49 383
7 461
