500 500
L 1
P 1
P 1
P 4
P 2
P 2
P 6
P 3
P 4
P 9
L 3
P 3
P 11
P 14
P 9
P 7
L 7
P 1
P 15
L 5
P 21
P 20
P 1
P 3
L 10
P 23
P 18
P 12
P 20
P 14
P 30
P 14
P 3
P 21
P 30
P 34
P 5
P 6
P 16
P 33
P 37
P 26
P 30
P 44
L 32
P 5
P 40
P 20
P 33
P 11
P 44
P 46
P 41
P 34
P 46
P 47
P 6
P 52
P 46
P 60
P 50
P 53
P 56
P 26
L 27
P 41
L 25
P 10
P 8
P 14
P 35
P 68
P 12
P 22
P 26
P 27
P 34
P 50
P 38
P 78
P 34
P 56
P 80
P 48
P 39
P 47
P 19
P 81
P 3
P 79
P 33
L 57
L 71
P 79
P 6
P 34
P 80
P 87
P 14
P 22
P 17
P 11
P 88
P 36
P 21
P 51
P 34
P 46
L 105
P 103
P 97
P 102
P 91
P 6
P 97
P 7
P 108
P 102
P 79
P 39
P 92
P 76
P 77
P 51
P 101
P 8
P 79
P 104
P 9
P 109
P 18
P 55
P 15
P 85
P 57
P 9
P 11
P 12
P 55
P 95
P 32
P 10
P 39
P 42
P 116
P 101
P 108
L 131
P 78
P 135
P 86
P 59
P 144
P 50
L 101
P 114
P 31
P 120
L 121
P 75
P 45
P 133
P 12
P 10
P 127
P 30
P 68
L 3
P 51
P 9
P 143
P 121
L 151
P 39
P 153
P 43
P 134
P 127
P 69
P 108
P 97
P 127
P 10
P 11
L 75
P 107
P 21
P 34
P 63
P 117
P 8
P 107
L 163
P 189
P 55
P 49
P 103
P 52
P 53
P 34
P 112
P 151
P 70
L 23
P 55
P 36
P 47
P 41
P 141
P 204
P 209
P 9
P 66
P 187
P 59
P 88
P 20
P 166
P 16
P 115
P 87
L 131
P 169
P 135
P 129
P 195
P 169
P 185
P 227
L 22
P 112
P 174
P 120
P 132
P 59
P 7
P 64
P 82
P 170
P 229
P 239
P 2
P 234
P 236
P 52
P 161
P 110
P 83
P 3
P 217
P 76
P 74
P 133
L 217
P 94
P 97
P 231
L 243
P 106
P 211
P 122
P 2
P 222
P 191
P 47
L 47
P 156
P 148
P 215
L 208
P 114
P 45
P 223
P 175
P 67
P 88
L 168
P 144
P 75
P 146
P 257
P 157
P 52
P 185
L 125
P 129
P 196
P 24
P 108
P 221
P 260
P 49
P 247
P 31
P 33
P 253
L 240
P 252
P 55
P 249
P 159
P 36
P 34
P 162
P 250
P 96
P 222
P 113
P 72
P 91
P 180
P 135
P 119
P 263
P 17
P 309
P 161
P 48
P 276
P 12
L 142
P 1
P 222
P 80
P 220
L 37
P 308
P 184
P 314
P 320
P 182
L 208
P 237
L 228
P 166
P 4
P 135
L 135
P 7
P 319
P 305
P 320
P 87
P 24
P 121
P 25
P 241
P 130
P 167
P 52
L 148
P 252
P 115
P 243
P 194
P 329
P 28
P 150
P 132
P 280
P 1
P 277
P 79
P 51
P 202
P 138
P 19
P 196
P 264
P 361
P 177
P 354
P 123
P 66
P 346
P 295
L 296
L 152
L 214
P 132
P 159
P 283
P 314
P 42
P 114
P 379
L 290
P 14
P 248
P 160
P 160
P 37
P 1
P 311
P 1
P 88
P 56
P 211
P 80
P 160
P 307
P 354
P 129
P 394
P 262
P 276
L 28
P 402
P 309
P 156
P 97
P 75
P 181
P 251
P 243
P 405
P 197
P 263
P 416
P 316
P 49
P 8
P 20
P 351
P 58
P 351
P 24
L 106
P 311
P 304
P 236
P 25
P 423
P 234
P 340
P 422
P 392
P 416
P 145
P 131
P 242
L 144
P 200
P 75
P 50
P 16
P 196
P 380
P 329
P 274
P 292
P 208
P 192
P 166
P 13
P 438
P 216
P 373
P 427
P 280
P 118
P 203
P 312
P 31
P 285
P 367
P 229
P 316
P 59
P 177
P 365
P 408
P 81
P 312
P 264
P 380
P 470
P 130
P 28
P 161
L 27
P 423
P 38
P 8
P 389
P 159
P 215
P 234
L 176
P 202
P 436
P 424
P 474
P 486
P 9
P 114
L 478
L 321
P 483
P 463
252 439
17 381
201 455
208 244
159 215
292 487
96 473
108 382
221 434
266 375
43 51
58 459
424 464
30 234
171 266
57 408
240 258
49 432
129 355
293 408
169 345
129 422
29 310
233 396
36 356
56 175
73 116
136 369
378 390
141 249
40 289
389 489
180 233
250 333
18 209
100 339
2 105
30 134
129 299
235 334
110 289
81 422
157 330
359 384
53 416
144 263
241 424
38 409
170 333
401 434
140 237
87 455
78 478
148 166
79 321
110 187
379 454
187 259
92 147
135 203
176 450
54 144
7 352
342 475
164 218
237 294
107 429
118 458
104 219
69 343
98 271
326 405
234 327
35 107
92 467
464 495
39 432
351 415
141 425
315 487
27 477
177 321
410 428
244 280
384 453
109 342
116 392
37 338
151 484
46 229
82 471
372 447
75 265
287 332
31 213
396 420
147 429
222 364
444 485
108 154
23 397
14 218
27 337
291 419
28 386
250 448
249 263
199 393
154 332
41 200
426 490
67 191
237 422
2 244
174 429
67 128
92 435
207 287
84 422
125 390
93 472
238 278
30 367
47 282
39 404
400 404
192 250
111 373
148 461
190 337
294 370
232 480
369 458
180 408
8 483
464 465
254 330
18 158
224 354
223 286
236 356
158 463
48 326
139 219
136 340
37 118
221 395
173 439
49 476
427 438
74 115
117 138
88 440
152 257
394 488
296 393
17 67
75 267
184 208
71 385
166 412
152 491
113 419
1 21
248 418
85 285
339 341
71 97
62 441
139 151
284 419
104 352
301 346
20 296
33 235
235 244
167 235
160 194
216 481
289 371
371 422
6 139
21 190
200 232
45 180
187 271
66 272
102 465
14 250
179 218
276 387
266 414
41 52
150 204
190 235
298 300
12 213
83 185
47 216
403 404
136 224
205 361
9 99
71 115
27 419
430 441
34 408
10 157
342 360
205 269
64 419
146 291
1 203
205 312
337 400
4 146
9 144
198 269
169 182
50 213
37 105
211 341
52 434
148 266
105 326
75 164
80 297
60 444
245 399
3 357
151 456
67 137
42 350
22 322
86 346
124 414
244 324
26 118
55 336
119 430
459 482
127 423
69 212
208 460
339 490
70 475
58 274
231 288
159 237
81 463
264 401
93 123
168 476
174 354
374 450
309 380
307 331
326 471
89 250
332 433
72 87
35 361
34 77
288 336
158 297
181 190
196 372
242 252
137 306
348 399
380 432
135 253
29 55
161 250
28 292
6 301
286 474
85 406
87 237
185 404
46 413
49 485
302 473
350 467
311 460
81 266
255 350
102 356
58 267
234 389
151 382
23 39
180 211
79 310
118 419
101 129
163 339
24 242
81 449
236 394
110 149
89 240
113 406
202 490
69 450
31 213
252 318
1 35
442 463
97 433
79 139
200 240
92 278
98 184
272 481
143 477
387 395
13 250
290 397
122 137
24 372
198 363
112 393
278 463
41 441
36 148
57 421
154 253
383 411
232 315
84 191
22 368
265 478
43 472
112 357
85 456
68 349
5 178
33 449
124 348
165 402
57 170
189 415
141 341
268 460
106 194
72 191
102 263
79 82
441 496
206 310
281 414
75 349
59 493
286 306
322 385
247 311
291 456
433 490
192 323
32 488
58 122
78 404
156 472
61 437
60 165
61 308
10 64
73 136
147 486
7 471
219 297
434 459
76 429
33 239
266 295
342 501
8 94
97 394
327 459
25 425
58 69
24 230
215 371
53 458
179 474
455 479
52 442
363 461
327 352
107 307
265 435
264 305
131 406
74 230
128 203
20 191
171 258
60 318
229 267
356 405
293 464
83 254
19 276
159 193
314 320
203 378
155 276
159 335
39 167
346 356
181 408
339 374
71 320
245 466
407 451
53 103
354 385
365 469
109 276
102 315
397 474
319 427
231 296
34 67
44 115
69 376
13 196
62 354
35 500
78 307
158 426
55 271
214 238
1 228
83 373
116 436
132 275
86 231
258 470
63 73
220 430
88 127
175 350
271 476
217 253
139 239
314 461
180 317
108 430
153 201
66 337
213 497
44 256
212 400
37 498
241 389
72 255
75 284
225 376
281 496
338 431
44 161
94 312
154 456
26 182
11 493
303 450
106 111
257 488
17 392
25 26
328 434
75 492
117 475
96 332
237 289
200 361
47 421
262 420
155 495
49 74
188 426
61 62
1 182
50 380
328 406
2 437
70 500
125 293
221 308
275 455
442 443
334 395
304 381
225 230
185 265
308 312
322 435
58 334
