100 100 100
96 97
46 59
33 35
19 25
40 63
57 75
50 87
78 80
82 87
30 62
72 74
70 90
87 88
48 86
14 15
16 63
52 69
63 91
55 80
15 47
35 71
24 58
79 82
24 71
48 75
27 87
49 80
13 49
63 89
42 64
80 95
94 100
33 37
86 100
45 49
89 99
25 100
77 98
93 96
56 72
87 100
77 81
61 62
91 99
52 89
70 97
7 83
79 80
67 82
98 99
64 86
78 93
12 26
82 88
94 96
32 73
13 50
12 39
5 92
22 52
91 98
82 91
18 39
68 70
52 87
50 91
48 77
38 41
35 94
15 23
72 100
4 73
52 90
42 70
27 89
70 88
80 98
11 64
44 93
71 98
67 75
34 42
19 56
78 92
27 86
22 88
99 100
77 78
40 68
2 47
33 79
63 99
25 63
67 73
20 36
97 98
86 94
36 90
63 66
47 48
E 52 69
S 89 96
S 30 52
E 82 88
E 24 71
E 18 39
S 63 91
S 16 28
S 30 76
S 67 73
S 27 93
S 51 66
E 48 75
E 77 78
S 35 37
S 22 89
E 48 86
S 23 63
E 50 91
S 38 50
E 77 81
E 48 77
E 68 70
E 27 89
E 87 100
E 61 62
E 67 73
E 96 97
S 96 100
S 16 59
E 14 15
S 49 68
S 92 97
E 87 88
S 71 90
E 13 49
S 62 91
E 33 35
E 33 79
S 6 74
E 27 86
S 35 77
S 11 21
E 13 50
S 95 99
S 64 88
E 70 88
E 20 36
S 28 88
E 89 99
E 91 98
E 94 100
E 15 47
S 4 68
S 25 93
S 66 79
E 80 98
S 1 47
E 5 92
E 82 87
S 39 44
S 64 99
S 57 60
S 63 80
E 82 91
E 80 95
E 94 96
E 24 58
S 81 84
S 78 96
S 11 23
S 95 99
E 25 100
S 15 35
E 42 64
E 45 49
S 69 75
E 57 75
S 28 71
E 22 52
S 19 35
S 55 96
S 15 79
S 53 85
S 17 26
S 9 75
S 23 60
E 19 25
S 2 57
S 68 89
S 91 94
S 15 96
E 78 92
S 81 87
E 78 80
E 4 73
E 7 83
S 3 54
S 88 99
E 52 90
