546 4568 2344
274 355
310 450
288 440
456 519
332 416
85 420
291 473
59 444
321 424
393 509
157 311
254 289
79 312
304 519
172 403
161 328
284 376
198 457
478 533
471 475
15 52
99 436
427 485
531 536
435 500
107 187
45 277
270 359
259 532
199 328
189 265
7 147
156 544
482 500
173 365
293 436
449 516
210 520
470 490
189 293
472 525
110 457
122 474
92 95
298 465
140 257
318 418
505 520
385 448
279 286
120 443
85 281
112 113
409 510
311 408
105 129
519 524
477 501
197 537
84 177
323 512
88 182
84 194
187 235
337 398
366 540
361 502
212 357
260 348
391 411
400 517
8 320
288 364
282 399
325 365
156 258
62 100
241 396
489 536
68 211
126 195
9 306
11 338
221 236
543 544
462 473
312 346
153 320
320 522
447 451
262 283
525 545
537 540
224 271
544 545
235 496
101 123
289 507
138 206
233 454
124 328
478 537
377 460
366 451
427 510
16 26
160 318
450 485
268 427
79 343
215 446
145 165
341 382
150 493
345 471
519 541
482 509
298 459
537 541
96 314
483 528
335 344
62 393
294 506
366 460
288 419
142 280
525 540
421 481
318 405
34 202
540 544
441 472
511 513
469 514
415 430
479 510
436 512
476 488
95 426
276 361
22 425
397 478
420 539
36 435
262 405
362 478
66 290
276 393
180 228
514 517
446 530
284 534
27 108
472 516
353 524
374 479
322 424
331 503
400 508
227 383
100 266
256 363
251 390
209 369
304 501
197 240
533 544
96 494
97 308
213 261
31 406
483 492
342 449
424 432
47 335
544 546
187 541
450 506
185 361
70 321
170 352
42 91
115 347
115 296
303 422
35 81
528 530
103 171
388 470
42 498
159 458
319 377
246 376
172 349
347 428
253 379
483 543
81 526
321 360
402 499
480 495
472 487
527 541
368 497
5 327
373 423
363 512
385 424
255 400
461 481
81 543
213 271
156 172
138 430
151 428
63 92
341 433
88 222
412 542
20 142
149 237
182 351
490 497
461 539
520 538
318 322
142 285
273 474
158 382
202 459
331 361
418 457
275 324
385 520
273 483
125 507
90 365
11 98
151 426
163 184
57 183
539 541
309 381
255 302
139 263
191 350
347 373
371 530
463 515
329 499
78 352
338 485
26 293
23 389
281 448
356 463
59 507
407 445
503 535
50 344
62 362
223 530
286 476
67 187
476 503
139 323
512 539
451 490
513 531
316 368
381 489
104 326
444 513
169 294
536 539
132 368
33 412
516 541
235 423
36 209
271 374
513 529
256 436
25 301
439 461
237 373
123 373
373 410
52 104
39 279
317 535
532 543
162 224
90 477
30 185
246 387
92 355
220 310
219 460
116 433
378 405
264 461
227 497
273 489
238 458
363 367
352 450
381 507
118 360
214 385
158 339
384 515
417 466
496 509
16 110
517 535
46 526
118 317
134 258
383 521
307 333
142 344
70 89
134 403
386 522
479 521
283 541
402 424
317 492
192 517
289 493
259 471
125 350
144 509
537 538
282 287
355 528
466 509
168 305
396 546
17 315
411 534
76 475
178 226
263 447
302 369
260 380
376 470
373 525
305 313
241 454
213 441
277 398
453 503
420 472
52 400
514 537
246 251
399 536
74 122
534 537
133 254
412 453
445 531
448 504
265 371
536 544
449 482
62 403
302 479
191 349
245 331
305 455
283 354
352 435
181 234
231 309
234 467
136 462
32 495
238 410
265 310
10 525
299 344
360 533
438 495
261 353
147 267
228 503
73 431
101 398
57 309
142 530
196 486
441 487
232 358
348 389
245 489
13 374
166 170
461 545
278 353
541 543
468 531
532 537
184 446
502 541
468 492
35 46
533 537
183 241
521 531
144 430
175 475
115 327
215 494
161 219
534 540
30 313
278 356
128 178
434 541
414 500
188 240
457 496
375 402
462 480
263 492
80 444
342 348
1 260
355 361
498 520
139 373
16 221
140 350
428 434
228 288
486 532
537 546
463 527
231 535
356 368
429 484
43 377
276 374
166 517
237 302
28 182
10 438
200 392
4 312
403 538
19 95
478 545
252 546
63 287
458 485
506 510
328 513
30 350
336 405
275 323
145 266
254 341
502 530
451 477
35 197
495 520
446 496
503 506
105 340
8 45
479 527
356 439
112 229
433 481
376 430
456 500
366 373
167 252
231 385
189 377
139 334
519 522
159 186
22 319
199 305
448 538
243 286
85 99
512 523
114 448
540 546
212 390
230 233
367 471
158 506
114 541
260 464
350 377
468 489
81 93
196 466
430 492
175 246
264 430
54 195
520 546
37 512
266 405
194 409
385 397
268 422
426 525
314 415
477 511
192 527
347 395
39 445
423 545
152 360
39 519
529 538
44 46
173 412
22 72
430 498
484 534
29 291
474 515
293 505
431 478
387 498
22 431
362 457
491 531
132 316
130 268
116 369
210 384
48 165
520 536
300 307
243 358
510 538
18 366
367 483
16 141
511 526
439 494
528 542
507 513
396 425
165 261
451 512
98 181
530 544
463 503
161 412
368 440
171 522
25 472
330 528
464 510
169 536
160 255
164 338
237 364
285 480
413 436
183 210
13 170
233 387
528 543
150 235
286 431
235 497
432 508
49 378
178 373
19 167
312 527
270 346
521 525
39 324
459 469
267 461
365 495
405 412
19 358
122 204
57 161
247 267
364 405
134 539
308 520
459 466
373 500
107 374
121 224
506 523
360 452
386 515
506 508
278 476
157 290
4 160
463 520
293 414
469 529
450 507
389 484
226 372
15 127
538 542
125 517
524 536
509 510
453 525
179 280
240 354
140 408
262 353
123 325
543 546
165 395
84 239
443 529
480 483
120 484
301 333
121 318
492 544
268 479
376 504
307 330
58 445
30 305
87 253
276 413
286 340
194 321
298 537
536 537
320 381
165 453
173 411
298 490
466 483
504 542
213 468
150 507
527 546
481 515
16 362
164 184
182 332
333 492
110 432
238 248
290 526
165 279
325 336
190 338
8 370
93 370
491 499
463 512
299 423
230 477
280 411
440 519
36 45
181 298
269 348
459 511
207 229
450 461
259 307
491 533
410 470
367 537
151 484
35 532
120 325
523 524
89 270
58 448
262 355
413 540
121 243
324 364
299 391
351 432
141 405
317 534
18 121
73 218
3 323
335 354
328 416
341 416
285 471
416 453
259 509
218 269
1 209
375 527
339 438
193 436
253 529
432 457
255 474
54 103
296 352
430 433
14 339
9 312
207 298
41 373
251 480
359 453
30 448
467 515
93 399
475 495
98 301
357 379
134 274
401 518
284 334
408 417
114 227
424 511
266 478
99 437
237 442
520 545
294 381
270 327
276 328
129 427
337 531
42 402
20 288
199 531
492 530
3 51
178 461
463 517
51 64
135 322
216 387
144 332
131 237
123 383
339 546
501 507
83 440
57 339
402 507
128 131
516 543
526 540
526 543
162 280
70 226
532 539
115 507
534 544
438 472
391 426
155 354
80 299
491 498
319 473
34 136
306 376
220 414
477 496
218 293
423 510
362 529
218 450
469 508
386 502
33 197
221 373
132 207
111 183
166 381
422 516
50 104
170 469
311 356
401 453
19 431
183 275
429 490
6 367
218 512
452 454
279 541
419 505
246 345
189 401
147 217
57 349
331 385
66 97
133 265
115 199
381 468
229 290
323 495
91 104
464 476
190 532
196 358
21 516
429 505
534 545
342 368
411 488
444 518
41 173
406 412
188 270
69 158
224 441
522 524
20 300
325 397
256 401
101 207
107 386
44 309
145 467
126 248
398 479
322 501
351 386
202 431
320 495
336 345
86 459
59 68
347 376
247 492
498 534
462 546
296 526
419 540
148 357
84 287
215 364
291 453
260 315
125 442
537 545
267 432
63 522
140 492
331 542
455 537
201 439
331 418
463 479
350 356
194 358
428 488
360 514
71 177
514 518
403 519
408 513
245 486
261 352
343 481
172 181
54 380
301 326
184 379
226 514
334 543
525 535
416 474
44 132
59 436
476 481
262 478
283 500
340 390
68 115
83 400
403 520
246 358
160 442
288 296
289 308
139 526
421 539
258 524
184 502
234 468
346 529
6 62
216 318
69 217
112 360
386 437
277 546
384 544
266 417
122 407
138 152
301 520
425 434
156 287
479 500
327 432
157 378
91 426
216 312
364 393
32 348
350 354
8 437
24 165
328 425
435 543
319 436
247 309
464 469
126 526
519 520
37 67
279 466
426 474
44 235
227 284
389 475
274 482
350 466
479 498
203 323
167 515
428 455
539 542
315 331
415 458
316 512
292 533
266 267
377 473
528 529
185 188
439 513
517 534
458 481
383 487
240 423
407 528
138 374
261 483
325 350
390 458
157 200
41 161
410 518
107 119
182 238
513 539
337 386
351 425
306 336
533 538
185 389
377 516
95 203
14 112
197 538
220 236
189 461
145 246
224 461
514 536
397 503
234 440
49 371
157 201
23 295
438 455
16 371
180 472
15 394
440 503
67 471
4 267
312 330
294 372
399 504
264 486
79 307
73 316
10 401
105 186
487 506
330 376
344 420
356 526
416 434
434 440
209 347
229 397
202 514
42 441
373 409
394 464
95 391
322 474
408 443
421 500
182 364
133 297
366 450
440 539
3 153
68 428
421 486
296 541
291 388
431 517
68 106
379 497
493 532
95 184
207 388
187 413
185 356
541 544
1 110
508 526
240 491
482 501
334 520
293 519
422 514
379 505
70 348
231 233
190 312
504 522
123 213
155 381
401 442
104 396
428 467
388 533
380 399
369 444
535 543
37 171
126 366
196 318
74 269
438 458
395 503
482 521
256 490
476 515
133 485
160 330
263 339
269 331
418 431
201 468
526 536
135 333
195 358
297 489
250 371
308 341
435 476
137 488
453 528
422 497
213 494
296 434
527 536
150 329
307 438
11 94
525 543
143 461
288 353
59 353
59 403
294 467
387 503
446 462
471 517
140 292
269 365
136 546
463 474
514 542
484 538
214 445
455 509
437 494
481 538
485 526
65 67
463 497
55 486
395 495
470 526
407 467
76 327
31 365
26 536
177 261
83 484
440 482
50 201
49 103
174 337
315 473
409 516
487 529
170 456
275 460
40 452
437 523
423 439
409 534
54 250
397 517
451 473
53 207
18 462
277 397
411 509
147 190
16 505
370 492
484 529
282 414
293 341
505 523
102 114
181 292
9 256
496 544
21 43
259 484
276 389
95 278
205 226
497 541
328 542
258 503
500 528
112 254
384 436
134 343
495 538
468 523
112 306
525 544
459 515
383 397
112 281
374 535
10 292
417 490
176 535
140 537
153 367
82 202
493 519
42 172
260 472
355 455
419 425
117 204
438 521
287 291
472 497
393 481
124 389
126 294
183 342
508 540
112 258
67 532
478 530
524 525
443 445
292 403
301 518
295 529
267 410
441 517
526 529
7 260
211 240
55 452
160 225
422 477
443 530
103 271
400 464
194 359
32 386
79 317
324 357
504 534
273 316
163 497
283 377
291 297
419 435
10 221
474 488
353 536
402 521
15 308
360 515
131 441
347 463
349 471
234 498
4 164
139 210
260 284
289 513
45 206
524 539
207 382
419 498
469 500
379 481
471 473
44 500
417 489
168 174
45 191
77 379
440 498
230 490
207 476
498 503
336 477
305 338
210 503
7 457
508 542
108 387
294 304
75 354
434 444
119 354
212 391
353 473
467 492
355 402
146 200
466 493
121 251
138 472
146 297
369 445
31 316
497 513
500 524
173 540
64 532
36 298
74 545
122 473
293 461
207 270
110 183
440 529
535 542
69 518
184 190
163 276
313 409
225 316
305 376
529 533
392 476
43 353
322 441
306 392
233 375
14 86
124 441
144 209
153 300
177 522
217 463
72 272
436 516
447 457
142 171
473 485
106 218
473 474
276 289
141 293
517 542
286 352
85 391
171 433
426 520
118 340
2 379
238 296
391 479
159 203
169 357
107 252
510 511
483 490
90 258
465 506
455 484
141 435
165 491
195 226
99 343
242 283
348 430
141 346
321 432
322 331
389 420
302 471
241 442
322 429
72 307
464 522
339 342
438 484
525 533
43 337
405 475
327 495
384 482
525 537
220 263
453 492
189 529
51 117
331 491
55 128
314 370
64 398
343 447
237 256
152 213
269 387
341 478
11 132
122 334
143 442
239 367
222 425
358 518
299 347
164 237
310 400
359 438
2 25
449 537
168 331
46 269
440 483
183 387
201 467
208 302
171 328
263 425
311 512
376 516
134 449
478 495
50 542
60 322
37 182
4 307
227 292
382 496
310 527
426 430
136 199
105 166
61 371
38 386
185 521
540 543
289 444
60 252
108 430
256 273
363 469
173 314
57 486
21 487
40 360
48 406
430 525
505 525
267 490
219 227
419 475
31 427
264 499
6 280
451 521
328 431
99 384
234 354
195 350
150 518
485 503
395 421
99 541
390 542
241 351
10 25
407 483
158 488
358 468
361 421
239 400
58 429
9 521
184 334
56 294
356 529
288 332
129 356
7 477
219 363
317 401
303 377
284 462
73 326
127 411
431 450
42 259
327 338
40 210
436 539
457 493
30 48
301 425
70 441
534 536
162 490
368 404
83 501
340 509
494 542
267 351
128 253
413 471
388 399
311 379
119 483
541 546
394 472
203 301
454 516
209 473
408 460
326 475
327 426
120 183
424 486
337 426
189 460
217 332
189 443
75 314
407 494
320 518
485 498
352 457
342 467
533 541
27 201
4 407
55 79
264 536
201 340
167 192
229 485
459 524
103 407
274 466
74 153
259 516
157 491
202 487
270 336
490 523
143 233
278 468
53 428
167 201
439 449
151 340
270 312
431 524
133 151
467 489
225 385
14 289
327 486
491 508
255 416
441 484
399 537
39 287
231 519
492 509
269 344
106 400
287 435
150 296
216 396
247 362
484 542
201 343
72 109
84 138
406 426
459 501
363 425
119 250
491 500
385 480
492 510
257 332
196 379
388 496
48 105
208 266
40 142
255 362
356 391
206 250
119 427
208 414
505 524
192 290
163 274
357 478
81 129
480 502
100 244
529 539
38 144
516 546
416 461
487 499
189 458
98 109
246 523
429 540
241 535
242 285
146 315
408 506
357 413
25 108
39 444
89 427
27 382
144 250
145 272
296 377
136 196
493 531
89 371
438 452
312 378
493 502
517 533
257 353
54 399
469 535
55 229
42 421
246 451
83 207
270 287
474 501
518 520
480 521
53 388
213 235
128 406
313 331
101 232
314 315
111 416
374 468
377 487
508 510
425 446
137 438
412 486
468 532
181 438
299 503
146 480
445 521
390 510
366 511
515 530
400 426
334 378
451 469
123 273
437 504
356 472
246 423
188 522
254 473
165 346
170 528
145 410
211 544
188 343
328 439
101 318
367 481
121 468
91 157
354 471
215 505
215 291
46 343
134 137
234 330
84 442
486 499
137 456
337 378
108 201
12 419
529 543
177 406
513 519
231 496
113 125
192 545
311 406
282 383
316 349
41 146
221 276
113 240
405 526
289 319
145 539
169 542
452 468
430 452
159 414
85 274
349 494
7 317
195 253
476 487
240 424
339 379
129 458
356 539
499 513
93 488
316 338
365 429
437 441
339 395
215 500
151 389
307 423
455 501
344 369
225 504
387 446
505 545
298 391
100 148
501 515
312 318
270 425
133 454
49 324
117 196
301 470
207 241
362 423
210 248
40 347
233 309
371 531
52 287
368 445
327 431
487 533
188 541
517 538
536 545
16 499
22 445
455 531
149 236
385 465
370 517
380 425
131 144
283 381
334 372
426 513
273 346
384 513
131 295
189 505
141 277
264 311
460 510
358 464
381 515
81 447
302 335
211 434
197 206
32 252
190 486
171 521
372 414
205 252
28 224
95 308
409 471
94 217
35 322
115 151
332 405
150 310
429 481
318 500
269 429
341 383
245 437
436 520
334 505
242 288
497 528
46 469
36 337
27 387
262 433
392 416
297 460
281 389
111 189
248 386
279 540
194 456
363 434
342 428
192 385
369 513
129 478
537 543
292 506
427 491
458 483
22 26
233 506
6 303
85 390
379 385
319 434
324 429
481 540
314 527
156 437
415 433
171 447
443 532
261 263
506 528
26 416
290 372
236 243
371 382
540 545
26 504
316 417
232 348
382 444
184 364
310 421
48 442
506 535
363 518
100 210
121 328
421 493
539 546
386 537
114 131
6 49
245 379
353 521
537 544
485 500
279 405
377 492
339 463
186 310
280 389
40 136
190 208
274 513
339 370
493 500
316 453
385 386
519 543
33 469
238 481
265 516
264 297
291 546
71 269
124 279
527 543
250 330
23 56
235 304
399 524
511 534
167 220
448 471
323 528
394 415
405 471
463 531
89 513
247 536
461 471
72 135
491 532
22 29
414 420
131 314
154 191
102 316
228 502
203 288
325 367
276 358
128 528
137 535
208 519
250 498
439 445
467 499
209 223
206 226
522 523
185 261
183 364
235 357
12 426
39 450
49 272
294 383
302 453
413 449
136 198
43 366
114 127
424 521
170 271
272 347
5 117
239 392
7 204
452 522
500 529
339 507
531 543
423 544
494 513
362 535
406 436
545 546
350 462
326 406
183 365
529 532
135 282
120 255
15 427
103 123
314 332
297 375
529 530
24 205
199 545
411 480
162 318
151 276
227 269
212 486
370 530
141 481
102 138
52 92
221 368
85 494
49 403
322 465
374 441
492 533
194 523
109 294
289 370
190 511
20 134
145 419
425 435
246 458
257 367
494 504
398 418
31 215
310 493
88 201
134 182
434 443
211 275
315 401
303 455
528 537
127 448
359 455
437 491
87 203
382 524
274 401
75 241
89 221
215 461
500 510
291 506
451 494
501 532
348 354
216 429
90 352
94 512
260 379
228 352
157 497
522 544
48 507
81 247
393 540
42 364
51 130
130 391
317 419
503 534
505 538
59 430
331 435
514 531
36 398
105 146
35 223
466 542
473 515
376 423
108 158
244 312
230 482
314 371
38 93
186 187
20 105
55 98
386 472
54 87
385 442
239 503
56 277
382 411
205 274
28 309
117 300
244 446
412 510
78 384
2 60
272 461
294 359
103 326
466 527
349 510
56 226
274 509
525 546
221 330
371 487
335 525
320 440
345 440
84 197
9 229
490 491
449 466
511 518
208 523
170 317
121 197
510 527
419 456
320 416
183 222
387 465
9 211
327 526
253 420
226 326
172 381
278 426
158 182
129 269
418 498
469 503
279 415
176 365
81 426
123 275
20 493
36 225
242 534
28 354
116 319
386 415
129 287
429 487
68 342
456 518
468 529
241 437
138 365
449 495
151 388
51 520
14 324
204 258
226 247
128 512
153 193
115 216
447 454
48 257
502 521
295 498
254 266
478 517
414 477
326 418
149 268
209 357
455 491
339 433
191 273
46 320
192 283
445 495
499 527
437 531
220 536
83 173
268 485
165 175
100 307
458 544
367 540
192 359
3 540
488 539
68 70
253 339
457 502
235 347
467 546
240 307
348 420
34 304
530 545
246 531
330 471
191 478
120 416
169 277
436 532
160 401
253 523
475 505
459 460
430 524
167 497
204 231
449 494
37 468
119 441
145 209
113 376
238 307
23 359
118 524
260 434
207 392
199 469
127 440
486 518
257 258
326 476
41 347
100 366
371 428
440 497
90 325
373 435
65 239
89 123
397 474
269 470
271 480
217 342
192 273
460 529
331 530
227 429
141 508
537 539
257 362
107 342
335 522
124 303
439 489
493 541
413 476
63 297
248 447
495 506
505 507
352 451
182 534
83 149
308 406
306 354
39 65
366 440
267 335
503 544
110 196
327 402
195 216
350 431
43 399
272 291
338 451
436 450
277 376
104 400
151 469
512 519
532 546
427 488
227 482
524 538
433 544
409 459
146 395
479 488
381 536
99 153
243 516
337 361
294 342
120 136
27 289
146 432
216 444
69 207
480 506
257 544
357 378
278 512
372 407
501 504
85 538
278 465
391 544
74 498
361 456
379 493
405 424
285 289
229 352
347 421
193 493
51 371
215 467
464 529
513 537
34 129
422 487
109 387
516 529
402 516
246 416
206 328
457 528
243 540
517 527
435 527
376 434
513 542
99 210
1 123
159 392
54 266
97 131
339 429
533 534
89 96
443 467
14 200
346 534
208 474
165 344
232 360
535 539
153 379
386 511
28 165
493 542
466 516
121 487
121 497
386 519
453 507
197 532
4 35
90 500
118 140
200 458
148 529
284 531
24 414
528 545
271 372
287 303
231 314
282 520
261 366
143 405
263 422
514 521
70 376
295 318
32 411
46 523
165 416
160 352
416 524
284 533
367 447
494 516
531 533
334 382
375 514
20 357
100 103
321 480
52 261
54 351
324 418
21 60
439 488
208 264
111 375
267 476
273 488
143 388
112 244
473 528
422 469
66 243
66 331
86 296
356 358
455 542
406 490
253 525
477 517
116 463
244 444
208 260
428 526
300 329
391 421
171 509
315 425
212 434
70 73
301 527
55 60
277 320
127 450
26 377
162 481
145 196
13 327
344 526
134 340
327 512
467 479
492 531
418 479
85 159
154 240
439 470
186 233
454 485
396 529
36 156
243 270
143 450
456 478
56 119
300 361
64 414
254 485
360 540
290 492
65 538
182 388
432 495
42 79
434 517
154 493
158 273
422 532
353 358
402 519
113 241
56 299
396 404
2 158
409 446
371 417
220 457
412 446
187 291
248 366
335 439
150 228
385 416
82 528
1 461
281 412
58 178
180 334
243 404
305 451
1 362
264 278
353 509
463 467
159 169
252 317
459 523
31 409
87 272
194 489
360 474
131 428
97 111
142 350
333 468
505 515
341 499
250 438
209 515
205 386
66 403
452 464
113 346
467 509
9 199
157 416
418 468
296 378
452 506
481 493
267 515
413 434
171 365
378 478
307 411
86 161
454 463
69 318
478 511
17 488
299 440
179 535
463 475
230 505
506 543
323 474
103 112
46 310
387 417
182 251
161 245
147 531
66 268
449 467
57 491
171 326
431 463
472 509
327 448
213 233
309 523
205 460
166 209
326 377
306 485
221 517
391 513
225 498
230 494
21 506
466 523
394 485
191 209
70 189
111 241
85 92
498 542
10 106
298 357
65 416
70 444
42 286
313 538
220 483
500 523
519 534
129 190
352 485
403 482
516 538
249 481
468 541
274 456
398 535
520 521
45 46
83 493
58 479
295 307
22 231
440 541
63 383
188 472
525 539
447 473
213 305
22 278
439 474
112 512
405 455
132 167
271 453
181 437
326 480
170 470
383 535
406 488
150 249
524 544
272 416
141 384
416 501
492 495
10 305
7 256
208 375
136 379
359 440
172 506
179 265
267 533
48 99
520 522
151 395
377 482
492 498
394 407
19 481
278 388
303 539
190 257
225 445
137 198
248 452
79 197
510 530
33 313
118 187
140 259
398 501
462 481
357 386
346 528
397 413
145 321
453 537
284 316
349 487
445 543
454 534
139 470
260 347
185 528
168 426
46 163
230 383
82 447
158 403
285 417
257 429
505 518
493 528
350 405
397 544
482 520
197 212
30 333
495 500
435 490
97 344
188 316
200 277
484 530
269 491
279 477
471 520
179 471
61 247
177 196
365 434
508 519
227 372
494 512
83 530
265 436
445 546
447 500
367 445
141 478
112 178
201 470
67 193
36 175
156 370
121 446
24 457
366 435
535 546
27 56
526 542
413 524
525 527
27 436
264 509
183 528
55 352
388 474
70 118
425 436
80 418
257 523
144 273
443 503
227 525
416 463
209 397
107 522
287 465
196 266
240 361
57 369
337 352
88 503
203 240
150 424
511 538
353 492
314 521
47 521
478 526
310 444
34 512
80 287
118 289
88 294
41 178
81 159
421 469
520 533
19 251
110 140
174 474
449 509
373 458
1 338
75 196
447 501
90 313
305 541
265 541
147 506
389 421
240 265
217 289
191 468
480 523
173 203
145 545
363 431
389 523
412 538
490 503
12 100
130 289
517 529
189 513
136 157
470 489
376 378
461 536
151 290
137 213
61 491
204 337
201 512
201 379
135 475
319 476
475 535
213 412
218 517
465 500
430 494
201 365
287 502
50 343
211 386
239 411
317 448
378 513
305 450
82 291
60 410
56 86
135 312
12 444
43 516
261 414
250 413
249 480
535 536
286 484
88 103
283 394
384 410
28 49
384 461
336 408
105 256
109 278
157 178
315 488
356 389
250 298
78 216
175 442
395 501
11 49
334 506
346 411
385 493
138 322
248 501
41 207
162 487
432 474
232 271
124 192
353 445
180 388
172 519
115 359
215 346
488 534
484 510
462 542
349 425
117 337
58 188
21 182
409 454
125 132
257 432
352 490
209 262
85 226
17 32
205 372
110 476
486 529
521 540
249 498
345 388
54 446
470 473
135 177
268 307
468 502
74 497
135 395
480 544
248 371
184 243
323 363
433 475
382 470
486 521
226 369
28 397
217 477
41 134
481 507
388 448
244 377
476 543
425 432
4 468
168 391
511 514
236 402
73 289
488 522
201 417
522 530
114 529
86 154
251 463
120 158
364 444
21 384
102 186
191 280
501 526
430 499
385 510
291 452
426 524
411 489
333 364
534 535
395 507
503 509
497 500
26 512
418 521
98 336
472 476
331 445
364 466
316 520
316 328
338 496
271 287
275 482
294 362
399 470
430 484
384 511
98 513
71 78
251 455
301 307
24 392
93 446
233 317
287 289
35 439
299 414
381 492
477 527
171 425
75 136
345 484
380 521
335 411
508 515
70 102
506 527
40 364
453 485
51 367
337 541
67 406
188 353
433 472
471 472
410 467
65 500
212 520
138 143
462 535
76 146
21 183
519 533
38 133
432 448
132 257
277 451
339 366
190 273
339 541
159 497
3 210
458 528
433 514
484 540
474 479
166 212
86 396
99 312
418 481
191 257
509 524
479 513
408 519
505 528
71 326
377 497
69 98
280 286
192 410
174 486
118 404
49 468
138 428
123 244
40 226
492 534
173 297
90 162
195 531
496 524
25 461
30 249
488 502
335 465
489 533
227 363
454 490
387 400
182 513
206 415
286 438
12 174
103 223
50 334
489 496
524 535
10 407
347 483
329 415
57 165
249 499
394 505
73 282
285 483
26 274
102 451
91 327
273 494
377 438
473 505
335 403
383 425
504 531
500 502
11 354
84 132
76 434
458 541
71 330
174 433
222 514
150 390
34 111
101 307
71 411
366 454
367 407
342 477
269 437
442 479
244 288
284 286
426 451
140 289
316 347
365 374
42 169
11 286
50 444
411 446
116 358
269 485
18 188
528 539
148 232
49 505
92 269
242 401
257 379
235 460
501 505
121 194
360 472
222 268
468 528
28 351
155 194
449 532
250 328
179 349
183 514
166 391
440 461
67 258
20 372
505 539
171 396
157 420
199 299
183 353
32 539
90 520
320 508
114 180
464 513
200 452
45 416
28 439
14 123
211 330
235 270
468 479
1 514
514 527
360 518
8 302
1 186
491 543
122 465
193 389
470 506
360 392
497 517
324 471
199 393
519 546
408 430
327 413
303 317
459 464
431 483
353 512
46 518
478 544
70 546
65 484
19 323
29 190
42 123
162 265
299 439
154 229
461 524
532 545
39 513
482 515
230 365
74 181
531 535
425 430
439 478
531 532
128 461
111 252
116 434
210 313
214 231
471 481
233 264
359 370
167 525
61 363
211 317
20 73
154 471
346 447
150 433
148 197
422 460
360 401
364 372
92 124
86 168
334 447
54 239
139 365
247 460
191 448
279 532
293 443
2 284
15 354
215 392
55 191
65 141
86 272
522 532
435 546
97 187
56 358
177 495
237 409
152 250
255 262
19 340
511 539
158 420
119 334
49 239
127 361
136 277
49 72
515 543
28 135
144 153
265 495
169 257
353 476
118 437
76 93
374 524
262 447
101 111
403 420
126 544
363 519
476 546
538 540
421 446
394 482
37 353
16 296
350 379
280 424
73 175
352 519
410 544
23 413
48 263
405 539
261 543
532 534
389 486
307 368
392 536
345 496
269 453
393 484
474 511
393 442
424 526
86 290
521 532
56 147
46 155
427 526
340 489
163 315
291 390
393 400
13 135
378 406
42 263
40 179
169 486
13 476
142 174
33 202
74 156
486 515
436 473
222 255
242 517
312 478
320 496
112 451
371 377
474 523
5 285
81 292
382 527
52 149
328 507
233 497
17 199
304 325
217 261
33 343
240 429
7 207
277 518
520 541
8 523
477 540
187 307
225 387
492 529
3 212
111 485
274 435
494 496
407 439
158 442
420 445
18 542
238 251
233 292
108 248
368 369
386 447
125 202
22 110
312 367
315 460
466 533
59 187
413 478
52 347
527 538
174 346
482 511
115 224
211 533
200 408
24 433
453 497
520 528
216 233
347 433
129 261
120 492
508 514
35 394
226 414
466 506
350 471
402 439
288 342
341 409
172 450
407 518
267 271
405 462
314 396
41 127
380 404
212 392
60 434
124 483
433 449
311 510
533 536
208 494
157 293
341 427
518 534
311 393
72 82
392 449
324 354
430 447
373 527
334 531
271 332
307 393
240 360
141 161
57 199
182 326
414 446
277 285
28 269
54 535
345 490
97 299
338 457
348 516
406 450
201 312
362 406
252 375
508 545
175 459
483 537
201 399
71 138
413 500
288 367
414 503
359 364
89 212
505 530
347 503
525 542
365 413
36 200
519 531
88 306
304 458
280 479
25 334
41 50
523 536
454 546
501 543
531 534
403 495
227 474
3 471
195 389
116 455
198 493
21 285
173 489
13 365
385 425
152 518
367 375
200 273
275 398
197 413
249 477
76 77
199 426
469 533
345 460
140 544
158 289
295 383
193 291
71 412
228 437
20 194
460 538
7 142
139 400
363 491
318 464
281 435
120 475
268 442
71 444
62 257
85 189
82 424
276 353
308 362
295 546
531 540
320 536
496 522
413 469
42 388
142 459
245 439
289 518
462 500
10 191
7 393
338 392
40 57
461 542
467 526
463 484
342 405
314 434
522 526
3 33
86 395
446 507
511 535
78 538
284 385
306 476
352 498
350 448
458 478
457 546
186 400
23 89
503 530
149 426
389 409
370 442
34 155
288 481
237 517
74 489
224 355
197 473
339 401
340 405
30 532
493 523
307 408
495 509
19 286
361 414
391 428
240 247
96 437
328 535
153 351
6 501
271 357
373 397
138 297
442 449
128 234
283 315
432 498
294 355
454 500
8 55
229 370
20 438
27 313
164 398
97 98
247 302
271 337
441 461
358 476
539 540
318 513
249 535
89 469
110 170
293 359
148 390
453 479
336 404
51 536
131 250
129 471
86 390
277 330
233 530
399 543
324 333
508 522
429 471
123 153
184 507
427 511
463 464
35 472
467 485
224 243
240 537
401 441
268 357
172 495
351 503
318 396
452 477
241 292
128 293
75 529
56 238
445 496
132 495
41 305
521 526
16 244
114 134
296 320
228 367
334 491
436 454
10 398
380 430
47 321
155 538
450 519
243 413
276 309
239 250
17 503
285 490
301 476
463 468
107 419
261 301
378 404
335 472
486 488
453 538
143 417
243 506
493 507
263 315
513 545
250 258
112 116
283 499
227 473
336 521
237 452
7 446
135 488
259 386
253 539
422 430
292 378
99 140
397 536
68 307
178 292
380 490
477 520
295 350
238 494
100 291
256 513
336 501
489 540
416 445
274 480
276 506
120 425
131 481
240 370
248 390
286 313
91 222
271 423
435 447
180 464
433 442
536 543
23 325
86 337
311 518
103 133
73 371
391 399
347 400
333 489
155 514
482 539
233 543
257 330
303 373
124 200
162 306
392 435
74 115
431 492
96 510
92 275
512 526
115 213
63 535
492 500
169 470
145 326
364 403
186 459
415 545
262 532
446 498
258 450
23 98
91 336
449 528
345 451
316 538
109 448
214 332
131 506
290 390
25 160
3 468
33 41
441 500
159 214
107 286
307 534
153 312
393 422
468 510
216 342
488 526
37 100
280 448
387 432
167 390
87 514
513 523
55 276
477 488
155 169
208 248
291 512
522 538
122 380
101 414
493 514
505 542
230 261
235 326
381 464
204 218
7 409
208 232
31 376
23 316
270 313
353 432
427 483
321 322
501 535
452 540
312 456
361 371
375 505
89 301
435 523
307 367
369 442
113 476
311 345
518 522
211 459
11 194
163 187
433 476
2 320
302 398
375 532
472 546
414 493
468 542
489 535
479 511
445 456
51 166
366 432
166 273
261 345
32 39
298 454
501 520
286 331
10 124
475 481
179 459
316 450
85 225
505 529
435 509
42 504
268 532
327 419
353 376
455 510
489 502
145 185
109 519
495 529
8 75
353 487
222 370
256 529
185 505
356 482
518 531
195 423
156 232
299 332
195 431
62 258
241 453
22 53
188 357
184 257
505 516
18 255
490 543
198 265
193 256
40 451
261 299
399 424
339 399
257 412
511 519
209 221
289 296
399 465
215 370
422 450
368 390
19 168
475 519
291 454
185 371
437 465
281 391
155 291
99 294
255 286
427 473
406 465
88 528
435 458
443 457
496 516
143 291
303 435
101 373
471 534
397 534
147 383
293 431
407 434
224 283
467 521
197 541
91 499
357 388
280 482
457 506
179 189
190 292
97 134
229 246
236 284
420 493
182 461
178 321
31 84
289 480
375 529
536 540
55 345
93 310
337 490
190 242
212 403
98 154
224 489
133 361
240 443
266 423
81 156
503 512
60 510
275 500
182 260
222 282
139 175
158 303
11 305
496 531
452 534
237 240
27 320
12 341
78 442
230 254
277 381
441 541
509 541
42 471
137 429
140 523
489 509
465 502
430 463
213 506
486 511
208 407
362 526
169 540
408 486
317 526
53 517
206 521
407 516
169 220
76 367
535 545
52 76
486 504
52 272
505 536
345 449
117 219
207 384
277 441
254 307
370 450
293 368
443 455
260 459
15 98
264 531
467 490
3 142
490 499
420 514
464 503
327 354
471 538
162 537
356 421
433 439
3 449
211 233
129 211
519 525
38 229
60 422
470 486
328 381
247 527
341 489
455 498
486 506
180 515
535 538
65 485
316 477
420 519
379 517
266 400
407 540
25 362
202 446
382 473
238 260
205 459
133 383
388 473
498 511
13 142
8 105
34 495
481 511
526 539
274 504
255 355
226 389
485 497
31 163
171 291
75 534
225 381
94 198
478 480
375 503
112 313
345 430
142 479
475 478
352 389
357 447
14 336
486 491
357 499
54 504
64 311
199 325
520 540
523 535
216 381
389 515
221 385
476 480
315 427
492 520
299 511
369 517
97 108
320 393
420 480
391 422
254 331
104 143
163 243
115 489
477 485
66 149
325 393
249 501
92 252
521 535
241 525
395 429
82 342
211 256
382 439
120 415
44 478
326 485
163 248
117 379
525 541
475 525
253 504
77 347
294 303
169 504
258 489
146 303
300 520
284 503
116 145
282 475
473 508
372 505
28 170
487 535
411 491
76 285
522 540
172 471
247 280
88 175
158 368
469 479
190 283
424 474
102 254
273 309
191 452
190 215
292 380
377 405
523 537
228 295
454 518
4 261
442 455
443 492
378 410
345 520
530 541
172 468
56 309
270 434
303 307
330 472
342 455
150 197
304 398
446 493
465 529
36 501
542 545
27 215
192 259
101 332
402 545
484 495
440 481
393 404
410 461
379 512
41 378
229 493
401 457
82 294
173 204
173 331
99 130
201 455
63 312
474 483
232 408
522 528
421 462
224 374
513 521
214 279
452 545
93 120
207 464
129 306
488 523
77 283
168 254
531 546
362 465
230 478
369 470
165 435
124 270
218 316
302 362
88 226
201 416
272 443
330 359
274 314
209 443
121 154
416 468
369 508
255 542
32 337
61 136
124 247
421 461
360 412
338 517
67 418
200 202
428 531
244 376
28 275
405 527
47 89
102 326
380 388
269 445
107 221
121 147
164 363
239 289
367 432
393 503
375 504
61 263
447 497
58 289
317 470
319 440
393 440
308 477
342 438
524 542
410 430
33 267
295 363
14 228
223 385
15 422
313 455
55 325
489 498
1 263
475 482
131 479
405 472
439 444
328 460
339 531
480 494
488 524
262 312
306 521
126 147
115 386
158 261
259 314
253 322
182 216
283 286
171 292
214 257
392 433
345 368
187 528
56 353
214 475
146 268
144 334
454 455
55 266
379 436
322 517
529 544
312 475
326 463
218 300
485 543
238 436
489 501
112 136
356 460
370 537
200 329
95 159
41 187
68 268
206 420
347 425
272 274
174 444
108 528
218 481
249 524
500 503
36 461
79 487
265 475
247 475
476 501
185 231
8 388
268 366
140 507
385 419
210 251
308 529
443 461
188 527
474 495
351 540
358 400
208 348
201 232
349 489
128 140
64 106
543 545
52 283
419 531
26 291
317 469
477 524
33 127
515 540
213 380
480 503
261 397
420 528
302 396
127 350
74 374
266 384
391 514
504 546
14 530
142 233
452 528
266 406
452 483
186 418
326 407
379 537
74 499
167 443
338 503
373 404
308 412
325 337
473 491
230 370
174 537
117 426
402 520
454 507
391 539
474 504
22 391
499 544
114 277
125 278
180 311
209 543
453 465
388 481
160 179
517 530
337 345
478 546
209 311
151 436
29 68
233 352
159 247
41 352
146 444
35 106
301 399
341 519
394 452
215 225
357 374
433 506
42 129
228 531
265 413
484 504
46 239
353 386
206 393
220 473
113 177
207 228
254 523
369 449
210 391
119 440
52 538
169 404
432 438
69 425
206 513
199 335
251 334
238 483
507 530
412 427
504 540
445 449
333 366
385 499
306 460
450 480
470 522
124 404
143 470
336 359
368 424
206 441
474 481
56 408
334 426
274 323
103 475
188 371
424 498
456 474
84 484
164 428
214 457
393 493
227 466
354 461
43 218
508 523
342 508
250 287
4 390
213 402
292 541
203 227
434 465
353 462
267 340
95 183
318 415
110 388
147 283
228 254
439 459
453 531
464 466
428 460
306 486
275 387
207 326
263 489
377 520
226 513
84 517
289 348
223 378
5 543
367 485
74 475
89 526
333 531
275 476
42 347
44 92
82 539
422 485
364 421
463 506
163 425
208 226
19 172
432 538
363 527
126 358
282 420
303 505
341 514
181 477
314 488
96 336
302 419
376 467
324 343
328 387
40 93
265 458
17 258
532 536
181 347
398 440
78 238
429 502
146 277
37 409
377 484
179 317
200 258
206 487
162 511
381 462
261 495
250 542
156 268
88 488
369 409
327 457
38 411
249 386
281 450
530 534
341 523
452 542
191 460
515 544
51 404
417 438
473 478
528 532
211 300
177 546
217 434
119 226
204 237
299 481
337 344
42 54
370 478
308 499
338 477
62 190
19 313
230 489
345 426
417 539
322 384
183 413
254 308
469 471
87 357
99 467
13 24
357 402
323 486
333 382
212 456
308 325
363 422
534 539
363 408
114 267
328 443
240 474
529 534
128 254
255 525
377 420
21 219
272 471
143 145
462 527
216 520
220 475
401 491
9 14
30 229
313 334
242 498
471 535
270 273
10 517
192 233
236 349
468 483
13 231
314 339
326 492
138 170
366 522
305 459
224 285
391 410
123 221
392 516
404 443
181 228
424 459
265 367
292 519
494 497
179 335
362 450
46 284
466 487
32 56
159 450
72 212
3 481
55 395
234 277
472 521
528 536
364 448
426 533
202 312
49 190
412 471
130 243
337 505
125 289
38 63
231 353
258 302
367 515
501 530
88 115
296 531
78 524
313 417
284 470
103 428
409 476
115 498
134 429
405 520
343 376
146 438
159 310
228 480
512 517
135 185
422 531
223 396
353 503
80 275
341 508
478 540
481 487
144 338
106 462
478 516
224 492
357 389
472 538
428 464
79 196
249 458
131 277
108 349
239 544
507 517
47 312
263 281
542 543
206 522
231 347
9 441
152 350
107 323
187 324
413 424
314 442
50 207
132 152
202 366
153 165
421 524
519 536
291 330
343 453
476 524
78 451
227 308
440 521
527 545
140 155
118 417
307 382
294 512
205 282
510 520
64 349
109 207
88 307
401 417
369 431
161 427
509 528
527 532
208 404
174 327
524 531
315 484
155 213
65 458
52 526
528 538
462 526
136 182
70 518
184 226
304 477
375 483
15 495
369 385
413 483
356 535
462 475
488 535
43 178
109 325
262 486
235 430
289 471
480 491
166 168
60 137
111 179
318 518
133 255
340 482
204 409
375 433
302 434
137 528
287 545
395 404
234 500
247 410
114 296
327 523
126 448
449 470
462 523
145 347
482 486
124 141
146 270
241 399
157 288
166 412
172 420
476 483
294 482
215 449
296 396
241 265
98 174
34 382
112 188
324 462
101 174
168 239
400 469
260 496
500 534
224 470
37 184
451 530
227 329
508 544
362 427
286 528
11 374
139 294
306 350
435 517
387 464
425 473
495 531
220 321
523 538
496 533
182 221
387 421
240 521
423 445
332 533
460 492
341 541
540 541
253 268
49 162
E 120 183
S 340 480
S 218 284
E 319 440
E 275 460
S 290 437
E 49 103
E 89 212
E 23 359
E 435 458
E 46 320
S 540 541
E 288 332
E 155 169
E 230 489
E 529 532
S 83 390
E 432 508
E 136 277
S 284 462
E 130 391
S 262 389
E 85 226
S 8 111
E 415 430
S 66 213
S 34 454
E 282 399
E 280 424
E 341 508
S 298 418
E 14 86
E 155 514
S 105 503
S 145 367
E 76 434
E 433 442
E 111 189
E 92 269
E 392 435
E 321 424
S 414 506
E 430 498
E 228 288
S 323 497
S 97 204
S 209 448
E 252 317
S 468 501
E 437 531
S 103 332
S 260 368
S 517 522
E 505 524
E 237 256
S 418 422
S 115 212
S 401 422
E 288 481
S 494 520
E 504 534
S 17 442
S 81 356
E 230 383
S 461 544
E 465 506
S 248 330
E 107 323
E 31 376
S 414 481
S 314 332
E 43 399
E 271 372
S 231 530
S 264 371
E 100 210
S 205 267
E 200 329
E 528 530
E 479 511
S 131 134
S 506 512
E 1 260
E 209 311
S 390 407
E 88 115
S 17 349
E 406 465
E 436 532
E 459 466
E 281 389
S 169 323
S 291 393
S 212 215
E 367 432
S 490 519
E 165 416
S 464 485
S 222 232
S 275 534
S 404 413
S 131 342
E 173 540
S 373 394
S 423 443
S 180 542
E 327 486
E 526 529
S 366 488
E 183 528
E 256 363
S 264 412
S 525 533
E 287 291
S 435 535
S 109 294
E 256 401
E 335 522
E 214 257
E 74 499
E 225 385
E 517 529
E 54 380
S 539 544
E 71 412
S 364 539
S 131 188
S 7 448
S 497 505
E 458 485
E 40 347
E 338 485
S 308 384
S 487 534
E 316 450
E 495 531
S 498 510
S 258 440
S 64 435
S 460 503
S 56 157
E 517 538
E 489 536
E 439 444
S 136 401
S 441 498
S 148 206
S 366 404
E 190 292
E 30 48
E 114 131
S 281 300
E 378 410
S 34 242
E 131 481
E 46 469
S 103 462
E 19 95
E 421 500
E 443 467
S 108 332
S 327 439
E 213 494
E 453 485
E 408 430
E 488 523
S 153 382
S 404 496
E 98 336
S 115 146
E 41 127
S 257 420
S 361 459
S 544 545
E 239 367
S 324 542
E 51 117
E 150 433
S 25 236
S 27 59
E 426 520
S 456 479
S 266 375
E 430 499
E 277 398
S 369 491
S 76 516
E 283 499
S 250 323
S 230 290
S 347 379
S 441 444
S 65 303
S 179 315
S 4 136
S 358 530
S 409 465
E 133 255
S 143 399
E 259 386
E 99 153
E 469 503
E 227 363
E 534 544
E 519 525
S 82 229
E 146 200
E 95 183
S 35 480
E 380 430
S 488 500
E 417 466
E 527 536
S 337 354
E 164 338
E 4 267
S 482 513
E 439 470
S 407 517
S 431 518
E 384 410
S 341 413
E 144 250
S 439 488
S 161 169
E 195 358
S 518 531
E 227 474
E 52 287
S 445 528
S 14 344
S 347 478
S 209 291
S 338 488
E 478 511
S 358 416
S 404 473
S 228 484
S 291 458
E 295 529
E 360 515
E 162 487
S 532 540
S 45 89
E 400 508
E 30 229
S 220 434
S 34 98
E 385 386
S 131 231
E 15 52
E 298 465
E 98 301
S 6 121
E 99 312
S 394 415
S 490 513
S 337 423
E 2 60
S 446 473
E 84 442
E 396 425
S 157 445
S 290 430
S 433 443
E 477 527
E 449 467
E 133 151
E 427 526
S 77 534
E 47 312
E 503 530
S 181 355
E 198 265
E 291 297
S 243 398
S 109 273
S 236 294
E 214 445
S 467 497
S 311 471
E 533 537
E 311 345
E 455 509
S 247 315
S 368 409
E 268 532
S 285 340
S 196 263
S 494 516
E 127 350
E 68 115
E 53 388
E 93 488
E 38 229
S 292 467
S 59 193
S 213 387
E 3 212
E 308 406
S 442 538
S 411 480
S 106 460
E 341 478
S 536 539
S 157 221
S 422 506
E 101 332
E 371 382
S 336 346
E 98 109
S 74 88
E 446 498
E 72 307
S 257 330
S 332 509
S 465 471
E 266 405
E 90 258
S 59 349
E 450 461
S 19 310
E 151 395
E 255 542
E 541 543
S 172 410
S 17 231
S 423 485
E 397 534
S 375 423
S 398 430
S 184 515
S 130 374
E 385 425
E 359 455
E 33 313
S 77 98
S 4 195
E 303 539
E 340 509
S 238 347
S 320 493
E 341 383
S 105 273
S 343 420
S 287 453
S 17 49
S 7 194
E 327 432
S 309 479
S 511 515
S 430 528
S 270 282
E 372 414
E 89 526
E 74 181
E 240 370
S 3 98
E 505 515
E 169 257
E 266 267
S 366 479
E 497 541
S 19 345
S 73 453
S 245 319
E 88 294
E 380 490
S 514 530
E 81 129
S 287 506
E 407 434
E 279 477
S 465 513
E 298 490
E 90 313
S 529 538
S 234 333
S 144 160
E 21 60
S 229 420
E 205 372
E 501 530
E 168 239
S 249 483
S 158 394
S 428 447
E 127 448
S 501 529
S 181 439
S 299 352
E 34 382
S 519 532
S 303 402
S 124 476
E 215 346
S 496 537
E 520 540
E 430 494
S 375 480
E 402 520
S 403 452
S 337 424
S 144 184
E 345 484
S 24 359
S 442 504
S 106 329
S 519 522
E 292 519
S 357 544
E 171 447
E 249 386
S 495 544
S 313 468
S 519 542
E 185 521
S 28 379
E 293 414
S 475 541
S 256 411
E 501 543
S 438 518
S 282 400
E 13 327
S 459 544
E 181 228
E 341 541
S 167 250
S 39 157
E 517 527
E 47 321
E 22 319
S 396 543
S 39 456
S 124 269
E 10 525
S 36 62
S 134 141
E 41 161
S 273 540
E 157 201
E 454 485
S 451 455
E 356 389
S 128 407
E 342 455
E 463 515
E 364 466
E 439 513
S 423 481
S 261 532
E 86 459
E 284 534
S 68 434
S 327 509
E 314 442
E 536 544
E 312 478
S 264 459
E 68 106
S 277 442
E 466 533
E 153 351
S 133 183
S 311 312
S 516 521
E 442 479
E 79 307
E 157 378
E 454 463
S 147 524
E 142 280
S 339 514
E 225 445
S 233 540
S 296 491
E 23 316
S 42 499
S 43 226
E 101 318
E 179 189
E 139 470
E 391 411
E 314 371
S 435 519
S 372 383
E 184 257
S 157 281
S 480 500
E 508 545
E 44 478
S 216 224
S 31 102
S 397 525
S 271 503
E 114 277
E 496 531
E 307 367
S 52 182
S 323 482
S 118 157
E 385 493
S 369 491
E 41 352
E 195 389
S 335 429
S 340 383
S 117 237
E 427 510
S 327 358
S 115 283
E 456 474
E 377 482
E 231 519
E 189 461
S 292 336
E 246 358
S 312 455
E 477 520
S 181 494
E 368 440
E 167 515
S 225 413
E 284 503
S 138 373
E 57 486
S 294 373
E 35 223
S 222 388
E 3 471
E 451 494
S 342 494
E 89 301
S 51 260
S 445 542
S 122 420
S 503 535
S 277 370
E 1 263
E 267 340
S 413 498
S 450 507
S 412 440
S 301 385
E 75 314
S 285 512
S 153 284
S 204 206
S 317 367
E 370 537
E 341 514
S 16 446
S 540 541
E 33 202
S 104 137
S 227 231
S 346 531
S 241 291
S 215 355
S 311 347
S 495 506
S 510 533
E 235 357
E 399 470
E 324 357
S 508 512
S 457 495
E 231 309
S 9 35
E 15 127
E 493 532
E 421 493
S 491 493
S 161 502
S 477 491
S 535 540
S 458 531
S 65 503
S 285 482
S 103 140
S 425 495
E 16 26
E 294 355
S 178 247
S 59 153
S 336 359
S 68 399
S 60 480
E 121 328
E 104 400
S 230 253
S 286 480
E 245 489
E 261 352
E 134 137
E 353 536
S 90 280
S 343 434
S 356 382
E 315 460
E 396 546
E 67 471
E 57 339
S 89 539
E 408 486
E 499 544
E 391 513
S 108 485
E 381 507
E 61 491
S 177 453
S 196 242
S 310 364
S 464 503
S 371 381
E 192 545
S 418 429
S 346 359
S 232 324
S 181 344
S 314 368
E 353 358
E 373 500
S 382 446
S 260 385
E 463 527
E 296 531
S 312 419
S 321 438
S 260 435
E 112 313
E 393 509
E 276 353
E 468 532
E 462 526
E 172 420
S 466 539
S 485 527
E 482 520
E 15 427
S 398 470
E 334 505
S 45 112
E 450 507
S 476 507
S 14 451
S 328 391
S 108 494
S 220 413
S 251 435
S 297 317
S 253 460
E 113 125
E 505 530
S 503 536
E 173 365
E 400 426
S 235 377
E 507 513
S 459 481
E 273 483
S 293 524
S 348 427
E 70 348
S 349 540
E 57 183
E 182 238
S 519 534
E 391 410
E 525 542
S 536 539
S 254 437
E 60 322
S 215 517
S 447 467
S 121 241
S 307 422
E 160 442
E 262 433
E 118 187
S 414 440
E 2 284
S 22 458
S 259 476
E 320 381
E 513 523
E 458 481
E 121 468
S 153 479
S 367 462
S 539 545
S 441 509
E 327 526
E 496 516
E 525 541
E 463 531
S 467 508
E 370 492
S 534 541
S 162 248
E 508 515
S 130 310
E 345 426
S 65 91
E 25 362
E 505 539
E 475 478
E 235 347
E 438 472
E 512 526
E 333 364
S 443 516
E 271 374
E 412 446
E 279 541
E 29 68
S 185 512
E 204 231
S 275 502
S 407 426
S 280 368
E 431 492
E 356 482
S 197 365
S 440 483
S 445 545
S 89 400
E 511 518
E 285 471
S 157 453
E 435 500
E 441 487
E 333 492
S 22 391
E 280 482
S 399 424
E 522 530
S 294 465
S 221 318
S 427 446
S 518 529
E 49 190
S 77 90
S 414 546
S 51 431
S 248 275
S 372 507
E 49 371
S 182 218
S 254 544
S 421 429
E 376 467
S 186 374
E 402 424
S 15 533
S 380 511
E 6 367
E 11 354
S 324 345
S 532 537
S 493 514
E 235 423
S 431 510
E 103 112
E 361 414
E 22 231
S 140 457
S 45 257
E 74 122
S 23 527
E 101 398
S 325 377
E 434 444
S 454 492
S 205 447
S 449 477
E 233 352
S 323 454
E 313 331
E 135 282
S 279 350
E 276 506
E 486 529
E 472 497
S 264 323
S 430 526
E 191 273
E 38 144
S 487 496
E 371 530
S 43 184
E 27 313
E 334 426
S 284 337
E 243 286
S 144 440
E 426 430
E 54 399
S 337 400
E 339 429
E 24 165
S 287 400
E 347 376
S 358 387
S 21 432
S 31 384
S 167 284
S 106 529
S 518 529
E 96 314
E 60 252
S 479 536
E 279 415
S 167 289
E 238 481
E 247 410
E 355 455
E 242 401
E 344 369
S 509 528
E 386 522
S 1 533
S 512 535
S 254 320
E 397 503
S 82 537
E 215 500
S 155 391
S 425 461
S 165 388
S 35 502
S 35 57
E 337 344
S 235 283
S 158 236
S 148 483
S 530 542
E 327 512
S 532 543
S 57 441
S 69 441
E 26 512
E 497 517
S 183 230
E 206 441
S 29 124
S 240 313
S 59 183
E 190 273
S 149 333
S 226 494
E 500 528
E 307 411
S 72 385
S 137 524
S 113 409
S 268 529
S 33 256
E 427 473
E 54 250
S 316 446
S 175 219
E 386 515
E 386 519
S 478 542
S 173 464
S 127 148
S 405 515
S 316 410
S 133 375
E 408 519
E 454 500
S 376 412
S 319 329
E 121 224
E 307 382
S 82 207
E 279 532
S 78 123
E 452 506
S 462 494
E 345 496
S 99 327
S 32 268
E 508 514
S 311 476
E 166 209
E 178 461
S 257 434
S 26 436
E 60 510
S 32 477
E 104 396
E 191 468
S 277 453
S 420 500
E 477 524
E 506 535
E 523 535
S 341 361
S 166 483
E 190 338
E 157 420
S 335 456
S 218 381
E 302 419
E 80 418
S 100 259
E 89 221
E 470 522
E 360 474
E 442 455
E 121 147
E 174 444
E 54 195
S 484 518
E 218 300
E 368 497
S 407 514
E 376 516
E 518 531
S 413 497
E 138 365
E 185 361
E 127 411
S 461 496
E 166 170
S 376 406
E 275 398
E 352 435
E 388 496
E 213 412
S 62 176
E 520 538
S 63 352
E 424 486
S 430 527
E 427 511
E 208 404
S 526 533
E 377 492
E 462 481
S 529 546
S 97 542
E 36 200
E 265 367
E 132 167
S 292 436
S 170 424
S 278 537
E 422 477
S 369 377
E 105 146
S 45 153
S 502 527
S 256 516
S 69 442
E 52 526
S 239 516
E 505 523
S 195 396
S 187 304
S 119 288
S 525 538
E 60 434
E 478 546
S 520 541
S 79 323
E 341 523
S 143 479
S 248 494
E 349 487
E 34 129
S 240 285
E 526 540
E 534 537
E 124 270
E 123 244
S 337 519
S 393 473
E 39 287
E 48 165
S 273 498
S 39 184
S 406 514
E 393 540
E 187 235
S 367 449
S 470 494
E 140 507
E 189 293
E 212 357
S 495 508
S 14 335
E 451 469
S 514 530
S 261 370
E 199 299
E 289 507
S 448 461
S 447 492
S 32 258
E 356 460
E 475 481
S 385 398
S 147 204
E 347 503
S 61 351
E 73 282
E 57 199
E 31 84
E 464 476
S 267 333
S 421 496
S 432 541
E 306 392
E 74 156
S 65 505
S 79 160
S 540 545
S 458 480
S 523 544
E 472 521
S 13 176
S 475 518
E 318 322
S 158 274
E 192 410
E 243 270
E 439 449
E 31 409
E 216 520
E 136 546
S 266 285
E 328 425
E 397 544
E 231 385
E 59 444
E 328 507
E 367 515
E 95 391
S 24 278
E 86 296
E 294 383
E 436 512
E 471 475
S 481 492
S 501 541
S 475 501
E 373 409
E 401 457
S 21 184
S 428 444
S 377 380
E 217 342
S 154 231
S 458 522
E 241 442
E 208 266
E 388 448
S 156 452
S 545 546
E 87 357
E 317 469
S 246 256
E 537 539
S 26 430
S 207 382
E 299 503
S 332 426
E 427 488
E 195 226
E 388 470
E 182 251
S 480 530
S 285 438
S 365 401
E 265 436
S 544 545
E 231 496
S 297 408
E 478 517
E 70 444
E 443 457
E 143 442
E 31 406
E 436 454
E 174 474
E 375 504
E 161 219
E 31 365
E 227 292
S 518 542
E 291 330
E 223 396
S 248 537
S 30 31
E 368 445
S 292 546
S 53 543
S 139 179
S 81 141
E 470 486
E 16 141
S 233 234
S 78 412
S 451 465
E 74 153
S 517 528
E 511 538
S 337 433
S 52 133
E 454 507
S 122 498
E 58 445
S 474 504
S 203 212
E 288 367
E 509 541
S 462 478
S 208 364
E 410 461
E 528 536
E 4 307
E 206 521
S 20 321
E 145 196
S 428 466
S 203 500
S 458 525
S 274 441
E 70 546
E 64 532
E 463 468
S 380 427
E 271 357
E 512 539
E 1 514
S 425 442
E 17 32
S 176 367
E 33 127
E 318 464
S 462 543
E 185 261
S 408 529
E 222 370
E 278 465
E 8 320
S 2 468
S 256 339
E 293 359
E 173 412
S 461 474
E 436 450
S 143 379
S 182 543
E 237 442
S 482 521
E 353 386
S 224 515
E 419 475
S 305 432
S 240 335
S 482 489
E 508 523
S 100 258
E 172 381
S 273 538
E 469 533
S 32 304
E 339 342
S 330 360
E 331 435
S 531 541
S 318 478
S 389 452
E 500 503
E 331 385
S 210 542
S 283 335
E 224 461
E 118 437
E 527 538
S 417 538
E 459 501
S 261 361
E 134 340
S 28 439
E 364 448
E 430 492
S 434 506
S 194 257
E 199 393
E 468 542
S 354 482
E 208 494
E 184 507
E 139 175
S 217 480
E 227 482
E 393 484
E 521 526
S 57 246
E 14 324
S 84 283
E 184 364
S 382 486
S 310 459
E 64 349
S 52 94
E 9 14
E 266 384
S 31 54
S 221 429
E 139 400
S 309 327
S 242 271
S 11 160
S 452 519
S 538 542
S 185 506
S 236 342
S 199 425
E 269 445
S 291 374
E 489 509
E 108 430
E 411 509
S 512 521
E 411 446
E 137 488
E 102 114
E 188 353
S 481 526
E 459 511
E 496 533
E 138 374
S 510 523
E 112 116
E 486 499
S 203 540
E 257 258
E 195 350
E 3 468
S 441 488
S 372 395
E 292 506
S 337 529
E 126 366
E 334 506
E 112 512
E 70 376
S 388 426
S 544 546
E 138 472
S 61 469
S 261 530
S 367 421
E 308 477
E 28 309
S 202 447
S 175 302
S 423 457
E 152 360
S 9 469
E 45 416
E 363 434
S 143 302
S 336 366
S 267 317
E 293 436
S 81 450
E 278 512
S 335 351
E 405 412
E 359 364
E 366 460
E 531 536
E 173 203
S 121 455
E 74 374
E 141 405
E 126 358
S 374 430
E 171 521
S 77 323
E 276 309
E 111 485
S 351 470
S 378 539
E 343 447
E 339 463
E 213 468
S 206 324
E 352 389
E 360 533
S 335 453
S 488 514
S 420 494
S 530 543
S 196 286
S 178 444
S 196 275
E 519 531
S 33 316
E 48 257
E 27 320
S 533 544
E 312 330
E 469 535
E 129 356
S 320 374
S 107 384
S 401 527
S 450 520
S 227 447
E 125 517
S 503 530
E 337 352
S 127 357
S 349 523
E 263 315
S 198 499
E 479 527
S 210 402
S 493 513
E 28 439
S 502 541
E 195 423
S 522 528
E 241 454
E 24 433
E 526 536
S 543 546
S 154 465
E 387 464
S 479 501
E 456 519
S 365 499
S 57 78
S 118 216
E 54 351
S 68 544
S 388 541
S 177 365
S 429 524
E 10 305
E 401 417
S 421 474
S 192 331
S 260 448
S 378 499
E 43 337
E 316 520
S 190 428
S 538 543
S 420 428
S 70 496
E 276 393
S 410 444
S 159 356
S 1 170
S 33 424
E 429 502
E 276 361
S 468 535
E 408 513
S 144 258
E 90 520
E 519 520
E 161 427
E 171 326
S 449 503
S 191 210
E 528 538
E 494 542
E 12 341
S 301 437
E 86 272
E 352 457
E 439 459
S 513 536
S 519 537
S 198 356
S 215 364
E 54 504
E 445 495
E 67 193
E 394 472
E 225 498
E 358 476
E 233 292
S 232 293
S 395 413
E 114 127
E 120 136
S 480 545
E 289 480
E 241 535
S 263 494
E 259 516
E 423 544
S 418 484
S 357 476
E 544 545
S 383 478
S 100 268
S 519 531
E 130 243
S 455 515
E 118 404
E 423 439
E 150 249
E 338 392
E 492 500
S 537 546
E 240 474
E 22 53
S 275 354
S 134 465
E 228 437
S 286 526
E 186 418
E 76 77
E 449 528
S 257 351
E 146 395
E 398 535
S 244 490
S 104 190
E 353 462
E 52 400
E 224 243
E 90 365
E 521 540
E 169 294
S 40 91
E 120 158
S 304 307
S 94 297
S 539 544
S 207 462
S 91 246
S 47 442
S 425 491
S 12 239
S 59 224
S 446 483
S 150 479
S 284 327
S 27 283
E 217 289
E 391 514
E 431 524
S 401 511
S 37 64
E 269 485
E 239 289
E 492 530
E 316 453
E 5 117
E 455 484
E 366 451
E 513 542
S 416 459
S 235 437
S 277 348
E 140 492
E 228 503
S 40 272
S 57 148
E 200 452
E 79 317
E 378 478
E 299 391
S 309 353
S 58 214
E 247 492
E 114 448
E 140 289
S 409 425
E 271 453
S 430 477
E 446 462
S 423 494
S 308 536
E 167 252
S 512 527
S 395 475
S 60 232
E 319 473
S 284 478
S 459 484
S 398 527
E 265 516
S 509 526
E 146 480
E 263 339
S 325 354
S 195 372
E 268 442
S 259 490
S 230 518
E 193 389
S 21 74
S 448 533
E 4 261
E 90 500
S 343 447
E 537 544
E 524 542
S 7 372
S 483 523
S 325 508
E 545 546
E 297 460
S 146 248
S 243 297
S 493 533
S 484 509
S 232 469
E 376 378
S 384 427
E 158 182
E 170 470
S 218 313
S 237 454
E 407 467
S 533 537
S 534 537
S 109 544
E 452 542
E 288 440
S 185 328
S 186 300
E 254 473
S 504 542
E 81 447
S 265 400
S 340 390
S 183 409
E 425 434
E 135 185
E 138 297
S 399 465
E 61 247
S 11 306
E 207 384
E 260 348
S 286 408
S 361 363
S 75 178
E 135 488
S 137 460
S 54 346
S 201 520
S 70 82
S 342 492
E 86 396
S 56 249
E 10 124
S 307 536
S 156 539
E 214 385
E 112 188
S 297 415
E 145 209
E 214 279
S 175 250
E 271 287
S 403 509
S 350 388
E 145 266
E 283 394
E 248 447
S 12 403
S 145 362
S 377 529
S 299 339
S 486 538
S 272 339
S 366 528
E 11 286
S 443 536
S 120 270
S 397 526
E 72 109
S 361 498
S 201 429
S 254 452
S 36 303
S 76 338
S 243 515
E 61 371
E 129 287
E 318 500
E 84 132
S 388 489
E 443 492
S 447 484
S 278 518
S 28 165
S 463 522
E 347 433
S 209 225
E 332 405
E 478 480
S 517 527
E 490 497
S 420 517
E 133 254
S 353 433
S 221 264
S 3 265
E 262 486
E 230 494
E 468 510
E 34 495
S 303 385
S 86 185
S 500 533
S 351 389
S 420 471
E 428 434
S 257 528
E 99 436
S 205 288
S 57 138
E 226 372
S 128 516
S 421 452
E 211 256
S 78 376
S 193 283
S 315 331
E 339 370
E 48 507
E 189 505
S 116 365
S 413 491
S 7 249
S 288 446
E 64 106
E 301 399
E 519 533
S 445 480
E 492 509
S 232 459
S 350 525
E 463 497
S 521 526
S 28 519
S 354 435
E 342 477
E 245 331
E 432 438
S 109 300
E 163 315
E 441 500
E 6 49
S 117 193
E 340 405
S 299 395
S 334 353
E 352 451
E 380 399
E 372 407
E 181 347
S 303 465
S 56 326
E 227 284
S 288 530
E 186 459
S 264 366
E 490 543
S 119 403
E 70 518
E 233 454
S 263 308
E 397 413
S 252 492
S 279 460
E 237 302
S 379 448
E 244 376
E 405 527
E 45 277
S 272 462
S 81 343
S 205 430
S 240 543
S 22 292
E 112 451
S 452 454
E 405 526
E 477 485
E 448 504
E 435 546
S 302 380
E 337 541
S 129 376
E 49 324
S 174 280
S 9 108
S 213 431
E 119 441
S 282 357
S 237 255
E 467 546
S 372 497
S 298 347
S 297 520
S 324 390
S 72 287
E 493 502
S 464 528
E 22 391
E 101 414
S 50 343
S 146 510
E 391 422
S 223 531
E 1 362
S 160 518
S 39 88
E 328 535
E 345 440
E 241 265
S 140 502
S 514 540
E 322 501
S 213 342
S 21 88
S 492 532
E 20 493
E 127 450
S 216 257
S 391 486
S 482 493
E 192 359
S 361 447
S 497 514
E 180 472
S 52 360
S 79 153
E 302 396
S 516 518
E 441 517
S 414 508
S 7 73
S 283 521
E 162 318
E 199 469
E 370 450
E 478 544
S 265 454
S 168 535
S 402 416
E 146 268
E 532 537
S 46 187
E 521 532
S 72 468
E 192 283
S 532 546
S 110 331
E 211 544
S 26 454
S 455 461
E 136 379
E 39 513
E 8 523
S 126 454
E 136 462
S 113 227
S 233 402
S 482 516
S 139 486
S 391 495
S 482 537
E 128 461
S 388 504
E 136 198
S 216 246
S 407 505
S 78 244
E 216 318
S 171 523
S 190 440
S 428 460
E 27 387
E 342 368
E 27 289
S 360 467
S 245 480
S 476 516
S 390 452
E 366 511
E 257 544
E 242 517
S 343 426
S 337 476
S 227 419
E 498 542
E 413 524
E 337 505
S 29 508
S 357 420
E 188 522
S 398 490
E 531 546
E 400 464
E 334 520
E 171 425
S 405 436
E 201 512
S 114 485
S 37 464
E 156 287
S 129 136
S 166 529
S 59 321
S 534 539
E 181 437
E 474 511
E 384 436
E 202 431
E 276 328
S 497 534
E 189 401
E 385 416
S 528 529
S 474 502
S 364 531
S 402 538
S 388 504
S 316 502
E 325 350
E 163 425
E 142 530
S 257 286
E 28 170
S 265 524
E 487 499
E 15 495
S 131 467
E 129 478
E 203 227
E 475 519
E 362 465
S 333 487
E 210 503
S 511 544
S 42 76
E 505 538
S 57 501
E 285 483
E 319 434
E 3 51
E 472 516
E 335 439
S 337 423
E 207 382
S 20 528
E 189 265
E 379 537
E 213 235
S 89 428
S 302 439
E 489 535
E 303 505
E 179 280
E 22 110
E 30 532
E 171 328
S 250 442
E 473 528
S 511 541
S 437 503
E 241 396
E 19 313
E 157 311
E 376 470
E 485 543
S 83 215
E 493 500
S 257 540
S 375 486
E 323 474
E 61 263
S 532 545
E 353 445
S 72 328
S 520 545
S 154 462
S 351 418
S 399 465
E 257 362
E 210 248
E 518 520
S 202 440
S 418 511
E 146 303
S 57 445
S 7 153
E 84 194
S 82 134
S 35 325
E 474 481
S 394 445
S 187 244
E 211 233
E 116 145
E 361 371
S 408 467
S 480 485
E 17 503
E 468 502
E 304 458
E 443 445
S 71 202
E 289 370
S 5 186
E 184 334
S 505 543
E 287 465
S 460 469
S 1 326
E 221 276
S 252 464
E 274 401
E 18 542
E 186 400
E 79 196
S 466 530
S 227 257
S 202 422
E 289 518
S 355 493
S 257 494
E 46 284
E 326 463
S 181 202
E 316 477
E 107 252
S 176 453
E 207 326
S 141 490
S 35 454
S 444 448
S 489 500
E 184 379
E 506 510
S 234 546
E 215 461
E 422 514
E 255 262
S 533 537
E 523 537
S 295 452
S 63 485
S 189 437
S 96 422
S 339 488
S 115 295
S 529 540
S 423 453
E 201 439
S 334 390
S 369 471
S 355 442
E 316 347
S 5 327
S 410 413
S 475 508
E 397 517
S 183 511
S 475 523
S 91 224
E 83 207
E 26 504
E 307 368
S 330 339
S 250 313
S 346 513
S 377 523
S 405 505
S 395 428
E 405 455
E 55 98
E 222 282
E 55 345
S 88 540
E 63 297
S 386 508
S 75 100
S 147 187
E 504 522
E 237 409
E 337 490
S 196 222
E 345 368
S 449 493
S 265 393
E 208 519
S 216 305
E 133 454
S 20 439
S 15 71
E 501 504
S 520 527
E 69 158
E 169 220
E 149 268
S 427 437
S 99 104
E 471 520
E 375 514
E 42 498
E 266 406
E 99 437
E 330 359
S 307 353
S 232 448
S 356 537
S 338 443
E 205 460
S 396 479
E 168 305
E 276 358
E 145 419
E 179 349
E 298 454
S 415 496
S 151 417
E 109 448
S 124 362
E 419 425
S 122 531
E 403 482
E 202 487
S 335 394
S 138 248
E 479 500
E 408 460
S 360 369
S 17 57
S 415 482
E 19 358
E 259 484
E 461 524
S 96 300
S 304 453
S 516 517
S 38 402
E 452 454
S 64 354
E 147 217
S 135 445
S 196 209
E 166 212
S 428 527
S 336 389
E 159 392
E 216 444
E 40 226
E 334 447
S 105 423
S 331 483
E 8 370
S 519 525
S 139 372
E 467 479
S 39 533
S 107 315
E 362 535
E 126 248
S 506 509
E 501 505
E 350 377
S 59 75
S 345 381
E 188 371
E 175 459
S 4 454
S 512 544
S 304 313
S 81 190
S 25 50
E 227 525
S 371 397
S 407 441
E 449 509
S 509 512
S 111 412
E 243 413
S 522 524
E 439 445
S 253 398
E 458 541
E 82 447
E 131 144
S 342 445
S 537 539
S 452 492
S 275 418
E 253 523
S 511 529
E 36 461
S 537 540
S 276 372
E 87 514
S 283 362
S 277 369
E 262 447
E 359 440
E 293 505
E 445 531
E 506 523
S 528 534
E 444 518
S 447 516
E 528 537
E 511 539
S 404 431
E 160 179
E 68 268
S 90 239
E 286 313
E 459 524
E 255 525
E 315 473
E 360 412
S 172 209
E 97 98
S 104 320
S 128 349
E 336 501
S 219 526
E 241 351
E 269 437
E 508 540
E 23 89
S 75 350
E 413 500
S 444 473
E 428 488
E 405 462
S 537 538
E 285 289
E 286 438
S 390 456
E 204 337
S 90 439
E 62 362
S 292 410
S 186 418
E 156 544
S 127 224
E 406 412
E 345 460
E 463 474
E 80 287
E 379 481
E 266 400
S 118 275
E 327 354
S 57 210
S 454 462
S 95 308
E 225 316
S 270 377
S 188 352
S 497 533
S 277 318
E 463 484
E 346 447
S 67 240
S 456 544
E 105 129
E 10 292
S 462 467
S 228 384
S 125 388
E 492 533
E 431 478
E 32 495
E 504 540
E 166 412
S 131 179
S 372 476
S 146 194
S 16 382
E 38 411
S 147 500
E 412 427
S 37 411
E 393 440
E 281 435
S 114 461
S 392 543
S 507 511
S 377 451
E 207 298
E 87 253
E 132 152
S 195 461
S 95 222
S 140 543
S 310 371
E 480 506
E 85 225
E 519 522
E 467 526
E 32 539
E 65 67
S 387 477
E 508 542
S 123 260
S 189 493
S 518 523
E 170 271
E 342 428
S 372 400
S 473 538
S 490 521
S 490 518
S 406 456
E 296 352
S 471 494
E 402 499
S 18 333
S 522 534
E 532 534
E 385 419
E 164 184
E 170 317
S 115 284
E 507 530
S 522 545
E 266 478
E 105 186
S 483 537
S 42 175
E 238 494
S 213 269
E 363 519
E 456 518
S 345 363
S 52 134
S 17 107
S 48 214
S 426 432
S 402 528
S 142 454
E 301 527
E 405 471
S 142 515
E 315 425
S 500 525
E 134 403
S 437 535
S 178 258
E 358 468
E 406 426
E 183 387
E 169 357
S 415 441
S 224 498
E 117 379
E 314 339
S 440 495
S 46 525
S 119 414
E 369 442
S 359 522
E 85 494
E 473 505
S 539 541
S 183 471
E 377 520
E 211 533
E 291 506
S 353 407
E 301 520
S 61 337
E 353 492
E 379 505
E 78 238
S 129 431
E 353 521
E 158 289
E 111 183
E 207 241
S 517 536
S 421 502
S 127 315
E 81 247
E 71 411
S 183 317
S 9 39
E 94 512
S 209 449
S 329 458
S 30 418
E 481 493
E 114 529
S 509 511
E 8 55
E 157 288
S 114 163
E 54 535
E 215 392
S 472 475
S 361 516
S 286 545
S 493 541
S 480 529
S 454 458
E 204 237
S 344 476
E 463 517
S 222 545
E 107 286
S 79 345
E 311 379
E 482 521
E 54 87
E 451 473
S 378 480
E 453 538
E 186 310
S 213 407
E 413 540
S 28 490
S 381 487
S 428 528
E 9 521
S 185 322
E 117 196
S 470 487
E 492 495
