1000 1000 1000
258 891
400 817
106 204
648 707
24 994
526 737
108 664
201 908
854 998
272 410
969 972
43 168
603 865
98 675
164 423
267 962
668 969
215 414
670 968
965 992
948 967
390 905
318 709
48 442
453 841
407 934
868 896
907 929
203 564
707 874
537 774
453 888
834 881
334 656
483 912
139 792
14 813
689 998
478 756
86 697
345 475
450 559
368 725
252 769
132 447
258 911
356 949
719 976
610 878
207 328
979 1000
6 443
275 838
959 994
60 427
385 611
913 979
711 989
302 792
905 967
815 925
515 866
448 927
667 805
789 866
745 907
639 704
601 812
620 665
291 458
331 794
181 935
675 888
103 878
929 963
389 707
33 694
688 913
127 235
849 938
990 1000
194 737
371 525
820 968
347 483
68 200
934 944
777 878
90 204
498 718
75 964
755 937
49 950
98 445
921 997
790 820
874 889
75 182
331 495
954 994
985 1000
97 381
645 966
408 466
773 814
310 334
768 963
571 651
648 944
740 818
725 804
856 892
858 937
444 594
598 934
625 719
596 613
400 998
722 918
828 910
762 913
343 785
226 362
581 959
223 944
847 861
407 919
444 462
763 993
81 514
872 942
822 954
344 651
932 945
979 990
224 518
45 429
250 784
331 541
218 902
646 716
685 861
527 589
899 908
514 589
946 975
909 961
962 990
292 441
113 770
731 836
640 686
711 720
818 834
847 872
25 376
371 864
61 165
699 796
108 359
735 858
56 583
210 914
940 955
280 912
348 580
162 445
592 763
226 262
752 997
709 968
517 731
338 485
664 739
306 605
319 701
564 580
10 300
680 791
209 734
468 726
217 777
12 50
253 682
993 995
639 979
231 534
187 618
696 972
280 341
920 923
213 330
138 769
591 785
977 994
396 871
864 973
416 480
862 977
432 649
914 990
371 511
277 383
818 872
100 739
888 892
531 771
354 514
991 1000
931 944
962 980
947 957
537 604
106 140
615 827
153 491
177 281
262 635
468 769
274 618
292 886
691 851
168 466
797 862
999 1000
441 551
763 911
191 231
99 600
394 603
950 985
197 723
296 340
128 746
834 929
749 863
689 766
35 449
310 566
728 915
972 993
722 992
37 375
955 976
422 804
698 708
474 667
92 262
722 996
271 343
875 885
297 762
525 928
840 984
961 962
741 964
429 526
170 404
900 978
500 870
144 764
6 467
941 952
38 460
975 986
161 566
336 726
680 707
375 574
97 303
466 563
455 933
121 632
554 996
124 983
96 919
334 630
73 191
800 995
262 282
513 810
939 984
67 72
914 920
725 763
771 886
18 240
324 576
847 998
401 955
300 412
391 407
345 798
711 849
131 508
828 833
772 845
65 301
986 1000
998 1000
616 983
809 863
90 627
689 951
723 825
774 837
863 976
411 970
22 779
613 788
369 691
871 989
836 976
133 726
238 255
26 174
355 378
323 493
153 651
379 582
371 822
591 961
243 994
263 539
791 995
260 294
835 882
203 510
778 987
127 930
796 819
832 850
210 483
330 472
204 716
143 998
717 730
820 998
63 374
16 255
134 163
582 888
321 709
862 886
98 590
32 639
146 308
344 787
715 949
295 622
287 959
520 965
870 984
572 725
940 990
780 905
761 891
480 899
465 548
742 952
45 193
521 697
306 470
912 991
252 692
134 318
366 900
380 686
701 770
105 566
648 833
939 948
337 569
567 923
814 962
750 922
170 299
346 370
63 769
339 585
487 620
734 987
733 766
530 888
610 985
502 847
750 823
837 856
40 236
360 589
679 745
494 758
289 767
815 850
642 757
959 983
359 922
714 766
822 973
940 959
279 511
39 419
976 990
636 827
657 735
773 849
596 834
125 695
794 914
256 407
974 992
802 969
143 750
415 470
496 516
889 976
183 482
903 960
590 833
763 974
590 675
459 989
11 896
605 782
212 682
852 930
844 909
410 479
113 937
141 318
324 731
720 892
411 872
808 839
910 930
265 604
238 340
165 250
793 832
47 794
245 752
449 892
932 944
502 719
844 919
410 657
648 915
111 679
173 861
536 880
550 563
803 857
1 800
254 398
938 987
698 781
241 916
976 996
932 976
205 959
241 549
650 975
577 972
906 940
201 877
206 907
729 829
179 520
294 748
301 827
839 944
85 127
886 899
553 918
673 748
356 743
411 429
257 839
960 970
866 908
554 986
740 806
535 629
748 907
765 834
985 990
174 951
854 896
453 625
224 927
53 348
414 456
495 840
633 683
951 952
776 897
109 517
957 979
928 955
994 996
902 975
250 539
32 223
779 832
402 705
170 635
514 632
916 969
9 288
880 905
708 970
404 405
919 1000
285 523
220 875
609 665
283 917
807 835
918 958
969 986
206 555
959 969
478 493
674 976
566 567
716 977
20 43
5 244
397 843
96 141
199 381
64 718
312 773
15 403
514 669
165 486
872 973
332 723
9 724
877 991
885 916
640 948
380 728
397 659
906 920
104 927
156 957
517 676
192 518
48 485
696 794
898 971
74 343
953 955
880 971
111 346
77 302
634 774
95 739
748 823
582 765
845 912
666 784
625 985
180 666
58 935
920 947
722 800
802 982
967 979
735 811
313 895
592 931
103 735
216 358
526 762
570 908
491 533
641 919
74 220
584 647
46 305
442 630
27 491
105 912
365 594
832 909
394 661
203 355
890 928
513 835
977 984
786 929
48 392
165 419
760 974
522 931
602 944
994 1000
592 734
792 968
659 704
632 667
104 764
419 900
545 990
694 924
595 891
187 291
633 891
770 963
527 944
663 677
899 907
720 960
235 997
920 996
931 983
147 271
538 834
960 983
844 933
135 688
938 975
436 480
48 796
395 888
621 628
586 770
313 314
118 556
678 940
778 796
823 841
409 542
806 809
99 549
551 588
169 434
200 415
279 999
410 460
962 976
938 968
138 958
581 757
832 973
203 462
25 134
943 947
831 832
413 678
25 820
569 755
635 873
69 402
346 676
301 595
904 947
384 578
571 939
794 834
282 331
294 427
96 144
987 991
100 137
656 784
691 738
518 575
523 679
366 851
14 182
414 618
365 886
373 627
667 773
526 895
986 988
453 984
883 987
328 646
66 454
229 290
345 944
704 751
988 991
228 446
188 453
954 969
762 951
202 205
403 685
444 747
460 506
361 640
845 860
680 929
354 685
954 968
260 311
581 739
611 819
982 989
378 518
411 977
415 753
605 688
190 520
79 694
164 629
527 729
239 578
380 768
319 507
508 614
857 994
263 736
376 810
381 388
724 763
623 675
878 992
50 628
299 531
70 338
791 906
542 813
457 976
430 696
204 519
522 791
518 673
66 934
187 250
615 720
847 852
777 856
636 942
500 823
499 552
735 744
233 399
970 981
712 875
479 969
650 819
933 941
90 768
663 888
324 504
403 841
857 949
636 688
169 360
765 929
771 850
614 929
77 494
287 533
875 981
557 612
25 979
224 608
57 122
24 906
798 824
956 980
454 457
901 989
534 926
591 601
68 254
319 707
549 739
425 839
882 962
544 708
486 621
908 921
151 401
784 859
795 799
628 998
594 721
200 401
243 927
817 982
754 909
456 662
690 895
83 736
362 994
344 596
777 847
994 997
475 732
14 790
81 589
708 833
877 960
543 768
490 589
839 934
640 857
315 965
222 613
427 634
263 654
810 841
495 777
293 916
536 677
781 862
390 753
269 750
534 577
380 875
832 949
376 532
719 891
828 841
321 669
610 655
568 866
822 855
368 552
127 394
669 985
227 331
208 762
481 915
338 954
661 998
421 850
930 971
727 754
545 821
757 773
372 892
9 406
383 760
863 904
996 999
508 718
119 236
821 942
248 921
137 785
647 787
417 959
26 302
253 672
744 956
639 983
990 995
710 988
378 736
674 835
932 997
593 771
236 686
689 706
821 974
922 966
543 734
286 772
1 55
393 811
243 560
921 923
569 609
274 582
167 460
451 755
290 612
220 483
983 987
368 495
677 707
259 612
545 694
152 591
239 536
284 849
733 944
810 814
498 530
304 736
437 869
920 955
441 596
726 730
728 758
933 966
689 817
883 977
429 649
621 839
561 586
182 714
10 89
759 990
190 402
94 994
340 457
45 59
135 701
252 297
216 585
538 923
538 974
733 948
490 929
703 940
339 534
994 999
268 977
198 581
67 340
207 557
211 727
687 706
386 783
701 990
566 618
79 243
401 483
315 538
238 552
42 844
299 479
886 888
522 523
872 991
730 991
467 772
969 992
12 119
726 916
161 325
184 392
259 680
148 660
885 951
544 700
238 447
173 738
507 908
949 955
489 806
680 978
459 846
140 433
430 664
24 730
349 704
815 888
822 968
596 697
47 150
157 656
297 396
572 967
175 477
428 529
26 379
190 983
660 982
937 964
912 969
3 151
841 872
333 399
180 943
48 994
591 930
845 986
561 684
185 579
424 531
925 928
166 758
744 908
71 76
557 827
688 768
28 251
348 498
597 822
143 625
235 425
12 429
437 958
902 910
76 272
46 65
582 804
618 766
214 246
E 882 962
S 657 727
S 54 108
S 332 927
S 839 848
E 913 979
E 272 410
S 838 989
E 355 378
E 478 493
S 196 210
E 914 920
E 703 940
S 117 790
S 445 660
S 749 958
S 821 859
S 495 575
S 216 583
S 572 820
S 714 794
E 466 563
E 633 683
S 801 886
E 794 834
E 226 262
E 239 578
E 841 872
S 725 862
E 792 968
E 238 552
E 365 594
S 284 644
S 626 846
S 24 537
E 641 919
S 346 819
S 50 835
S 478 832
S 611 715
S 948 954
E 37 375
E 9 724
E 601 812
S 607 671
E 99 549
S 197 579
E 199 381
E 86 697
S 92 203
S 244 926
E 467 772
E 786 929
S 544 872
E 694 924
S 82 615
E 26 379
E 430 696
E 834 881
E 543 734
E 404 405
S 49 126
S 272 430
E 148 660
S 301 443
S 338 951
E 498 718
S 328 791
S 207 983
S 939 971
S 132 577
S 345 963
S 514 883
S 916 968
E 380 875
E 164 629
S 955 979
S 591 680
S 116 708
S 993 995
S 744 748
E 780 905
S 285 816
S 867 990
E 227 331
E 650 975
E 119 236
S 558 820
S 750 825
S 60 215
S 993 1000
S 692 762
S 287 863
E 699 796
S 796 960
S 462 597
E 315 965
E 875 885
E 499 552
S 157 222
E 468 769
E 46 65
S 219 382
S 913 994
S 714 819
E 674 835
S 109 975
S 61 320
E 224 518
E 103 735
S 774 848
E 545 990
S 504 873
S 827 842
S 856 872
S 669 716
E 294 748
S 199 260
E 931 983
S 384 771
S 549 997
S 367 782
S 288 777
E 183 482
S 869 996
S 493 653
S 346 881
E 481 915
S 856 955
E 378 736
E 263 736
S 597 858
E 165 486
E 437 958
S 771 887
S 141 332
E 836 976
E 845 860
E 241 916
S 538 965
S 336 966
S 332 571
S 444 810
E 10 300
E 444 462
S 496 985
E 38 460
E 233 399
S 469 955
S 686 890
E 210 483
E 96 919
S 613 924
S 83 279
S 833 843
E 959 969
E 180 943
S 553 966
S 814 914
E 591 930
E 403 685
S 265 679
S 10 614
S 664 687
S 742 914
E 162 445
S 716 740
S 138 313
E 993 995
S 982 998
E 474 667
S 124 592
S 146 496
E 822 973
S 86 889
E 331 495
S 201 920
S 658 849
S 815 845
E 200 415
S 349 552
S 478 901
E 571 939
E 401 483
E 235 425
S 828 880
S 966 992
S 597 859
E 133 726
E 845 912
S 479 761
S 323 942
S 249 847
E 187 291
S 820 859
S 890 932
E 190 520
S 919 963
S 486 614
S 926 970
S 167 278
S 761 981
E 286 772
S 576 750
E 198 581
S 86 299
S 659 806
E 390 905
E 334 656
E 502 847
E 6 467
E 877 991
E 969 972
S 379 570
E 657 735
S 588 705
E 203 564
S 871 936
S 694 738
S 588 978
E 252 769
E 832 909
E 673 748
S 215 640
E 275 838
E 165 250
E 698 708
S 642 654
E 417 959
S 470 543
S 414 548
E 83 736
E 906 940
S 82 817
E 954 968
S 496 556
E 35 449
S 395 642
S 718 982
E 77 302
S 203 574
S 152 923
E 716 977
E 890 928
S 605 792
S 312 861
S 891 926
E 701 770
S 16 144
S 580 784
S 182 904
S 397 969
S 107 934
E 294 427
S 633 774
E 12 50
S 384 527
S 779 989
E 883 987
S 758 893
S 683 913
S 728 923
S 595 925
E 48 485
E 517 731
E 543 768
E 868 896
S 119 870
E 938 968
E 955 976
E 590 675
S 171 701
E 986 1000
E 735 858
S 973 980
E 385 611
E 218 902
E 527 589
S 147 582
E 929 963
S 819 823
S 16 63
S 104 702
S 751 873
S 850 859
S 190 647
E 994 997
S 458 895
E 990 995
S 422 849
E 711 720
S 415 907
E 26 174
S 868 931
E 920 996
E 864 973
S 746 926
E 534 926
S 374 452
S 854 886
E 634 774
S 216 651
E 90 768
E 267 962
S 920 982
E 394 603
S 481 913
E 386 783
E 457 976
E 252 297
S 386 487
S 682 700
S 145 484
S 493 957
S 679 868
S 34 57
E 250 539
S 915 938
S 629 995
S 232 775
E 12 429
E 550 563
S 85 704
S 617 741
E 969 992
S 884 955
E 773 849
S 751 942
S 633 753
S 577 991
E 957 979
S 670 860
E 425 839
S 656 890
E 228 446
S 64 538
E 94 994
S 938 987
S 783 933
E 818 872
E 410 657
E 908 921
E 397 843
S 259 784
E 127 235
E 582 804
E 874 889
S 463 953
S 473 625
E 147 271
S 952 965
E 610 878
S 628 785
S 847 962
S 782 940
E 378 518
S 131 486
S 354 360
S 931 974
S 121 792
S 21 767
E 269 750
S 543 821
E 250 784
E 526 895
E 74 343
E 537 604
E 724 763
E 998 1000
S 241 675
E 750 823
E 441 596
S 58 128
S 111 711
E 954 994
S 539 949
E 725 763
E 902 910
E 173 861
S 854 882
S 566 743
S 282 396
S 296 339
S 263 492
E 313 314
S 435 727
S 420 552
S 73 518
S 235 381
S 748 816
E 441 551
E 346 676
E 807 835
E 597 822
E 318 709
E 361 640
E 593 771
E 175 477
E 63 374
E 57 122
S 458 530
S 995 996
E 207 557
S 425 747
E 636 827
S 683 845
S 344 962
E 81 514
E 784 859
E 53 348
S 131 666
S 887 928
E 192 518
S 344 459
S 237 799
E 814 962
E 297 762
S 805 829
E 260 311
E 390 753
E 507 908
S 495 723
E 15 403
S 783 934
E 45 429
S 141 438
E 802 982
S 689 731
E 748 823
E 22 779
E 708 833
E 988 991
S 404 985
E 389 707
S 943 965
S 576 814
E 696 794
E 319 707
E 96 144
E 621 628
S 922 923
E 916 969
E 677 707
E 645 966
E 394 661
E 987 991
S 689 777
S 885 978
S 285 712
S 661 668
E 818 834
E 592 734
S 893 978
E 339 534
S 386 493
E 803 857
S 363 872
E 337 569
S 444 911
E 200 401
S 772 815
E 938 987
E 331 794
E 391 407
S 183 719
E 40 236
E 554 996
S 96 442
E 791 906
S 748 934
S 399 974
E 522 931
S 569 766
E 453 625
E 324 576
S 237 414
E 586 770
E 343 785
E 204 716
E 661 998
S 244 420
S 310 381
S 63 257
S 412 687
S 621 978
E 518 673
S 227 836
E 961 962
E 259 680
S 730 846
E 231 534
E 602 944
S 719 803
E 566 567
E 648 944
E 969 986
E 206 555
E 730 991
E 720 960
S 419 885
E 50 628
S 25 691
E 48 796
E 857 994
E 430 664
E 719 976
S 178 913
E 542 813
S 641 874
E 722 996
S 10 181
S 177 811
S 741 826
E 596 613
E 920 923
S 919 950
E 262 635
S 161 741
S 448 729
E 866 908
E 144 764
E 621 839
E 375 574
S 957 958
S 518 983
E 611 819
S 81 246
S 465 679
E 449 892
E 381 388
S 723 998
E 731 836
E 302 792
E 857 949
S 990 994
E 595 891
E 490 929
E 465 548
E 137 785
S 150 256
S 781 956
S 161 687
E 975 986
E 707 874
E 24 730
E 414 456
S 61 906
S 540 904
S 370 902
E 977 984
E 97 381
S 502 682
S 311 578
E 134 318
S 578 963
E 733 766
E 835 882
E 170 635
S 167 278
E 815 850
S 569 594
E 243 560
S 66 574
S 625 719
S 461 515
E 75 182
E 773 814
S 295 529
E 526 737
E 815 888
S 684 984
S 323 367
S 900 907
S 661 767
S 356 457
E 259 612
E 156 957
E 832 850
E 754 909
E 76 272
E 319 701
E 373 627
E 789 866
E 994 999
S 710 959
E 670 968
S 498 993
S 660 807
E 690 895
E 722 992
E 143 750
S 462 803
E 933 966
E 376 532
S 961 967
S 530 821
E 496 516
E 776 897
S 735 980
E 220 875
S 614 771
S 300 795
E 870 984
E 28 251
S 113 120
S 792 904
S 344 883
S 115 855
S 312 958
S 328 450
S 211 288
E 223 944
S 667 1000
S 530 772
S 464 812
E 522 791
S 183 369
E 912 969
S 230 994
E 380 728
S 622 959
S 531 954
S 180 676
E 453 888
E 371 822
E 650 819
E 5 244
S 754 869
S 61 884
S 591 638
S 98 105
S 537 838
S 577 639
S 237 816
E 781 862
S 224 651
S 745 945
S 933 981
E 18 240
E 502 719
E 744 908
S 562 996
E 104 764
S 934 946
S 505 990
E 209 734
E 224 608
E 568 866
E 759 990
E 206 907
E 383 760
S 467 563
S 382 454
S 406 737
S 268 660
E 306 470
S 13 251
E 324 504
E 432 649
E 256 407
E 740 818
S 657 823
E 633 891
E 932 944
S 11 934
S 404 899
E 526 762
S 226 544
E 310 334
S 800 918
S 848 883
S 571 806
S 297 992
E 919 1000
S 154 310
E 296 340
S 741 863
E 581 757
E 113 937
E 790 820
E 925 928
S 343 462
E 118 556
E 299 531
S 972 977
S 379 990
E 564 580
S 539 868
E 933 941
S 338 486
S 163 809
E 210 914
E 549 739
E 514 632
S 773 909
S 287 822
E 45 193
S 267 701
S 663 991
E 201 877
S 837 889
E 581 959
S 495 774
E 238 447
E 32 639
S 46 624
S 345 778
E 70 338
E 823 841
S 511 810
S 634 663
E 544 700
S 268 654
E 105 566
S 970 993
S 195 991
E 46 305
E 847 852
S 929 977
E 635 873
S 394 416
S 74 619
E 407 919
E 862 977
S 784 993
S 875 905
S 731 940
E 421 850
E 591 785
S 367 714
S 11 189
E 414 618
E 103 878
S 913 921
E 301 595
S 291 652
S 73 112
S 305 376
E 77 494
S 931 994
E 253 682
S 100 793
E 932 945
S 458 780
E 584 647
S 543 707
E 411 970
S 40 471
S 35 913
E 14 790
S 376 531
E 900 978
E 43 168
E 32 223
E 763 974
S 73 673
E 61 165
S 14 153
E 79 243
S 249 424
S 785 855
S 334 564
E 948 967
E 577 972
S 876 974
E 24 906
E 680 707
E 735 744
E 408 466
E 3 151
S 697 907
S 830 957
S 366 422
E 752 997
S 935 985
S 716 962
E 728 915
E 125 695
S 139 555
E 947 957
E 899 907
S 842 952
E 285 523
S 669 822
S 618 652
S 920 968
S 711 995
S 795 822
E 566 618
E 480 899
E 436 480
S 242 380
S 546 555
S 989 997
E 572 967
S 289 881
S 411 717
S 466 954
E 437 869
S 260 909
S 85 475
E 243 994
E 252 692
S 289 915
S 1 121
S 391 976
E 282 331
S 963 990
S 911 920
E 134 163
E 359 922
E 571 651
S 471 997
E 852 930
E 991 1000
S 214 968
E 810 814
S 33 445
S 632 738
E 12 119
S 33 257
E 58 935
E 679 745
E 345 944
S 533 782
S 424 705
E 208 762
S 253 646
S 809 986
E 187 250
S 315 649
S 405 426
S 35 144
E 280 341
S 367 787
E 689 998
S 321 779
S 829 901
E 538 923
E 90 627
S 654 773
E 822 855
S 647 711
E 640 948
S 405 840
S 323 581
S 364 846
S 941 989
S 134 625
E 796 819
S 821 951
E 646 716
S 908 970
E 822 968
E 536 677
E 203 462
E 495 777
E 834 929
S 849 901
E 986 988
S 161 953
S 457 861
S 115 587
E 239 536
E 844 909
E 748 907
E 639 704
E 777 856
E 26 302
E 849 938
E 648 915
E 411 429
S 357 554
E 487 620
E 312 773
S 16 525
E 928 955
E 536 880
E 976 996
E 943 947
S 17 862
S 504 798
E 854 896
E 517 676
S 243 865
S 859 863
S 444 914
E 105 912
E 956 980
E 169 360
S 666 933
S 868 877
S 590 917
E 551 588
E 64 718
S 337 543
S 955 960
E 531 771
S 13 52
S 826 931
E 596 697
S 690 722
S 25 704
S 966 988
E 338 954
E 523 679
S 287 322
S 751 975
S 547 788
S 947 955
E 522 523
E 393 811
E 557 827
E 451 755
E 920 955
S 959 990
E 450 559
S 881 926
E 216 585
S 503 731
E 344 787
E 448 927
S 871 952
S 965 977
E 642 757
E 669 985
S 45 240
E 817 982
S 584 752
E 106 204
E 648 833
E 410 460
E 886 899
E 409 542
E 639 983
E 912 991
E 905 967
S 156 559
S 554 596
S 174 620
S 291 811
E 880 971
S 789 861
S 994 998
E 648 707
S 595 792
S 57 988
E 735 811
E 152 591
E 557 612
E 667 773
S 271 646
E 139 792
S 43 824
S 802 812
E 592 763
S 644 878
S 542 719
S 374 841
S 778 812
E 872 991
E 567 923
E 407 934
E 190 402
E 376 810
S 373 571
E 66 454
S 464 967
S 40 136
E 793 832
S 562 712
S 697 888
E 42 844
S 7 744
E 515 866
E 10 89
E 427 634
S 949 956
E 170 404
S 476 930
S 300 675
S 917 944
E 371 525
E 97 303
E 203 355
S 351 538
S 214 863
E 6 443
S 276 700
S 167 713
E 623 675
E 380 768
E 951 952
E 572 725
S 380 869
S 71 156
E 675 888
E 828 833
E 313 895
E 701 990
