105
0 0
38811231 16489469
77622462 32978938
116433693 49468407
155244924 65957876
194056155 82447345
232867386 98936814
271678617 115426283
310489848 131915752
349301079 148405221
388112310 164894690
426923541 181384159
465734772 197873628
504546003 214363097
543357234 230852566
534459581 256078580
525561928 281304594
516664275 306530608
507766622 331756622
498868969 356982636
489971316 382208650
481073663 407434664
472176010 432660678
463278357 457886692
454380704 483112706
445483051 508338720
436585398 533564734
427687745 558790748
418790092 584016762
409892439 609242776
400994786 634468790
372574073 641046966
344153360 647625142
315732647 654203318
287311934 660781494
258891221 667359670
230470508 673937846
202049795 680516022
173629082 687094198
145208369 693672374
116787656 700250550
88366943 706828726
59946230 713406902
31525517 719985078
31304280 717009611
31083043 714034144
30861806 711058677
30640569 708083210
30419332 705107743
30198095 702132276
29976858 699156809
29755621 696181342
29534384 693205875
29313147 690230408
29091910 687254941
28870673 684279474
28649436 681304007
28428199 678328540
28206962 675353073
27985725 672377606
27764488 669402139
27543251 666426672
27322014 663451205
27100777 660475738
26879540 657500271
26658303 654524804
26437066 651549337
26215829 648573870
25994592 645598403
25773355 642622936
25552118 639647469
25330881 636672002
25109644 633696535
24888407 630721068
24667170 627745601
24445933 624770134
24224696 621794667
24003459 618819200
23782222 615843733
23560985 612868266
23339748 609892799
23118511 606917332
22897274 603941865
22676037 600966398
22454800 597990931
21490139 583837925
20525478 569684919
19560817 555531913
18596156 541378907
17631495 527225901
16666834 513072895
15702173 498919889
14737512 484766883
13772851 470613877
12808190 456460871
11843529 442307865
10878868 428154859
9914207 414001853
8949546 399848847
7984885 385695841
7020224 371542835
6055563 357389829
5090902 343236823
4126241 329083817
3161580 314930811
