126
0 0
70949191 25829085
141898382 51658170
212847573 77487255
283796764 103316340
354745955 129145425
425695146 154974510
496644337 180803595
567593528 206632680
638542719 232461765
709491910 258290850
780441101 284119935
770673196 290377558
760905291 296635181
751137386 302892804
741369481 309150427
731601576 315408050
721833671 321665673
712065766 327923296
702297861 334180919
692529956 340438542
682762051 346696165
672994146 352953788
663226241 359211411
653458336 365469034
643690431 371726657
633922526 377984280
624154621 384241903
614386716 390499526
604618811 396757149
594850906 403014772
585083001 409272395
575315096 415530018
565547191 421787641
555779286 428045264
546011381 434302887
536243476 440560510
526475571 446818133
516707666 453075756
506939761 459333379
497171856 465591002
487403951 471848625
477636046 478106248
467868141 484363871
458100236 490621494
448332331 496879117
438564426 503136740
428796521 509394363
419028616 515651986
409260711 521909609
399492806 528167232
389724901 534424855
388487808 535101461
387250715 535778067
386013622 536454673
384776529 537131279
383539436 537807885
382302343 538484491
381065250 539161097
379828157 539837703
378591064 540514309
377353971 541190915
376116878 541867521
374879785 542544127
373642692 543220733
372405599 543897339
371168506 544573945
369931413 545250551
368694320 545927157
367457227 546603763
366220134 547280369
364983041 547956975
363745948 548633581
362508855 549310187
361271762 549986793
360034669 550663399
358797576 551340005
357560483 552016611
356323390 552693217
355086297 553369823
353849204 554046429
352612111 554723035
351375018 555399641
350137925 556076247
348900832 556752853
347663739 557429459
346426646 558106065
320219015 526572671
294011384 495039277
267803753 463505883
241596122 431972489
215388491 400439095
189180860 368905701
162973229 337372307
136765598 305838913
110557967 274305519
84350336 242772125
58142705 211238731
56630734 206291136
55118763 201343541
53606792 196395946
52094821 191448351
50582850 186500756
49070879 181553161
47558908 176605566
46046937 171657971
44534966 166710376
43022995 161762781
41511024 156815186
39999053 151867591
38487082 146919996
36975111 141972401
35463140 137024806
33951169 132077211
31225836 121896445
28500503 111715679
25775170 101534913
23049837 91354147
20324504 81173381
17599171 70992615
14873838 60811849
12148505 50631083
9423172 40450317
6697839 30269551
3972506 20088785
1247173 9908019
