150
0 0
38409271 6654567
76818542 13309134
115227813 19963701
153637084 26618268
192046355 33272835
230455626 39927402
268864897 46581969
307274168 53236536
345683439 59891103
384092710 66545670
422501981 73200237
460911252 79854804
499320523 86509371
537729794 93163938
576139065 99818505
614548336 106473072
652957607 113127639
691366878 119782206
729776149 126436773
768185420 133091340
806594691 139745907
845003962 146400474
831472706 159306403
817941450 172212332
804410194 185118261
790878938 198024190
777347682 210930119
763816426 223836048
750285170 236741977
736753914 249647906
723222658 262553835
709691402 275459764
696160146 288365693
682628890 301271622
669097634 314177551
655566378 327083480
642035122 339989409
628503866 352895338
614972610 365801267
601441354 378707196
587910098 391613125
574378842 404519054
560847586 417424983
547316330 430330912
533785074 443236841
520253818 456142770
506722562 469048699
493191306 481954628
479660050 494860557
466128794 507766486
452597538 520672415
439066282 533578344
425535026 546484273
412003770 559390202
398472514 572296131
384941258 585202060
371410002 598107989
357878746 611013918
344347490 623919847
330816234 636825776
317284978 649731705
303753722 662637634
290222466 675543563
276691210 688449492
263159954 701355421
249628698 714261350
236097442 727167279
222566186 740073208
209034930 752979137
195503674 765885066
181972418 778790995
168441162 791696924
154909906 804602853
141378650 817508782
127847394 830414711
114316138 843320640
100784882 856226569
92729391 843591698
84673900 830956827
76618409 818321956
68562918 805687085
60507427 793052214
52451936 780417343
44396445 767782472
36340954 755147601
28285463 742512730
20229972 729877859
19753846 719394074
19277720 708910289
18801594 698426504
18325468 687942719
17849342 677458934
17373216 666975149
16897090 656491364
16420964 646007579
15944838 635523794
15468712 625040009
14992586 614556224
14516460 604072439
14040334 593588654
13564208 583104869
13088082 572621084
12611956 562137299
12135830 551653514
11659704 541169729
11183578 530685944
10707452 520202159
10231326 509718374
9755200 499234589
9279074 488750804
8802948 478267019
8326822 467783234
7850696 457299449
7374570 446815664
6898444 436331879
6422318 425848094
5946192 415364309
5470066 404880524
4993940 394396739
4517814 383912954
4041688 373429169
3930512 370751154
3819336 368073139
3708160 365395124
3596984 362717109
3485808 360039094
3374632 357361079
3263456 354683064
3152280 352005049
3041104 349327034
2929928 346649019
2818752 343971004
2707576 341292989
2596400 338614974
2485224 335936959
2374048 333258944
2262872 330580929
2151696 327902914
2040520 325224899
1929344 322546884
1818168 319868869
1706992 317190854
1595816 314512839
1484640 311834824
1373464 309156809
1262288 306478794
1151112 303800779
1039936 301122764
928760 298444749
