447
0 0
61318693 14164671
122637386 28329342
183956079 42494013
245274772 56658684
306593465 70823355
367912158 84988026
429230851 99152697
490549544 113317368
551868237 127482039
613186930 141646710
674505623 155811381
735824316 169976052
797143009 184140723
775315230 238482081
753487451 292823439
731659672 347164797
709831893 401506155
688004114 455847513
666176335 510188871
644348556 564530229
622520777 618871587
600692998 673212945
578865219 727554303
557037440 781895661
535209661 836237019
513381882 890578377
491554103 944919735
469726324 999261093
453574467 971763501
437422610 944265909
421270753 916768317
405118896 889270725
388967039 861773133
372815182 834275541
356663325 806777949
340511468 779280357
324359611 751782765
308207754 724285173
307163613 722239747
306119472 720194321
305075331 718148895
304031190 716103469
302987049 714058043
301942908 712012617
300898767 709967191
299854626 707921765
298810485 705876339
297766344 703830913
296722203 701785487
295678062 699740061
294633921 697694635
293589780 695649209
292545639 693603783
291501498 691558357
290457357 689512931
289413216 687467505
288369075 685422079
287324934 683376653
286280793 681331227
285236652 679285801
284192511 677240375
283148370 675194949
282104229 673149523
281060088 671104097
280015947 669058671
278971806 667013245
277927665 664967819
276883524 662922393
275839383 660876967
274795242 658831541
273751101 656786115
272706960 654740689
271662819 652695263
270618678 650649837
269574537 648604411
268530396 646558985
267486255 644513559
266442114 642468133
265397973 640422707
264353832 638377281
263309691 636331855
262265550 634286429
261221409 632241003
260177268 630195577
259133127 628150151
258088986 626104725
257044845 624059299
256000704 622013873
254956563 619968447
253912422 617923021
252868281 615877595
251824140 613832169
250779999 611786743
249735858 609741317
248691717 607695891
247647576 605650465
246603435 603605039
245559294 601559613
244515153 599514187
243471012 597468761
242426871 595423335
241382730 593377909
240338589 591332483
239294448 589287057
238250307 587241631
237206166 585196205
236162025 583150779
235117884 581105353
234073743 579059927
233029602 577014501
231985461 574969075
230941320 572923649
229897179 570878223
228853038 568832797
227808897 566787371
226764756 564741945
225720615 562696519
224676474 560651093
223632333 558605667
222588192 556560241
221544051 554514815
220499910 552469389
219455769 550423963
218411628 548378537
217367487 546333111
216323346 544287685
215279205 542242259
214235064 540196833
213190923 538151407
212146782 536105981
211102641 534060555
210058500 532015129
209014359 529969703
207970218 527924277
206926077 525878851
205881936 523833425
204837795 521787999
203793654 519742573
202749513 517697147
201705372 515651721
200661231 513606295
199617090 511560869
198572949 509515443
197528808 507470017
196484667 505424591
195440526 503379165
194396385 501333739
193352244 499288313
192308103 497242887
191263962 495197461
190219821 493152035
189175680 491106609
188131539 489061183
187087398 487015757
186043257 484970331
184999116 482924905
183954975 480879479
182910834 478834053
181866693 476788627
180822552 474743201
179778411 472697775
178734270 470652349
177690129 468606923
176645988 466561497
175601847 464516071
174557706 462470645
173513565 460425219
172469424 458379793
171425283 456334367
170381142 454288941
169337001 452243515
168292860 450198089
167248719 448152663
166204578 446107237
165160437 444061811
164116296 442016385
163072155 439970959
162028014 437925533
161790664 437416742
161553314 436907951
161315964 436399160
161078614 435890369
160841264 435381578
160603914 434872787
160366564 434363996
160129214 433855205
159891864 433346414
159654514 432837623
159417164 432328832
159179814 431820041
158942464 431311250
158705114 430802459
158467764 430293668
158230414 429784877
157993064 429276086
157755714 428767295
157518364 428258504
157281014 427749713
157043664 427240922
156806314 426732131
156568964 426223340
156331614 425714549
156094264 425205758
155856914 424696967
155619564 424188176
155382214 423679385
155144864 423170594
154907514 422661803
154670164 422153012
154432814 421644221
154195464 421135430
153958114 420626639
153720764 420117848
153483414 419609057
153246064 419100266
153008714 418591475
152771364 418082684
152534014 417573893
152296664 417065102
152059314 416556311
151821964 416047520
151584614 415538729
151347264 415029938
151109914 414521147
150872564 414012356
150635214 413503565
150397864 412994774
150160514 412485983
149923164 411977192
149685814 411468401
149448464 410959610
149211114 410450819
148973764 409942028
148736414 409433237
148499064 408924446
148261714 408415655
148024364 407906864
147787014 407398073
147549664 406889282
147312314 406380491
147074964 405871700
146837614 405362909
146600264 404854118
146362914 404345327
146125564 403836536
145888214 403327745
145650864 402818954
145413514 402310163
145176164 401801372
144938814 401292581
144701464 400783790
144464114 400274999
144226764 399766208
143989414 399257417
143752064 398748626
143514714 398239835
143277364 397731044
143040014 397222253
142802664 396713462
142565314 396204671
142327964 395695880
142090614 395187089
141853264 394678298
141615914 394169507
141378564 393660716
141141214 393151925
140903864 392643134
140666514 392134343
140429164 391625552
140191814 391116761
139954464 390607970
139717114 390099179
139479764 389590388
139242414 389081597
139005064 388572806
138767714 388064015
138530364 387555224
138293014 387046433
138055664 386537642
137818314 386028851
137580964 385520060
137343614 385011269
137106264 384502478
136868914 383993687
136631564 383484896
136394214 382976105
136156864 382467314
135919514 381958523
135682164 381449732
135444814 380940941
135207464 380432150
134970114 379923359
134732764 379414568
134495414 378905777
134258064 378396986
134020714 377888195
133783364 377379404
133546014 376870613
133308664 376361822
133071314 375853031
132833964 375344240
132596614 374835449
132359264 374326658
132121914 373817867
131884564 373309076
131647214 372800285
131409864 372291494
131172514 371782703
130935164 371273912
130697814 370765121
130460464 370256330
130223114 369747539
129985764 369238748
129748414 368729957
129511064 368221166
129273714 367712375
129036364 367203584
128799014 366694793
128561664 366186002
128324314 365677211
128086964 365168420
127849614 364659629
127612264 364150838
127374914 363642047
127137564 363133256
126900214 362624465
126662864 362115674
126425514 361606883
126188164 361098092
125950814 360589301
125713464 360080510
125476114 359571719
125238764 359062928
125001414 358554137
124764064 358045346
124526714 357536555
124289364 357027764
124052014 356518973
123814664 356010182
123577314 355501391
123339964 354992600
123102614 354483809
122865264 353975018
122627914 353466227
122390564 352957436
122153214 352448645
121915864 351939854
121678514 351431063
121441164 350922272
121203814 350413481
120966464 349904690
120729114 349395899
120491764 348887108
120254414 348378317
120017064 347869526
119779714 347360735
119542364 346851944
119305014 346343153
119067664 345834362
118830314 345325571
118592964 344816780
118355614 344307989
118118264 343799198
117880914 343290407
117643564 342781616
117406214 342272825
117168864 341764034
116931514 341255243
116694164 340746452
116456814 340237661
116219464 339728870
115982114 339220079
115744764 338711288
115507414 338202497
115270064 337693706
115032714 337184915
114795364 336676124
114558014 336167333
114320664 335658542
114083314 335149751
113845964 334640960
113608614 334132169
113371264 333623378
113133914 333114587
112896564 332605796
112659214 332097005
112421864 331588214
112184514 331079423
111947164 330570632
111709814 330061841
111472464 329553050
111235114 329044259
110997764 328535468
110760414 328026677
110523064 327517886
110285714 327009095
107431107 320216338
104576500 313423581
101721893 306630824
98867286 299838067
96012679 293045310
93158072 286252553
90303465 279459796
87448858 272667039
84594251 265874282
81739644 259081525
78885037 252288768
76030430 245496011
73175823 238703254
70321216 231910497
67466609 225117740
64612002 218324983
61757395 211532226
58902788 204739469
56048181 197946712
53193574 191153955
50338967 184361198
47484360 177568441
44629753 170775684
41775146 163982927
38920539 157190170
36065932 150397413
33211325 143604656
30356718 136811899
27502111 130019142
24647504 123226385
21792897 116433628
18938290 109640871
16083683 102848114
13229076 96055357
10374469 89262600
9841732 87161813
9308995 85061026
8776258 82960239
8243521 80859452
7710784 78758665
7178047 76657878
6645310 74557091
6112573 72456304
5579836 70355517
5047099 68254730
4514362 66153943
3981625 64053156
3448888 61952369
2916151 59851582
2383414 57750795
