296
0 0
24695063 54750411
49390126 109500822
74085189 164251233
98780252 219001644
123475315 273752055
148170378 328502466
172865441 383252877
197560504 438003288
222255567 492753699
246950630 547504110
271645693 602254521
296340756 657004932
321035819 711755343
345730882 766505754
370425945 821256165
372369109 830274850
374312273 839293535
376255437 848312220
378198601 857330905
380141765 866349590
382084929 875368275
384028093 884386960
385971257 893405645
387914421 902424330
389857585 911443015
391800749 920461700
393743913 929480385
395687077 938499070
397630241 947517755
399573405 956536440
401516569 965555125
403459733 974573810
405402897 983592495
407346061 992611180
404647046 988241757
401948031 983872334
399249016 979502911
396550001 975133488
393850986 970764065
391151971 966394642
388452956 962025219
385753941 957655796
383054926 953286373
380355911 948916950
377656896 944547527
374957881 940178104
372258866 935808681
369559851 931439258
366860836 927069835
364161821 922700412
361462806 918330989
358763791 913961566
356064776 909592143
353365761 905222720
350666746 900853297
347967731 896483874
345268716 892114451
342569701 887745028
339870686 883375605
337171671 879006182
334472656 874636759
331773641 870267336
329074626 865897913
326375611 861528490
323676596 857159067
320977581 852789644
318278566 848420221
317843980 847666398
317409394 846912575
316974808 846158752
316540222 845404929
316105636 844651106
315671050 843897283
315236464 843143460
314801878 842389637
314367292 841635814
313932706 840881991
313498120 840128168
313063534 839374345
312628948 838620522
312194362 837866699
311759776 837112876
311325190 836359053
310890604 835605230
310456018 834851407
310021432 834097584
309586846 833343761
309152260 832589938
308717674 831836115
308283088 831082292
307848502 830328469
307413916 829574646
306979330 828820823
306544744 828067000
306110158 827313177
305675572 826559354
305240986 825805531
304806400 825051708
304371814 824297885
303937228 823544062
303502642 822790239
303068056 822036416
302633470 821282593
302198884 820528770
301764298 819774947
301329712 819021124
300895126 818267301
300460540 817513478
300025954 816759655
299591368 816005832
299156782 815252009
298722196 814498186
298287610 813744363
297853024 812990540
297418438 812236717
296983852 811482894
296549266 810729071
296114680 809975248
295680094 809221425
295245508 808467602
294810922 807713779
294376336 806959956
293941750 806206133
293507164 805452310
293072578 804698487
292637992 803944664
292203406 803190841
291768820 802437018
291334234 801683195
290899648 800929372
290465062 800175549
290030476 799421726
289595890 798667903
289161304 797914080
288726718 797160257
288292132 796406434
287857546 795652611
287422960 794898788
286988374 794144965
286553788 793391142
286119202 792637319
285684616 791883496
285250030 791129673
284815444 790375850
284380858 789622027
283946272 788868204
283511686 788114381
283077100 787360558
282642514 786606735
282207928 785852912
281773342 785099089
281338756 784345266
280904170 783591443
280469584 782837620
280034998 782083797
279600412 781329974
279165826 780576151
278731240 779822328
278296654 779068505
277862068 778314682
277427482 777560859
276992896 776807036
276558310 776053213
276123724 775299390
275689138 774545567
275254552 773791744
274819966 773037921
274385380 772284098
273950794 771530275
273516208 770776452
273081622 770022629
272647036 769268806
272212450 768514983
271777864 767761160
271343278 767007337
270908692 766253514
270474106 765499691
270039520 764745868
269604934 763992045
269170348 763238222
268735762 762484399
268301176 761730576
267866590 760976753
267432004 760222930
266997418 759469107
266562832 758715284
266128246 757961461
265693660 757207638
265259074 756453815
264824488 755699992
264389902 754946169
263955316 754192346
263520730 753438523
263086144 752684700
262651558 751930877
262216972 751177054
261782386 750423231
261347800 749669408
260913214 748915585
260478628 748161762
260044042 747407939
259609456 746654116
259174870 745900293
258740284 745146470
258305698 744392647
257871112 743638824
257436526 742885001
257001940 742131178
256567354 741377355
256132768 740623532
255698182 739869709
255263596 739115886
254829010 738362063
254394424 737608240
253959838 736854417
253525252 736100594
253090666 735346771
252656080 734592948
252221494 733839125
251786908 733085302
251352322 732331479
250917736 731577656
250483150 730823833
250048564 730070010
249613978 729316187
249179392 728562364
248744806 727808541
248310220 727054718
247875634 726300895
247441048 725547072
247006462 724793249
246571876 724039426
246137290 723285603
245702704 722531780
245268118 721777957
244833532 721024134
244398946 720270311
243964360 719516488
243529774 718762665
243095188 718008842
242660602 717255019
242226016 716501196
241791430 715747373
241356844 714993550
240922258 714239727
240487672 713485904
223970537 684635128
207453402 655784352
190936267 626933576
174419132 598082800
157901997 569232024
141384862 540381248
124867727 511530472
108350592 482679696
91833457 453828920
75316322 424978144
73502783 415963133
71689244 406948122
69875705 397933111
68062166 388918100
66248627 379903089
64435088 370888078
62621549 361873067
60808010 352858056
58994471 343843045
57180932 334828034
55367393 325813023
53553854 316798012
51740315 307783001
49926776 298767990
48113237 289752979
46299698 280737968
44486159 271722957
42672620 262707946
40859081 253692935
39045542 244677924
37232003 235662913
35418464 226647902
33604925 217632891
31791386 208617880
29977847 199602869
28164308 190587858
26350769 181572847
24537230 172557836
22723691 163542825
20910152 154527814
19096613 145512803
17283074 136497792
15469535 127482781
13655996 118467770
11842457 109452759
10028918 100437748
8215379 91422737
6401840 82407726
4588301 73392715
