124
0 0
5403209 860301
10806418 1720602
16209627 2580903
21612836 3441204
27016045 4301505
32419254 5161806
37822463 6022107
43225672 6882408
48628881 7742709
54032090 8603010
59435299 9463311
64838508 10323612
70241717 11183913
75644926 12044214
81048135 12904515
86451344 13764816
91854553 14625117
97257762 15485418
102660971 16345719
112422588 21752008
122184205 27158297
131945822 32564586
141707439 37970875
151469056 43377164
161230673 48783453
170992290 54189742
180753907 59596031
190515524 65002320
200277141 70408609
210038758 75814898
219800375 81221187
229561992 86627476
239323609 92033765
249085226 97440054
258846843 102846343
270345077 120909204
281843311 138972065
293341545 157034926
304839779 175097787
316338013 193160648
327836247 211223509
339334481 229286370
350832715 247349231
362330949 265412092
373829183 283474953
385327417 301537814
396825651 319600675
408323885 337663536
419822119 355726397
431320353 373789258
442818587 391852119
454316821 409914980
465815055 427977841
477313289 446040702
488811523 464103563
500309757 482166424
511807991 500229285
523306225 518292146
534804459 536355007
546302693 554417868
557800927 572480729
569299161 590543590
580797395 608606451
592295629 626669312
603793863 644732173
615292097 662795034
626790331 680857895
638288565 698920756
649786799 716983617
661285033 735046478
622772518 745196817
584260003 755347156
545747488 765497495
507234973 775647834
468722458 785798173
430209943 795948512
391697428 806098851
353184913 816249190
314672398 826399529
276159883 836549868
237647368 846700207
199134853 856850546
160622338 867000885
122109823 877151224
121075158 870351870
120040493 863552516
119005828 856753162
117971163 849953808
116936498 843154454
115901833 836355100
114867168 829555746
113832503 822756392
112797838 815957038
111763173 809157684
110728508 802358330
109693843 795558976
108659178 788759622
107624513 781960268
106589848 775160914
105555183 768361560
104520518 761562206
103485853 754762852
102451188 747963498
101416523 741164144
100381858 734364790
99347193 727565436
98312528 720766082
97277863 713966728
96243198 707167374
90340954 666760567
84438710 626353760
78536466 585946953
72634222 545540146
66731978 505133339
60829734 464726532
54927490 424319725
49025246 383912918
43123002 343506111
37220758 303099304
31318514 262692497
25416270 222285690
19514026 181878883
13611782 141472076
