332
0 0
3602966 9020923
7205932 18041846
10808898 27062769
14411864 36083692
18014830 45104615
21617796 54125538
25220762 63146461
28823728 72167384
32426694 81188307
36029660 90209230
39632626 99230153
43235592 108251076
46838558 117271999
50441524 126292922
54044490 135313845
57647456 144334768
61250422 153355691
64853388 162376614
68456354 171397537
72059320 180418460
75662286 189439383
79265252 198460306
82868218 207481229
86471184 216502152
90074150 225523075
93677116 234543998
97280082 243564921
101516379 259985246
105752676 276405571
109988973 292825896
114225270 309246221
118461567 325666546
122697864 342086871
126934161 358507196
131170458 374927521
135406755 391347846
139643052 407768171
143879349 424188496
148115646 440608821
152351943 457029146
156588240 473449471
160824537 489869796
165060834 506290121
169297131 522710446
173533428 539130771
177769725 555551096
182006022 571971421
186242319 588391746
190478616 604812071
194714913 621232396
198951210 637652721
203187507 654073046
207423804 670493371
211660101 686913696
215896398 703334021
220132695 719754346
224368992 736174671
220507784 732660720
216646576 729146769
212785368 725632818
208924160 722118867
205062952 718604916
201201744 715090965
197340536 711577014
193479328 708063063
189618120 704549112
185756912 701035161
181895704 697521210
178034496 694007259
174173288 690493308
170312080 686979357
166450872 683465406
162589664 679951455
158728456 676437504
154867248 672923553
151006040 669409602
143941267 655425770
136876494 641441938
129811721 627458106
122746948 613474274
115682175 599490442
108617402 585506610
101552629 571522778
94487856 557538946
87423083 543555114
80358310 529571282
73293537 515587450
66228764 501603618
59163991 487619786
58900598 485617795
58637205 483615804
58373812 481613813
58110419 479611822
57847026 477609831
57583633 475607840
57320240 473605849
57056847 471603858
56793454 469601867
56530061 467599876
56266668 465597885
56003275 463595894
55739882 461593903
55476489 459591912
55213096 457589921
54949703 455587930
54686310 453585939
54422917 451583948
54159524 449581957
53896131 447579966
53632738 445577975
53369345 443575984
53105952 441573993
52842559 439572002
52579166 437570011
52315773 435568020
52052380 433566029
51788987 431564038
51525594 429562047
51262201 427560056
50998808 425558065
50735415 423556074
50472022 421554083
50208629 419552092
49945236 417550101
49681843 415548110
49418450 413546119
49155057 411544128
48891664 409542137
48628271 407540146
48364878 405538155
48101485 403536164
47838092 401534173
47574699 399532182
47311306 397530191
47047913 395528200
46784520 393526209
46521127 391524218
46257734 389522227
45994341 387520236
45730948 385518245
45467555 383516254
45204162 381514263
44940769 379512272
44677376 377510281
44413983 375508290
44150590 373506299
43887197 371504308
43623804 369502317
43360411 367500326
43097018 365498335
42833625 363496344
42570232 361494353
42306839 359492362
42043446 357490371
41780053 355488380
41516660 353486389
41253267 351484398
40989874 349482407
40726481 347480416
40463088 345478425
40199695 343476434
39936302 341474443
39672909 339472452
39409516 337470461
39146123 335468470
38882730 333466479
38619337 331464488
38355944 329462497
38092551 327460506
37829158 325458515
37565765 323456524
37302372 321454533
37038979 319452542
36775586 317450551
36512193 315448560
36248800 313446569
35985407 311444578
35722014 309442587
35458621 307440596
35195228 305438605
34931835 303436614
34668442 301434623
34405049 299432632
34141656 297430641
33878263 295428650
33614870 293426659
33351477 291424668
33088084 289422677
32824691 287420686
32561298 285418695
32297905 283416704
32034512 281414713
31771119 279412722
31507726 277410731
31244333 275408740
30980940 273406749
30717547 271404758
30454154 269402767
30190761 267400776
29927368 265398785
29663975 263396794
29400582 261394803
29137189 259392812
28873796 257390821
28610403 255388830
28347010 253386839
28083617 251384848
27820224 249382857
27556831 247380866
27293438 245378875
27030045 243376884
26766652 241374893
26503259 239372902
26239866 237370911
25976473 235368920
25713080 233366929
25449687 231364938
25186294 229362947
24922901 227360956
24659508 225358965
24396115 223356974
24132722 221354983
23869329 219352992
23605936 217351001
23342543 215349010
23079150 213347019
22815757 211345028
22552364 209343037
22288971 207341046
22025578 205339055
21762185 203337064
21498792 201335073
21235399 199333082
20972006 197331091
20708613 195329100
20445220 193327109
20181827 191325118
19918434 189323127
19655041 187321136
19391648 185319145
19128255 183317154
18864862 181315163
18683241 179851334
18501620 178387505
18319999 176923676
18138378 175459847
17956757 173996018
17775136 172532189
17593515 171068360
17411894 169604531
17230273 168140702
17048652 166676873
16867031 165213044
16685410 163749215
16503789 162285386
16322168 160821557
16140547 159357728
15958926 157893899
15777305 156430070
15595684 154966241
15414063 153502412
15232442 152038583
15050821 150574754
14869200 149110925
14687579 147647096
14505958 146183267
14324337 144719438
14142716 143255609
13961095 141791780
13779474 140327951
13597853 138864122
13416232 137400293
13234611 135936464
13052990 134472635
12871369 133008806
12689748 131544977
12508127 130081148
12326506 128617319
12144885 127153490
11963264 125689661
11781643 124225832
11600022 122762003
11418401 121298174
11236780 119834345
11055159 118370516
10873538 116906687
10691917 115442858
10510296 113979029
10328675 112515200
10147054 111051371
9965433 109587542
9783812 108123713
9602191 106659884
9420570 105196055
9238949 103732226
9057328 102268397
8875707 100804568
8694086 99340739
8512465 97876910
8330844 96413081
8149223 94949252
7967602 93485423
7785981 92021594
7604360 90557765
7422739 89093936
7241118 87630107
7059497 86166278
6877876 84702449
6696255 83238620
6514634 81774791
6333013 80310962
6151392 78847133
5969771 77383304
5788150 75919475
5606529 74455646
5424908 72991817
5243287 71527988
5061666 70064159
4880045 68600330
4698424 67136501
4516803 65672672
4335182 64208843
4153561 62745014
3971940 61281185
3790319 59817356
3608698 58353527
3427077 56889698
3245456 55425869
3063835 53962040
2882214 52498211
2700593 51034382
