129
0 0
45338007 34610588
90676014 69221176
136014021 103831764
181352028 138442352
226690035 173052940
272028042 207663528
317366049 242274116
362704056 276884704
408042063 311495292
453380070 346105880
498718077 380716468
544056084 415327056
589394091 449937644
634732098 484548232
680070105 519158820
725408112 553769408
770746119 588379996
816084126 622990584
861422133 657601172
906760140 692211760
952098147 726822348
997436154 761432936
982530763 759875018
967625372 758317100
952719981 756759182
937814590 755201264
922909199 753643346
908003808 752085428
893098417 750527510
878193026 748969592
863287635 747411674
848382244 745853756
833476853 744295838
818571462 742737920
803666071 741180002
788760680 739622084
773855289 738064166
758949898 736506248
744044507 734948330
729139116 733390412
714233725 731832494
699328334 730274576
684422943 728716658
669517552 727158740
654612161 725600822
639706770 724042904
624801379 722484986
609895988 720927068
594990597 719369150
580085206 717811232
565179815 716253314
550274424 714695396
535369033 713137478
520463642 711579560
517034385 708541919
513605128 705504278
510175871 702466637
506746614 699428996
503317357 696391355
499888100 693353714
496458843 690316073
493029586 687278432
489600329 684240791
486171072 681203150
482741815 678165509
479312558 675127868
475883301 672090227
472454044 669052586
469024787 666014945
465595530 662977304
438772807 635114824
411950084 607252344
385127361 579389864
358304638 551527384
331481915 523664904
304659192 495802424
277836469 467939944
251013746 440077464
224191023 412214984
197368300 384352504
170545577 356490024
164268504 349228986
157991431 341967948
151714358 334706910
145437285 327445872
139160212 320184834
132883139 312923796
126606066 305662758
120328993 298401720
114051920 291140682
107774847 283879644
101497774 276618606
95220701 269357568
88943628 262096530
82666555 254835492
76389482 247574454
74727910 245306601
73066338 243038748
71404766 240770895
69743194 238503042
68081622 236235189
66420050 233967336
64758478 231699483
63096906 229431630
61435334 227163777
59773762 224895924
58112190 222628071
56450618 220360218
54789046 218092365
53127474 215824512
51465902 213556659
49804330 211288806
48142758 209020953
46481186 206753100
44819614 204485247
43158042 202217394
41043431 193898257
38928820 185579120
36814209 177259983
34699598 168940846
32584987 160621709
30470376 152302572
28355765 143983435
26241154 135664298
24126543 127345161
22011932 119026024
19897321 110706887
17782710 102387750
