139
0 0
21706947 4916407
43413894 9832814
65120841 14749221
86827788 19665628
108534735 24582035
130241682 29498442
151948629 34414849
173655576 39331256
195362523 44247663
217069470 49164070
238776417 54080477
260483364 58996884
282190311 63913291
303897258 68829698
325604205 73746105
347311152 78662512
369018099 83578919
390725046 88495326
412431993 93411733
434138940 98328140
455845887 103244547
477552834 108160954
499259781 113077361
520966728 117993768
542673675 122910175
564380622 127826582
586087569 132742989
607794516 137659396
629501463 142575803
651208410 147492210
672915357 152408617
694622304 157325024
716329251 162241431
738036198 167157838
736886461 176070427
735736724 184983016
734586987 193895605
733437250 202808194
732287513 211720783
731137776 220633372
729988039 229545961
728838302 238458550
727688565 247371139
726538828 256283728
725389091 265196317
724239354 274108906
723089617 283021495
721939880 291934084
720790143 300846673
719640406 309759262
718490669 318671851
717340932 327584440
716191195 336497029
715041458 345409618
713891721 354322207
712741984 363234796
711592247 372147385
710442510 381059974
709292773 389972563
708143036 398885152
706993299 407797741
705843562 416710330
704693825 425622919
703544088 434535508
702394351 443448097
701244614 452360686
700094877 461273275
698945140 470185864
697795403 479098453
696645666 488011042
695495929 496923631
694346192 505836220
693196455 514748809
692046718 523661398
690896981 532573987
689747244 541486576
688597507 550399165
687447770 559311754
686298033 568224343
685148296 577136932
683998559 586049521
682848822 594962110
681699085 603874699
680549348 612787288
679399611 621699877
678249874 630612466
677100137 639525055
675950400 648437644
643389337 640297445
610828274 632157246
578267211 624017047
545706148 615876848
513145085 607736649
480584022 599596450
448022959 591456251
415461896 583316052
382900833 575175853
350339770 567035654
317778707 558895455
285217644 550755256
252656581 542615057
220095518 534474858
211137299 523879066
202179080 513283274
193220861 502687482
184262642 492091690
175304423 481495898
166346204 470900106
157387985 460304314
148429766 449708522
139471547 439112730
130513328 428516938
121555109 417921146
112596890 407325354
103638671 396729562
94680452 386133770
85722233 375537978
76764014 364942186
67805795 354346394
58847576 343750602
49889357 333154810
40931138 322559018
31972919 311963226
23014700 301367434
22484903 299635680
21955106 297903926
21425309 296172172
20895512 294440418
20365715 292708664
19835918 290976910
19306121 289245156
18776324 287513402
18246527 285781648
17716730 284049894
17186933 282318140
16657136 280586386
16127339 278854632
15597542 277122878
