218
0 0
12107027 11162098
24214054 22324196
36321081 33486294
48428108 44648392
60535135 55810490
72642162 66972588
84749189 78134686
96856216 89296784
108963243 100458882
121070270 111620980
133177297 122783078
145284324 133945176
174029039 165896029
202773754 197846882
231518469 229797735
260263184 261748588
289007899 293699441
317752614 325650294
346497329 357601147
375242044 389552000
403986759 421502853
432731474 453453706
461476189 485404559
490220904 517355412
518965619 549306265
547710334 581257118
576455049 613207971
605199764 645158824
633944479 677109677
662689194 709060530
691433909 741011383
657631254 750620747
623828599 760230111
590025944 769839475
556223289 779448839
522420634 789058203
488617979 798667567
454815324 808276931
421012669 817886295
387210014 827495659
353407359 837105023
319604704 846714387
309941688 838517138
300278672 830319889
290615656 822122640
280952640 813925391
271289624 805728142
261626608 797530893
251963592 789333644
242300576 781136395
232637560 772939146
222974544 764741897
213311528 756544648
203648512 748347399
193985496 740150150
184322480 731952901
174659464 723755652
164996448 715558403
155333432 707361154
153629995 704131673
151926558 700902192
150223121 697672711
148519684 694443230
146816247 691213749
145112810 687984268
143409373 684754787
141705936 681525306
140002499 678295825
138299062 675066344
136595625 671836863
134892188 668607382
133188751 665377901
131485314 662148420
129781877 658918939
128078440 655689458
126375003 652459977
124671566 649230496
122968129 646001015
121264692 642771534
119561255 639542053
117857818 636312572
116154381 633083091
114450944 629853610
112747507 626624129
111044070 623394648
109340633 620165167
107637196 616935686
105933759 613706205
104230322 610476724
102526885 607247243
100823448 604017762
99120011 600788281
97416574 597558800
95713137 594329319
94009700 591099838
92306263 587870357
90602826 584640876
88899389 581411395
87195952 578181914
85492515 574952433
83789078 571722952
82747452 569213895
81705826 566704838
80664200 564195781
79622574 561686724
78580948 559177667
77539322 556668610
76497696 554159553
75456070 551650496
74414444 549141439
73372818 546632382
72331192 544123325
71289566 541614268
70247940 539105211
69206314 536596154
68164688 534087097
67123062 531578040
66081436 529068983
65039810 526559926
63998184 524050869
62956558 521541812
61914932 519032755
60873306 516523698
59831680 514014641
58790054 511505584
57748428 508996527
56706802 506487470
55665176 503978413
54623550 501469356
53581924 498960299
52540298 496451242
51498672 493942185
50457046 491433128
49415420 488924071
48373794 486415014
47332168 483905957
46290542 481396900
45248916 478887843
44207290 476378786
43165664 473869729
42124038 471360672
41082412 468851615
40040786 466342558
38999160 463833501
37957534 461324444
36915908 458815387
35874282 456306330
34832656 453797273
33791030 451288216
32749404 448779159
31707778 446270102
30666152 443761045
29624526 441251988
28582900 438742931
27541274 436233874
26499648 433724817
25458022 431215760
24416396 428706703
23374770 426197646
22333144 423688589
21291518 421179532
20249892 418670475
19208266 416161418
18166640 413652361
17125014 411143304
16083388 408634247
15041762 406125190
14000136 403616133
12958510 401107076
11916884 398598019
11672467 391756045
11428050 384914071
11183633 378072097
10939216 371230123
10694799 364388149
10450382 357546175
10205965 350704201
9961548 343862227
9717131 337020253
9472714 330178279
9228297 323336305
8983880 316494331
8739463 309652357
8495046 302810383
8250629 295968409
8006212 289126435
7761795 282284461
7517378 275442487
7272961 268600513
7028544 261758539
6784127 254916565
6539710 248074591
6295293 241232617
6050876 234390643
5806459 227548669
5562042 220706695
5317625 213864721
5073208 207022747
4828791 200180773
4584374 193338799
4339957 186496825
4095540 179654851
3851123 172812877
3606706 165970903
3362289 159128929
3117872 152286955
2873455 145444981
2629038 138603007
2384621 131761033
2140204 124919059
1895787 118077085
1651370 111235111
1406953 104393137
1162536 97551163
918119 90709189
673702 83867215
429285 77025241
