79
0 0
97686653 56652675
268079423 155470742
295462650 224010677
344362954 346407634
354639265 390089400
364915576 433771166
375191887 477452932
385468198 521134698
395744509 564816464
406020820 608498230
416297131 652179996
426573442 695861762
436849753 739543528
447126064 783225294
457402375 826907060
467678686 870588826
477954997 914270592
488231308 957952358
438270922 954138367
340114919 946645108
323657622 915069797
307200325 883494486
290743028 851919175
274285731 820343864
257828434 788768553
241371137 757193242
224913840 725617931
208456543 694042620
191999246 662467309
175541949 630891998
159084652 599316687
142627355 567741376
126170058 536166065
82672461 434218801
31878761 315171334
31156523 311181305
30434285 307191276
29712047 303201247
28989809 299211218
28267571 295221189
27545333 291231160
26823095 287241131
26100857 283251102
25378619 279261073
24656381 275271044
23934143 271281015
23211905 267290986
22489667 263300957
21767429 259310928
21045191 255320899
20322953 251330870
19600715 247340841
18878477 243350812
18156239 239360783
17434001 235370754
16711763 231380725
15989525 227390696
15267287 223400667
14545049 219410638
13822811 215420609
13100573 211430580
12378335 207440551
11656097 203450522
10933859 199460493
10211621 195470464
9489383 191480435
8767145 187490406
8044907 183500377
7322669 179510348
6600431 175520319
5878193 171530290
5155955 167540261
4433717 163550232
3711479 159560203
2989241 155570174
2267003 151580145
1544765 147590116
822527 143600087
