44
0 0
217556587 353376864
555647485 902537443
531344558 910458402
507041631 918379361
482738704 926300320
458435777 934221279
434132850 942142238
409829923 950063197
385526996 957984156
361224069 965905115
336921142 973826074
312618215 981747033
288315288 989667992
272091605 984221254
101494631 926947143
96867586 921535636
92240541 916124129
87613496 910712622
82986451 905301115
78359406 899889608
73732361 894478101
69105316 889066594
64478271 883655087
59851226 878243580
55224181 872832073
50597136 867420566
45970091 862009059
41343046 856597552
36716001 851186045
35143872 816607525
33571743 782029005
31999614 747450485
30427485 712871965
28855356 678293445
27283227 643714925
25711098 609136405
24138969 574557885
22566840 539979365
20994711 505400845
19422582 470822325
17850453 436243805
10457690 265916547
851294 44587784
