1004
0 0
69029065 73728091
756838399 808358774
733204633 800116575
496762086 717658006
327180205 632610489
62000175 499619258
61291623 495348885
60583071 491078512
59874519 486808139
59165967 482537766
58457415 478267393
57748863 473997020
57040311 469726647
56331759 465456274
55623207 461185901
54914655 456915528
54206103 452645155
53497551 448374782
52788999 444104409
52080447 439834036
51371895 435563663
50663343 431293290
49954791 427022917
49246239 422752544
48537687 418482171
47829135 414211798
47120583 409941425
46412031 405671052
45703479 401400679
44994927 397130306
44286375 392859933
43577823 388589560
42869271 384319187
42160719 380048814
41452167 375778441
40743615 371508068
40035063 367237695
39326511 362967322
38617959 358696949
37909407 354426576
37200855 350156203
36492303 345885830
35783751 341615457
35075199 337345084
34366647 333074711
33658095 328804338
32949543 324533965
32240991 320263592
31532439 315993219
30823887 311722846
30115335 307452473
29406783 303182100
28698231 298911727
27989679 294641354
27281127 290370981
26572575 286100608
25864023 281830235
25155471 277559862
24446919 273289489
23738367 269019116
23029815 264748743
22321263 260478370
21612711 256207997
20904159 251937624
20195607 247667251
19487055 243396878
18778503 239126505
18765236 239011664
18751969 238896823
18738702 238781982
18725435 238667141
18712168 238552300
18698901 238437459
18685634 238322618
18672367 238207777
18659100 238092936
18645833 237978095
18632566 237863254
18619299 237748413
18606032 237633572
18592765 237518731
18579498 237403890
18566231 237289049
18552964 237174208
18539697 237059367
18526430 236944526
18513163 236829685
18499896 236714844
18486629 236600003
18473362 236485162
18460095 236370321
18446828 236255480
18433561 236140639
18420294 236025798
18407027 235910957
18393760 235796116
18380493 235681275
18367226 235566434
18353959 235451593
18340692 235336752
18327425 235221911
18314158 235107070
18300891 234992229
18287624 234877388
18274357 234762547
18261090 234647706
18247823 234532865
18234556 234418024
18221289 234303183
18208022 234188342
18194755 234073501
18181488 233958660
18168221 233843819
18154954 233728978
18141687 233614137
18128420 233499296
18115153 233384455
18101886 233269614
18088619 233154773
18075352 233039932
18062085 232925091
18048818 232810250
18035551 232695409
18022284 232580568
18009017 232465727
17995750 232350886
17982483 232236045
17969216 232121204
17955949 232006363
17942682 231891522
17929415 231776681
17916148 231661840
17902881 231546999
17889614 231432158
17876347 231317317
17863080 231202476
17849813 231087635
17836546 230972794
17823279 230857953
17810012 230743112
17796745 230628271
17783478 230513430
17770211 230398589
17756944 230283748
17743677 230168907
17730410 230054066
17717143 229939225
17703876 229824384
17690609 229709543
17677342 229594702
17664075 229479861
17650808 229365020
17637541 229250179
17624274 229135338
17611007 229020497
17597740 228905656
17584473 228790815
17571206 228675974
17557939 228561133
17544672 228446292
17531405 228331451
17518138 228216610
17504871 228101769
17491604 227986928
17478337 227872087
17465070 227757246
17451803 227642405
17438536 227527564
17425269 227412723
17412002 227297882
17398735 227183041
17385468 227068200
17372201 226953359
17358934 226838518
17345667 226723677
17332400 226608836
17319133 226493995
17305866 226379154
17292599 226264313
17279332 226149472
17266065 226034631
17252798 225919790
17239531 225804949
17226264 225690108
17212997 225575267
17199730 225460426
17186463 225345585
17173196 225230744
17159929 225115903
17146662 225001062
17133395 224886221
17120128 224771380
17106861 224656539
17093594 224541698
17080327 224426857
17067060 224312016
17053793 224197175
17040526 224082334
17027259 223967493
17013992 223852652
17000725 223737811
16987458 223622970
16974191 223508129
16960924 223393288
16947657 223278447
16934390 223163606
16921123 223048765
16907856 222933924
16894589 222819083
16881322 222704242
16868055 222589401
16854788 222474560
16841521 222359719
16828254 222244878
16814987 222130037
16801720 222015196
16788453 221900355
16775186 221785514
16761919 221670673
16748652 221555832
16735385 221440991
16722118 221326150
16708851 221211309
16695584 221096468
16682317 220981627
16669050 220866786
16655783 220751945
16642516 220637104
16629249 220522263
16615982 220407422
16602715 220292581
16589448 220177740
16576181 220062899
16562914 219948058
16549647 219833217
16536380 219718376
16523113 219603535
16509846 219488694
16496579 219373853
16483312 219259012
16470045 219144171
16456778 219029330
16443511 218914489
16430244 218799648
16416977 218684807
16403710 218569966
16390443 218455125
16377176 218340284
16363909 218225443
16350642 218110602
16337375 217995761
16324108 217880920
16310841 217766079
16297574 217651238
16284307 217536397
16271040 217421556
16257773 217306715
16244506 217191874
16231239 217077033
16217972 216962192
16204705 216847351
16191438 216732510
16178171 216617669
16164904 216502828
16151637 216387987
16138370 216273146
16125103 216158305
16111836 216043464
16098569 215928623
16085302 215813782
16072035 215698941
16058768 215584100
16045501 215469259
16032234 215354418
16018967 215239577
16005700 215124736
15992433 215009895
15979166 214895054
15965899 214780213
15952632 214665372
15939365 214550531
15926098 214435690
15912831 214320849
15899564 214206008
15886297 214091167
15873030 213976326
15859763 213861485
15846496 213746644
15833229 213631803
15819962 213516962
15806695 213402121
15793428 213287280
15780161 213172439
15766894 213057598
15753627 212942757
15740360 212827916
15727093 212713075
15713826 212598234
15700559 212483393
15687292 212368552
15674025 212253711
15660758 212138870
15647491 212024029
15634224 211909188
15620957 211794347
15607690 211679506
15594423 211564665
15581156 211449824
15567889 211334983
15554622 211220142
15541355 211105301
15528088 210990460
15514821 210875619
15501554 210760778
15488287 210645937
15475020 210531096
15461753 210416255
15448486 210301414
15435219 210186573
15421952 210071732
15408685 209956891
15395418 209842050
15382151 209727209
15368884 209612368
15355617 209497527
15342350 209382686
15329083 209267845
15315816 209153004
15302549 209038163
15289282 208923322
15276015 208808481
15262748 208693640
15249481 208578799
15236214 208463958
15222947 208349117
15209680 208234276
15196413 208119435
15183146 208004594
15169879 207889753
15156612 207774912
15143345 207660071
15130078 207545230
15116811 207430389
15103544 207315548
15090277 207200707
15077010 207085866
15063743 206971025
15050476 206856184
15037209 206741343
15023942 206626502
15010675 206511661
14997408 206396820
14984141 206281979
14970874 206167138
14957607 206052297
14944340 205937456
14931073 205822615
14917806 205707774
14904539 205592933
14891272 205478092
14878005 205363251
14864738 205248410
14851471 205133569
14838204 205018728
14824937 204903887
14811670 204789046
14798403 204674205
14785136 204559364
14771869 204444523
14758602 204329682
14745335 204214841
14732068 204100000
14718801 203985159
14705534 203870318
14692267 203755477
14679000 203640636
14665733 203525795
14652466 203410954
14639199 203296113
14625932 203181272
14612665 203066431
14599398 202951590
14586131 202836749
14572864 202721908
14559597 202607067
14546330 202492226
14533063 202377385
14519796 202262544
14506529 202147703
14493262 202032862
14479995 201918021
14466728 201803180
14453461 201688339
14440194 201573498
14426927 201458657
14413660 201343816
14400393 201228975
14387126 201114134
14373859 200999293
14360592 200884452
14347325 200769611
14334058 200654770
14320791 200539929
14307524 200425088
14294257 200310247
14280990 200195406
14267723 200080565
14254456 199965724
14241189 199850883
14227922 199736042
14214655 199621201
14201388 199506360
14188121 199391519
14174854 199276678
14161587 199161837
14148320 199046996
14135053 198932155
14121786 198817314
14108519 198702473
14095252 198587632
14081985 198472791
14068718 198357950
14055451 198243109
14042184 198128268
14028917 198013427
14015650 197898586
14002383 197783745
13989116 197668904
13975849 197554063
13962582 197439222
13949315 197324381
13936048 197209540
13922781 197094699
13909514 196979858
13896247 196865017
13882980 196750176
13869713 196635335
13856446 196520494
13843179 196405653
13829912 196290812
13816645 196175971
13803378 196061130
13790111 195946289
13776844 195831448
13763577 195716607
13750310 195601766
13737043 195486925
13723776 195372084
13710509 195257243
13697242 195142402
13683975 195027561
13670708 194912720
13657441 194797879
13644174 194683038
13630907 194568197
13617640 194453356
13604373 194338515
13591106 194223674
13577839 194108833
13564572 193993992
13551305 193879151
13538038 193764310
13524771 193649469
13511504 193534628
13498237 193419787
13484970 193304946
13471703 193190105
13458436 193075264
13445169 192960423
13431902 192845582
13418635 192730741
13405368 192615900
13392101 192501059
13378834 192386218
13365567 192271377
13352300 192156536
13339033 192041695
13325766 191926854
13312499 191812013
13299232 191697172
13285965 191582331
13272698 191467490
13259431 191352649
13246164 191237808
13232897 191122967
13219630 191008126
13206363 190893285
13193096 190778444
13179829 190663603
13166562 190548762
13153295 190433921
13140028 190319080
13126761 190204239
13113494 190089398
13100227 189974557
13086960 189859716
13073693 189744875
13060426 189630034
13047159 189515193
13033892 189400352
13020625 189285511
13007358 189170670
12994091 189055829
12980824 188940988
12967557 188826147
12954290 188711306
12941023 188596465
12927756 188481624
12914489 188366783
12901222 188251942
12887955 188137101
12874688 188022260
12861421 187907419
12848154 187792578
12834887 187677737
12821620 187562896
12808353 187448055
12795086 187333214
12781819 187218373
12768552 187103532
12755285 186988691
12742018 186873850
12728751 186759009
12715484 186644168
12702217 186529327
12688950 186414486
12675683 186299645
12662416 186184804
12649149 186069963
12635882 185955122
12622615 185840281
12609348 185725440
12596081 185610599
12582814 185495758
12569547 185380917
12556280 185266076
12543013 185151235
12529746 185036394
12516479 184921553
12503212 184806712
12489945 184691871
12476678 184577030
12463411 184462189
12450144 184347348
12436877 184232507
12423610 184117666
12410343 184002825
12397076 183887984
12383809 183773143
12370542 183658302
12357275 183543461
12344008 183428620
12330741 183313779
12317474 183198938
12304207 183084097
12290940 182969256
12277673 182854415
12264406 182739574
12251139 182624733
12237872 182509892
12224605 182395051
12211338 182280210
12198071 182165369
12184804 182050528
12171537 181935687
12158270 181820846
12145003 181706005
12131736 181591164
12118469 181476323
12105202 181361482
12091935 181246641
12078668 181131800
12065401 181016959
12052134 180902118
12038867 180787277
12025600 180672436
12012333 180557595
11999066 180442754
11985799 180327913
11972532 180213072
11959265 180098231
11945998 179983390
11932731 179868549
11919464 179753708
11906197 179638867
11892930 179524026
11879663 179409185
11866396 179294344
11853129 179179503
11839862 179064662
11826595 178949821
11813328 178834980
11800061 178720139
11786794 178605298
11773527 178490457
11760260 178375616
11746993 178260775
11733726 178145934
11720459 178031093
11707192 177916252
11693925 177801411
11680658 177686570
11667391 177571729
11654124 177456888
11640857 177342047
11627590 177227206
11614323 177112365
11601056 176997524
11587789 176882683
11574522 176767842
11561255 176653001
11547988 176538160
11534721 176423319
11521454 176308478
11508187 176193637
11494920 176078796
11481653 175963955
11468386 175849114
11455119 175734273
11441852 175619432
11428585 175504591
11415318 175389750
11402051 175274909
11388784 175160068
11375517 175045227
11362250 174930386
11348983 174815545
11335716 174700704
11322449 174585863
11309182 174471022
11295915 174356181
11282648 174241340
11269381 174126499
11256114 174011658
11242847 173896817
11229580 173781976
11216313 173667135
11203046 173552294
11189779 173437453
11176512 173322612
11163245 173207771
11149978 173092930
11136711 172978089
11123444 172863248
11110177 172748407
11096910 172633566
11083643 172518725
11070376 172403884
11057109 172289043
11043842 172174202
11030575 172059361
11017308 171944520
11004041 171829679
10990774 171714838
10977507 171599997
10964240 171485156
10950973 171370315
10937706 171255474
10924439 171140633
10911172 171025792
10897905 170910951
10884638 170796110
10871371 170681269
10858104 170566428
10844837 170451587
10831570 170336746
10818303 170221905
10805036 170107064
10791769 169992223
10778502 169877382
10765235 169762541
10751968 169647700
10738701 169532859
10725434 169418018
10712167 169303177
10698900 169188336
10685633 169073495
10672366 168958654
10659099 168843813
10645832 168728972
10632565 168614131
10619298 168499290
10606031 168384449
10592764 168269608
10579497 168154767
10566230 168039926
10552963 167925085
10539696 167810244
10526429 167695403
10513162 167580562
10499895 167465721
10486628 167350880
10473361 167236039
10460094 167121198
10446827 167006357
10433560 166891516
10420293 166776675
10407026 166661834
10393759 166546993
10380492 166432152
10367225 166317311
10353958 166202470
10340691 166087629
10327424 165972788
10314157 165857947
10300890 165743106
10287623 165628265
10274356 165513424
10261089 165398583
10247822 165283742
10234555 165168901
10221288 165054060
10208021 164939219
10194754 164824378
10181487 164709537
10168220 164594696
10154953 164479855
10141686 164365014
10128419 164250173
10115152 164135332
10101885 164020491
10088618 163905650
10075351 163790809
10062084 163675968
10048817 163561127
10035550 163446286
10022283 163331445
10009016 163216604
9995749 163101763
9982482 162986922
9969215 162872081
9955948 162757240
9942681 162642399
9929414 162527558
9916147 162412717
9902880 162297876
9889613 162183035
9876346 162068194
9863079 161953353
9849812 161838512
9836545 161723671
9823278 161608830
9810011 161493989
9796744 161379148
9783477 161264307
9770210 161149466
9756943 161034625
9743676 160919784
9730409 160804943
9717142 160690102
9703875 160575261
9690608 160460420
9677341 160345579
9664074 160230738
9650807 160115897
9637540 160001056
9624273 159886215
9611006 159771374
9597739 159656533
9584472 159541692
9571205 159426851
9557938 159312010
9544671 159197169
9531404 159082328
9518137 158967487
9504870 158852646
9491603 158737805
9478336 158622964
9465069 158508123
9451802 158393282
9438535 158278441
9425268 158163600
9412001 158048759
9398734 157933918
9385467 157819077
9372200 157704236
9358933 157589395
9345666 157474554
9332399 157359713
9319132 157244872
9305865 157130031
9292598 157015190
9279331 156900349
9266064 156785508
9252797 156670667
9239530 156555826
9226263 156440985
9212996 156326144
9199729 156211303
9186462 156096462
9173195 155981621
9159928 155866780
9146661 155751939
9133394 155637098
9120127 155522257
9106860 155407416
9093593 155292575
9080326 155177734
9067059 155062893
9053792 154948052
9040525 154833211
9027258 154718370
9013991 154603529
9000724 154488688
8987457 154373847
8974190 154259006
8960923 154144165
8947656 154029324
8934389 153914483
8921122 153799642
8907855 153684801
8894588 153569960
8881321 153455119
8868054 153340278
8854787 153225437
8841520 153110596
8828253 152995755
8814986 152880914
8801719 152766073
8788452 152651232
8775185 152536391
8761918 152421550
8748651 152306709
8735384 152191868
8722117 152077027
8708850 151962186
8695583 151847345
8682316 151732504
8669049 151617663
8655782 151502822
8642515 151387981
8629248 151273140
8615981 151158299
8602714 151043458
8589447 150928617
8576180 150813776
8562913 150698935
8549646 150584094
8536379 150469253
8523112 150354412
8509845 150239571
8496578 150124730
8483311 150009889
8470044 149895048
8456777 149780207
8443510 149665366
8430243 149550525
8416976 149435684
8403709 149320843
8390442 149206002
8377175 149091161
8363908 148976320
8350641 148861479
8337374 148746638
8324107 148631797
8310840 148516956
8297573 148402115
8284306 148287274
8271039 148172433
8257772 148057592
8244505 147942751
8231238 147827910
8217971 147713069
8204704 147598228
8191437 147483387
8178170 147368546
8164903 147253705
8151636 147138864
8138369 147024023
8125102 146909182
8111835 146794341
8098568 146679500
8085301 146564659
8072034 146449818
8058767 146334977
8045500 146220136
8032233 146105295
8018966 145990454
8005699 145875613
7992432 145760772
7979165 145645931
7965898 145531090
7952631 145416249
7939364 145301408
7926097 145186567
7912830 145071726
7899563 144956885
7886296 144842044
7873029 144727203
7859762 144612362
7846495 144497521
7833228 144382680
7819961 144267839
7806694 144152998
7793427 144038157
7780160 143923316
7766893 143808475
7753626 143693634
7740359 143578793
7727092 143463952
7713825 143349111
7700558 143234270
7687291 143119429
7674024 143004588
7660757 142889747
7647490 142774906
7634223 142660065
7620956 142545224
7607689 142430383
7594422 142315542
7581155 142200701
7567888 142085860
7554621 141971019
7541354 141856178
7528087 141741337
7514820 141626496
7501553 141511655
7488286 141396814
7475019 141281973
7461752 141167132
7448485 141052291
7435218 140937450
7421951 140822609
7408684 140707768
7395417 140592927
7382150 140478086
7368883 140363245
7355616 140248404
7342349 140133563
7329082 140018722
7315815 139903881
7302548 139789040
7289281 139674199
7276014 139559358
7262747 139444517
7249480 139329676
7236213 139214835
7222946 139099994
7209679 138985153
7196412 138870312
7183145 138755471
7169878 138640630
7156611 138525789
7143344 138410948
7130077 138296107
7116810 138181266
7103543 138066425
7090276 137951584
7077009 137836743
7063742 137721902
7050475 137607061
7037208 137492220
7023941 137377379
7010674 137262538
6997407 137147697
6984140 137032856
6970873 136918015
6957606 136803174
6944339 136688333
6931072 136573492
6917805 136458651
6904538 136343810
6891271 136228969
6878004 136114128
6864737 135999287
6851470 135884446
6838203 135769605
6824936 135654764
6811669 135539923
6798402 135425082
6785135 135310241
6771868 135195400
6758601 135080559
6745334 134965718
6732067 134850877
6718800 134736036
6705533 134621195
6692266 134506354
6678999 134391513
6665732 134276672
6652465 134161831
6639198 134046990
6625931 133932149
6612664 133817308
6599397 133702467
6586130 133587626
6572863 133472785
6559596 133357944
6546329 133243103
6533062 133128262
6519795 133013421
6506528 132898580
6493261 132783739
6479994 132668898
6466727 132554057
6453460 132439216
6440193 132324375
6426926 132209534
6413659 132094693
6400392 131979852
6387125 131865011
4671428 108495718
2655456 81036417
