1031
0 0
7533034 13229323
15066068 26458646
22599102 39687969
30132136 52917292
37665170 66146615
45198204 79375938
52731238 92605261
60264272 105834584
67797306 119063907
75330340 132293230
92254727 167841010
109179114 203388790
126103501 238936570
143027888 274484350
159952275 310032130
176876662 345579910
193801049 381127690
210725436 416675470
227649823 452223250
244574210 487771030
261498597 523318810
278422984 558866590
295347371 594414370
312271758 629962150
329196145 665509930
346120532 701057710
363044919 736605490
379969306 772153270
396893693 807701050
393223856 807542240
389554019 807383430
385884182 807224620
382214345 807065810
378544508 806907000
374874671 806748190
371204834 806589380
367534997 806430570
363865160 806271760
360195323 806112950
356525486 805954140
352855649 805795330
349185812 805636520
345515975 805477710
341846138 805318900
338176301 805160090
334506464 805001280
330836627 804842470
327166790 804683660
323496953 804524850
319827116 804366040
316157279 804207230
312487442 804048420
308817605 803889610
305147768 803730800
301477931 803571990
297808094 803413180
294138257 803254370
290468420 803095560
286798583 802936750
283128746 802777940
279458909 802619130
275789072 802460320
272119235 802301510
271946614 802162234
271773993 802022958
271601372 801883682
271428751 801744406
271256130 801605130
271083509 801465854
270910888 801326578
270738267 801187302
270565646 801048026
270393025 800908750
270220404 800769474
270047783 800630198
269875162 800490922
269702541 800351646
269529920 800212370
269357299 800073094
269184678 799933818
269012057 799794542
268839436 799655266
268666815 799515990
268494194 799376714
268321573 799237438
268148952 799098162
267976331 798958886
267803710 798819610
267631089 798680334
267458468 798541058
267285847 798401782
267113226 798262506
266940605 798123230
266767984 797983954
266595363 797844678
266422742 797705402
266250121 797566126
266077500 797426850
265904879 797287574
265732258 797148298
265559637 797009022
265387016 796869746
265214395 796730470
265041774 796591194
264869153 796451918
264696532 796312642
264523911 796173366
264351290 796034090
264178669 795894814
264006048 795755538
263833427 795616262
263660806 795476986
263488185 795337710
263315564 795198434
263142943 795059158
262970322 794919882
262797701 794780606
262625080 794641330
262452459 794502054
262279838 794362778
262107217 794223502
261934596 794084226
261761975 793944950
261589354 793805674
261416733 793666398
261244112 793527122
261071491 793387846
260898870 793248570
260726249 793109294
260553628 792970018
260381007 792830742
260208386 792691466
260035765 792552190
259863144 792412914
259690523 792273638
259517902 792134362
259345281 791995086
259172660 791855810
259000039 791716534
258827418 791577258
258654797 791437982
258482176 791298706
258309555 791159430
258136934 791020154
257964313 790880878
257791692 790741602
257619071 790602326
257446450 790463050
257273829 790323774
257101208 790184498
256928587 790045222
256755966 789905946
256583345 789766670
256410724 789627394
256238103 789488118
256065482 789348842
255892861 789209566
255720240 789070290
255547619 788931014
255374998 788791738
255202377 788652462
255029756 788513186
254857135 788373910
254684514 788234634
254511893 788095358
254339272 787956082
254166651 787816806
253994030 787677530
253821409 787538254
253648788 787398978
253476167 787259702
253303546 787120426
253130925 786981150
252958304 786841874
252785683 786702598
252613062 786563322
252440441 786424046
252267820 786284770
252095199 786145494
251922578 786006218
251749957 785866942
251577336 785727666
251404715 785588390
251232094 785449114
251059473 785309838
250886852 785170562
250714231 785031286
250541610 784892010
250368989 784752734
250196368 784613458
250023747 784474182
249851126 784334906
249678505 784195630
249505884 784056354
249333263 783917078
249160642 783777802
248988021 783638526
248815400 783499250
248642779 783359974
248470158 783220698
248297537 783081422
248124916 782942146
247952295 782802870
247779674 782663594
247607053 782524318
247434432 782385042
247261811 782245766
247089190 782106490
246916569 781967214
246743948 781827938
246571327 781688662
246398706 781549386
246226085 781410110
246053464 781270834
245880843 781131558
245708222 780992282
245535601 780853006
245362980 780713730
245190359 780574454
245017738 780435178
244845117 780295902
244672496 780156626
244499875 780017350
244327254 779878074
244154633 779738798
243982012 779599522
243809391 779460246
243636770 779320970
243464149 779181694
243291528 779042418
243118907 778903142
242946286 778763866
242773665 778624590
242601044 778485314
242428423 778346038
242255802 778206762
242083181 778067486
241910560 777928210
241737939 777788934
241565318 777649658
241392697 777510382
241220076 777371106
241047455 777231830
240874834 777092554
240702213 776953278
240529592 776814002
240356971 776674726
240184350 776535450
240011729 776396174
239839108 776256898
239666487 776117622
239493866 775978346
239321245 775839070
239148624 775699794
238976003 775560518
238803382 775421242
238630761 775281966
238458140 775142690
238285519 775003414
238112898 774864138
237940277 774724862
237767656 774585586
237595035 774446310
237422414 774307034
237249793 774167758
237077172 774028482
236904551 773889206
236731930 773749930
236559309 773610654
236386688 773471378
236214067 773332102
236041446 773192826
235868825 773053550
235696204 772914274
235523583 772774998
235350962 772635722
235178341 772496446
235005720 772357170
234833099 772217894
234660478 772078618
234487857 771939342
234315236 771800066
234142615 771660790
233969994 771521514
233797373 771382238
233624752 771242962
233452131 771103686
233279510 770964410
233106889 770825134
232934268 770685858
232761647 770546582
232589026 770407306
232416405 770268030
232243784 770128754
232071163 769989478
231898542 769850202
231725921 769710926
231553300 769571650
231380679 769432374
231208058 769293098
231035437 769153822
230862816 769014546
230690195 768875270
230517574 768735994
230344953 768596718
230172332 768457442
229999711 768318166
229827090 768178890
229654469 768039614
229481848 767900338
229309227 767761062
229136606 767621786
228963985 767482510
228791364 767343234
228618743 767203958
228446122 767064682
228273501 766925406
228100880 766786130
227928259 766646854
227755638 766507578
227583017 766368302
227410396 766229026
227237775 766089750
227065154 765950474
226892533 765811198
226719912 765671922
226547291 765532646
226374670 765393370
226202049 765254094
226029428 765114818
225856807 764975542
225684186 764836266
225511565 764696990
225338944 764557714
225166323 764418438
224993702 764279162
224821081 764139886
224648460 764000610
224475839 763861334
224303218 763722058
224130597 763582782
223957976 763443506
223785355 763304230
223612734 763164954
223440113 763025678
223267492 762886402
223094871 762747126
222922250 762607850
222749629 762468574
222577008 762329298
222404387 762190022
222231766 762050746
222059145 761911470
221886524 761772194
221713903 761632918
221541282 761493642
221368661 761354366
221196040 761215090
221023419 761075814
220850798 760936538
220678177 760797262
220505556 760657986
220332935 760518710
220160314 760379434
219987693 760240158
219815072 760100882
219642451 759961606
219469830 759822330
219297209 759683054
219124588 759543778
218951967 759404502
218779346 759265226
218606725 759125950
218434104 758986674
218261483 758847398
218088862 758708122
217916241 758568846
217743620 758429570
217570999 758290294
217398378 758151018
217225757 758011742
217053136 757872466
216880515 757733190
216707894 757593914
216535273 757454638
216362652 757315362
216190031 757176086
216017410 757036810
215844789 756897534
215672168 756758258
215499547 756618982
215326926 756479706
215154305 756340430
214981684 756201154
214809063 756061878
214636442 755922602
214463821 755783326
214291200 755644050
214118579 755504774
213945958 755365498
213773337 755226222
213600716 755086946
213428095 754947670
213255474 754808394
213082853 754669118
212910232 754529842
212737611 754390566
212564990 754251290
212392369 754112014
212219748 753972738
212047127 753833462
211874506 753694186
211701885 753554910
211529264 753415634
211356643 753276358
211184022 753137082
211011401 752997806
210838780 752858530
210666159 752719254
210493538 752579978
210320917 752440702
210148296 752301426
209975675 752162150
209803054 752022874
209630433 751883598
209457812 751744322
209285191 751605046
209112570 751465770
208939949 751326494
208767328 751187218
208594707 751047942
208422086 750908666
208249465 750769390
208076844 750630114
207904223 750490838
207731602 750351562
207558981 750212286
207386360 750073010
207213739 749933734
207041118 749794458
206868497 749655182
206695876 749515906
206523255 749376630
206350634 749237354
206178013 749098078
206005392 748958802
205832771 748819526
205660150 748680250
205487529 748540974
205314908 748401698
205142287 748262422
204969666 748123146
204797045 747983870
204624424 747844594
204451803 747705318
204279182 747566042
204106561 747426766
203933940 747287490
203761319 747148214
203588698 747008938
203416077 746869662
203243456 746730386
203070835 746591110
202898214 746451834
202725593 746312558
202552972 746173282
202380351 746034006
202207730 745894730
202035109 745755454
201862488 745616178
201689867 745476902
201517246 745337626
201344625 745198350
201172004 745059074
200999383 744919798
200826762 744780522
200654141 744641246
200481520 744501970
200308899 744362694
200136278 744223418
199963657 744084142
199791036 743944866
199618415 743805590
199445794 743666314
199273173 743527038
199100552 743387762
198927931 743248486
198755310 743109210
198582689 742969934
198410068 742830658
198237447 742691382
198064826 742552106
197892205 742412830
197719584 742273554
197546963 742134278
197374342 741995002
197201721 741855726
197029100 741716450
196856479 741577174
196683858 741437898
196511237 741298622
196338616 741159346
196165995 741020070
195993374 740880794
195820753 740741518
195648132 740602242
195475511 740462966
195302890 740323690
195130269 740184414
194957648 740045138
194785027 739905862
194612406 739766586
194439785 739627310
194267164 739488034
194094543 739348758
193921922 739209482
193749301 739070206
193576680 738930930
193404059 738791654
193231438 738652378
193058817 738513102
192886196 738373826
192713575 738234550
192540954 738095274
192368333 737955998
192195712 737816722
192023091 737677446
191850470 737538170
191677849 737398894
191505228 737259618
191332607 737120342
191159986 736981066
190987365 736841790
190814744 736702514
190642123 736563238
190469502 736423962
190296881 736284686
190124260 736145410
189951639 736006134
189779018 735866858
189606397 735727582
189433776 735588306
189261155 735449030
189088534 735309754
188915913 735170478
188743292 735031202
188570671 734891926
188398050 734752650
188225429 734613374
188052808 734474098
187880187 734334822
187707566 734195546
187534945 734056270
187362324 733916994
187189703 733777718
187017082 733638442
186844461 733499166
186671840 733359890
186499219 733220614
186326598 733081338
186153977 732942062
185981356 732802786
185808735 732663510
185636114 732524234
185463493 732384958
185290872 732245682
185118251 732106406
184945630 731967130
184773009 731827854
184600388 731688578
184427767 731549302
184255146 731410026
184082525 731270750
183909904 731131474
183737283 730992198
183564662 730852922
183392041 730713646
183219420 730574370
183046799 730435094
182874178 730295818
182701557 730156542
182528936 730017266
182356315 729877990
182183694 729738714
182011073 729599438
181838452 729460162
181665831 729320886
181493210 729181610
181320589 729042334
181147968 728903058
180975347 728763782
180802726 728624506
180630105 728485230
180457484 728345954
180284863 728206678
180112242 728067402
179939621 727928126
179767000 727788850
179594379 727649574
179421758 727510298
179249137 727371022
179076516 727231746
178903895 727092470
178731274 726953194
178558653 726813918
178386032 726674642
178213411 726535366
178040790 726396090
177868169 726256814
177695548 726117538
177522927 725978262
177350306 725838986
177177685 725699710
177005064 725560434
176832443 725421158
176659822 725281882
176487201 725142606
176314580 725003330
176141959 724864054
175969338 724724778
175796717 724585502
175624096 724446226
175451475 724306950
175278854 724167674
175106233 724028398
174933612 723889122
174760991 723749846
174588370 723610570
174415749 723471294
174243128 723332018
174070507 723192742
173897886 723053466
173725265 722914190
173552644 722774914
173380023 722635638
173207402 722496362
173034781 722357086
172862160 722217810
172689539 722078534
172516918 721939258
172344297 721799982
172171676 721660706
171999055 721521430
171826434 721382154
171653813 721242878
171481192 721103602
171308571 720964326
171135950 720825050
170963329 720685774
170790708 720546498
170618087 720407222
170445466 720267946
170272845 720128670
170100224 719989394
169927603 719850118
169754982 719710842
169582361 719571566
169409740 719432290
169237119 719293014
169064498 719153738
168891877 719014462
168719256 718875186
168546635 718735910
168374014 718596634
168201393 718457358
168028772 718318082
167856151 718178806
167683530 718039530
167510909 717900254
167338288 717760978
167165667 717621702
166993046 717482426
166820425 717343150
166647804 717203874
166475183 717064598
166302562 716925322
166129941 716786046
165957320 716646770
165784699 716507494
165612078 716368218
165439457 716228942
165266836 716089666
165094215 715950390
164921594 715811114
164748973 715671838
164576352 715532562
164403731 715393286
164231110 715254010
164058489 715114734
163885868 714975458
163713247 714836182
163540626 714696906
163368005 714557630
163195384 714418354
163022763 714279078
162850142 714139802
162677521 714000526
162504900 713861250
162332279 713721974
162159658 713582698
161987037 713443422
161814416 713304146
161641795 713164870
161469174 713025594
161296553 712886318
161123932 712747042
160951311 712607766
160778690 712468490
160606069 712329214
160433448 712189938
160260827 712050662
160088206 711911386
159915585 711772110
159742964 711632834
159570343 711493558
159397722 711354282
159225101 711215006
159052480 711075730
158879859 710936454
158707238 710797178
158534617 710657902
158361996 710518626
158189375 710379350
158016754 710240074
157844133 710100798
157671512 709961522
157498891 709822246
157326270 709682970
157153649 709543694
156981028 709404418
156808407 709265142
156635786 709125866
156463165 708986590
156290544 708847314
156117923 708708038
155945302 708568762
155772681 708429486
155600060 708290210
155427439 708150934
155254818 708011658
155082197 707872382
154909576 707733106
154736955 707593830
154564334 707454554
154391713 707315278
154219092 707176002
154046471 707036726
153873850 706897450
153701229 706758174
153528608 706618898
153355987 706479622
153183366 706340346
153010745 706201070
152838124 706061794
152665503 705922518
152492882 705783242
152320261 705643966
152147640 705504690
151975019 705365414
151802398 705226138
151629777 705086862
151457156 704947586
151284535 704808310
151111914 704669034
150939293 704529758
150766672 704390482
150594051 704251206
150421430 704111930
150248809 703972654
150076188 703833378
149903567 703694102
149730946 703554826
149558325 703415550
149385704 703276274
149213083 703136998
149040462 702997722
148867841 702858446
148695220 702719170
148522599 702579894
148349978 702440618
148177357 702301342
148004736 702162066
147832115 702022790
147659494 701883514
147486873 701744238
147314252 701604962
147141631 701465686
146969010 701326410
146796389 701187134
146623768 701047858
146451147 700908582
146278526 700769306
146105905 700630030
145933284 700490754
145760663 700351478
145588042 700212202
145415421 700072926
145242800 699933650
145070179 699794374
144897558 699655098
144724937 699515822
144552316 699376546
144379695 699237270
144207074 699097994
144034453 698958718
143861832 698819442
143689211 698680166
143516590 698540890
143343969 698401614
143171348 698262338
142998727 698123062
142826106 697983786
142653485 697844510
142480864 697705234
142308243 697565958
142135622 697426682
141963001 697287406
141790380 697148130
141617759 697008854
141445138 696869578
141272517 696730302
141099896 696591026
140927275 696451750
140754654 696312474
140582033 696173198
140409412 696033922
140236791 695894646
140064170 695755370
139891549 695616094
139718928 695476818
139546307 695337542
139373686 695198266
139201065 695058990
139028444 694919714
138855823 694780438
138683202 694641162
138510581 694501886
138337960 694362610
138165339 694223334
137992718 694084058
137820097 693944782
137647476 693805506
137474855 693666230
137302234 693526954
137129613 693387678
136956992 693248402
136784371 693109126
136611750 692969850
136439129 692830574
136266508 692691298
136093887 692552022
135921266 692412746
135748645 692273470
135576024 692134194
135403403 691994918
135230782 691855642
135058161 691716366
134885540 691577090
134712919 691437814
134540298 691298538
134367677 691159262
134195056 691019986
134022435 690880710
133849814 690741434
133677193 690602158
133504572 690462882
133331951 690323606
133159330 690184330
132986709 690045054
132814088 689905778
132641467 689766502
132468846 689627226
132296225 689487950
132123604 689348674
131950983 689209398
131778362 689070122
131605741 688930846
131433120 688791570
131260499 688652294
131087878 688513018
130915257 688373742
130742636 688234466
130570015 688095190
130397394 687955914
130224773 687816638
130052152 687677362
129879531 687538086
129706910 687398810
129534289 687259534
129361668 687120258
129189047 686980982
129016426 686841706
128843805 686702430
128671184 686563154
128498563 686423878
128325942 686284602
128153321 686145326
127980700 686006050
127808079 685866774
127635458 685727498
127462837 685588222
127290216 685448946
127117595 685309670
126944974 685170394
126772353 685031118
126599732 684891842
126427111 684752566
126254490 684613290
126081869 684474014
125909248 684334738
125736627 684195462
125564006 684056186
125391385 683916910
125218764 683777634
125046143 683638358
124873522 683499082
124700901 683359806
124528280 683220530
124355659 683081254
124183038 682941978
124010417 682802702
123837796 682663426
123665175 682524150
123492554 682384874
123319933 682245598
123147312 682106322
122974691 681967046
122802070 681827770
122629449 681688494
122456828 681549218
122284207 681409942
122111586 681270666
121938965 681131390
121766344 680992114
121593723 680852838
121421102 680713562
121248481 680574286
121075860 680435010
120903239 680295734
120730618 680156458
120557997 680017182
120385376 679877906
120212755 679738630
120040134 679599354
119867513 679460078
119694892 679320802
119522271 679181526
119349650 679042250
119177029 678902974
119004408 678763698
118831787 678624422
118659166 678485146
118486545 678345870
118313924 678206594
118141303 678067318
117968682 677928042
117796061 677788766
117623440 677649490
117450819 677510214
117278198 677370938
117105577 677231662
116932956 677092386
116760335 676953110
116587714 676813834
116415093 676674558
116242472 676535282
116069851 676396006
115897230 676256730
115724609 676117454
115551988 675978178
115379367 675838902
115206746 675699626
115034125 675560350
114861504 675421074
114688883 675281798
114516262 675142522
114343641 675003246
114171020 674863970
113998399 674724694
113825778 674585418
113653157 674446142
113480536 674306866
113307915 674167590
113135294 674028314
112962673 673889038
112790052 673749762
112617431 673610486
112444810 673471210
112272189 673331934
112099568 673192658
111926947 673053382
111754326 672914106
111581705 672774830
111409084 672635554
111236463 672496278
111063842 672357002
110891221 672217726
110718600 672078450
110545979 671939174
110373358 671799898
110200737 671660622
110028116 671521346
109855495 671382070
109682874 671242794
109510253 671103518
109337632 670964242
109165011 670824966
108992390 670685690
108819769 670546414
108647148 670407138
108474527 670267862
108301906 670128586
108129285 669989310
107956664 669850034
107784043 669710758
107611422 669571482
107438801 669432206
107266180 669292930
107093559 669153654
106920938 669014378
106748317 668875102
106575696 668735826
106403075 668596550
106230454 668457274
104129502 662798931
91764565 629497335
64249290 526944682
9687923 323588076
8828846 300840781
2366923 129737063
