81
0 0
29217781 32972075
58435562 65944150
87653343 98916225
116871124 131888300
146088905 164860375
175306686 197832450
204524467 230804525
233742248 263776600
262960029 296748675
292177810 329720750
321395591 362692825
350613372 395664900
379831153 428636975
409048934 461609050
438266715 494581125
467484496 527553200
496702277 560525275
525920058 593497350
555137839 626469425
584355620 659441500
613573401 692413575
642791182 725385650
672008963 758357725
701226744 791329800
730444525 824301875
759662306 857273950
788880087 890246025
818097868 923218100
847315649 956190175
876533430 989162250
869330296 986098925
862127162 983035600
854924028 979972275
847720894 976908950
840517760 973845625
833314626 970782300
826111492 967718975
818908358 964655650
811705224 961592325
804502090 958529000
797298956 955465675
790095822 952402350
782892688 949339025
775689554 946275700
746054763 923166198
716419972 900056696
686785181 876947194
657150390 853837692
627515599 830728190
597880808 807618688
568246017 784509186
538611226 761399684
508976435 738290182
479341644 715180680
449706853 692071178
420072062 668961676
390437271 645852174
360802480 622742672
344415443 609128436
119112760 421948539
113186289 411122305
107259818 400296071
101333347 389469837
95406876 378643603
89480405 367817369
83553934 356991135
77627463 346164901
71700992 335338667
65774521 324512433
59848050 313686199
53921579 302859965
47995108 292033731
42068637 281207497
36142166 270381263
30215695 259555029
24289224 248728795
18362753 237902561
12436282 227076327
6509811 216250093
583340 205423859
