49
0 0
21694814 28621355
208051875 274476959
212789302 391816371
234766688 936165350
228158389 931105814
221550090 926046278
214941791 920986742
208333492 915927206
201725193 910867670
195116894 905808134
188508595 900748598
181900296 895689062
175291997 890629526
168683698 885569990
162075399 880510454
159359410 869189247
156643421 857868040
153927432 846546833
151211443 835225626
148495454 823904419
145779465 812583212
143063476 801262005
140347487 789940798
137631498 778619591
134915509 767298384
132199520 755977177
129483531 744655970
126767542 733334763
124051553 722013556
121335564 710692349
118619575 699371142
115903586 688049935
113187597 676728728
110471608 665407521
107755619 654086314
101268654 618995602
94781689 583904890
88294724 548814178
81807759 513723466
75320794 478632754
68833829 443542042
62346864 408451330
55859899 373360618
49372934 338269906
42885969 303179194
36399004 268088482
29912039 232997770
23425074 197907058
