154
0 0
13525022 2873515
27050044 5747030
40575066 8620545
54100088 11494060
67625110 14367575
81150132 17241090
94675154 20114605
108200176 22988120
121725198 25861635
135250220 28735150
148775242 31608665
162300264 34482180
175825286 37355695
189350308 40229210
202875330 43102725
216400352 45976240
229925374 48849755
243450396 51723270
256975418 54596785
270500440 57470300
284025462 60343815
297550484 63217330
311075506 66090845
324600528 68964360
338125550 71837875
351650572 74711390
365175594 77584905
378700616 80458420
392225638 83331935
400341325 150928857
412384928 251242052
414194437 278015855
416003946 304789658
417813455 331563461
419622964 358337264
421432473 385111067
423241982 411884870
425051491 438658673
426861000 465432476
428670509 492206279
430480018 518980082
432289527 545753885
434099036 572527688
435908545 599301491
437718054 626075294
439527563 652849097
441337072 679622900
443146581 706396703
444956090 733170506
446765599 759944309
448575108 786718112
450384617 813491915
452194126 840265718
416162004 837126949
380129882 833988180
344097760 830849411
308065638 827710642
272033516 824571873
236001394 821433104
199969272 818294335
163937150 815155566
127905028 812016797
91872906 808878028
90941813 806887798
90010720 804897568
89079627 802907338
88148534 800917108
87217441 798926878
86286348 796936648
85355255 794946418
84424162 792956188
83493069 790965958
82561976 788975728
81630883 786985498
80699790 784995268
79768697 783005038
78837604 781014808
77906511 779024578
76975418 777034348
76044325 775044118
75113232 773053888
74182139 771063658
73251046 769073428
72319953 767083198
71388860 765092968
70457767 763102738
69526674 761112508
68595581 759122278
67664488 757132048
66733395 755141818
65802302 753151588
64871209 751161358
63940116 749171128
63009023 747180898
62077930 745190668
61146837 743200438
60215744 741210208
59284651 739219978
58353558 737229748
57422465 735239518
56491372 733249288
55560279 731259058
54629186 729268828
53698093 727278598
52767000 725288368
51835907 723298138
50904814 721307908
49973721 719317678
49042628 717327448
48111535 715337218
47180442 713346988
46249349 711356758
45318256 709366528
44387163 707376298
43456070 705386068
42524977 703395838
41593884 701405608
40662791 699415378
39731698 697425148
38800605 695434918
37869512 693444688
36938419 691454458
36007326 689464228
35076233 687473998
34145140 685483768
33214047 683493538
32282954 681503308
31351861 679513078
30420768 677522848
29489675 675532618
28558582 673542388
27627489 671552158
26696396 669561928
25765303 667571698
24834210 665581468
23903117 663591238
22972024 661601008
22040931 659610778
21109838 657620548
20178745 655630318
19247652 653640088
18316559 651649858
17385466 649659628
16454373 647669398
15523280 645679168
14592187 643688938
13661094 641698708
12730001 639708478
11798908 637718248
10867815 635728018
9936722 633737788
6658497 604619257
15043 545609390
