132
0 0
118341932 118300759
333552195 333436147
436150059 495066824
619226102 783481257
626800026 798643882
634373950 813806507
641947874 828969132
649521798 844131757
657095722 859294382
664669646 874457007
672243570 889619632
679817494 904782257
687391418 919944882
694965342 935107507
702539266 950270132
650359040 943136837
294832541 894534606
289932562 885971994
285032583 877409382
280132604 868846770
275232625 860284158
270332646 851721546
265432667 843158934
260532688 834596322
255632709 826033710
250732730 817471098
245832751 808908486
240932772 800345874
236032793 791783262
231132814 783220650
226232835 774658038
221332856 766095426
216432877 757532814
211532898 748970202
206632919 740407590
201732940 731844978
196832961 723282366
191932982 714719754
187033003 706157142
182133024 697594530
177233045 689031918
172333066 680469306
167433087 671906694
162533108 663344082
157633129 654781470
152733150 646218858
147833171 637656246
142933192 629093634
138033213 620531022
137688424 619093809
137343635 617656596
136998846 616219383
136654057 614782170
136309268 613344957
135964479 611907744
135619690 610470531
135274901 609033318
134930112 607596105
134585323 606158892
134240534 604721679
133895745 603284466
133550956 601847253
133206167 600410040
132861378 598972827
132516589 597535614
132171800 596098401
131827011 594661188
131482222 593223975
131137433 591786762
130792644 590349549
130447855 588912336
130103066 587475123
129758277 586037910
129413488 584600697
129068699 583163484
128723910 581726271
128379121 580289058
128034332 578851845
127689543 577414632
127344754 575977419
126999965 574540206
126655176 573102993
126310387 571665780
125965598 570228567
125620809 568791354
125276020 567354141
124931231 565916928
124586442 564479715
124241653 563042502
123896864 561605289
123552075 560168076
123207286 558730863
122862497 557293650
122517708 555856437
122172919 554419224
121828130 552982011
121483341 551544798
121138552 550107585
120793763 548670372
120448974 547233159
120104185 545795946
119759396 544358733
119414607 542921520
119069818 541484307
118725029 540047094
118380240 538609881
118035451 537172668
117690662 535735455
117345873 534298242
117001084 532861029
116656295 531423816
116311506 529986603
115966717 528549390
115621928 527112177
115277139 525674964
114932350 524237751
114587561 522800538
114242772 521363325
113897983 519926112
113553194 518488899
113208405 517051686
112863616 515614473
112518827 514177260
112174038 512740047
111829249 511302834
111484460 509865621
111139671 508428408
110794882 506991195
110450093 505553982
85603121 398608667
11744914 80711210
