58
0 0
333772039 297105464
803160997 714929631
775036900 712963496
242554445 675738038
231902948 665303686
221251451 654869334
210599954 644434982
199948457 634000630
189296960 623566278
178645463 613131926
167993966 602697574
157342469 592263222
146690972 581828870
136039475 571394518
125387978 560960166
114736481 550525814
104084984 540091462
102007713 534617705
99930442 529143948
97853171 523670191
95775900 518196434
93698629 512722677
91621358 507248920
89544087 501775163
87466816 496301406
85389545 490827649
83312274 485353892
81235003 479880135
79157732 474406378
77080461 468932621
75003190 463458864
72925919 457985107
70848648 452511350
68771377 447037593
65301906 432359559
6593067 183984422
6390789 178591431
6188511 173198440
5986233 167805449
5783955 162412458
5581677 157019467
5379399 151626476
5177121 146233485
4974843 140840494
4772565 135447503
4570287 130054512
4368009 124661521
4165731 119268530
3963453 113875539
3761175 108482548
3558897 103089557
3356619 97696566
3154341 92303575
2952063 86910584
2749785 81517593
2547507 76124602
2345229 70731611
