117
0 0
21064492 137577541
49108081 320737335
52448893 434092336
67174752 933746241
67102393 933331695
67030034 932917149
66957675 932502603
66885316 932088057
66812957 931673511
66740598 931258965
66668239 930844419
66595880 930429873
66523521 930015327
66451162 929600781
66378803 929186235
66306444 928771689
66234085 928357143
66161726 927942597
66089367 927528051
66017008 927113505
65944649 926698959
65872290 926284413
65799931 925869867
65727572 925455321
65655213 925040775
65582854 924626229
65510495 924211683
65438136 923797137
65365777 923382591
65293418 922968045
65221059 922553499
65148700 922138953
65076341 921724407
65003982 921309861
64931623 920895315
64859264 920480769
64786905 920066223
64714546 919651677
64642187 919237131
64569828 918822585
64497469 918408039
64425110 917993493
64352751 917578947
64280392 917164401
64208033 916749855
64135674 916335309
64063315 915920763
63990956 915506217
63918597 915091671
63846238 914677125
63773879 914262579
63701520 913848033
63629161 913433487
63121808 908924163
62614455 904414839
62107102 899905515
61599749 895396191
61092396 890886867
60585043 886377543
60077690 881868219
59570337 877358895
59062984 872849571
58555631 868340247
58048278 863830923
57540925 859321599
57033572 854812275
56526219 850302951
56018866 845793627
55511513 841284303
55004160 836774979
54496807 832265655
53989454 827756331
53482101 823247007
52974748 818737683
52467395 814228359
51960042 809719035
51452689 805209711
50945336 800700387
50437983 796191063
49930630 791681739
49423277 787172415
48915924 782663091
48408571 778153767
47901218 773644443
47393865 769135119
46886512 764625795
46379159 760116471
45871806 755607147
45364453 751097823
44857100 746588499
44349747 742079175
43842394 737569851
43335041 733060527
42827688 728551203
42320335 724041879
41812982 719532555
40628434 708415976
39443886 697299397
38259338 686182818
37074790 675066239
35890242 663949660
34705694 652833081
33521146 641716502
32336598 630599923
31152050 619483344
29967502 608366765
28782954 597250186
27598406 586133607
26413858 575017028
25229310 563900449
24044762 552783870
22860214 541667291
21675666 530550712
20491118 519434133
18276115 482163838
2453146 215921886
