139
62196 10 873 0 5138 8999 5470 4943 1374 794 4231 9277 3346 6481 1697 7829 1835 85 3060 1996 5483 0
23640 8 2386 0 2398 6391 2436 220 2631 5484 2413 930 2579 1011 2578 6866 2644 0
19828 10 8465 0 9046 4463 9464 8131 8518 1758 9345 242 9574 7056 9336 5141 8795 7123 8678 8964 9795 0
31053 5 9332 0 9341 2765 9345 269 9350 213 9357 0
43625 6 2712 0 3559 4035 3954 1474 2804 3693 4786 9058 5784 0
75614 4 2170 0 6428 3585 4194 55 8634 0
78276 3 2722 0 8437 4174 9369 0
9405 7 4585 0 5519 9718 5342 3434 5183 3744 7107 5101 4830 9141 9243 0
45548 3 5201 0 5431 2622 7501 0
56750 4 9661 0 9871 4594 9819 2249 9904 0
79559 3 211 0 2084 7940 4141 0
84817 6 2041 0 2553 9371 2417 4278 2464 4115 2890 5112 2926 0
72901 3 2436 0 2739 7436 6143 0
68797 4 8120 0 8120 1637 8120 6196 8121 0
66217 4 7077 0 7293 9594 7346 6336 8054 0
51728 8 6584 0 6918 8212 6702 2932 6897 89 6779 5628 6661 5722 6837 6022 6982 0
93867 3 1029 0 1266 5998 2037 0
86324 5 70 0 1042 9691 2890 7207 1444 9112 4913 0
96692 7 8677 0 9286 346 9143 7361 8732 1882 9577 1794 9012 427 9715 0
57407 6 4052 0 4315 3810 4992 1679 4546 9229 4226 9316 5031 0
92765 4 3580 0 4824 7802 5113 6467 5570 0
25653 3 7424 0 7442 5624 9654 0
51194 4 6983 0 8075 9699 7037 1020 8350 0
51773 7 9058 0 9368 727 9083 2042 9352 3923 9067 6206 9276 5672 9404 0
54858 10 8275 0 8279 63 8287 8682 8288 8011 8291 6361 8276 8920 8287 3891 8278 6184 8292 6338 8302 0
77523 8 3036 0 7216 5795 3362 8114 6466 1204 4448 9099 3291 8866 4219 1869 7306 0
82054 3 7230 0 7567 5129 8451 0
11830 9 9876 0 9881 6809 9885 9342 9887 5927 9882 1376 9877 4493 9887 9638 9882 6944 9889 0
2241 8 1195 0 1280 8070 1578 4936 2896 6613 1872 1383 2593 7747 2072 645 3244 0
11254 6 4499 0 4775 4177 5781 9978 4634 8646 5213 9643 5810 0
16094 7 5637 0 7880 8314 7497 503 8106 6310 6789 1908 7116 8509 8765 0
80850 3 5434 0 6212 6786 7332 0
55640 4 8923 0 9016 5966 8997 3485 9307 0
36092 10 7945 0 8190 544 8484 4186 8077 3803 8227 5040 8111 7441 8593 2574 7976 5944 8540 7442 8624 0
99616 9 4355 0 4749 1820 4874 4121 4717 2423 4780 4367 4823 2076 4456 973 4482 6085 4958 0
44079 8 4688 0 5978 4784 5674 2823 8017 3992 5803 6662 5137 4378 6766 6754 8493 0
12654 3 4686 0 7019 1229 9017 0
73934 5 5840 0 7108 460 7052 3136 7322 1814 7514 0
22792 3 7757 0 7852 2376 7893 0
40789 3 8031 0 8395 3191 9342 0
85646 3 2262 0 2788 9268 2867 0
63524 3 545 0 5286 6858 7416 0
23589 3 2831 0 4672 8139 4955 0
44120 4 8845 0 9280 8526 9157 663 9343 0
34162 8 1738 0 6651 5004 3656 9503 9493 9002 5346 3230 9344 3149 7379 491 9917 0
83928 6 4150 0 6526 4101 4299 2605 5139 4185 5042 8725 6865 0
54251 6 5847 0 7153 8014 6605 384 8562 6820 6447 6893 8695 0
20626 9 9242 0 9871 4195 9617 9860 9438 42 9391 7279 9317 9743 9478 7559 9838 2220 9982 0
79457 7 6283 0 6301 7930 6333 1585 6284 4103 6297 4575 6346 6162 6360 0
79526 9 729 0 1557 8413 1007 4533 1150 2635 1898 670 1143 1884 985 6151 1997 3257 2232 0
15630 7 9165 0 9182 9438 9852 815 9479 8412 9607 5181 9399 8799 9896 0
98771 4 3637 0 5072 8683 5173 4333 7139 0
79196 9 7819 0 8217 9804 8363 9471 8019 9394 8059 8253 8233 6502 7848 1498 8187 7481 8391 0
56427 3 7475 0 8484 6866 9305 0
20601 3 510 0 1980 1099 2313 0
10757 7 5865 0 8926 7128 7654 9775 8132 6095 8470 4966 6987 1251 9270 0
86357 3 5512 0 5540 5982 9441 0
68393 8 3938 0 5982 9757 4671 9067 7452 6484 4820 2959 6742 755 6805 4097 7726 0
28326 6 5733 0 6145 518 6418 8262 6669 6347 6110 4387 6768 0
89527 3 8958 0 9250 6883 9811 0
85180 7 6206 0 8031 9658 7741 1790 7235 1799 7720 2067 8900 5527 8987 0
2495 4 1935 0 7796 5683 7261 3465 9033 0
65102 4 8894 0 9070 6079 9795 1115 9802 0
20716 6 951 0 1366 643 1057 1259 962 5118 1230 7017 1375 0
18470 7 3287 0 4191 7244 3507 1384 3453 3337 4269 6264 4744 8554 4758 0
13554 7 5472 0 5852 1968 5897 695 6758 3006 6330 6430 5557 585 6916 0
95858 9 5501 0 5514 8560 5654 5361 5522 4207 5712 8118 5627 6393 5736 69 5713 7908 5783 0
93706 8 2112 0 9210 242 4999 3851 9063 4294 9591 387 9890 1653 6237 2705 9911 0
35790 5 4885 0 5412 362 7030 2739 6999 1929 7165 0
22951 4 2483 0 4679 9838 2550 7581 4720 0
43496 9 799 0 2014 1872 1628 7588 1469 4640 2787 1726 1510 3892 848 6044 2255 7699 3038 0
11079 3 3363 0 4305 1953 8501 0
74978 6 4363 0 4785 378 6887 7200 7305 6354 5223 7759 7877 0
74192 8 9541 0 9822 5415 9650 5108 9626 6121 9657 3202 9551 3698 9711 9284 9843 0
56140 10 3728 0 6539 8656 6802 7180 6027 5239 4402 1193 3976 5229 5568 3961 6598 9917 5785 1775 6939 0
6803 9 7770 0 8100 7006 9053 8078 8013 8635 9180 8773 9314 5288 9222 8241 8686 533 9515 0
36813 8 4860 0 7206 2967 7787 210 7653 1904 6511 1334 5488 8701 5993 6737 8277 0
86143 10 7178 0 7751 3774 7290 3884 7264 5571 7388 2769 7270 8761 7718 9779 7536 7757 7474 6582 7775 0
77518 5 1437 0 3035 804 1628 320 4344 4655 7061 0
55428 5 7773 0 9536 2414 7859 8084 9015 9303 9706 0
52707 8 7723 0 8255 5941 8245 9755 7992 60 7956 3609 9635 1897 9479 8251 9859 0
53558 10 5306 0 8504 7255 7299 7560 7650 7113 6761 5911 5422 6244 5961 8662 6682 354 8105 9354 9232 0
8633 6 1338 0 3978 7834 1412 3511 1447 6300 3913 348 7338 0
24789 6 5479 0 5613 3474 7556 1278 6563 6951 6140 3839 8303 0
58960 4 5592 0 5955 3622 6236 8549 6471 0
54961 4 8947 0 8982 3655 8972 3368 9029 0
33940 8 3810 0 5191 704 6349 5517 7716 3540 7402 1054 4714 5204 6279 5657 8323 0
25014 10 1583 0 4205 441 2113 3778 5532 8487 1861 2237 3900 1572 6639 7436 3467 183 5813 1327 6926 0
40203 4 6308 0 6886 3725 8105 4299 9775 0
18354 10 4699 0 5812 284 5274 1155 6284 7531 5855 2291 6157 6988 8869 7631 7312 4112 5907 9892 9113 0
23835 10 6722 0 8215 8900 7384 6255 6775 9741 7874 690 7791 1660 7013 5657 8752 1753 7800 5588 8939 0
76764 7 5618 0 6569 6200 6621 5404 6342 8796 6714 6463 5914 2463 7382 0
95113 10 917 0 1277 4468 2201 52 1942 8645 1017 7815 989 77 1762 8556 1000 2271 2248 6174 2329 0
57302 8 9444 0 9653 8452 9903 2742 9613 8861 9873 4022 9538 4921 9677 6886 9954 0
15801 7 6132 0 6186 6418 6519 1809 6932 8405 6139 6934 7276 9206 7413 0
74671 8 184 0 198 5573 739 4424 1178 9664 1206 1086 797 3156 698 5501 1216 0
2998 7 3484 0 3657 9465 3893 9163 6508 9755 4588 8560 6033 7736 6815 0
37164 10 6051 0 7218 8711 7266 4855 7420 8198 7767 9529 6337 675 7642 1306 6455 4621 7121 7684 7835 0
24338 3 4227 0 8481 5664 8566 0
90263 5 4256 0 4328 241 4375 3701 4381 5211 4409 0
54963 10 6026 0 7245 6400 6487 3345 8224 4267 7534 5927 8118 887 7124 9322 7802 9820 7796 9819 8305 0
24139 9 8376 0 9571 3056 9266 5282 8499 9661 8607 1945 9072 7356 8973 8240 9473 8325 9866 0
82767 3 2404 0 4370 2587 4588 0
29089 7 8480 0 8997 3441 8553 3815 9055 9210 8919 5938 8510 4740 9126 0
46497 3 4658 0 5860 2982 6425 0
87347 6 435 0 6786 4150 1219 3456 5333 8260 5409 8614 7695 0
94094 9 1571 0 2268 619 3067 4154 2935 2144 2311 2761 2133 4044 2920 6280 2623 3392 3074 0
6365 4 1868 0 6706 7270 5264 7042 8306 0
52377 8 821 0 1224 4229 1464 6101 1224 4292 2056 3168 1678 3792 966 6272 2217 0
49374 6 4647 0 5420 6352 6248 8053 6924 8039 6691 9138 7390 0
37020 4 3976 0 4254 6212 4018 6450 4485 0
45426 7 3026 0 5063 5247 5077 7101 3993 564 4188 6679 5544 1397 5738 0
58438 10 235 0 2985 4777 9649 948 6574 6921 705 4523 3951 8344 9092 9591 4773 2884 9091 7902 9960 0
56518 9 9677 0 9906 5486 9762 5025 9710 6795 9772 4192 9792 7141 9736 8098 9800 3179 9912 0
34611 3 8625 0 8699 4829 8981 0
40488 5 3298 0 4163 2075 5092 4496 5201 5575 7429 0
70063 4 1983 0 2766 2280 2064 4221 6671 0
16699 7 1276 0 4588 6785 5667 1434 5960 4368 8362 2614 8976 3689 9114 0
9569 5 9525 0 9707 216 9694 7132 9591 6717 9711 0
76368 3 2056 0 4830 8680 9190 0
21080 6 6285 0 6541 4846 6617 8425 6689 6439 6738 1807 6786 0
71237 7 1659 0 3412 3097 2389 2998 2054 8042 4688 3233 4067 4816 5615 0
69072 4 6437 0 7490 561 7589 5513 9914 0
33680 3 5808 0 6861 4491 8756 0
70517 10 4571 0 6457 3864 4854 3579 4891 1380 7168 6013 6386 4977 5396 2671 5653 384 7392 2844 7587 0
94726 10 4809 0 4922 4034 4918 6665 5095 2780 6391 4981 5460 3943 5014 2643 6041 5913 6298 466 6499 0
37231 6 6314 0 6709 7597 6749 7510 6327 2446 6567 7295 6937 0
98377 6 4854 0 5391 7785 5026 4059 4927 1387 4909 9145 5481 0
54524 6 6312 0 7001 384 6999 2098 6475 3954 6986 1280 7051 0
45688 9 9760 0 9800 5129 9795 7139 9835 8693 9858 468 9853 2541 9840 2397 9806 800 9867 0
45364 8 2495 0 4942 7531 3070 3483 5427 9388 7549 4964 7964 1947 2701 6278 8319 0
90725 3 8469 0 8544 5000 8857 0
6537 5 7622 0 7689 15 7761 5857 7996 3017 8017 0
56395 7 9103 0 9549 9074 9811 4988 9437 5326 9768 740 9695 2535 9930 0
18169 4 7311 0 7429 4294 8632 4287 9194 0
96166 9 7464 0 7478 5757 7568 6070 7606 8296 7564 9677 7555 4696 7714 4889 7627 2066 7750 0
26406 5 5736 0 6070 2085 6197 579 6673 9712 7995 0
57628 10 6240 0 8236 8999 7328 2762 7078 1369 6882 6204 7007 1484 7683 8358 6342 7537 7614 226 8310 0
45790 8 7738 0 7915 6692 8142 5431 7884 1419 7973 4607 7970 5228 7743 4890 8218 0
