109
9996 6 9293 0 9339 1051 9327 7698 9337 2262 9325 917 9364 0
62916 3 1138 0 1284 4694 1912 0
12709 5 2771 0 5159 4969 4439 5012 4860 8400 7897 0
75823 6 4557 0 6598 7834 4799 7973 5364 5634 4631 8620 7101 0
13759 9 5111 0 5804 7765 7443 9285 8289 7966 7167 4137 8100 7174 7692 2932 6733 7071 8844 0
28929 4 6555 0 9312 1074 9526 5980 9734 0
75367 8 5027 0 7444 743 6816 3020 6495 4632 5174 3126 9013 7118 8158 5738 9467 0
19964 8 4873 0 5322 2287 5513 9230 4916 8940 5059 6852 6428 8835 5598 3154 8424 0
17432 10 8480 0 9135 4019 8962 94 8915 1709 8689 3154 8669 6312 8897 1211 9140 2188 8702 8037 9288 0
79427 4 6811 0 7179 1685 8800 1495 9072 0
31977 6 4829 0 5402 7570 5353 5552 6166 4670 5056 3939 6345 0
78953 6 3903 0 5703 2081 4719 8895 5498 842 4620 7311 6031 0
38186 8 2225 0 2565 5624 2394 5382 2244 566 2540 8507 2368 3260 2381 7336 2618 0
75544 4 3659 0 4651 4626 4013 5632 6431 0
33177 5 7638 0 7710 7777 8120 8261 8116 3010 8122 0
33490 8 4373 0 7848 2049 5423 5224 4641 1039 7376 1311 4907 5356 7303 4086 8042 0
81978 5 5478 0 6714 8097 5714 5893 6444 4038 7111 0
46932 9 7809 0 8756 3150 8334 6518 8513 5125 8851 440 8253 8042 7855 4790 7983 1146 9063 0
13214 7 1935 0 3787 9678 5109 2679 5610 3550 5146 5199 9039 6903 9082 0
46133 8 9089 0 9095 8379 9090 5691 9098 1552 9102 3244 9093 6701 9091 8273 9110 0
17622 7 966 0 1026 5167 1289 1381 1888 7414 2029 3912 1783 6122 2151 0
79067 7 52 0 632 2752 253 4279 3765 8067 1756 8323 2992 6187 5790 0
67421 9 8255 0 8488 3624 8441 9570 8876 7852 8682 2239 8555 3790 8895 5342 9007 3909 9359 0
8187 9 2178 0 2745 647 2341 5636 8225 465 5416 5310 7300 4151 6424 5330 2334 7077 8745 0
50082 5 9790 0 9942 1049 9842 2879 9931 2813 9964 0
73101 10 5867 0 7144 3221 6568 1068 6736 3419 7087 1393 7425 4018 6623 4066 6854 5376 7245 710 7920 0
42229 8 1028 0 1968 6233 2668 1766 1850 5058 1626 277 1410 7391 2335 5595 2941 0
80395 10 1609 0 5331 202 3608 3359 2021 1639 2817 5726 9023 9828 9614 5849 6095 9802 1683 4779 9876 0
62112 8 6086 0 7508 8538 7135 4405 7168 7321 8612 5287 6220 9838 7576 2852 9138 0
65330 8 3252 0 8499 3121 3303 8242 7184 8197 4734 6429 4950 1691 7162 3943 8819 0
84404 10 827 0 2477 262 5946 6957 7057 6016 4848 4259 3871 2153 5118 1005 7483 3630 2645 1978 7951 0
46018 9 5211 0 5348 1666 5317 6209 5283 7248 5294 4732 5401 7478 5559 6143 5524 8470 5613 0
8822 8 7906 0 8225 7183 8509 4248 7961 733 8148 1634 8177 6568 8434 5441 8556 0
52115 5 7453 0 7783 1781 8919 2138 7466 7673 9800 0
5539 3 7526 0 7725 442 7980 0
35580 9 189 0 625 2875 823 2316 734 2150 224 7475 210 2695 238 1336 964 9904 987 0
71067 3 7893 0 8172 487 8237 0
86045 8 6589 0 7792 6668 7943 5459 7966 9528 7424 9071 7001 2088 7762 6692 8099 0
93333 9 8963 0 9872 9893 9768 1891 9352 4309 9447 2819 9466 9726 9696 1977 9768 2619 9991 0
16571 4 8890 0 9133 192 9468 7777 9571 0
72091 9 3862 0 6379 6736 6834 289 6410 2424 6631 308 7356 7378 5006 8387 7662 7169 7724 0
64008 5 4721 0 6230 2544 4816 7721 5637 1770 6639 0
47190 3 643 0 2030 7691 2505 0
8166 4 3179 0 3334 8882 3629 3198 3714 0
35967 5 1781 0 5646 1176 5851 1291 2623 1624 9481 0
79460 4 8561 0 8712 8653 8617 4649 8734 0
28328 8 578 0 4940 6971 2683 6063 4218 4932 2762 9212 4242 8383 4317 5779 5163 0
20965 7 5371 0 5496 2962 5741 5086 5790 3656 5604 9476 5690 589 5958 0
61849 3 3908 0 6763 942 8955 0
30647 10 9622 0 9742 13 9742 3966 9652 9373 9636 4914 9695 7608 9642 205 9664 2277 9692 739 9746 0
92022 5 4391 0 7028 7400 9173 5464 7701 4526 9210 0
16044 3 2271 0 5844 762 9617 0
81119 4 8980 0 9205 471 9021 9346 9488 0
92131 10 6402 0 8290 6852 7605 6697 6870 3282 8082 1081 7340 6417 7305 6456 7044 304 7836 4011 8782 0
86843 8 9136 0 9364 3467 9215 8411 9682 477 9183 355 9384 3901 9799 6002 9891 0
61439 9 8177 0 8802 1166 9047 6648 8296 3525 9278 7593 8904 7975 8670 4054 8424 7479 9296 0
58224 9 6820 0 8214 7382 7291 1248 7065 1587 7061 6741 7460 9025 7043 7399 7868 3894 8410 0
82039 7 7811 0 8977 8998 8092 985 7968 5281 9278 8473 9771 6597 9911 0
67252 7 910 0 1700 6905 5908 2190 7495 8004 8042 4994 4686 6392 8700 0
96910 5 7050 0 7911 9921 7130 2222 8299 6434 9723 0
34727 4 8316 0 9388 788 8772 7519 9959 0
16911 6 2402 0 2417 8757 2402 4025 2414 8020 2458 7651 2517 0
47164 9 5343 0 5704 5924 5707 6633 5380 4021 6587 9212 5787 9035 6527 9955 5386 5704 6935 0
31677 7 5759 0 6469 8571 6084 2184 6646 2401 6340 1302 6669 2648 7147 0
39806 9 6612 0 8212 8091 7736 9029 8247 1685 6778 561 7169 5196 6909 9787 7940 8660 8285 0
83491 10 4919 0 5205 8465 5499 7188 5185 3204 5584 4903 5584 6482 5002 8063 5160 8256 5241 3042 5717 0
30929 8 4004 0 6443 4547 6431 6606 5108 2598 5134 4952 6046 9030 6261 7714 6534 0
11966 6 9299 0 9535 1252 9888 8953 9403 5264 9419 1591 9896 0
9702 6 7511 0 8703 7243 7535 2317 7613 2032 8232 4480 9158 0
7411 8 1001 0 1222 129 2713 4546 4039 4619 2399 453 3948 7296 4129 6395 5580 0
403 4 1513 0 2307 3637 1816 4754 4111 0
29820 6 1867 0 6547 3211 4271 8658 4488 922 5715 3737 7414 0
67011 3 8114 0 8204 1080 8942 0
12745 9 7031 0 7052 5299 7301 2789 7681 1360 7755 7500 7321 5033 7517 3788 7186 9182 7877 0
22945 8 4707 0 5229 6144 5161 3490 6081 5683 6820 565 6666 6992 6058 685 6827 0
76029 9 4142 0 6232 3102 7162 1024 8731 7872 7248 1680 8710 3771 5007 1452 4287 9249 9855 0
8006 5 3103 0 3501 3027 6222 8442 6853 6481 7498 0
4401 8 2442 0 4126 4269 6575 259 2447 1237 2451 1011 5137 6170 7461 5105 8046 0
20265 10 320 0 347 1138 395 9261 782 3438 460 3895 336 9239 1099 7719 367 8858 663 367 1234 0
31083 3 8644 0 9003 1867 9302 0
51996 9 8643 0 8742 1036 8661 1939 8748 1793 8752 570 8734 5241 8712 4259 8671 1660 8754 0
65312 4 3076 0 4783 2348 4100 7531 6890 0
45492 6 6599 0 8129 1279 6824 1054 7322 6544 7438 9554 8837 0
20033 7 9243 0 9747 2647 9662 1359 9957 9334 9285 965 9822 9715 9958 0
84486 5 8829 0 9413 9594 8989 9797 9321 6206 9805 0
28679 3 8182 0 9320 9948 9420 0
26919 4 8035 0 8056 7278 8059 7564 8162 0
88211 10 3868 0 4824 111 5454 7267 5371 4696 5164 6604 5071 2251 4540 788 4504 3788 5252 7618 5601 0
69169 5 2963 0 3702 9868 8123 7915 3063 9384 8297 0
22185 8 4326 0 8573 4503 7652 8699 8315 2889 8295 8439 6849 3497 5739 4782 8924 0
70361 3 3474 0 5222 7120 7291 0
26292 3 3366 0 5739 7425 8398 0
51062 9 8082 0 8752 6566 8646 3792 8230 1877 8731 6906 8530 8133 8173 49 8296 2772 8808 0
60887 5 1266 0 2902 9894 1877 7597 1710 3649 3360 0
28486 9 1428 0 8448 3569 3502 4147 3080 3885 4080 6255 7644 6961 2882 3435 3126 1383 9145 0
43278 7 7401 0 8476 1563 7624 9927 8453 5186 7856 5369 7453 851 8750 0
94386 7 3214 0 3675 4402 7210 4308 4020 6778 5219 8776 4042 9067 9108 0
69164 9 8769 0 9649 3331 8952 726 9837 8421 9597 5359 9360 7689 9745 4354 9053 6519 9936 0
72122 3 1929 0 3285 1761 8252 0
61252 9 9938 0 9966 5164 9966 4676 9966 7828 9952 7951 9961 4603 9939 6284 9943 2849 9970 0
88460 8 1124 0 3435 6954 2480 1054 1353 7195 2460 2393 2049 6654 3135 892 4112 0
43216 9 6140 0 6187 4539 6190 7852 6269 8452 6210 5118 6291 6256 6223 240 6154 4498 6291 0
18842 7 5470 0 5497 4007 5527 2579 5499 7505 5550 3146 5552 6580 5639 0
67113 9 4338 0 5316 3440 7844 4230 4450 7247 5707 7835 7164 9123 4821 6896 5103 5229 7937 0
95071 5 5868 0 7263 1538 5894 2801 7025 3235 7845 0
2258 6 5998 0 7584 3325 8441 3221 8512 4803 8372 227 8681 0
93252 3 2829 0 6586 148 9186 0
17388 5 7649 0 8235 6842 8822 3766 9538 16 9982 0
35475 8 359 0 5101 3836 3227 4057 3948 9561 4324 4386 3245 7285 5517 161 7789 0
