137
691 7 2327 0 6953 6648 3542 51 2477 6325 2653 3343 2836 721 8175 0
41638 5 5801 0 7219 6997 7538 3936 6371 9355 8293 0
28489 5 6299 0 6744 2434 6905 5287 6625 1210 6929 0
16359 3 7231 0 8314 9253 8585 0
50374 9 7557 0 7612 7909 7577 2914 7570 1817 7716 7181 7673 5936 7649 6298 7634 1563 7756 0
97656 5 9291 0 9462 5114 9430 7628 9298 7457 9595 0
55011 10 2150 0 2675 7495 2765 9267 2701 6495 2574 1657 2165 2314 2839 4326 2227 6133 2579 4721 3210 0
89181 3 7618 0 7898 5062 7900 0
44592 8 6942 0 7044 9283 7075 9759 7082 181 6967 8707 7007 6007 7005 5054 7098 0
75408 4 8470 0 8721 7328 8851 3439 8868 0
43360 4 8647 0 9024 396 9016 3055 9045 0
61153 6 5886 0 6338 3814 6443 4540 7054 8050 6652 557 7218 0
14526 7 7523 0 7762 9140 7737 9635 7683 9084 7605 3294 7752 6621 7908 0
32607 7 86 0 3974 1406 4302 3882 5805 1953 300 9386 2791 766 6159 0
37597 3 9057 0 9088 787 9908 0
98964 5 1087 0 2297 7067 1371 2505 5548 5715 8935 0
80759 10 2399 0 2434 3721 2728 642 2967 3042 2671 9065 3102 3408 2612 6677 2406 1946 2934 1945 3189 0
84160 5 1318 0 1755 7636 2020 3457 4576 4359 4976 0
71814 7 1813 0 8633 5230 3316 145 5265 1611 2415 7091 7538 2877 9117 0
85053 9 2419 0 3068 5955 3342 6491 2946 1076 3295 2174 2463 5129 2659 996 3302 1895 3378 0
79075 6 7451 0 8207 758 7894 443 7803 329 7983 8270 8231 0
97854 9 3862 0 5184 8739 4233 1270 3890 1529 4300 5151 4428 1367 4259 584 4892 7204 5201 0
45501 9 5746 0 6786 9491 6585 2396 6755 3158 8100 7021 6983 5713 7555 5245 6408 6088 8259 0
87685 4 9828 0 9835 2566 9835 6714 9906 0
43091 7 7478 0 7974 9490 8042 6633 7708 9258 7923 347 7900 4495 8117 0
75292 4 5956 0 6581 5838 8659 6873 9841 0
73575 5 9201 0 9509 3239 9238 527 9521 5591 9895 0
67091 10 7758 0 9301 4796 8513 9724 8336 6617 9109 1005 9160 1759 9838 1616 8111 772 8834 5141 9928 0
11224 5 9325 0 9850 2584 9455 6102 9657 3926 9967 0
16903 7 4614 0 4671 7437 4775 8676 4649 5601 4708 6413 4871 6056 4898 0
83654 6 4548 0 5919 8248 4863 7252 5413 4761 6015 5692 6027 0
37206 9 6290 0 6512 4090 7052 5861 6747 5599 6424 9793 7045 3802 6567 1447 6821 9526 7090 0
89639 7 5909 0 8695 1279 7552 1088 7469 8653 8135 3213 5939 8426 8775 0
35341 5 3727 0 7124 2395 5181 9205 7541 5779 8670 0
3474 8 1879 0 5686 1869 6220 741 7124 8330 4302 2942 5774 6016 4091 9886 8588 0
56568 8 4119 0 9338 8201 4964 1084 8212 4616 6044 1097 8485 4791 7952 2779 9672 0
17911 7 669 0 5966 3798 5894 6569 5341 3457 4916 643 2474 5714 8044 0
48254 4 8455 0 8577 7101 8532 4618 8610 0
82789 5 5665 0 5844 9429 5915 4298 7865 7769 8380 0
31427 7 8190 0 8905 7167 8422 6578 8990 9281 8459 8166 8288 3766 9015 0
71200 4 8367 0 8674 3432 9083 7852 9360 0
43014 8 7764 0 7797 5422 7769 2159 7929 1596 7979 8398 7835 4163 7861 1402 8109 0
87131 10 8503 0 8822 9925 9516 1819 8603 6712 9603 3436 8960 4241 9169 6352 8694 7631 9634 415 9956 0
61231 6 6819 0 8189 7509 7407 6752 8868 7339 7128 7238 9336 0
12569 6 1589 0 2548 434 5169 1105 2813 7819 3717 2515 5765 0
19034 9 3496 0 6104 9926 4665 8718 3964 279 4386 2555 5552 8690 6538 5996 7646 9183 7831 0
10588 5 7113 0 7302 169 8285 76 7874 4793 8341 0
41305 5 2898 0 6087 5739 6529 9642 7830 705 9586 0
87132 8 5157 0 5582 9619 5706 6725 6696 528 6217 1713 6352 5217 5218 6059 6716 0
96265 8 5202 0 5206 8578 5617 2752 5284 876 5439 1275 5823 6225 5810 2770 5845 0
86236 10 1874 0 2625 4444 2852 285 7318 4190 4021 193 2683 6593 3743 4894 4970 2940 6106 8488 7347 0
35771 6 3721 0 6292 527 7063 153 4159 809 3745 7192 7571 0
23572 5 8698 0 9177 3559 9101 1754 9127 3702 9198 0
54723 7 5450 0 7286 3783 7450 2804 7956 2986 8195 2903 7313 3099 9238 0
3623 5 991 0 5670 5523 3729 8675 2133 6775 5738 0
82030 4 8833 0 8987 61 8878 9638 9059 0
37251 9 5688 0 7588 325 7814 8677 7849 2185 6792 1907 8797 5736 8829 9872 8058 3421 8914 0
94294 8 677 0 3662 1381 1152 9519 2570 304 4464 5061 1293 1440 2874 14 4524 0
37927 10 318 0 1303 3311 864 805 8541 8849 7269 8987 7798 7966 6525 4498 3029 2810 361 3386 9734 0
28679 5 661 0 1462 3530 1534 4951 1351 293 1677 0
12162 6 9707 0 9713 7666 9713 2463 9708 6288 9710 8354 9730 0
20940 8 7441 0 8080 9559 8220 2949 7800 8763 8040 1522 7987 366 9071 436 9269 0
27723 9 8757 0 9092 5282 9280 9214 9459 879 8759 7733 9237 6512 9449 7551 9144 1655 9567 0
23769 7 5947 0 7710 2709 7468 484 6353 2416 6150 95 8895 828 8976 0
52199 7 578 0 752 8009 917 497 922 5557 1076 1417 920 3250 1336 0
27948 3 7027 0 8256 99 9679 0
48742 7 7348 0 8354 5207 8041 5514 7424 8785 8145 8153 7673 3716 8511 0
91356 8 8053 0 8312 6601 8120 5812 8462 7179 8085 3045 8587 3257 8575 1540 8654 0
30682 7 7312 0 9143 533 7535 2243 8462 3330 9538 9076 8239 9355 9781 0
61333 6 4350 0 5468 5468 5980 1590 7843 6828 6758 1193 7950 0
41197 3 4224 0 8540 561 8777 0
61715 7 6265 0 6682 2837 6494 4904 6597 8648 6773 5385 6512 994 6833 0
54374 7 4717 0 5891 8166 7060 8841 5087 3742 7000 7013 5628 6830 7070 0
25664 10 3013 0 6973 8250 3294 828 4318 3754 5506 5526 5295 3738 6331 5007 6347 9342 3721 4631 7207 0
10232 4 4512 0 4653 5249 4782 2504 4824 0
58543 8 9881 0 9919 8927 9894 1046 9923 156 9951 2929 9887 6869 9929 9773 9996 0
73381 4 712 0 939 6560 1799 7739 1822 0
461 5 8791 0 9107 6062 9344 4509 9307 8116 9414 0
77247 6 4936 0 6088 494 4988 9772 6019 5271 5829 2309 6170 0
30457 8 583 0 4927 9614 6037 999 5834 8840 9190 9617 767 9679 9234 8448 9647 0
28005 4 9893 0 9896 9909 9894 7069 9940 0
15225 10 8311 0 8629 7471 8807 2810 8638 1224 8354 5425 8513 6584 8726 9508 8365 4974 8802 5276 8837 0
12341 9 5244 0 8429 7024 7686 1865 6493 9087 5690 2868 7684 6811 6186 8291 6445 8279 8461 0
3551 6 3645 0 3720 1752 4549 243 3768 1061 4360 9806 6071 0
3888 7 1178 0 4979 2677 3846 7408 4640 6215 3096 4235 2727 3600 9005 0
56917 9 4181 0 4363 2193 5508 8899 4571 5240 5709 9485 4888 1711 4659 8060 5698 8071 6162 0
41522 5 7182 0 7402 3527 8925 5593 8615 8962 9150 0
54669 10 8944 0 9105 125 9132 6815 9199 5724 9370 3752 9383 1933 9245 5247 9091 1036 9231 8792 9532 0
94605 3 7647 0 8005 7878 9682 0
9398 9 8442 0 8571 7787 8470 9990 8585 9432 8477 2531 8603 2721 8533 5800 8600 722 8708 0
83723 6 3906 0 4372 7099 4675 5962 4058 8212 4362 3951 4697 0
90214 5 7443 0 7516 8407 7996 7040 8382 2357 8619 0
41201 6 8628 0 8960 6544 8932 5174 9702 2833 8724 9877 9853 0
98394 4 1699 0 4441 2624 3895 5305 4619 0
59837 6 9927 0 9972 6189 9965 5180 9941 5251 9927 6277 9975 0
71822 7 4563 0 6883 2076 6801 1701 5818 3158 6475 38 7631 1476 8298 0
97883 6 9258 0 9321 9942 9443 9367 9777 1753 9460 2612 9883 0
78399 4 1865 0 4663 3591 7314 4972 8492 0
26297 9 8141 0 8586 8949 9357 2816 9474 4497 9247 9179 8854 4110 8875 8749 8761 397 9570 0
72214 10 5818 0 8543 5937 7515 1570 7663 1281 6254 7306 7420 6264 9216 9402 6984 1485 8356 3126 9314 0
6905 9 4468 0 6012 2226 6061 6003 5265 6526 6603 613 5070 9499 5660 7698 5339 1522 6625 0
40748 6 9323 0 9509 7416 9341 863 9731 6497 9606 9001 9976 0
3822 5 3122 0 4080 3488 3568 3495 4552 6415 4574 0
93792 9 2108 0 2633 9590 4341 6937 7163 1244 3309 9860 2668 9252 4956 3103 4905 7181 8159 0
65568 4 8830 0 8831 9869 9145 344 9916 0
83479 9 4162 0 6326 1584 4496 8042 6186 3816 6305 3731 4369 6405 4712 4335 7172 1433 7497 0
88933 5 2877 0 2939 357 6707 1729 2965 5633 9490 0
41315 5 4888 0 7689 9275 4910 9780 8058 150 8391 0
60533 8 7632 0 7641 1136 7641 9927 7632 1403 7646 1468 7632 6723 7649 1291 7651 0
46771 7 1070 0 3584 7480 2887 1967 3092 1409 4149 1524 4983 7821 6165 0
50837 3 5354 0 5660 5120 5984 0
94019 9 653 0 925 7729 4000 7500 2691 4236 3223 4529 1353 47 1966 1926 3077 6719 6637 0
68228 3 1227 0 1803 1307 4595 0
72621 9 2617 0 3382 8602 3471 1783 3324 816 2634 7881 2827 4256 3040 3929 2762 9094 3546 0
21800 6 8316 0 8678 6764 8695 8 8351 1639 8526 6687 8718 0
31205 8 4861 0 5757 104 4986 2850 6033 1420 5733 4993 5503 5578 4949 3592 6134 0
57696 5 3182 0 3423 3468 3186 5407 3258 8064 3731 0
14575 4 3441 0 4910 5235 5457 8047 6075 0
38447 8 6333 0 7327 5699 7418 351 6778 7972 6786 7809 7148 1049 7520 8955 7539 0
99976 9 9166 0 9175 6709 9584 6897 9570 62 9199 4676 9686 8289 9297 7629 9739 7996 9787 0
72125 5 6313 0 8583 9726 8737 7272 8758 3180 9309 0
45513 6 2868 0 3847 5645 3531 9213 3717 3859 3373 4863 4040 0
41811 4 6796 0 8158 9177 7051 9145 9329 0
6959 5 3726 0 4017 4080 4015 1419 3798 9053 4017 0
26314 7 4246 0 7114 5026 4254 7725 7006 1021 6474 5548 4898 4874 8963 0
45708 10 7391 0 7944 8553 7509 5009 7996 5707 7858 6195 7923 9709 7502 6533 7744 8115 7956 1347 8046 0
34780 7 2071 0 3420 602 2609 9620 2134 6981 2591 388 2510 4022 3439 0
81934 5 8130 0 8220 2668 8329 7021 8356 973 8357 0
94643 3 4603 0 6017 310 6038 0
49791 10 5434 0 6586 7059 5673 8037 6508 8328 6337 6380 6554 6139 5662 5983 6529 6275 7165 5852 7219 0
75739 3 4846 0 5562 9571 5869 0
28142 10 560 0 1287 7919 1026 747 887 1159 1190 7987 1217 4637 1378 1516 1022 4652 885 8297 1419 0
49515 10 6681 0 6869 5003 7696 4611 6700 1427 6768 8491 6910 2530 7581 8382 7856 5109 6780 4452 7938 0
69089 8 7739 0 8672 6723 7869 9113 8361 4204 8857 6092 9057 6552 8410 1272 9301 0
37277 3 9328 0 9376 8307 9918 0
15394 7 9512 0 9652 313 9614 7776 9727 6854 9740 978 9958 4637 9959 0
86167 7 2271 0 3255 5402 2432 9376 3320 2854 2330 4550 3383 4564 3763 0
