61
34409 8 6117 0 6404 2291 6455 3392 6119 2959 6292 9798 6576 5729 6133 957 6732 0
63799 4 9932 0 9933 4384 9934 6887 9934 0
97917 9 6643 0 7503 5347 8378 4366 8990 5567 7415 8909 8177 1785 9088 1027 8906 2731 9583 0
7096 5 6937 0 8350 4871 7935 9429 7359 6169 8372 0
47623 7 510 0 618 5982 560 4392 511 6989 737 9344 538 2917 746 0
23498 10 2763 0 4035 6855 4394 6813 4083 8139 5019 6389 4960 7138 3402 4247 4730 9025 3583 7016 5377 0
56175 3 5194 0 5213 8668 5233 0
45477 8 59 0 2602 7202 3747 7677 3891 7247 6428 1823 3475 9286 6246 9445 6709 0
77045 7 806 0 3291 8399 1528 7700 3106 9849 3674 6409 944 2798 3786 0
65525 5 7803 0 9392 1962 8459 3919 7934 4977 9607 0
66511 8 3127 0 3808 9345 3957 3209 4825 6036 4678 6112 3603 9974 3156 4575 7044 0
89833 3 322 0 1959 8886 7695 0
40117 6 9984 0 9985 9297 9985 7833 9984 4634 9985 4323 9985 0
85283 6 8952 0 9248 9473 9300 5498 9323 1317 9278 1761 9776 0
85495 4 9157 0 9510 9077 9237 6055 9595 0
4440 8 8212 0 8731 5812 9075 6724 8635 9111 8585 3953 8884 8956 9116 5235 9120 0
26800 7 2281 0 3544 1462 2750 5996 5367 3225 5473 6212 5000 8283 7103 0
42262 10 4869 0 5265 5041 5966 9780 7629 8352 7438 1913 7070 1078 4983 3609 7480 2348 6917 5502 8417 0
39154 7 5036 0 6110 1751 5955 6045 5834 8926 6153 1758 5054 6697 6569 0
70286 9 9141 0 9912 6383 9566 5803 9668 1182 9707 6196 9623 5154 9886 7574 9819 4498 9975 0
66201 5 4181 0 5246 6099 5100 21 6769 1793 7418 0
26612 7 9637 0 9657 9774 9649 8349 9654 7063 9649 7495 9638 7512 9663 0
11479 5 7719 0 8745 8240 8289 2283 8118 3970 8817 0
29873 6 5425 0 5663 6417 5631 299 6538 6552 7313 6077 7471 0
47437 3 3887 0 6257 9083 7510 0
54827 5 9632 0 9635 8313 9654 2632 9634 1018 9667 0
48217 3 7089 0 7406 582 8000 0
13077 5 6211 0 6902 670 7297 4111 6217 3199 8303 0
63187 3 7850 0 9355 9116 9617 0
57002 9 5960 0 8662 8128 7199 4437 8398 3924 8951 7242 6695 5735 8090 8948 7472 8087 9304 0
97784 8 5539 0 8453 1250 6257 2370 7328 5172 7316 7326 7640 4360 7775 5468 8859 0
10026 9 8274 0 9648 9167 8622 895 9535 1568 8964 4726 9424 1983 8601 8948 9052 9550 9650 0
94821 6 9415 0 9595 7092 9894 7572 9578 3625 9426 7009 9924 0
24794 10 8981 0 9157 4822 8989 389 9023 3194 9333 2586 9207 7694 9098 2550 9038 9985 9166 3579 9334 0
33461 9 6198 0 8314 3319 6660 2648 8909 8092 7248 6662 7908 5286 6447 1977 7511 38 9427 0
35681 9 7565 0 7804 936 7634 2557 8834 1721 8119 6846 9412 9389 9397 6875 9196 759 9509 0
71337 4 5332 0 5425 1032 7718 8760 7814 0
76899 5 2683 0 3172 8382 3206 1781 4662 1536 5587 0
19035 4 7863 0 8002 6153 8547 3740 8809 0
75440 4 5822 0 5904 3403 5941 1230 6505 0
57823 7 1204 0 7503 2485 5668 5776 8770 549 4986 5726 4334 7648 9679 0
4331 6 2313 0 2373 6581 3176 8357 3585 9801 2743 1692 3745 0
48698 5 2352 0 3407 242 3174 5742 3314 2696 8285 0
75120 9 6629 0 6646 3072 6782 1638 6746 5463 6791 6392 6711 6492 6686 2910 6723 6973 6862 0
73070 9 3673 0 3678 1703 3938 7145 5811 4726 5856 9171 4115 9965 5641 5973 5596 6716 6002 0
40523 3 4955 0 9675 1770 9681 0
92545 6 7574 0 8761 9006 8327 2401 9245 2357 8849 9676 9419 0
44089 6 4129 0 5639 6314 4523 5616 4428 2111 5785 5313 5929 0
74890 6 129 0 290 2042 638 8368 597 7087 337 8503 864 0
8220 4 8959 0 9091 7827 9157 1417 9162 0
2622 10 8407 0 9515 3066 9449 8783 8488 1558 9334 7945 9070 6302 9108 6369 8897 1333 9330 3949 9578 0
46957 9 9538 0 9573 718 9655 9218 9550 7806 9615 6958 9650 4330 9631 9091 9588 1852 9661 0
81396 6 6662 0 6877 1544 6852 5035 6671 4458 7036 1645 7232 0
63705 3 6110 0 6380 7473 6465 0
71494 9 457 0 3748 1629 1150 4524 5810 2136 3951 2296 5172 5890 5838 9313 5510 8872 5857 0
74809 9 7405 0 7882 8187 7717 2882 7464 4151 7428 1315 7706 4179 7819 5485 7813 1184 7912 0
78190 10 4467 0 5731 2450 5654 1069 4723 9660 5468 8239 5455 3084 5233 1574 4555 6657 4673 3781 5931 0
5125 4 8829 0 9567 9511 9466 7341 9900 0
37625 8 3805 0 4713 9656 5278 5503 6978 5353 6529 5539 4892 9499 4176 3253 7452 0
37979 5 2610 0 2994 5835 5049 2615 4812 4111 6587 0
18105 3 9907 0 9907 815 9914 0
