89
59608 9 769 0 1674 4061 1133 3568 928 7209 2473 7301 4069 8626 2469 1321 3499 6331 4227 0
15250 4 1233 0 5997 936 5967 1450 8586 0
29152 9 8550 0 8715 4577 8774 7323 8552 3842 8794 133 8769 3850 8757 5891 8585 7599 8945 0
67107 4 9062 0 9194 6454 9155 83 9223 0
22198 8 3951 0 6094 3515 4012 8595 5059 7973 5007 7462 5697 3254 4245 2420 6545 0
54308 6 1900 0 1908 8635 1923 5660 1900 4649 1904 5090 1944 0
55194 3 6743 0 6790 7513 6927 0
15902 4 793 0 1145 8498 887 4983 1147 0
28733 7 318 0 899 5818 546 2539 1093 5472 332 8755 1282 3548 1287 0
9652 9 619 0 3208 794 3030 6190 3425 8563 3085 7952 1511 3659 2166 2868 3918 3489 4337 0
68208 10 4523 0 5681 755 8225 5576 5193 2092 4904 5066 7503 368 4702 2845 7240 776 4603 3651 9063 0
28066 10 5168 0 7023 3514 5534 825 5674 2873 6489 5666 7327 1718 6042 6833 5332 4719 5883 1309 7784 0
34281 5 9573 0 9616 9751 9642 4314 9717 4484 9728 0
95468 5 7808 0 8112 2813 8518 1823 8079 9703 8659 0
57898 4 1745 0 7190 2088 4770 9129 9067 0
69421 8 5105 0 5117 1605 5280 5542 5166 3025 5290 5662 5260 3579 5188 9059 5306 0
87809 9 5846 0 8905 5198 8675 1813 7722 6077 6215 1722 6044 5141 8731 5408 8301 3025 9243 0
21138 7 9630 0 9650 5739 9654 2159 9642 8489 9648 1581 9632 4826 9656 0
85811 5 6346 0 6370 7738 6385 5041 6378 3324 6392 0
34194 3 9722 0 9757 5159 9828 0
25184 9 2311 0 3750 5051 2653 8127 2999 9487 3272 9259 3987 5067 3671 2144 3848 107 4066 0
22291 4 8083 0 8268 1549 8296 1807 8446 0
68706 9 3116 0 3164 8268 3185 736 3314 9274 3463 127 3604 690 3834 2771 3799 1749 4064 0
18631 6 2066 0 2998 4478 2623 4711 2414 5346 3212 2344 3682 0
32540 6 2758 0 3828 3086 3463 9713 3604 2156 4370 7235 4746 0
63797 9 88 0 3489 906 503 5942 4506 2728 4121 8921 1270 6116 4631 6980 4425 4031 5467 0
8345 4 6643 0 6824 3810 7093 8936 8939 0
28504 7 213 0 1529 1331 1526 9305 2080 9351 1250 5013 865 7423 2960 0
57056 9 8629 0 8738 9245 8654 1080 8674 9287 8703 3308 8703 7433 8656 3701 8683 8445 8745 0
13567 10 8900 0 9195 1483 8969 9663 9114 7976 9242 8530 9234 3230 8973 9778 9430 3360 9421 1465 9532 0
74250 6 7397 0 8925 5700 9589 6633 8734 2897 9572 3773 9654 0
54451 5 741 0 6855 5370 5882 3952 4076 696 7485 0
71335 5 5937 0 6269 952 5961 4786 6299 4617 7125 0
51645 8 5913 0 7341 8252 6226 7499 7119 3971 6961 2361 7169 8285 7625 2718 7721 0
87242 10 638 0 3437 184 2366 3384 1546 3331 3634 6713 2095 4003 2310 9756 1785 9696 2191 8499 3698 0
18558 6 7422 0 8532 2013 7433 8895 8605 3182 8475 27 9235 0
77333 8 5032 0 7093 8663 5608 7615 6023 8776 9185 6933 6000 1444 5640 6850 9280 0
14242 3 7084 0 8801 9402 9377 0
10253 4 8579 0 8897 9937 8873 318 8925 0
3839 5 6083 0 6105 8775 7891 8069 6338 6074 8364 0
86864 7 7030 0 7033 2916 8607 1596 8659 4361 8161 6328 7458 5664 8722 0
79228 8 6941 0 7124 1359 7495 3166 8240 1646 9422 9054 8845 1765 9387 9042 9510 0
15646 10 9636 0 9676 5759 9658 6147 9647 8425 9653 7049 9653 4116 9656 1269 9639 1910 9653 7781 9678 0
82621 9 716 0 934 5524 1919 2306 3000 9694 4749 335 1386 9033 1977 5379 3852 158 4987 0
43889 4 5750 0 5938 688 6180 6155 6257 0
10231 3 6013 0 7948 6604 8065 0
93643 5 640 0 698 9214 1079 716 958 5859 2035 0
5739 5 2512 0 6124 7302 5517 4103 5908 15 7177 0
81383 6 1546 0 6167 4045 3252 7724 4246 1071 2162 8698 7691 0
55443 4 801 0 2556 2507 2864 8830 6008 0
44067 4 2576 0 3012 8629 3009 7999 3199 0
29840 6 5298 0 6047 6050 5462 7507 5865 2986 5482 1967 6460 0
5861 10 9897 0 9967 5508 9900 772 9958 4795 9956 855 9923 5277 9939 8000 9924 5904 9950 6960 9967 0
66534 5 4830 0 8228 3004 6980 5824 8223 9603 8248 0
69421 3 5497 0 5522 715 6469 0
17838 4 5450 0 5750 4062 7974 6759 8764 0
9423 6 372 0 841 2270 1228 9784 888 4630 1768 8244 2188 0
10160 3 161 0 2719 5303 4948 0
92100 4 8352 0 9147 5871 9348 2682 9396 0
14675 5 4158 0 4808 5630 6277 1589 4640 3411 7131 0
49671 10 493 0 3929 4701 1255 6062 3053 7225 596 7615 3739 5542 2270 4899 707 472 2541 2746 4251 0
5294 8 7016 0 8326 5553 7834 3039 8365 5934 8480 6991 8615 8887 7631 9917 9517 0
41166 7 6551 0 6710 6469 7304 4117 7547 8058 7165 2562 6695 3385 7609 0
51516 5 4268 0 4288 5901 5048 3328 4516 7093 6946 0
21930 8 2225 0 2527 2613 2286 7336 2505 5622 2584 2069 2719 2679 2664 7256 2937 0
66342 3 8705 0 9507 7058 9676 0
57781 4 5519 0 5550 749 5930 1124 6182 0
17488 7 9276 0 9576 6100 9696 6265 9398 7003 9383 3125 9727 9870 9826 0
92238 8 4490 0 6441 7494 4995 2680 4668 6913 6660 3595 5480 4010 5338 5919 6916 0
47200 8 7396 0 8247 8543 8114 9040 7577 3298 8842 5736 7914 8481 7909 1033 8997 0
55995 4 3171 0 3906 2943 3822 3157 3911 0
42996 6 1421 0 4019 3268 6963 6146 6827 1757 6268 7935 7028 0
3910 9 8931 0 9636 7952 9302 2862 9523 9883 9579 6628 9165 588 9163 9207 9181 1046 9796 0
83258 5 7335 0 7413 3079 7499 6780 7454 1527 7619 0
29617 3 7714 0 8576 6172 9171 0
14440 7 2716 0 5366 7726 6342 1153 4410 1233 3454 9075 5728 6927 6615 0
46285 4 7813 0 7818 7131 7869 3083 7890 0
87370 4 7267 0 7896 74 9400 5390 9518 0
37691 8 5883 0 6493 3356 6341 3590 6012 3957 6969 4432 6810 2111 5909 400 8649 0
34379 5 6816 0 7375 6415 7112 3768 7004 2836 7509 0
2905 5 7966 0 8836 1580 8358 8654 8716 9390 8888 0
97792 4 3045 0 3953 9158 3109 543 4092 0
6289 10 1963 0 2638 5241 2326 7957 3075 8647 2716 7391 4245 8308 4411 9068 4809 1005 5042 4771 5070 0
49853 5 8080 0 8722 7133 8772 436 8546 165 9142 0
29965 10 6301 0 7136 5230 6906 1429 7772 6344 7450 357 7030 2511 6453 2225 7255 3413 7018 7894 7963 0
85064 5 7150 0 7447 9012 7452 4294 7408 1640 7710 0
42119 10 95 0 3777 3442 212 8794 1855 4526 2645 6796 6087 216 6035 2216 5205 2315 1467 9440 6108 0
7700 6 3118 0 4192 165 4220 3145 3276 7908 3265 454 4500 0
84729 3 2081 0 3525 5347 3701 0
