59
32057 10 3078 0 4056 4071 4402 347 3171 3852 4129 8340 4307 1717 3350 5293 3206 2123 3345 866 4518 0
76338 5 1873 0 4420 4423 6325 6380 7919 4723 9472 0
46546 6 8080 0 8704 6747 8755 9715 8483 6825 8881 6279 8899 0
47584 3 3324 0 3807 8290 5550 0
42575 7 4617 0 8121 294 8410 7215 8610 3012 7853 9701 5260 4763 8935 0
55611 3 6546 0 6651 4245 8581 0
1582 6 8163 0 8614 1446 8420 5911 8288 581 9150 9223 9186 0
94422 5 3408 0 6729 1565 7518 4206 4315 613 8660 0
83928 9 5408 0 5689 3190 7239 132 5783 9142 5662 1618 5746 5831 6001 8009 6305 1500 7831 0
12113 9 7533 0 8484 8622 7958 818 8420 8785 8697 3805 7544 9370 8743 5680 8929 3839 8944 0
21616 5 4358 0 4563 7328 4512 6611 4631 6407 5226 0
66553 3 1183 0 4990 8230 7984 0
58871 4 8611 0 8830 6536 8894 1697 9052 0
70669 7 9080 0 9347 9890 9130 12 9346 6817 9287 1873 9598 5906 9839 0
83630 3 5538 0 7039 5452 8134 0
39708 3 1628 0 9334 7703 9621 0
34826 9 6315 0 7148 4636 6657 1276 7569 4210 6838 6781 6338 2101 6823 1262 6825 9966 7862 0
7753 7 9132 0 9136 3366 9136 2876 9132 751 9132 5272 9133 1885 9137 0
44283 8 6972 0 7189 805 8323 5628 8383 260 7708 7119 7624 6602 8937 7324 9004 0
33801 9 431 0 926 449 755 7607 1126 5729 573 694 1031 115 1596 7476 1560 2146 1653 0
34715 6 1547 0 6367 4237 3076 75 5260 4090 5122 2699 7037 0
96644 5 2616 0 2747 3722 4666 4564 5636 2679 5644 0
78749 3 9062 0 9082 6395 9082 0
94807 4 5930 0 6992 9635 6241 8538 7240 0
55339 7 432 0 4576 9597 4595 6697 3367 2361 3357 3727 1818 765 4840 0
21560 4 4445 0 5020 8550 7609 5180 8588 0
28738 9 9598 0 9603 3045 9600 1090 9599 6118 9598 9278 9600 820 9598 6040 9600 7059 9603 0
66851 10 4006 0 4590 2233 7269 6429 4998 8696 6921 8935 6497 907 5448 815 4296 2184 5673 6445 7790 0
35612 3 5705 0 5712 1199 9552 0
71707 9 8703 0 8951 2585 8926 8871 8758 2431 8904 4764 8943 1605 8901 8042 8812 2620 8956 0
38354 5 8648 0 8856 4207 9058 6873 9261 3481 9400 0
36493 7 1195 0 9270 2095 5029 424 7685 4940 3340 4103 1411 9589 9420 0
17563 10 4023 0 7440 3131 6954 6758 7959 8195 7447 3860 6068 278 4789 5018 4759 1217 4227 2919 8172 0
1742 4 1741 0 3460 9420 2561 7834 4118 0
99161 8 4177 0 7240 5468 7847 344 5374 2637 4417 4084 4545 3851 6666 5000 8416 0
47196 8 1724 0 1819 7953 2546 8852 3362 5236 3890 2474 4232 1016 3068 997 5374 0
63149 8 7582 0 7614 1945 9461 7156 7972 7359 8108 550 8754 9307 9356 1449 9986 0
30771 8 4831 0 5610 2922 5455 6847 5155 1686 5272 9870 5175 5117 5049 5197 5826 0
99287 8 4950 0 4977 7053 4954 1260 5004 7729 4972 2684 4964 4452 4997 7095 5039 0
72992 8 9788 0 9867 2987 9805 8853 9813 4168 9810 9879 9791 2426 9857 4560 9883 0
43799 9 3480 0 3951 6026 4418 4225 3882 8483 5256 7063 6993 3221 4757 8848 6676 3399 7222 0
80388 9 3230 0 3348 1128 3507 106 3782 3684 3574 3983 3281 5440 3830 8279 3271 6965 3940 0
67642 9 680 0 5364 1238 2834 1797 5168 9470 5496 1062 2127 5823 2715 9341 3308 9845 6838 0
18449 9 1045 0 1342 4612 1390 6188 1160 6204 1204 4440 2170 5237 1597 1645 2015 303 2209 0
76205 3 3124 0 4710 1712 4927 0
6203 10 9421 0 9644 2359 9651 4910 9537 7138 9610 2640 9545 3882 9731 6481 9580 4852 9674 3929 9772 0
44396 4 3759 0 3759 936 3760 4732 3764 0
3039 10 9618 0 9719 5207 9637 1266 9691 7765 9666 2016 9699 9833 9628 4932 9680 771 9619 4799 9725 0
32345 10 8214 0 8726 4050 9374 6032 9404 2781 9069 7151 8408 2651 9563 1499 9850 8545 9126 3195 9860 0
79782 10 5079 0 5240 1101 5494 3543 6122 1681 7330 7957 5081 7881 6685 5820 5874 8751 5302 9766 7446 0
85103 9 4311 0 5808 3451 5784 805 5357 9816 5877 2181 5271 607 4866 4556 5848 7085 5895 0
56186 5 7197 0 7426 1316 7851 7798 7550 4494 7871 0
55899 10 3452 0 6405 445 5000 2407 4175 9567 9027 4808 6384 187 3519 8543 7704 7002 5062 2151 9271 0
63384 3 6841 0 6911 4089 6919 0
70873 4 6093 0 6211 3184 6744 7189 6795 0
40856 5 4166 0 5038 4427 4520 9415 4185 9251 5094 0
59877 4 634 0 1109 2745 4383 5817 6662 0
15111 3 5760 0 9440 7571 9929 0
62997 3 6318 0 7751 7474 9634 0
