87
82597 7 3483 0 4134 7661 4825 649 4270 8567 4160 2250 4609 2553 5598 0
11085 10 9950 0 9972 249 9976 784 9970 4724 9956 3845 9952 276 9960 1872 9965 1361 9970 8052 9977 0
35305 8 4722 0 7911 1060 7006 6191 7552 5102 7702 2189 8229 4107 4741 4098 8683 0
19615 10 2191 0 3330 963 4607 540 5078 4897 4873 1143 5944 5224 2741 856 3625 4614 4616 9332 6456 0
2380 10 287 0 4372 7220 7084 1846 1736 1056 1875 7597 2529 1768 7335 1789 4396 2636 2880 9935 8030 0
82703 9 6237 0 6329 569 6241 6713 6317 5366 6242 3239 6292 3334 6267 7750 6251 5547 6351 0
11951 7 5419 0 6682 1701 8407 8153 8793 3435 8821 4510 9727 2337 9993 0
56420 9 4711 0 4763 6292 5308 9959 5525 1784 4837 7183 6173 828 5555 4054 6062 9123 6236 0
4435 3 8707 0 8729 8234 8738 0
11656 6 4290 0 7962 921 4744 9951 6358 4431 5637 9739 8360 0
72606 9 2714 0 6564 2587 3143 2109 4244 7692 6692 195 5878 8428 3684 3298 5747 1380 7050 0
26793 6 6536 0 6814 3974 6819 3789 9121 5595 7834 8849 9434 0
35863 9 6368 0 6696 9628 6786 8624 6450 7472 7913 7077 7005 3885 6612 3863 7095 8032 8160 0
82844 8 3701 0 5724 7380 6977 7796 7217 1163 4539 2883 6470 1253 4357 4072 8467 0
27036 4 5012 0 5688 6453 5400 441 5828 0
74841 9 8501 0 8797 9619 9394 3700 8713 3632 9523 7016 8969 7483 9288 9879 9515 1522 9561 0
48740 4 3198 0 6927 4046 5371 8969 7189 0
10043 8 9436 0 9589 2886 9449 6563 9691 4442 9829 9536 9653 8829 9604 1100 9844 0
89795 4 3256 0 3788 3279 5308 9666 5962 0
99965 7 6751 0 7554 9833 8369 6833 7725 4774 8647 5540 8137 6473 9415 0
79108 9 4742 0 7141 5215 6400 5099 8405 8577 5503 362 8854 7835 5815 2604 9316 3387 9466 0
8369 7 2943 0 5116 6922 6278 7747 7807 2484 5192 4926 8258 8513 8426 0
73412 8 8976 0 9127 2894 9326 143 9384 1759 9031 6638 9422 2597 9539 335 9750 0
64355 8 2047 0 2281 5951 2244 1952 2181 3934 2066 3647 2252 9784 2137 4943 2423 0
92812 7 8709 0 8825 4207 8803 2695 8732 455 8758 4144 8765 7584 8831 0
7364 9 4517 0 5202 1142 5746 6088 5929 2379 6081 2434 5937 9928 5510 7252 5056 705 7070 0
20987 7 9637 0 9653 4193 9667 2341 9667 5688 9664 1711 9647 4589 9669 0
60093 6 3056 0 4255 4367 3097 4771 4772 2908 3990 6432 5381 0
55011 7 7654 0 8630 5641 8474 8519 8482 360 9174 7125 7797 4472 9217 0
4825 4 781 0 1932 4810 1909 7735 4007 0
76483 7 9728 0 9730 5119 9739 2242 9736 5046 9734 736 9735 6960 9741 0
86166 8 4205 0 6461 7100 4411 7977 4686 5089 6068 5573 5256 7477 4836 201 6966 0
33384 8 8587 0 8632 9207 8821 4892 8849 4429 8712 8246 8616 2929 8588 7535 8849 0
871 10 3922 0 4761 1822 5153 5599 4740 6510 5268 7666 4452 3468 5248 5754 4485 8603 5037 4166 5296 0
77060 9 4224 0 5196 8541 4831 512 5441 4046 4485 6240 4856 992 5406 8300 4251 1388 5661 0
49321 9 4430 0 5769 2280 4500 3008 5414 4139 5081 1678 4686 1136 4891 2037 4660 1899 5830 0
91973 5 2214 0 3282 1049 6562 9906 5602 3021 7948 0
54450 5 9629 0 9851 7215 9741 9657 9689 3591 10000 0
16111 3 6974 0 7958 8997 8565 0
78674 6 1940 0 2449 9820 2696 8957 2582 2478 2199 2769 2732 0
60031 8 7500 0 7871 5075 7713 9074 8012 4937 8195 3543 8045 943 7966 5663 8201 0
6006 4 2949 0 7696 640 5942 7703 8686 0
91936 8 2103 0 4696 8803 5278 2678 4704 4042 2655 4294 3406 5940 2383 2808 7571 0
17318 6 4402 0 5105 2593 5583 9883 5166 967 5123 3364 5620 0
12806 8 6145 0 6888 2466 6246 6883 6393 1809 6191 3912 6801 8032 7236 403 7292 0
15159 9 6137 0 6407 3872 6271 3681 6270 908 6182 8020 6463 7662 6152 2459 6366 1605 6564 0
74290 9 1167 0 3634 9037 3391 681 3837 7384 2024 4023 1490 2885 2065 8354 2298 1421 3970 0
51814 7 7989 0 8180 2656 8214 3963 8635 4837 8276 8295 8726 5774 8846 0
81036 8 4263 0 4899 3069 4586 5337 5213 2277 4413 5488 5334 6124 4304 5919 5514 0
74720 5 5500 0 6357 753 6492 2909 6264 2926 6716 0
24845 8 1478 0 4778 9727 4448 7755 4799 6804 1846 4274 4760 4579 4619 1663 4833 0
7331 3 4082 0 4818 4774 6013 0
23164 9 8690 0 8923 4584 9067 420 9027 5503 8898 2537 9306 6224 8868 8042 9022 4709 9554 0
7908 6 9391 0 9403 6918 9392 1574 9399 6004 9399 8105 9404 0
92003 7 1570 0 4426 9309 1839 5477 1668 4291 2258 2461 3709 8196 4444 0
77731 6 9156 0 9211 4141 9222 4310 9387 4876 9178 3779 9801 0
44253 5 729 0 3530 4288 2848 270 4173 549 4416 0
93949 9 3234 0 3406 7245 3315 6968 3326 4593 3251 2766 3439 1436 3257 7425 3473 2017 3646 0
8880 10 7882 0 8131 8941 8341 4510 8216 7180 8102 1040 7907 6696 7974 5123 8387 8959 8231 3055 8389 0
363 3 7319 0 7443 4916 8593 0
74109 4 5274 0 6657 3597 5598 8266 8993 0
52071 10 5273 0 6325 1724 6882 3310 5564 2875 6723 5785 5552 7176 6065 3035 6222 4459 6316 9127 7748 0
38601 8 9221 0 9401 6338 9326 8098 9239 9163 9409 5898 9358 6208 9221 2824 9492 0
35957 6 121 0 1163 1328 2319 4967 426 9550 1923 1373 3612 0
67956 9 5592 0 5944 975 5747 2962 5998 1612 5842 4718 5876 1002 5718 3182 5810 8753 6129 0
36388 4 2204 0 4728 6880 6270 9230 8100 0
16894 4 1286 0 7095 900 5687 4141 7955 0
64361 4 8920 0 8979 1272 9426 190 9717 0
46040 10 101 0 7096 2472 7830 4172 2339 3833 1704 3920 2405 7265 3749 6101 3829 1658 2958 3678 9502 0
46188 3 999 0 6580 7320 8643 0
46199 5 9892 0 9901 3546 9899 1151 9901 2283 9904 0
48058 9 5310 0 8827 8109 9289 2195 8123 4664 6870 8085 8644 2447 6095 4632 9291 1458 9899 0
79828 7 8106 0 8767 8648 9659 4853 9664 174 8413 8963 8455 6094 9724 0
87167 5 4958 0 6355 8303 5279 6328 7109 2819 7579 0
48503 8 8383 0 8438 2420 8405 7993 8386 7055 8407 6346 8436 8285 8400 3867 8482 0
23350 7 3001 0 4241 3538 3063 9781 4006 4708 3830 141 3077 8958 4268 0
12626 6 7437 0 8753 9794 7643 6064 9888 5205 8846 6834 9965 0
14746 10 9022 0 9274 86 9120 484 9235 9907 9223 2103 9045 9651 9508 595 9141 3337 9275 5638 9666 0
89712 4 2284 0 4369 1567 5305 4638 8862 0
48814 9 5748 0 7406 4162 6818 6716 6148 9959 6776 3141 6388 8927 6880 1869 6977 8087 7450 0
21739 6 3229 0 4882 7710 5474 8901 5078 2898 4664 3994 6466 0
10417 7 5430 0 5695 8820 5608 7874 5916 7269 5813 141 5779 271 6055 0
88178 10 4172 0 6353 6193 6068 2958 4458 7401 6455 1272 4196 3878 5812 3345 4870 7122 6112 541 6804 0
37219 3 2174 0 5049 703 9375 0
15423 10 8092 0 8301 8162 9108 2910 8908 6845 8839 2879 8691 9706 8405 205 8235 6739 8106 8540 9393 0
25443 3 8876 0 8904 1470 8913 0
76274 4 1062 0 1291 8137 1289 6411 1416 0
