115
92101 7 6439 0 8336 5533 9389 2916 7146 3831 8584 2468 7281 8913 9950 0
46669 6 3868 0 4669 5008 4520 319 3901 9353 5445 9717 5593 0
13527 4 2619 0 5446 1396 4322 3161 5808 0
35365 4 1164 0 1505 4550 2742 9747 3170 0
42768 4 1576 0 1741 8608 1718 8388 2179 0
42275 5 9512 0 9522 4003 9576 9148 9541 5941 9739 0
23732 8 6560 0 6561 5036 6560 5458 6565 2291 6564 2842 6561 1813 6562 827 6568 0
63316 4 6398 0 6425 4809 6414 5824 6590 0
89035 5 5747 0 7030 3545 6150 9379 7051 5681 7498 0
9466 3 8855 0 8951 2693 9225 0
87393 5 9753 0 9762 1006 9878 1158 9835 9291 9880 0
40636 9 1138 0 2014 7624 1394 4058 1979 5808 2268 1164 2196 635 2163 5265 1805 4882 2561 0
49132 6 6346 0 6655 9761 6886 9720 6561 61 6995 3723 7036 0
74247 5 9073 0 9155 4936 9320 2010 9303 6448 9570 0
43624 3 2909 0 3729 2926 3970 0
5736 3 677 0 2390 7401 8043 0
67128 10 645 0 786 6819 1019 1969 656 2347 814 2729 1160 119 943 3440 1121 4950 1112 9812 1190 0
42830 7 3821 0 4676 8186 4208 5982 4582 8269 4397 8069 4026 2745 4690 0
30623 3 2759 0 3748 7053 4870 0
89596 6 5033 0 5562 751 6138 4271 5965 460 5347 4934 6414 0
73628 5 7785 0 7809 3409 7826 137 7829 5973 7885 0
74482 9 4115 0 6563 1202 4764 6767 5456 9342 4661 6952 6623 7985 5468 377 4390 596 6757 0
34691 6 5043 0 6816 9555 7100 3513 7074 6754 5232 3075 7540 0
65829 10 2342 0 2540 1818 3479 2489 3167 8432 2740 9542 2728 6534 2637 1738 2981 3221 2789 1263 3516 0
34345 9 4174 0 6372 3086 6003 8764 6335 429 5491 5579 6296 2013 4603 8413 6473 6874 6618 0
76258 9 8367 0 9455 1892 8474 2527 9157 7249 9432 4643 9366 7665 9438 5612 8877 2849 9646 0
46648 5 534 0 1319 2291 1497 882 1688 6221 3276 0
70999 4 782 0 1333 2355 1278 4250 6694 0
84560 10 8060 0 9665 4838 8832 7987 9911 4440 9727 8123 9783 5916 8922 9082 8515 5076 8717 2707 9937 0
27762 8 2445 0 3269 6205 3492 2345 3078 9317 6798 7762 2963 6322 6518 7630 7750 0
10405 4 8336 0 9251 5190 9588 9013 9611 0
13323 8 318 0 3778 9786 5132 9325 2858 5689 4180 7010 1688 6046 5420 4551 5467 0
68908 8 2161 0 6628 3251 3365 2390 6067 860 5873 3787 4456 9611 2538 6457 9565 0
49383 7 6014 0 6947 2806 6811 1441 6821 6746 6225 40 6205 1509 7240 0
52428 10 1746 0 5015 553 7247 8474 4482 1399 1788 5644 4257 4034 3634 7493 3565 3991 4049 5155 7577 0
53319 6 1571 0 5161 7952 5642 9562 5299 2513 2410 7491 6594 0
69708 5 2940 0 5740 9912 7037 4359 5024 9011 7638 0
66721 5 9423 0 9572 8662 9506 2111 9498 5383 9614 0
74743 6 4193 0 8617 3112 4824 6503 7342 1515 8691 1910 9056 0
2604 3 9163 0 9312 9 9340 0
92946 4 5075 0 7000 2695 6698 8663 9341 0
2567 7 5787 0 5945 9545 9305 7047 7512 9422 6421 2428 7686 499 9379 0
6722 10 2601 0 6940 808 8696 5894 6778 8477 3894 6612 7110 1417 4021 9682 9010 8597 4252 826 9289 0
17156 8 2914 0 5173 6371 3911 9827 5905 4825 5248 4397 6291 1191 5206 3633 6304 0
61484 4 1318 0 2313 6834 1669 3060 2811 0
7321 5 5027 0 5899 2438 5606 6541 7288 277 7987 0
80564 10 2808 0 7242 7310 5485 5072 7930 5573 7897 2185 3982 1624 5510 6998 6284 9331 4324 3690 8913 0
30015 4 1018 0 9034 9731 3563 9736 9707 0
548 9 4228 0 7626 4325 6551 1443 6014 768 6158 4834 6702 3724 5022 8284 7867 7492 8120 0
56333 7 7602 0 7975 244 8212 9351 7889 2727 8002 8601 8787 5565 9066 0
41830 9 1517 0 7508 417 9378 3142 5511 9719 5596 8654 7251 3793 7259 6450 2283 6088 9478 0
12783 7 6918 0 7480 7745 8581 5577 7344 4400 7683 6589 8567 3924 9248 0
67428 7 6630 0 7432 7338 7659 3836 7788 3781 6702 5205 8501 740 8501 0
1685 4 5749 0 5780 6904 7022 3994 9457 0
58629 9 1050 0 1078 8948 1050 9247 1078 5053 1070 7898 1056 3864 1052 1874 1067 4228 1083 0
51594 3 5596 0 6129 9525 8832 0
99163 6 8389 0 8439 6029 8611 1353 8401 672 8576 8625 8673 0
2168 3 5688 0 5698 536 6711 0
16117 7 2745 0 3802 8808 3274 1518 4972 7075 3954 8256 4550 4837 5114 0
32857 3 882 0 5177 4813 6364 0
27277 8 2473 0 3302 9863 2913 6745 3402 4206 2731 246 3277 5798 3248 3286 4011 0
40279 6 5899 0 6344 2964 6254 8981 6220 5475 6204 4832 6468 0
91885 4 5108 0 8582 4658 7263 1817 9100 0
71845 4 5743 0 6272 6955 6489 4966 6973 0
84440 7 7966 0 8100 1247 8708 1640 8352 5627 8398 4900 8534 63 8929 0
28510 3 1953 0 3469 7786 3477 0
74780 5 1182 0 3205 8980 3434 8968 4186 8310 4206 0
47195 10 9730 0 9825 1054 9761 4336 9942 9945 9791 7064 9884 5454 9789 2601 9898 1716 9788 6493 9944 0
87354 10 1657 0 6982 8410 8100 2173 1694 7711 3104 2991 8235 5613 4387 2438 2278 6657 5265 8495 8723 0
88861 6 5411 0 5723 418 5590 2 6994 3722 5757 8092 7231 0
19485 3 9627 0 9801 8215 9801 0
21565 5 2221 0 4200 3335 3803 7364 3756 2424 4219 0
64111 9 5805 0 5873 114 6117 1189 6351 1424 6265 5272 5836 1970 5916 9553 6492 4307 6528 0
65138 8 9309 0 9503 5712 9446 7083 9433 7853 9374 3436 9382 4992 9421 2135 9561 0
94031 9 5707 0 5755 3188 5952 6184 8031 3357 6534 3596 5766 7069 6196 6928 7747 6864 8335 0
2205 8 6047 0 8893 3072 7330 737 8590 1768 6539 6031 8153 2073 9169 6881 9673 0
88872 5 2623 0 2624 1323 2626 2241 2626 5016 2710 0
88597 8 9958 0 9960 65 9965 8393 9963 2268 9966 7728 9963 9252 9960 4613 9967 0
38917 6 192 0 5467 5145 5088 5743 3415 5687 967 2183 6161 0
14168 4 7108 0 7353 9878 7424 6633 7526 0
50126 10 7317 0 7458 7171 8692 8778 8680 2229 7766 5941 8006 4303 8611 2667 7401 5071 8733 8189 9182 0
46896 3 9549 0 9673 7218 9687 0
90189 10 734 0 1844 8164 1590 302 2660 1941 1569 2385 2428 4238 1285 7667 2307 6327 1524 9744 2697 0
11433 6 2041 0 5258 3486 4083 6018 7724 2528 5697 6688 9004 0
75582 5 9350 0 9630 8266 9506 7466 9405 1839 9682 0
45048 7 1440 0 4470 5345 4658 3483 2820 4055 3573 4327 3895 3271 4835 0
77579 10 2896 0 3003 3051 3049 1325 3134 6688 2957 4883 3041 6634 3035 7987 2962 9163 2980 9039 3137 0
16088 7 2049 0 3269 5090 2579 4901 4150 2604 3202 4120 4460 3062 5228 0
30868 8 2448 0 5212 8551 2501 6840 2521 7780 5150 4853 3435 5820 4083 4473 5365 0
77966 9 6990 0 7194 4822 7602 3850 7785 3641 7127 5900 7687 6423 8206 5389 8227 5874 8244 0
79352 3 5451 0 6932 6657 9048 0
86070 5 7121 0 7988 8610 7137 7481 7191 5398 8073 0
61622 7 3331 0 3422 6725 3381 6675 3351 7638 3336 3284 3421 1750 3430 0
72287 6 1582 0 2026 1719 2309 158 1696 793 2314 6984 2414 0
19033 9 4676 0 4745 7779 5322 3005 4738 9924 4870 8434 4687 1748 4799 9962 4945 7520 5372 0
69521 4 7221 0 7539 8752 7319 4252 7644 0
50846 6 4499 0 4559 4129 4604 7241 4609 9969 4605 4422 4666 0
26581 8 7510 0 7525 6578 7530 7594 7533 8424 7529 442 7525 752 7519 8218 7533 0
48703 9 3408 0 4305 9581 7194 6646 6356 4821 6900 667 6583 2200 9246 7776 4144 7018 9769 0
51263 5 2645 0 4272 8807 4498 4224 4499 4243 4584 0
21542 10 6777 0 8618 2792 8368 9842 9050 7311 9056 8774 7575 4674 8141 1530 8369 6801 7550 3087 9095 0
84821 10 9867 0 9993 3688 9949 9227 9956 9507 9972 7017 9875 5011 9987 8921 9963 7339 9891 7890 10000 0
12717 6 2810 0 4055 6138 3584 4456 2976 29 3769 7125 4728 0
36253 3 1787 0 7892 254 8445 0
39711 6 6001 0 7078 9822 7180 9272 6639 6986 6408 8217 7216 0
36812 10 4759 0 7195 7241 7812 220 7017 4164 8460 1163 7346 8241 8176 588 5663 729 8785 6406 9026 0
93450 6 2816 0 5617 3281 4378 9263 4379 5218 4423 4161 5863 0
5715 7 6699 0 7465 3996 7197 8473 6838 9246 6938 7899 7199 5204 7477 0
13759 10 5657 0 6254 6929 6274 4346 7244 9961 7022 6162 6135 1000 6333 8527 7097 5747 6942 3960 7364 0
27863 3 2672 0 5411 8031 7279 0
89303 8 7320 0 7710 940 7711 4384 7902 4478 7361 5886 7982 2374 7398 8773 8159 0
88918 4 8505 0 8511 2419 8935 3407 9180 0
9341 3 2970 0 3888 9573 3981 0
52443 10 4757 0 5858 6562 5960 6843 5651 6281 5863 4487 5743 1885 4967 6633 5057 3131 5925 223 6017 0
63114 3 5163 0 5386 7670 5917 0
