39
75905 9 25 0 2913 7872 2528 1513 105 2805 916 1877 2784 4219 4288 8018 1259 5342 4620 0
81677 6 8974 0 9894 8004 9299 9655 9154 8718 9411 5958 9905 0
50907 5 8195 0 8750 584 8276 5088 8778 4197 8970 0
6490 6 9456 0 9587 3631 9566 4319 9623 6179 9696 9713 9700 0
31503 9 1776 0 3269 861 2712 4586 7914 6589 5997 2478 4233 6977 3445 9975 6082 3239 9484 0
65856 7 8874 0 8878 6397 9156 7977 9094 5080 8930 5719 9131 3250 9180 0
53780 3 3725 0 5813 1635 7888 0
85113 4 5768 0 6158 3205 6801 6541 9514 0
95429 3 5027 0 5389 4673 5651 0
43978 10 5846 0 6599 7883 5848 2476 6657 8442 6159 5974 6019 4755 6601 4348 6640 8072 6482 3100 6797 0
29815 3 618 0 2828 7400 7015 0
48876 9 8600 0 8681 5055 9383 6829 9139 1427 9376 1317 8904 347 9259 573 9416 1533 9506 0
65070 6 4867 0 5028 9629 6568 5442 5150 2526 5765 547 7172 0
10309 4 4386 0 6321 4871 6086 7353 7877 0
3568 3 2512 0 3153 5477 8961 0
63227 8 6715 0 7565 1319 7533 2124 7302 272 7630 1424 7674 1964 6918 6114 7721 0
19413 5 1769 0 5602 9860 2834 5403 4707 3054 6291 0
21543 6 9696 0 9730 6605 9720 8508 9735 7440 9730 1045 9807 0
47453 6 2414 0 3568 8499 3046 4360 5237 8061 4436 9935 7221 0
38061 6 7605 0 7834 4662 8379 2062 8902 6663 8130 5292 9187 0
46531 6 591 0 5511 4064 1562 8118 1767 3763 6415 7616 7069 0
85822 8 6137 0 8475 3040 8011 1469 8325 4860 8266 4486 9098 1801 8926 2105 9688 0
49692 10 3954 0 4396 2066 4316 5113 4202 4160 4293 3306 4030 3665 4373 2945 4392 1351 4113 395 4550 0
54875 4 5535 0 6125 5555 6855 3244 7133 0
33714 4 910 0 1264 937 1759 9618 2299 0
9411 9 9945 0 9951 519 9946 9019 9946 5197 9946 9819 9988 4784 9957 2472 9983 9078 9988 0
6045 7 8313 0 8601 2342 8395 7442 8510 6038 8554 2202 8313 6371 8764 0
83268 7 9906 0 9907 1318 9910 4538 9913 6420 9920 9541 9912 9772 9924 0
99739 5 7426 0 7873 4492 7833 6571 7768 6432 8018 0
52219 7 4766 0 5125 703 5942 4616 6783 5049 5062 875 5035 7285 6928 0
45946 9 7973 0 8581 1453 8354 4506 8751 1890 8041 1326 8278 2769 8420 4204 8802 2239 8909 0
31851 4 8791 0 8876 5558 8827 1458 9043 0
34771 8 1354 0 5647 2646 5262 1641 1426 606 2125 7266 5218 3066 2090 3871 6090 0
70378 10 8895 0 9083 4989 9451 8451 9117 4273 9399 3817 9536 2190 9572 8610 9410 13 9078 6047 9607 0
38707 3 3679 0 3861 7601 4482 0
84320 6 8194 0 8812 1218 9249 779 8219 2035 8901 8976 9289 0
43113 7 6430 0 7630 2458 6692 6295 7646 3687 7076 1540 8294 5509 8331 0
3070 6 5319 0 6485 269 6772 6979 6044 892 5615 4905 7024 0
22045 10 8878 0 9084 4580 9310 2300 9557 921 9824 6648 9445 3057 9631 3137 9077 9670 9369 5865 9907 0
