68
39852 5 3966 0 4875 3620 6688 7588 4819 7908 6699 0
89008 4 3510 0 5254 5583 8139 8291 8719 0
52028 3 5128 0 7030 624 7289 0
56695 9 9314 0 9886 7685 9381 3920 9729 5705 9815 9910 9386 8570 9906 1606 9421 6371 9907 0
40422 8 8060 0 8326 3437 9034 4253 8590 6154 8340 1369 8831 9549 9130 2193 9296 0
85298 6 5973 0 6307 8928 6030 215 6215 7845 6060 2544 6421 0
67790 7 7627 0 7842 6662 8490 1251 7821 2639 8033 5712 8101 8799 8885 0
27619 9 803 0 1311 7892 3214 8251 1097 165 1637 8740 3784 2894 2832 1040 1745 5734 3851 0
61992 3 6986 0 7202 1386 7617 0
43084 5 642 0 7306 9386 5048 5937 3060 2949 9350 0
48836 6 3372 0 6932 1245 5417 3669 3993 7981 6234 7453 7606 0
50058 10 6348 0 7914 3976 8121 4143 8455 1707 7486 7012 7363 720 8663 8973 7161 142 8025 7492 9069 0
90590 8 7216 0 7318 3836 7317 7382 8256 9161 8416 2004 8678 6540 7221 3267 8928 0
61485 6 6050 0 6115 4136 6367 8068 6135 5279 6350 2073 6378 0
64446 10 3872 0 6838 700 6288 9389 5255 4935 6567 6743 7055 7354 5199 7460 5742 5068 5645 9178 7154 0
53334 6 9339 0 9402 1329 9428 6997 9396 563 9419 3708 9556 0
91234 9 4369 0 7697 7934 5670 496 5314 3550 5247 8200 7409 3904 7466 4395 6452 6088 8178 0
34727 3 2857 0 3787 1253 4433 0
46426 8 2725 0 4663 6186 3944 8168 4801 9137 3073 6273 2927 5925 3430 7356 5187 0
6940 4 737 0 6644 8601 5132 8811 9385 0
77017 3 1952 0 3433 5825 5490 0
16601 7 6511 0 7222 3080 7427 5526 6722 316 7118 6704 7509 641 7726 0
89357 9 4078 0 6364 8529 4958 8091 5987 1831 5539 979 4182 2454 6419 7696 6333 8070 7262 0
42637 8 8087 0 8132 4026 8092 6070 8147 3704 8087 9003 8129 5408 8098 8606 8148 0
37979 7 6588 0 8676 8013 9183 5337 8241 7204 7332 1015 8992 9560 9709 0
98403 9 8542 0 8722 2816 8758 8508 8951 1130 8710 8157 9002 2162 8873 1344 8825 4673 9002 0
44132 3 1615 0 3162 4559 9316 0
41990 9 3684 0 4945 6948 5512 8705 3730 285 5239 6263 4388 3622 5967 2974 4034 2562 6012 0
3319 4 8229 0 8318 9409 8500 4761 9281 0
68556 8 1781 0 3198 833 2305 9402 5876 4909 5415 7694 4910 9081 5640 3262 5882 0
47999 10 2988 0 3206 65 3261 7807 3027 9711 3059 3461 3167 9745 3107 3973 3264 2851 3253 2667 3343 0
7059 6 7604 0 7748 1703 8494 8691 8159 2354 8271 68 8655 0
63340 3 9229 0 9332 7124 9812 0
66184 10 9093 0 9315 9185 9273 2706 9102 8261 9290 4241 9332 3704 9171 2615 9328 2252 9127 6472 9440 0
20196 8 1075 0 1086 3630 1242 9851 1227 1859 1221 6855 1195 9621 1229 6146 1275 0
8849 3 4075 0 7767 3881 8519 0
44824 8 8115 0 8299 5130 8192 3043 8463 5314 8174 7780 8505 1956 8419 7341 8513 0
92673 6 4598 0 4673 5226 4672 8382 4706 1264 4704 6126 4998 0
9909 7 369 0 1840 6884 3398 3959 3805 190 1200 7599 4749 3940 4801 0
84900 8 2997 0 5914 4575 5098 8678 6407 702 3064 7997 6389 7020 6339 9718 8781 0
99252 8 1108 0 3537 1342 6366 5418 4455 6904 5158 5105 3633 7694 4850 4350 6632 0
28880 7 7272 0 9818 6726 9761 5929 8784 830 9095 3553 7758 1614 9857 0
48735 6 9135 0 9193 4600 9241 1263 9265 5593 9245 5238 9275 0
70383 7 6614 0 7569 9856 8842 9480 7459 8769 8649 7665 7616 7955 9241 0
3829 4 4563 0 6030 980 5659 7706 6343 0
92127 6 8758 0 9303 5792 8836 4876 8948 5675 9256 3177 9427 0
58411 7 7210 0 7303 3553 7509 5526 7676 3461 7229 3348 7892 4395 8274 0
8585 4 6813 0 7762 8640 7955 5449 8081 0
16861 6 9917 0 9970 772 9921 2893 9974 6181 9963 1480 9982 0
95358 10 9394 0 9483 9983 9481 3334 9482 8773 9468 8984 9419 6659 9434 2787 9493 5684 9429 3170 9493 0
82703 4 7569 0 9608 2314 8050 2386 9925 0
87068 10 7729 0 8473 6315 8157 6689 7966 5660 8633 5108 8408 1368 8702 4579 7932 2800 7822 7424 9289 0
28169 4 1344 0 3197 685 2787 757 5291 0
80602 3 4434 0 5250 1821 6786 0
90553 6 266 0 810 8011 1054 6888 1089 5424 1065 4661 1884 0
4725 10 4836 0 4895 2983 7088 6388 6475 2165 5044 804 5779 6252 6030 6324 6334 1356 7291 678 7878 0
64591 10 7043 0 7170 1927 7529 9144 7525 8291 7557 5294 7114 9101 8235 3651 7258 7 7281 8186 8661 0
88257 10 9097 0 9129 6732 9861 1404 9127 7842 9833 5220 9114 1932 9915 3452 9217 6082 9902 9373 9942 0
24711 9 6797 0 7919 2115 7252 4706 8351 7695 8235 4685 7471 1820 8097 1917 7680 2724 8504 0
31628 9 9971 0 9985 902 9973 5160 9971 6693 9976 94 9973 1254 9985 8964 9985 3622 9985 0
68439 10 1404 0 1472 6911 1421 316 1492 416 1551 7952 1416 6981 1508 9903 1559 9389 1464 3084 1577 0
96295 7 619 0 7473 3050 2199 4675 6036 6432 9110 3204 8932 270 9366 0
45396 8 7516 0 8828 7303 7692 9732 8045 7655 7705 9373 7555 9244 8018 8915 8977 0
8923 8 5669 0 5837 2459 5960 7830 5915 7076 5782 2773 5671 3262 5807 5669 6029 0
59829 5 6682 0 8347 8638 7998 1912 8014 2275 8646 0
48216 8 8609 0 8653 1690 8842 8869 8707 126 8782 6233 8708 2306 8848 2826 8852 0
84061 4 7019 0 7022 8923 7032 6667 7033 0
19735 4 8558 0 8629 2813 8631 6210 8691 0
