96
84616 5 3313 0 6049 9206 6541 1129 8185 4468 9981 0
44324 5 4030 0 4392 4994 4865 903 4728 7887 9413 0
38368 8 6127 0 6406 3767 6230 430 6668 8061 6232 7207 6719 241 6617 828 6754 0
35962 8 7892 0 8112 2003 8321 2375 8448 9220 8480 8021 8939 5625 8877 8125 9459 0
90528 8 3792 0 8155 5169 7299 3801 7958 8280 8245 9540 6735 920 5311 1241 8479 0
71449 9 9454 0 9558 8074 9493 9993 9579 9935 9592 9629 9512 6501 9614 2504 9643 47 9681 0
60550 3 6266 0 6919 9393 7548 0
10732 6 3276 0 5980 2777 4171 6082 7049 8985 6924 7298 7920 0
8332 5 4292 0 7710 9836 5027 6426 7119 58 8688 0
7850 10 4235 0 5323 681 5000 1171 5499 8855 4662 5009 4497 9838 4703 2834 5673 5865 5891 3708 6070 0
34846 8 1780 0 2117 5541 8985 538 6121 8876 2565 4825 1852 8710 2755 8518 9766 0
49752 9 4254 0 7135 9386 6425 9007 7893 2491 8026 9909 7051 4494 6972 2177 8562 2254 9652 0
37655 3 231 0 1610 8553 1678 0
98391 6 7167 0 9477 6841 8220 7572 7908 1706 8178 9210 9834 0
73204 4 9124 0 9129 4990 9156 3314 9173 0
75939 9 5245 0 5548 2172 6421 4053 6218 3765 5738 121 6256 3233 5957 481 5951 697 6491 0
83778 4 7382 0 7463 9331 7453 7431 8143 0
16758 10 5913 0 7008 3847 6378 2174 6163 8670 6033 6606 6204 9307 6408 1753 6633 9402 6949 7971 7013 0
86936 6 3040 0 3061 7362 7678 8960 5098 4630 7786 5186 8018 0
30535 4 6080 0 6261 6 7852 6218 7875 0
48660 8 6322 0 6507 1354 7411 9690 9252 8365 7307 2010 6600 8911 8669 2801 9344 0
73319 5 2435 0 2930 5633 6832 1754 7627 2165 8423 0
93739 6 5664 0 7201 2355 5979 4352 6830 5924 6647 8963 7558 0
40950 3 4702 0 7633 9671 8637 0
54269 6 3255 0 4809 9909 4869 4075 4910 262 6085 7631 8903 0
10214 4 1848 0 3153 5359 4086 761 7963 0
81207 5 2200 0 6294 3556 5369 6181 2572 3334 7412 0
70227 3 2457 0 4052 7214 5313 0
63177 3 4844 0 6476 5444 6569 0
96741 4 6612 0 6760 584 7040 9834 7214 0
48389 7 4334 0 5148 3855 5193 6143 4723 8606 4959 589 5423 384 5931 0
7006 3 8363 0 8907 1278 9378 0
60126 4 8168 0 8379 6545 8426 7511 8477 0
97727 4 7738 0 8167 6846 8891 2565 9053 0
38364 6 9641 0 9650 8436 9642 8229 9651 2333 9649 3801 9651 0
48423 10 9527 0 9617 3082 9703 7213 9591 3614 9694 6367 9580 3585 9689 8235 9672 844 9627 915 9710 0
99515 8 1572 0 6258 3416 3453 7070 7220 5118 8970 4347 7778 9196 4083 683 9985 0
84587 9 6911 0 6957 7800 7058 6057 6931 5197 6976 7633 6994 5512 7049 6643 6990 5942 7093 0
48408 9 3171 0 3180 2424 3176 4517 3174 5510 3180 8023 3174 340 3176 777 3172 5210 3182 0
29642 10 166 0 1316 3215 256 4337 2012 3441 958 8404 834 4851 2615 1943 873 5126 770 4563 2887 0
81041 4 5816 0 7408 9998 6536 3853 7833 0
95781 3 6610 0 6889 2484 9442 0
70706 10 5599 0 9049 4889 9055 23 6779 1559 7117 2341 8296 5408 9141 5586 5669 7008 6434 5859 9184 0
7266 9 7970 0 7995 4873 8225 1534 8254 988 8452 7030 8396 2381 8091 578 8319 3643 8592 0
67997 4 1312 0 3206 2092 3580 3618 3906 0
59565 4 4480 0 8686 6442 4677 1806 9093 0
10310 6 9104 0 9117 6840 9379 5291 9421 9525 9161 7916 9826 0
49165 5 1108 0 1709 3882 1447 8095 1154 9289 2009 0
91306 8 2598 0 2617 9213 2700 3238 2750 990 2713 1412 2603 8930 2749 7239 2754 0
7911 5 7107 0 8190 2940 8816 2714 9007 3403 9472 0
73418 10 6229 0 8741 1803 6873 7267 6255 3491 7866 222 6229 3351 7156 2599 7572 8384 6287 8849 9306 0
94943 6 1904 0 3093 5468 5165 9709 6773 645 2705 9929 7175 0
87273 5 9447 0 9772 3842 9657 673 9575 8307 9837 0
49201 10 4080 0 5468 4153 5370 4137 7657 7889 6565 4357 8578 7951 5071 8978 7724 5343 7883 6439 9147 0
78115 10 1258 0 2257 819 2712 5972 2997 7927 1587 8688 1881 8964 2234 6138 2438 7763 2167 423 3090 0
54899 10 7347 0 7602 8524 7449 3059 7380 2317 7563 4284 7435 3545 7946 9033 7776 702 7864 960 8025 0
46137 7 3451 0 3729 7594 3612 3535 3644 7646 3686 7254 3679 4565 3730 0
57225 5 608 0 3575 9688 2276 3285 9869 5948 9917 0
36362 4 9170 0 9374 7613 9466 9732 9539 0
91443 9 9139 0 9370 7012 9288 7290 9200 7557 9157 8693 9414 3934 9363 5203 9211 6304 9429 0
9383 7 5005 0 6261 2755 5225 9798 5087 5159 7843 6431 5183 1455 8924 0
60854 6 7416 0 9706 9265 9059 7069 9550 1927 7611 612 9759 0
63294 4 3632 0 4275 9659 5052 7089 5896 0
20581 9 6942 0 7620 9150 8450 4436 8750 1909 8697 2609 7789 292 7537 2419 7130 1553 8751 0
44044 9 9055 0 9170 6881 9118 8153 9207 5799 9098 577 9198 5748 9124 8800 9139 3575 9244 0
90750 10 2842 0 3138 2381 3885 9115 4069 9912 3451 3134 4441 7188 3041 7000 3960 2140 4786 9502 5264 0
62796 5 8125 0 8654 7282 8206 4375 9835 6549 9940 0
36635 6 5531 0 5933 3534 6046 4489 5633 7916 5584 9415 6186 0
64824 10 6142 0 6593 8993 6272 1968 6192 1930 6307 9600 6207 6377 6275 7134 6608 3576 6434 62 6616 0
85121 10 147 0 4890 5945 6040 4392 7386 8243 6849 7249 1349 3937 6749 2757 464 2769 3372 2606 7490 0
9299 7 3806 0 7122 996 5810 5542 8768 9401 5843 3177 5766 5555 9394 0
34645 6 969 0 2620 2699 7042 8387 2856 5062 1486 3658 7940 0
48360 4 579 0 1513 2793 3854 8127 7870 0
67914 7 8024 0 8308 8233 8634 1578 8594 3784 9056 4406 8509 8956 9620 0
47738 8 6155 0 6497 330 6900 5103 6554 1382 6861 5503 6192 6318 6332 4770 6916 0
76281 9 2659 0 2997 6007 2975 3472 2685 1019 3136 2082 3046 835 2941 2566 2893 9265 3164 0
393 5 7686 0 7687 5361 7686 3813 7691 7327 7693 0
46699 8 1917 0 2812 6868 2963 7723 2320 5304 2830 8377 2550 6668 1992 3325 3162 0
27425 10 1244 0 4386 968 3008 1937 1639 6779 6410 8800 6982 2694 4315 692 6318 8 6869 4198 8014 0
75738 6 7740 0 7950 8257 8277 5647 8107 4797 8021 4557 8458 0
61577 8 7197 0 9444 416 8833 5452 7252 6818 9256 9149 9553 5672 8388 1743 9980 0
72428 4 6672 0 6980 1860 6783 6178 9434 0
59755 6 2116 0 5870 9584 2329 1330 5196 4565 2352 6076 6701 0
18767 10 4534 0 5136 6561 7362 7575 7058 4347 5518 3199 7932 3014 4965 8415 6125 2437 6007 8581 9993 0
81906 3 8879 0 9003 2099 9009 0
77603 7 2127 0 2827 5390 2975 243 3269 5955 2826 2426 3490 3150 3524 0
47550 10 2485 0 2922 5731 5545 9408 6274 1080 4101 3054 6636 118 7299 2016 6259 2969 8345 7853 9424 0
52142 9 8341 0 9710 670 8533 4222 8584 236 9234 210 8458 2246 8945 8079 8415 4650 9817 0
54970 7 6002 0 9222 9564 8623 565 7628 619 9012 4655 8909 7378 9950 0
9043 4 7124 0 7222 7043 7177 8289 7579 0
71016 7 531 0 2023 5873 3576 8597 2583 2734 2494 1640 1124 90 3782 0
84495 5 4796 0 5894 8465 5418 1556 5327 1888 6563 0
99247 9 529 0 570 6772 2137 9468 2335 7490 4060 4165 2167 1779 2477 274 541 3600 4665 0
72267 10 9714 0 9891 142 9733 697 9739 8879 9747 3420 9829 7596 9828 3833 9749 1112 9841 4111 9896 0
58922 4 981 0 7705 9086 8741 1821 9838 0
6845 6 4679 0 5814 7552 7208 5300 5786 8200 6037 6539 7372 0
