20
84863 3 1887 0 4087 1722 6090 0
7141 6 9899 0 9904 8641 9902 5167 9899 9312 9900 1776 9909 0
57671 8 2104 0 5249 5774 2824 9782 4046 9526 2132 5895 5550 8688 5049 7185 6274 0
58699 4 7638 0 8217 1430 8802 7587 9147 0
48114 5 7891 0 7912 4306 7903 5980 7911 6689 7953 0
29596 5 1122 0 4104 5215 3775 6519 1449 3704 7172 0
76047 7 9975 0 9991 5628 9992 2607 9978 6735 9995 2561 9998 3043 10000 0
10764 3 225 0 2492 9603 4346 0
1172 5 150 0 1953 448 2423 7330 3067 7366 6696 0
6378 5 3855 0 4305 8478 4860 9253 6184 6164 6288 0
2138 8 5507 0 5887 505 5850 8685 5989 8536 5647 3204 6025 419 6081 8358 6163 0
73327 4 3917 0 5165 9379 5481 3104 7511 0
53245 4 8353 0 8491 1852 8913 4844 9660 0
44868 5 2550 0 4677 829 8232 6267 4817 9549 8909 0
45286 9 2114 0 3443 6223 2717 8634 3202 8247 4018 3679 3166 3064 4104 6026 5824 8005 6309 0
72735 3 1844 0 2088 9630 2234 0
795 3 8065 0 8930 9180 9264 0
54084 10 2779 0 5565 5869 4812 5578 5500 6552 3888 5529 4687 1145 3876 3105 5818 3200 4277 9175 5927 0
14126 6 5212 0 5502 2992 6613 6704 6843 5441 5247 8287 6868 0
1592 3 9921 0 9974 7535 9988 0
