94
74398 9 6910 0 8815 2647 7276 3104 7320 61 7186 458 8175 7772 8083 3417 8770 9738 9597 0
75737 9 6916 0 7865 4847 8940 5058 7779 5858 8271 6782 8388 8581 7769 1099 7146 2937 9158 0
51159 7 552 0 2451 9609 4216 521 5493 9404 2497 6234 1226 738 6116 0
57812 9 1231 0 4142 163 4411 1082 3101 4519 6383 5789 2098 6352 6453 7927 6303 7023 8487 0
31033 4 1827 0 2124 7885 2248 8563 2912 0
31803 4 7175 0 7942 9217 7535 4218 8579 0
48264 6 7471 0 7902 5961 9157 8055 7726 9867 7893 6958 9192 0
1368 3 1013 0 3184 4174 9992 0
57392 10 1394 0 5850 1113 2532 2840 4212 6630 1896 3159 2710 6152 3935 8832 2558 9076 2849 9327 6129 0
65161 4 5092 0 5519 1103 5722 5635 5935 0
22272 6 7267 0 7357 5900 8078 873 7433 8154 8002 9061 8555 0
82559 3 9419 0 9804 8738 9819 0
36529 5 1610 0 3790 157 3549 9400 2674 6758 7681 0
32657 5 210 0 900 6243 2420 4452 2106 3100 4451 0
95917 4 8830 0 8961 2018 8873 7167 9109 0
69367 4 939 0 1072 213 1049 9090 1085 0
81967 3 1831 0 4042 6882 7712 0
1223 5 6848 0 8425 9221 7867 2958 7434 3630 8501 0
55706 4 9471 0 9484 9709 9543 2048 9579 0
17096 8 6212 0 6496 5126 6997 7638 6702 5965 6997 6663 6604 8957 7151 8518 7153 0
23460 7 7524 0 7827 2023 7922 5284 7771 5114 7933 9616 7704 7800 7967 0
15002 7 9468 0 9496 450 9859 4503 9532 238 9913 9280 9613 3007 9914 0
40965 10 3446 0 4183 6788 3711 4236 4340 1887 4467 6845 4859 7112 4124 5966 4528 1715 3988 940 5100 0
32328 6 739 0 1105 5175 1116 3272 1244 3099 1038 2979 1505 0
51054 3 6783 0 7377 5842 9509 0
92461 3 8071 0 8459 3657 8463 0
72864 9 2873 0 3325 3676 3438 3575 3172 9190 3295 891 3231 8230 3338 4502 3163 3308 3471 0
88694 4 1668 0 4003 6218 4879 4391 6464 0
12702 10 339 0 3481 9800 4236 4172 6206 9067 1051 6485 1979 3158 1399 287 3013 1528 2731 6917 7006 0
58700 9 4968 0 5401 4812 5355 9107 5227 7586 5269 9140 5342 7835 5196 9300 5384 4539 5497 0
65450 10 3214 0 3382 2797 3377 7639 5245 5599 5155 4704 4751 1970 5008 9819 5294 3349 5079 433 5411 0
77369 4 9204 0 9298 1864 9248 8561 9401 0
15379 3 168 0 5757 3212 9551 0
40087 8 450 0 3537 1628 4727 9863 1054 5268 6232 5007 2262 6403 5193 6285 6775 0
44897 3 8855 0 9266 4811 9931 0
60659 5 1354 0 4951 7630 2104 9802 1451 6799 5196 0
55273 6 1711 0 2969 8804 4725 4741 5055 2435 2356 2540 7064 0
29317 8 5662 0 5808 6237 7062 1719 5875 5725 8576 6198 7762 9935 7471 3154 9831 0
3260 8 3790 0 5813 4541 5505 2720 7865 9855 6998 4540 5563 3101 6868 407 8015 0
89552 6 5727 0 6643 3156 6385 7644 7918 5618 7887 5647 8655 0
96193 8 5029 0 7717 9638 6069 7947 5479 2570 6379 8933 5576 9438 5086 7961 8257 0
71193 5 427 0 2122 7933 781 7838 1118 8710 2262 0
6946 3 2950 0 7023 2384 8698 0
60650 4 5344 0 6376 169 7513 9428 7878 0
34997 4 9493 0 9966 2271 9577 7805 9985 0
75678 5 6909 0 7045 146 7011 2323 7002 9844 7216 0
13013 7 826 0 1978 3960 1254 168 1431 953 4239 7375 1176 1508 4773 0
91500 7 791 0 835 1524 1023 4137 879 2207 981 9925 872 4810 1048 0
87012 8 5212 0 7103 8440 7775 2964 7178 712 7412 1345 6300 2937 5230 5673 7844 0
36495 5 5323 0 7303 9919 6618 4989 8080 8924 8445 0
23813 8 7272 0 7333 4965 7523 7345 7288 6880 7478 6586 7309 4022 7446 9743 7546 0
19869 8 193 0 6478 229 1224 6617 6035 3021 5665 8673 4290 8776 2183 4007 6618 0
38663 3 9922 0 9922 2147 9929 0
32247 5 3566 0 3711 8236 3745 2379 3657 6909 3826 0
82603 8 6466 0 9305 6357 8778 783 7217 1745 7166 9410 7743 3991 8318 8360 9539 0
36786 8 2809 0 5491 3413 3532 2413 3970 9002 2947 8668 3758 9923 3307 2738 6620 0
55746 3 3647 0 4309 4809 6152 0
2322 6 418 0 1197 9971 474 6969 851 4513 1031 575 2111 0
17534 5 1086 0 2055 2373 4199 5344 2474 717 5286 0
60528 9 7284 0 7360 4392 7299 8901 7396 9759 7320 7041 7354 7261 7318 578 7363 6830 7412 0
75414 3 178 0 234 6792 1868 0
71060 3 5977 0 6487 561 7397 0
33631 6 10 0 2349 3698 2270 7994 3188 179 242 1081 4017 0
61818 6 7829 0 8397 9073 8717 3767 8157 8537 8057 8451 9059 0
83742 7 7145 0 7538 9373 7604 9981 7718 8634 7163 1456 8126 6013 8957 0
4128 9 455 0 4736 2502 1128 7055 6032 6965 856 7039 555 2994 4784 9927 5842 7390 8683 0
5674 3 9248 0 9396 287 9730 0
52244 6 6599 0 8520 5482 6768 3900 7425 3275 9294 319 9465 0
65990 8 8312 0 9059 1284 8784 8141 8766 9970 8572 7410 8442 2259 9669 5610 9709 0
1629 6 3632 0 6210 1750 5572 8132 5005 7760 4372 3698 7077 0
73331 5 1796 0 2488 8380 2719 9256 2020 5037 3069 0
77369 6 5987 0 6664 804 6730 1082 6962 9060 6396 8797 7453 0
89805 5 1540 0 6246 484 4928 4732 6312 1153 6480 0
68625 10 254 0 2749 1591 2336 6651 8457 2387 1868 6157 6534 9674 1523 6992 386 1085 4783 2127 8943 0
94651 4 3633 0 4238 9235 4131 2742 9850 0
8089 7 1504 0 5484 751 2381 7095 7712 248 8692 4039 4321 4583 8736 0
86946 8 7577 0 7613 3054 7613 8619 7614 8653 7585 2715 7607 1685 7640 9769 7652 0
34652 6 143 0 3615 3802 1279 8428 4661 3277 4007 9773 6750 0
19927 9 4042 0 4678 327 4342 1858 4757 9980 5027 2729 4045 4094 4282 2022 4275 4885 5044 0
10322 7 2352 0 3661 8373 3756 942 3633 6970 2638 1432 2354 6972 3760 0
82573 8 3268 0 5988 501 7062 5338 4447 9368 4104 5944 7716 8611 5305 8217 8713 0
64126 4 3546 0 4847 1936 4402 6265 7514 0
5949 10 8287 0 8781 5112 8411 7013 8427 5073 8736 1005 8304 8649 8584 1866 8555 8096 8538 4072 8836 0
33180 8 8554 0 8797 8492 8965 3848 9815 7190 9595 1670 9453 5584 8728 8042 9825 0
64946 8 6825 0 8629 7482 7682 5628 7493 2097 9461 2084 6904 5510 9508 553 9526 0
1829 8 7874 0 8198 8915 8341 3152 8179 674 8123 4220 8015 428 7905 9676 8517 0
95580 10 8557 0 8716 4367 9750 6220 9242 5023 9592 5991 9043 4681 8898 8428 9340 8068 8628 9099 9761 0
45202 9 5810 0 5819 3810 5811 6412 5821 4598 5814 4400 5819 9976 5814 5508 5816 4371 5822 0
68324 8 9610 0 9643 7139 9641 3658 9647 1552 9654 142 9655 788 9642 297 9666 0
91193 5 4813 0 4928 6356 4985 3933 4953 5444 5268 0
96619 7 6251 0 7722 6067 7444 6928 7012 8555 7648 1112 7523 1016 7954 0
60699 7 5985 0 6698 9014 7517 7688 6228 7534 7143 1859 6560 647 7662 0
33377 3 24 0 161 8184 1867 0
1638 10 5112 0 5574 1797 5508 7609 5207 8311 5218 7298 5533 4491 5567 5091 5596 3601 5399 7396 5811 0
