18
16596 4 6226 0 6298 1384 6357 165 6548 0
81054 7 2744 0 5316 7815 3581 3577 4672 8771 3740 8955 5419 9136 7083 0
61438 4 8548 0 8580 3405 8555 3866 8672 0
95761 4 8721 0 9417 273 8908 976 9563 0
43585 3 6177 0 6192 6257 7381 0
55374 3 2110 0 4510 3504 6499 0
41988 8 407 0 447 6017 760 308 636 2121 894 7116 573 5468 655 9931 1004 0
77512 4 2613 0 3592 6483 2713 1357 3988 0
19243 5 8554 0 8570 1074 8621 6193 8606 7154 8685 0
93984 5 7844 0 8961 5353 8790 5994 8447 1991 9586 0
13091 4 5027 0 5771 7316 6556 9201 6556 0
85552 7 4957 0 6878 257 6353 3759 8457 8061 7629 8592 6021 7891 9108 0
71504 7 4171 0 5596 8719 4620 9418 6245 4082 5619 4627 4931 5094 6491 0
48585 9 4903 0 6375 6228 5693 5271 5938 5756 6198 5543 8648 2421 7216 4177 7606 4329 9106 0
40033 3 6711 0 7583 4535 8737 0
73782 10 7458 0 8933 7338 7723 3753 7606 9809 8606 297 8922 6577 8207 9432 8116 8861 7584 6345 9347 0
87795 5 8082 0 9255 310 9439 4151 9257 5531 9659 0
81832 3 2322 0 7289 6390 9979 0
