46
60673 6 8419 0 9086 6352 8821 465 9066 2567 8604 9160 9640 0
95199 6 9977 0 9979 6424 9980 4194 9978 2295 9978 27 9984 0
56002 9 4026 0 4681 9468 4028 774 4533 6671 5106 7095 4916 9466 4551 9638 4908 1581 5247 0
30031 6 7056 0 7659 7800 8124 3471 7529 6187 7787 9185 8202 0
72467 4 344 0 1224 3743 2297 6613 2349 0
27324 10 7757 0 9114 6119 9229 9477 8158 9072 7843 3965 8962 3758 8625 3134 8766 5998 9192 9184 9278 0
63378 4 7665 0 8057 2751 8651 695 8989 0
84178 9 8929 0 8943 5952 8936 8047 9104 8244 9190 6962 9192 1599 9033 1431 8961 9676 9216 0
3460 3 2981 0 4802 7801 7780 0
8057 7 2320 0 5661 7449 5843 9477 3045 1756 2353 363 6741 606 7943 0
66201 8 2212 0 6731 1184 2313 1876 8559 9673 4191 9160 4862 7637 6579 9144 8862 0
39459 6 187 0 5337 3481 7651 9304 8123 2796 5728 2583 8130 0
86306 10 4254 0 4647 2597 4293 4950 4487 1311 4763 6574 4610 9189 4813 81 4629 411 4516 7197 4958 0
34335 10 6937 0 7603 2681 7191 1196 7223 1868 6996 3214 7413 2582 7378 2024 7204 1214 7539 5355 7917 0
45943 9 8476 0 8476 362 8543 3127 8582 6834 8527 184 8501 2718 8556 4064 8506 218 8589 0
68872 8 4471 0 4665 9619 6650 645 7424 9973 5398 1104 6110 3373 6601 8177 7484 0
91520 3 6823 0 7846 2731 8968 0
12193 3 216 0 5335 1020 9937 0
99048 3 6772 0 7239 6453 7430 0
13066 3 7951 0 8091 7142 8123 0
11967 9 741 0 3859 7212 6840 4148 4903 5931 4063 4480 6761 2779 5911 7379 3282 2220 7999 0
31006 6 7815 0 8178 7280 8459 7705 8302 2133 8369 8437 8523 0
20730 10 1141 0 8897 5231 7530 8473 6578 5848 8455 3113 7830 3793 7396 4089 1760 6317 3812 7830 9003 0
69943 7 1490 0 1795 7556 3756 5619 3583 314 3375 3281 2034 2251 4350 0
59216 5 9479 0 9648 9811 9569 1741 9713 685 9743 0
37095 5 90 0 2396 8137 190 9494 134 1040 2812 0
77769 5 5299 0 6769 8769 7474 1785 5550 6171 7616 0
62754 9 2444 0 6642 1812 2681 5546 3514 9268 4253 6391 3666 8350 5764 6205 5210 1478 8262 0
98736 4 478 0 7523 5585 4424 3202 7663 0
8191 7 6939 0 7776 1474 7622 8277 8044 1493 7586 1396 8475 7231 9115 0
71973 6 5710 0 7789 1210 7031 4179 8903 9076 5801 8084 9575 0
41965 10 1446 0 3532 3962 5448 959 3394 5122 4667 9799 5440 9691 1476 97 7113 7710 3919 2704 8088 0
42437 7 6244 0 6387 9312 7472 534 7334 1843 7632 7635 6434 694 7921 0
36271 6 1596 0 4247 2093 4485 4828 2106 8744 4663 5012 7873 0
36439 5 162 0 589 1327 647 9743 488 2674 1199 0
32674 9 7040 0 8238 6788 7491 552 7680 8101 7056 4634 7441 4415 7652 8689 8201 8192 8356 0
48973 9 1735 0 4646 538 3700 5853 3049 4715 4259 5883 2704 5057 3961 7159 2664 5827 7369 0
30934 8 4554 0 4865 7198 4918 8044 4650 8091 4688 5066 4711 1693 4676 2163 4932 0
57056 9 653 0 4082 6050 3395 4885 1382 2792 3214 6644 1208 5593 1268 1102 2273 809 4114 0
3778 10 5696 0 6813 6316 7608 3705 7301 5464 8319 3747 6591 5901 8209 2739 9860 4312 7252 2128 9892 0
69272 5 1835 0 1993 2013 5811 2500 4502 4262 6794 0
98676 8 7899 0 8126 5947 8670 6330 8663 951 7943 1883 8607 8003 8517 5043 8809 0
9501 10 642 0 1363 9752 1008 847 645 1925 1465 8523 753 8920 1710 7211 1532 8611 965 8862 2248 0
93582 9 8079 0 8372 103 9578 1620 9028 4027 8096 8823 8924 3999 8564 5707 9702 617 9706 0
24809 3 4707 0 6321 3646 8296 0
44413 7 3749 0 4359 7354 6146 8013 5203 781 7470 7596 5785 9289 8502 0
