74
47548 6 5875 0 8683 6225 9315 4129 8538 9001 8463 5802 9601 0
15203 5 6552 0 8508 7468 8434 4005 9122 2580 9828 0
56569 3 3410 0 5494 3607 6632 0
67728 7 5806 0 5816 8130 5824 4656 5902 8343 5901 6443 5914 8119 5934 0
96735 10 2522 0 6138 6155 5686 1310 9012 9162 3705 5186 6621 9886 5247 458 7903 797 5609 6782 9571 0
30399 4 8993 0 9570 1755 8993 9406 9898 0
9326 4 9112 0 9245 7318 9740 7957 9744 0
4698 9 7587 0 7726 2109 7631 9091 7854 8473 7694 2255 7731 1601 7726 4329 7922 9905 7947 0
10126 6 7764 0 8768 9752 8207 2688 8246 8898 7818 9833 9622 0
52291 3 5644 0 6353 7874 6977 0
69557 7 5463 0 5533 7898 5543 8879 5505 836 5506 1366 5475 5414 5560 0
15594 10 2877 0 2913 20 2964 2189 3514 9647 3416 6474 3069 8512 3144 3760 3478 4548 2900 8893 3521 0
99256 5 6366 0 7498 873 8869 2901 6441 7910 9339 0
38330 3 9989 0 9989 67 9990 0
55460 4 1299 0 1914 5046 2357 4938 4487 0
27900 3 9958 0 9958 9487 9986 0
32906 3 6081 0 8242 5311 8635 0
44653 8 4547 0 4600 7691 4817 5122 4594 188 4656 6777 4664 9502 4800 112 4831 0
69863 5 7175 0 8282 6590 7257 7684 8443 2010 8734 0
58134 4 9755 0 9763 8838 9795 7564 9884 0
25569 4 4603 0 5739 2686 5217 7618 5839 0
15547 7 1173 0 1776 775 5858 3763 1754 8550 3003 8786 4974 9433 7777 0
8885 4 6974 0 8293 4313 7504 7996 8323 0
40852 9 1755 0 4701 1762 4791 9355 1817 699 2291 9323 4347 8232 5208 7070 2917 8648 6047 0
31647 9 1856 0 4231 8381 5417 5518 5313 5740 2676 7738 2112 8035 2343 9110 4416 1733 5542 0
78667 10 42 0 3660 2154 5157 8056 781 6311 1705 693 6646 3793 4294 5184 5003 7806 5577 5410 7012 0
73988 8 2205 0 5144 8263 3800 6010 2236 7233 4234 6146 4264 8123 2767 5301 5186 0
4217 6 4968 0 5552 8578 5421 3740 5043 7199 5125 8898 6694 0
30263 8 6610 0 6660 4819 6764 712 6784 7921 6734 1794 6633 5713 6793 792 6883 0
74100 3 6325 0 6874 2675 7179 0
12756 6 6950 0 7702 4947 7660 4080 7969 3196 7500 9739 9300 0
90214 7 6155 0 6288 8002 6261 5318 6178 1881 6314 5637 6172 6150 6329 0
97091 6 9563 0 9591 2365 9716 6242 9803 5838 9984 923 9992 0
21542 8 9927 0 9929 924 9929 3907 9936 4568 9927 8740 9971 4248 9959 449 9981 0
59049 7 250 0 1156 4139 1869 3982 1693 4573 4945 1457 2814 9534 5132 0
29221 5 558 0 1894 793 5408 4265 3847 5625 9932 0
89437 4 2677 0 2689 2455 2684 8633 2727 0
35711 3 27 0 476 9471 1731 0
79213 6 7349 0 8773 5975 9028 5002 8827 1356 7730 623 9064 0
92298 6 1277 0 3508 4528 5014 1743 2311 66 4859 4097 7183 0
10547 4 559 0 3999 2962 1913 3422 9056 0
1718 5 5394 0 7482 8406 7486 9683 6089 8724 9196 0
5536 4 9911 0 9997 1608 9929 8838 9999 0
80903 3 9759 0 9783 4792 9869 0
47759 4 6442 0 7386 8466 6472 1386 8245 0
99862 4 185 0 9176 6174 6049 408 9355 0
38472 7 2471 0 6599 8954 3712 6538 3212 6637 6302 8823 5464 1584 6634 0
86376 5 6113 0 7687 3447 8678 6825 8338 6914 9859 0
87756 3 6363 0 6385 1277 6511 0
77885 3 980 0 1041 3556 2585 0
2512 8 6409 0 6547 7082 6482 4162 6499 9579 6643 7051 6645 4479 6412 9486 6655 0
98457 9 8357 0 8540 3832 9660 502 8469 1017 8586 9769 9739 358 8395 1913 8674 8728 9752 0
61667 9 9067 0 9722 2697 9499 7167 9306 4169 9560 168 9281 4135 9305 9838 9232 8107 9741 0
46471 8 4799 0 6101 8198 8486 995 5024 893 6513 1920 4900 6153 7827 1092 9567 0
26163 8 8849 0 9536 422 9641 3295 9430 4076 9498 9293 9763 5328 8928 8547 9790 0
32839 8 2476 0 2833 3638 3064 2388 2645 9278 3125 406 2728 2667 3366 7616 3688 0
57643 6 856 0 1879 1503 5944 4538 2288 2778 5133 5890 5951 0
27193 5 8220 0 9354 7752 9095 5978 8545 5353 9974 0
61784 4 1483 0 3688 6298 8881 3952 8989 0
20076 4 8642 0 8718 9090 8734 5227 8768 0
29762 6 3041 0 8437 1674 4801 9730 5504 3191 7149 5028 8676 0
68514 8 3148 0 4706 5639 4196 8027 5044 7563 3288 9175 4221 3419 3716 8420 5362 0
97954 4 4103 0 4990 9710 4266 439 7946 0
38726 5 1601 0 1903 2712 1736 893 1925 4039 2404 0
12964 3 7817 0 8207 5072 9625 0
54428 10 256 0 5736 3972 1040 8200 431 7295 3311 9527 1217 8953 1640 8046 2580 6836 1131 6529 6711 0
75413 10 2964 0 3649 8081 4160 5352 3910 9308 3546 2729 3710 8686 3503 19 3665 7533 4171 2160 4355 0
67484 6 9753 0 9774 7860 9772 9049 9759 3981 9757 4892 9796 0
83837 3 9720 0 9734 1442 9930 0
86232 5 5810 0 6174 310 6155 3003 6224 3379 6342 0
22585 8 2543 0 2696 2098 2713 8925 2611 3311 2787 9752 2665 8351 2738 3186 2802 0
76283 5 8502 0 8716 3068 8803 5722 8674 1826 8811 0
17258 9 7665 0 9240 1248 8997 671 8105 2316 8110 7752 8032 4219 9079 1562 9271 1772 9281 0
15001 3 2136 0 2316 8124 4416 0
