44
89975 9 648 0 4172 1464 1350 922 1664 6257 5908 7236 5134 5063 4034 2779 2547 9671 8892 0
93015 9 7694 0 8567 5685 9176 2228 8127 277 8478 2244 8472 2381 8312 2272 8416 3076 9390 0
65896 5 7061 0 8020 7773 8734 1273 7992 4592 9180 0
21290 5 2537 0 7557 7496 8306 8263 8947 6940 9923 0
65015 6 3622 0 4702 9733 6163 5454 5357 8039 5396 715 7488 0
66963 9 375 0 3665 9105 3145 7064 1115 8553 1409 2191 1039 9222 2074 9972 1546 4138 3764 0
29582 8 3924 0 7940 5972 5188 9445 4014 9268 4949 2966 4912 765 4237 3201 8284 0
82508 6 876 0 1369 4483 1019 6322 1160 2469 987 2497 2286 0
962 6 1997 0 2150 564 1997 2650 2131 3773 1997 8053 2176 0
52361 6 7827 0 9346 7994 9350 3843 9293 9716 8298 1982 9419 0
64476 3 1221 0 5158 2304 7241 0
2723 5 2957 0 3247 109 3066 4277 3324 5072 3539 0
70159 3 9970 0 9970 2184 9971 0
45692 4 8300 0 8593 5236 8759 3790 8786 0
61934 9 323 0 421 4736 455 1389 421 3292 362 5741 484 9742 441 7577 454 1901 491 0
57108 10 1449 0 2341 4615 1623 1215 1732 7991 1808 6164 1808 5772 2157 2872 1916 567 2119 3750 2419 0
56077 7 4733 0 4948 935 4992 7694 4777 3280 4791 6561 4774 6458 5044 0
35375 10 5123 0 6212 2779 5861 3878 5163 3 6358 1549 6517 7936 6496 2703 5346 8139 6712 209 6839 0
93803 6 631 0 1222 6845 836 3403 3650 9276 4056 9199 5038 0
47649 7 5694 0 5763 8606 6112 9520 5942 2674 5996 8577 5935 5711 6119 0
53621 4 936 0 1474 8904 1859 5923 3769 0
5848 5 809 0 2816 7129 4522 4319 7746 3344 8827 0
73872 3 7978 0 8026 5641 8054 0
51210 8 9031 0 9200 5705 9367 5989 9321 6817 9068 3955 9062 9587 9348 5625 9678 0
48834 9 8176 0 8611 3226 8348 4393 8404 3916 8491 3701 8624 6979 8523 7579 8223 4551 8647 0
14925 7 2613 0 4909 4995 3939 2747 3878 374 3250 1328 3301 9510 5347 0
8261 7 4564 0 4771 8238 4916 5370 5199 3908 5089 4975 4863 3362 5479 0
32059 6 9055 0 9431 3305 9649 306 9554 984 9155 4879 9667 0
70593 10 9389 0 9442 3883 9546 2047 9400 5697 9442 166 9433 9123 9499 7814 9438 1177 9491 1285 9589 0
53432 6 9632 0 9648 8741 9755 4435 9678 9284 9771 8288 9782 0
11151 4 7182 0 7237 1287 8160 1660 8410 0
87701 7 5660 0 6271 8411 5821 8817 7517 1130 7523 843 7476 4891 7933 0
34413 8 4895 0 8637 3895 8953 7413 7805 3018 4981 8609 8266 186 8744 5430 9074 0
54932 3 3142 0 3773 2382 4360 0
91113 4 9148 0 9182 7501 9156 1218 9185 0
33834 8 2217 0 3074 5235 3847 5650 2282 1617 3402 8785 3315 2789 3279 636 4024 0
18996 8 8263 0 8631 5296 8838 4123 8690 146 9011 8480 8796 4865 8997 7023 9058 0
22272 5 4207 0 4835 1930 4432 9539 4686 6884 7152 0
63527 4 9608 0 9623 9654 9609 2390 9730 0
99937 4 9578 0 9580 429 9581 8017 9612 0
81100 3 4741 0 5254 3101 8307 0
55889 10 36 0 4275 2472 1130 8988 1591 4897 3204 6344 1306 2486 1403 4607 3100 3888 2848 2306 4539 0
71879 7 7237 0 7394 6844 7463 6527 7378 3442 7570 6082 7696 2103 7774 0
34648 6 7436 0 7669 6093 7510 9865 7958 9814 7869 9210 8289 0
