72
34266 9 4408 0 5101 925 5546 6822 5763 7382 4569 1175 5754 9745 5429 9022 5520 3018 5790 0
95703 4 302 0 921 6604 1692 7205 1910 0
78451 3 5480 0 8449 7657 8827 0
66539 10 5060 0 5616 1023 5657 383 7290 2499 5091 3914 6294 2370 5215 2870 7331 8247 6972 7663 8064 0
42783 4 9806 0 9853 5286 9849 66 9881 0
61965 4 1892 0 6427 3097 3976 4334 7842 0
31297 3 9539 0 9548 680 9550 0
53199 4 2894 0 6983 7905 5019 9100 9964 0
18948 10 7604 0 8197 7477 8219 7279 7917 5768 8105 6803 7883 9025 7882 394 8350 6285 7956 4452 8529 0
77734 6 1744 0 4061 3238 3828 2643 4842 6593 5526 1162 5724 0
20126 7 5489 0 6307 5449 8478 6513 7939 2378 5646 3900 7170 1211 8680 0
43442 5 2951 0 3064 3607 6052 6754 3232 8283 8722 0
75976 8 7182 0 7488 8374 7654 5311 7448 8230 7675 7691 7331 4448 7475 5194 7711 0
99842 3 7052 0 7771 8905 8083 0
33083 7 8093 0 8104 2363 8290 2731 8264 7512 8300 9202 8279 9317 8323 0
74320 8 722 0 1370 1403 1654 2142 1081 8491 1797 8156 1436 4611 1962 1278 1993 0
16360 6 6162 0 7942 8451 6295 9790 8064 8105 8023 414 8224 0
49258 5 9527 0 9764 2619 9657 4291 9633 4589 9811 0
91004 4 3196 0 4089 3446 4743 1690 7613 0
12572 10 2353 0 2963 4449 3115 3155 3292 178 3345 971 3024 9661 2736 7280 2463 5401 2464 2796 3523 0
15791 4 477 0 1927 678 1899 6191 4035 0
24603 3 8771 0 9355 4178 9495 0
67318 8 1788 0 2875 7039 3034 3030 2970 7873 2657 5843 2035 2121 3307 4523 3765 0
22270 3 7786 0 7878 613 8487 0
68430 4 9222 0 9267 1508 9289 4508 9303 0
88452 6 9380 0 9735 7359 9770 5895 9705 5418 9687 6235 9775 0
72052 4 3046 0 4082 4445 4111 1274 5226 0
34724 9 5386 0 6913 9518 7879 532 7935 8999 7019 2552 5860 7927 5566 1521 5414 3978 8566 0
66203 6 8218 0 8251 8186 8303 7929 8327 2176 8218 2736 8453 0
88640 10 4683 0 5135 5071 6858 1443 6853 1189 7147 6498 5277 7296 7343 3985 4899 3017 6786 6029 7982 0
84670 7 6893 0 9076 2253 9105 1592 7977 9486 9261 7043 9226 474 9831 0
87154 8 4352 0 4378 6536 5155 3642 4918 4325 4644 2644 4511 4780 5354 4821 5354 0
53293 10 8435 0 9400 2632 9012 3172 8827 7344 9546 7288 8546 5766 8861 9200 8791 3925 8761 4969 9584 0
11611 7 6710 0 6778 65 6946 2068 6858 9271 6929 2053 6827 4716 6968 0
82507 5 2054 0 5709 2335 2702 7984 3128 9487 7692 0
98788 3 7031 0 7374 245 7875 0
94144 10 5141 0 6860 5441 5968 6901 6946 2497 6482 8915 6887 2378 5648 9048 6947 9625 5915 5299 6978 0
81391 9 4901 0 5362 5698 5401 6781 5067 1002 6022 1565 5487 5092 5535 8136 4988 8498 6096 0
25777 3 7122 0 9027 1759 9204 0
92501 5 1481 0 2673 9883 2298 2425 2560 275 3044 0
44583 10 9772 0 9814 8065 9784 6845 9798 3021 9801 2580 9781 3646 9789 8553 9785 6453 9803 8127 9822 0
19390 5 4650 0 5781 3193 5612 3993 6873 7775 7493 0
74067 5 5782 0 6810 8028 6408 229 5997 2196 7352 0
20647 8 8366 0 8988 6516 8618 1427 8911 8386 8925 9552 8829 407 8756 5729 9320 0
55397 8 927 0 5810 3877 9269 9832 7003 6657 9481 8003 4214 7785 7178 4495 9753 0
69587 9 3848 0 5295 3147 3951 7153 5067 7767 6178 926 5313 6435 5778 9159 3895 4586 7669 0
43731 4 1219 0 2343 200 1436 171 6048 0
84630 9 1817 0 3136 5023 1976 4160 2067 7886 2792 449 2817 7236 2265 7716 3014 711 3294 0
59108 10 7355 0 9289 224 8532 1565 8619 6115 7709 3885 9168 2700 8388 87 7805 7954 7657 6259 9664 0
72709 3 866 0 5599 2472 6700 0
61540 5 9202 0 9354 9069 9549 5741 9540 4335 9968 0
18392 7 3790 0 6612 9418 6614 1590 7554 3141 4837 5363 6045 6407 8155 0
37329 5 7114 0 7688 8060 7802 1151 7192 870 8067 0
13739 9 9250 0 9353 6570 9261 3409 9301 3283 9315 8855 9368 1361 9361 5284 9335 5383 9391 0
11140 5 1407 0 2052 4712 1954 1565 3614 1750 3923 0
32670 9 6680 0 7289 3085 6882 3406 7242 3208 6785 4440 7086 3313 7080 6911 6897 1976 7348 0
44052 7 1712 0 1859 8592 1856 8978 1804 1896 1826 4295 1722 2235 1861 0
25889 8 8633 0 9175 2555 9180 1929 9195 6101 8784 1042 9447 3719 9502 1843 9514 0
71821 10 6050 0 6342 1220 7364 2529 7766 2072 7422 8333 6701 7945 7275 9869 7052 566 7191 3746 7769 0
48312 4 865 0 950 3395 1440 9778 3376 0
94628 8 1297 0 1677 7064 5265 7781 1653 1982 1566 5822 5576 2030 2092 1239 6915 0
63891 6 7402 0 7603 6638 8181 5582 8962 4448 8527 8436 9209 0
74282 3 8866 0 9259 2652 9661 0
86197 9 3963 0 5534 3140 5875 8721 4804 4216 4495 4613 4807 1716 5302 471 5409 5110 5897 0
80944 9 2140 0 4183 631 4007 1763 4454 48 2943 956 2490 2587 2215 9416 2735 2201 4925 0
69997 9 6804 0 7470 5136 7040 2852 8191 1565 7017 1845 7394 3212 8056 4008 6884 1638 9029 0
35735 6 190 0 692 6887 1483 5762 1842 6353 502 3317 1863 0
9090 7 4140 0 4237 5467 5216 2483 5625 4833 4562 1479 5072 21 5950 0
74496 9 4727 0 6798 4754 8800 8511 8368 7177 8879 697 5906 8083 4952 4954 6419 4962 9369 0
66891 9 4424 0 5232 2791 4689 7020 4846 6615 5977 6991 6726 24 7302 9976 6174 3884 7305 0
80970 5 3357 0 7447 9925 7185 8309 8393 7891 9620 0
26170 8 309 0 359 5752 310 895 317 2920 320 561 324 8965 354 9445 368 0
