146
66993 9 7616 0 8187 1728 7718 8775 8049 7162 9242 569 8685 6063 8229 9523 8061 8269 9317 0
44580 5 5609 0 7273 8542 7783 733 7723 1276 9637 0
6848 9 2895 0 3157 6760 3457 600 3382 7097 3436 8266 3546 2778 3023 413 4192 1074 4203 0
51641 6 8318 0 8587 5431 8766 9781 8845 5122 8340 4760 8916 0
22937 6 8439 0 8954 1329 9070 7758 8543 6577 9117 7696 9208 0
66062 9 4097 0 7520 5194 4905 7346 5561 647 8686 8280 8155 9901 7809 2243 7864 7927 9039 0
12146 9 4086 0 4123 8959 4253 77 4150 7225 4176 3059 4172 3477 4118 180 4147 89 4266 0
62125 10 5038 0 6215 8619 7612 9046 6886 3292 5804 3534 6050 270 5573 7629 7069 4097 5335 844 7659 0
52256 3 2479 0 4616 9454 5463 0
98026 8 4051 0 4221 8969 6454 2496 8294 9755 5702 8560 7361 7273 7304 7907 9801 0
41578 8 1936 0 2271 3223 6576 3237 8190 9317 3423 6647 3294 1791 2886 8195 8779 0
86869 7 3349 0 6016 4622 5962 2329 3922 19 4060 2343 4880 6978 6352 0
23855 7 5633 0 6692 3374 6741 5670 6608 5827 6636 7084 6216 7895 7019 0
65298 4 6081 0 8225 4433 6674 5037 9985 0
87286 10 4884 0 5171 2088 5226 719 5974 8895 5311 8975 5954 7518 5328 8312 5834 9003 5468 154 6676 0
72297 10 9177 0 9386 682 9438 2408 9479 8314 9501 3528 9357 4520 9420 9527 9400 5227 9481 2856 9503 0
21244 4 8428 0 9682 9134 9436 3380 9828 0
84558 7 185 0 3000 849 1428 1065 2320 4047 1399 1384 3822 4113 4778 0
39991 6 410 0 875 4811 979 4523 1172 2 838 7130 1267 0
10983 10 8973 0 8978 3584 8977 3077 8978 9651 8980 5104 8973 4444 8973 4138 8980 5202 8975 5365 8983 0
63158 3 7329 0 9603 1785 9606 0
46112 10 3554 0 4436 7879 5171 5286 5759 982 3638 7646 5646 3481 4431 2710 4055 6523 3556 5600 6018 0
7998 4 5737 0 7733 8534 8671 6816 9693 0
90445 7 7227 0 7890 7954 8749 1178 8449 5130 8899 1622 8206 3469 9202 0
11295 7 6025 0 7456 2641 7251 9748 6461 69 7302 7599 7519 625 7571 0
25152 6 6337 0 7355 1178 6539 3249 6708 2618 7297 5224 7455 0
49020 3 3183 0 4813 978 4862 0
44884 8 4888 0 5971 2518 5785 9291 9091 7788 6223 5273 8800 6726 9088 6608 9383 0
61902 10 6795 0 7067 6618 6943 3391 7483 5352 7216 4862 7163 8896 7084 148 6804 1599 6840 8070 7588 0
46419 7 6661 0 7544 5748 7043 7561 7881 7141 8458 4600 7546 4291 8546 0
99761 5 2796 0 4321 6321 8060 5192 7157 6673 9012 0
78837 5 9095 0 9424 7154 9604 7248 9309 3660 9776 0
10309 9 9622 0 9691 5198 9794 2877 9707 7231 9634 1174 9765 2983 9803 6585 9708 1856 9805 0
5387 4 9237 0 9438 9104 9418 3665 9524 0
66126 8 3834 0 5381 4957 3900 2157 5989 6792 6429 8632 7835 9070 3948 7794 8351 0
94432 5 9314 0 9669 2639 9376 5197 9456 1229 9676 0
16495 7 7286 0 7731 1770 8957 9436 8717 9011 8823 4071 8930 2088 9181 0
43519 5 1809 0 2209 9016 2165 1618 2140 4561 2247 0
88833 9 2590 0 8084 3623 5446 1586 2978 8887 6115 9893 6222 7874 8411 7026 8937 8812 9348 0
8918 4 6900 0 7332 7808 7308 7388 9138 0
92070 6 7807 0 9008 1112 7969 5731 7949 4565 8502 1102 9054 0
23422 9 4028 0 6813 6869 5092 6742 9025 1370 4390 9755 7992 2951 9316 3270 5080 5614 9375 0
12658 8 3539 0 5783 4827 5896 4465 6518 5052 5439 7687 5216 1906 6010 4062 6718 0
80944 5 8711 0 9354 5528 9232 4563 9599 1503 9664 0
16051 7 472 0 2152 366 762 9429 1362 9582 2066 5091 2528 5130 2588 0
31423 5 5362 0 7354 420 7241 5382 7178 2844 7638 0
9330 3 3728 0 5658 8318 6338 0
28971 10 5803 0 9313 297 8009 7806 8774 3449 6545 894 6975 2857 6806 8597 7401 7838 9630 8805 9718 0
54767 4 7048 0 7581 2643 8315 7693 8952 0
3474 5 9550 0 9560 6150 9576 804 9686 9095 9826 0
94431 10 2050 0 4973 7990 5564 2780 3475 5826 3098 3479 2573 4929 5395 2079 5974 6410 5267 4288 6109 0
95691 4 1854 0 3338 278 2001 2666 5771 0
10069 7 8721 0 9730 1124 8958 7314 8978 696 9481 7532 9051 2383 9858 0
31595 7 7431 0 7433 6200 7434 7398 7431 7841 7436 5297 7432 3587 7436 0
57033 6 9114 0 9156 7264 9128 2538 9176 8824 9152 5254 9176 0
65563 5 7749 0 8670 7118 8842 7001 8563 4231 9001 0
71418 9 1245 0 2968 8776 2826 6696 3839 135 4536 4996 3115 3521 2981 9476 1428 6863 6311 0
25251 8 7201 0 8793 3704 8329 9268 8359 3662 9309 2002 9220 2832 7937 7042 9567 0
7443 3 5785 0 7031 4617 9748 0
74887 10 6576 0 8433 3364 7721 8225 7842 2833 8741 9557 7890 6750 6918 1541 7616 3228 8559 399 9642 0
39811 9 3533 0 4820 3448 4977 3844 6493 6580 5656 5600 4446 155 4102 88 3716 6157 7176 0
49064 8 8400 0 8796 7350 8879 7727 8879 7657 8972 6768 8847 4722 8754 4558 9245 0
24829 5 4161 0 4433 1681 4164 3680 4631 1012 5148 0
28386 7 9256 0 9372 2729 9452 4519 9737 4896 9378 477 9818 1567 9880 0
99516 5 3522 0 3870 7140 4484 7766 4508 4242 6675 0
80285 9 3218 0 6969 4468 6837 148 6044 1230 3231 684 4622 9789 4322 6164 4569 5602 6977 0
16145 10 8360 0 9023 5912 8394 4114 8600 6457 8496 2469 8854 4292 9015 1362 8657 1222 8657 6606 9142 0
65514 9 4816 0 8545 8643 6849 2583 8682 5276 6135 7957 5903 1173 6604 5621 5349 6464 8758 0
67759 4 7264 0 7767 235 8333 1954 8797 0
95484 5 9674 0 9679 768 9683 3461 9676 4990 9686 0
47850 7 3592 0 8632 6436 4015 5546 4767 3302 4883 6436 7829 5241 8641 0
74225 10 6156 0 9861 5046 7194 2496 9525 5729 6969 7226 6869 6881 8125 4197 8039 2242 8084 5606 9886 0
52642 5 5484 0 5606 9896 5687 2804 5538 6569 5688 0
6739 3 6062 0 6326 4801 7934 0
7998 9 509 0 740 7320 3490 3723 4286 6755 3375 2067 1382 9532 771 3614 1143 2193 5576 0
69990 8 9653 0 9654 7687 9839 983 9681 581 9857 7451 9826 4324 9918 8514 9924 0
10525 8 9491 0 9755 4161 9536 3438 9635 302 9736 8790 9671 843 9634 4313 9764 0
3691 4 5044 0 7542 7360 6626 159 8676 0
52179 9 9049 0 9222 1820 9223 5662 9138 1945 9390 3066 9279 4476 9293 8322 9180 5127 9438 0
60292 4 5141 0 6643 9961 5847 7228 8062 0
420 5 3529 0 4278 6112 3772 758 4388 3507 4734 0
66077 3 6342 0 6713 1538 8708 0
18864 7 9697 0 9769 4544 9779 4284 9823 2719 9786 9238 9745 2531 9917 0
91302 5 3872 0 5594 2129 4531 4746 6239 4946 8319 0
35249 10 9160 0 9447 961 9269 5719 9418 7953 9319 2051 9533 4374 9672 5647 9548 318 9222 9587 9702 0
53629 8 8348 0 8401 9763 8399 5594 8564 2717 8446 5036 8515 9471 8507 2467 8591 0
44898 3 4777 0 7466 110 8450 0
64827 8 953 0 6595 7151 1497 3853 3975 8805 5599 8130 4534 7881 5752 5481 8030 0
77735 9 7052 0 8533 5155 7873 9568 9403 4240 8563 9930 9507 1994 7937 93 9569 8414 9997 0
17062 10 8314 0 9502 4766 9070 7805 9019 8168 8391 3047 8352 3553 8483 954 9408 1520 8795 375 9520 0
60751 3 2319 0 9534 9348 9705 0
11188 10 3232 0 3374 3363 3265 626 3715 4280 3672 48 4035 2986 4225 7543 3563 6099 4207 4665 4230 0
88384 4 2675 0 7800 4216 6501 9892 9679 0
16681 4 5624 0 7257 2370 6706 1694 7663 0
54633 8 2019 0 2269 2271 2759 6788 2555 9788 2365 4959 2019 1517 3146 3507 3224 0
89122 10 1249 0 2403 9990 2391 4936 3821 55 6338 372 5306 4122 6598 5072 1617 734 5091 7443 6919 0
43807 7 5117 0 5474 8515 5860 3472 7434 3219 5975 6686 5978 5618 8240 0
63320 3 1379 0 1750 5197 4112 0
19412 3 6523 0 7085 8767 7222 0
66365 6 2929 0 3316 2193 3147 2647 3081 990 3177 6608 3475 0
99941 4 191 0 1270 9386 2699 74 3321 0
8596 6 2126 0 2567 5523 2970 4896 2691 9017 2163 1234 3236 0
63589 10 2541 0 4180 9653 3843 5803 4470 2616 4563 2038 3669 2213 4681 8739 4470 4025 4460 5880 5215 0
17032 7 6193 0 8140 2701 9668 4268 9349 570 7954 9612 8112 8376 9857 0
93230 9 9719 0 9800 2687 9983 9021 9779 6870 9918 1881 9908 1176 9790 4307 9921 1638 9996 0
13349 8 2083 0 7078 8511 3697 2672 6014 5634 3172 7792 6583 1990 3077 2263 8580 0
63518 6 2662 0 3612 2028 3372 2785 3767 6895 3308 8969 4638 0
74849 8 7579 0 9176 1342 8249 1445 8594 4302 9387 824 7928 5550 9171 6845 9792 0
93132 8 2032 0 7820 3842 5778 6246 3131 1841 2821 1802 8708 1111 2858 3902 9594 0
87792 5 2922 0 2960 8378 2936 7329 2944 5250 2966 0
23934 10 9404 0 9521 3949 9658 2755 9577 8394 9597 3358 9599 1085 9620 8922 9409 6256 9452 7993 9704 0
21702 10 3120 0 3789 3887 8038 5143 9313 3539 9279 7200 4859 8196 6998 9987 4294 497 3804 4233 9908 0
1656 6 1123 0 1260 8793 1229 6460 1246 5187 1159 6205 1366 0
76066 10 5896 0 7855 6360 6880 1829 6097 6201 6515 9174 6982 7030 7206 1935 6272 2123 8257 3671 8349 0
85923 5 8380 0 8427 5835 8398 4263 8402 6020 8429 0
72880 4 7071 0 8548 6722 8058 6542 8988 0
32098 6 7604 0 8123 4070 8116 1461 7713 6237 8293 9163 8712 0
65261 10 4810 0 7233 9514 7120 7633 5520 1516 5074 578 7059 4456 8747 806 7208 4039 7663 2769 8750 0
64450 6 1201 0 5700 8607 4057 1905 7377 4076 1538 4015 9222 0
16199 3 8268 0 8353 3451 9059 0
13487 7 5403 0 5886 2413 5946 3488 6111 6029 5506 1381 5964 8673 6233 0
31457 8 4929 0 5293 3906 5094 8939 4958 1244 5164 5897 5098 7900 4945 9544 5517 0
40693 8 7712 0 8238 881 8007 3685 8026 9816 7797 8842 7897 333 7721 9006 8245 0
4512 3 8356 0 9616 6733 9870 0
49542 4 3162 0 4651 8376 5534 4288 6406 0
15684 6 1914 0 6107 756 5071 7233 4777 5930 3794 5170 7701 0
51483 5 4158 0 5865 2873 6139 6125 5436 6698 7081 0
28689 4 7136 0 7348 9808 7701 5148 8273 0
39585 7 9271 0 9274 7158 9360 5968 9396 6202 9283 653 9302 77 9402 0
56874 4 7969 0 8955 9329 8772 9347 9463 0
92085 10 7771 0 8509 343 8002 404 8405 9414 8743 9508 8487 7564 8705 2140 8772 1489 8033 4093 8855 0
61345 7 7490 0 7723 8414 8124 2458 7922 567 8804 3098 8357 5067 8883 0
24527 10 6505 0 7512 6457 7177 772 6603 6483 7482 7000 6513 5444 7420 1351 7651 121 7419 5530 7654 0
13776 10 1121 0 2815 4087 1699 7177 2291 530 5762 7372 4441 8393 5479 1538 5765 4687 1182 9416 5936 0
63853 6 1575 0 1761 1292 2079 3394 1620 270 1784 5877 2217 0
76557 9 3897 0 4973 7804 5127 4633 4592 9659 4930 8370 4746 1459 4563 9739 5138 6502 5334 0
66848 4 2441 0 2849 5576 2719 2246 3158 0
59630 5 1517 0 2581 7612 2251 7223 2751 114 2885 0
52026 5 5669 0 6502 9237 6088 1725 6519 5078 7914 0
21315 3 8093 0 8736 416 8847 0
39551 4 4804 0 4999 9185 5133 6361 7694 0
8354 7 3122 0 3263 3192 5096 7443 4816 1459 3994 6736 3214 5969 5710 0
20902 8 9794 0 9910 357 9822 2105 9861 5188 9951 9263 9876 4732 9887 2878 9999 0
21874 6 252 0 252 6900 1165 9323 1022 2570 474 5988 1652 0
76741 10 9321 0 9549 4003 9680 9976 9756 7174 9513 2693 9852 7613 9833 4269 9876 8651 9690 9307 9910 0
47681 6 575 0 2757 243 3672 5999 3819 9061 2261 8207 3838 0
