90
49173 3 4994 0 7143 1377 7812 0
13187 9 1775 0 1924 3170 1828 9559 1915 6509 2035 5969 1824 5482 1805 2413 2026 7008 2268 0
74730 6 2238 0 5524 9313 5321 1517 2368 8707 4756 6148 5567 0
78032 8 8537 0 9325 7026 9762 3711 8967 2802 9543 9978 8763 2455 9268 1765 9785 0
71987 5 36 0 4543 7358 4300 5826 3005 1461 5648 0
9214 7 9190 0 9699 2453 9513 7964 9631 3280 9192 5609 9700 5401 9840 0
96645 9 7342 0 7920 1974 7824 8924 7534 3610 7502 9598 7388 5626 8055 731 7472 5194 8089 0
89057 4 7506 0 8829 4451 8328 1180 9869 0
69939 7 4085 0 4245 6945 4128 7421 4206 7860 4094 5791 4115 6273 4378 0
82590 5 1120 0 1691 8031 2837 5537 2237 4369 3101 0
37255 6 3110 0 4372 3855 3975 2877 4147 8814 4015 4851 4716 0
42589 8 9634 0 9800 8513 9636 2001 9747 4083 9669 4108 9808 3969 9773 3678 9874 0
39338 7 5067 0 6412 2092 7156 6246 6898 1991 8942 5311 9006 9741 9269 0
57011 8 7173 0 8864 9021 7919 5940 8335 4876 8764 6979 8286 4287 8622 251 9808 0
26215 7 6152 0 6760 9138 7113 5969 7918 6685 6568 957 6882 8163 8459 0
88304 4 1835 0 2267 7959 2113 1263 3176 0
62534 5 6199 0 7233 6927 7223 3667 7186 2874 7377 0
84060 8 274 0 7688 8460 2328 6123 6781 1502 3542 7985 4241 3992 7904 5163 7920 0
2285 10 2570 0 4814 7826 2620 2744 4174 5230 2687 7929 3395 2569 2801 5662 3689 2624 3962 2399 4853 0
8065 10 288 0 889 7945 445 4113 1148 798 1037 8154 521 4886 777 6717 1092 6950 760 2202 1736 0
49865 7 749 0 4576 2063 2796 9511 6524 7907 2117 279 1932 8997 7512 0
93080 9 7810 0 7963 1743 9396 5637 8165 9742 9632 1086 9251 8437 7925 7036 9734 8817 9894 0
89028 8 748 0 1247 3735 1944 2374 2306 400 4308 3517 3342 4707 2547 3145 4497 0
55954 3 3336 0 5310 9437 6786 0
83503 9 1018 0 1049 2585 1037 1619 1021 6174 1053 2111 1026 5495 1024 5456 1024 8922 1054 0
36537 7 1372 0 4458 99 1435 2504 1956 8175 4278 3154 1661 9447 4734 0
80727 7 6552 0 7537 4107 6906 6715 8126 5039 7127 482 7140 2645 8231 0
73195 5 9090 0 9157 2868 9134 3568 9164 4147 9199 0
33583 6 5828 0 7734 6760 7631 3714 6302 6985 8369 9005 8538 0
86210 3 7050 0 7952 9974 9156 0
15233 8 7485 0 8043 9446 8077 9121 7823 2317 8241 4654 7885 5829 7493 9334 8350 0
49034 9 9922 0 9941 8078 9938 3874 9928 7674 9942 4885 9927 9567 9939 227 9925 2835 9944 0
80410 5 6774 0 6884 3796 6869 5854 7029 3848 7040 0
26120 10 2537 0 3751 4537 4398 2763 3578 8268 3917 6800 3953 5969 3298 3359 4328 11 2809 324 4469 0
34952 4 9281 0 9407 8257 9331 5197 9442 0
69578 3 6937 0 7319 9469 7384 0
4452 3 215 0 716 776 5498 0
10097 5 1479 0 2170 3856 2804 6597 4300 5544 7184 0
28514 5 5534 0 8634 3654 7958 8705 6052 2811 9179 0
11488 7 872 0 4270 2611 3463 4834 1337 377 4890 6179 3431 1515 5894 0
12512 6 6073 0 6225 9017 6638 8982 6273 6823 6506 2218 7553 0
92498 9 778 0 4124 31 2363 7882 4905 856 4343 6617 3787 5889 4405 2246 4419 4186 5117 0
82584 6 9914 0 9920 6906 9920 8250 9929 6245 9930 5976 9946 0
28514 6 1627 0 6079 9907 9532 2247 4566 4657 6270 4152 9901 0
71326 4 3141 0 4311 9693 3458 8447 4457 0
62570 8 3401 0 5800 3254 7169 6633 5216 902 4889 1711 4136 7960 6880 1441 7422 0
71519 8 6416 0 6938 3329 8174 7285 7631 7995 7112 7262 7400 1101 8875 8130 9449 0
54235 4 7611 0 8190 5482 7868 2340 8448 0
3681 10 3185 0 5433 1221 7904 6922 5720 9275 8040 6456 3734 9098 6046 9391 5728 6710 8491 6748 9082 0
23044 8 3443 0 6742 4327 7956 9092 5717 6424 4286 3085 5143 9916 6194 1147 8549 0
56524 5 8666 0 9375 8480 9592 1489 8928 9292 9595 0
73984 9 4069 0 4245 8416 6408 9977 5474 9390 5536 8989 6054 3623 6899 4447 5402 6659 7550 0
79349 10 2988 0 3099 1386 4297 9571 3403 5543 3247 2846 4177 4504 4145 8907 3530 751 4157 2425 4712 0
69912 7 9423 0 9435 9125 9443 1823 9443 2287 9446 8071 9450 4822 9464 0
85288 7 9255 0 9348 5060 9256 1007 9592 3265 9302 2492 9255 781 9602 0
10808 7 4073 0 7048 2090 7265 6143 4471 8846 4674 1388 4752 5656 8247 0
87058 9 7589 0 7984 2942 8411 4260 7892 2386 7700 7256 8484 1097 8001 6122 7735 3389 9057 0
35000 7 7201 0 7956 6473 7717 5335 8146 2966 7687 8687 7668 8465 8601 0
58485 8 276 0 935 6512 1778 4087 2176 7321 2086 775 2145 8320 461 3583 2235 0
16825 9 3293 0 3839 4085 3948 1583 3626 7508 4031 9596 4035 3635 3915 7100 4108 4788 4276 0
55391 5 3566 0 5026 4698 5025 510 8015 3534 9760 0
62953 9 5153 0 5839 197 5332 2474 6406 4919 5715 2752 6007 16 5695 2709 6144 3933 6895 0
27612 3 344 0 4955 6290 5273 0
55808 8 6992 0 7382 5810 7103 5560 7749 5461 7470 3450 7169 8275 7456 971 7846 0
74308 3 5338 0 9039 4011 9118 0
18925 10 1190 0 2715 4498 1723 1743 5663 3133 6391 2451 2984 2322 2035 7333 1903 3414 5219 2435 7721 0
71839 3 5101 0 7644 9312 7728 0
91212 5 4829 0 7169 9718 7293 7840 5834 2296 9539 0
29458 8 9792 0 9913 2331 9912 1912 9825 3687 9795 6151 9820 1222 9886 775 9920 0
70155 4 9483 0 9761 954 9525 123 9774 0
23414 3 8079 0 9014 1611 9252 0
5512 5 2340 0 3725 338 2513 3745 2559 3712 4240 0
47063 6 487 0 2025 9208 539 577 1308 862 1339 9813 2053 0
24258 7 2794 0 7832 6325 8330 6958 3353 8429 3081 3309 6865 7727 8853 0
61778 3 7664 0 8680 5651 9293 0
5266 8 5528 0 7463 245 7332 1456 9202 234 6784 6014 9748 9845 5738 6336 9882 0
94108 9 2464 0 4084 4149 6780 464 8155 8297 3526 9395 7693 9921 5869 847 8298 5486 8777 0
30553 10 219 0 1147 6120 689 7779 1135 9688 921 9330 1544 8664 862 6773 1302 917 508 2562 1739 0
17765 7 3742 0 6291 6741 4588 2977 7461 5156 6612 5124 4377 1525 7633 0
69802 8 1713 0 3419 9690 7417 7650 7353 4853 3298 9690 8582 3569 8479 1290 8809 0
2508 6 4913 0 8372 5414 5040 56 5226 6294 7717 8738 8931 0
78504 8 54 0 1790 8746 114 35 1879 4654 6078 5583 4225 7037 5117 212 7659 0
58779 4 5765 0 6651 3739 6254 2578 8432 0
65699 10 5286 0 5934 1377 5468 7225 6054 5654 5596 9666 6233 5996 6078 2439 6358 79 6501 5756 6583 0
92569 4 7141 0 7337 2832 7944 7640 9013 0
40229 9 7105 0 7154 4158 7371 616 7213 9589 7610 5124 7145 5378 7294 7975 7281 8083 7662 0
84612 3 7500 0 7558 5496 7579 0
19596 3 1605 0 4596 5568 9078 0
67217 8 6456 0 8779 9236 6680 596 7264 6928 8181 1204 8887 4163 8360 1678 9469 0
18852 4 3903 0 4437 709 4467 1985 4713 0
