119
55118 9 3913 0 4023 8061 4063 9440 4361 1260 5186 5659 4103 7771 4950 3034 4066 8659 5545 0
76333 9 7520 0 8079 2290 7913 9011 8540 1662 8365 755 7956 4705 8242 711 7790 3320 8577 0
71248 7 2840 0 7489 2807 6450 6366 3074 5689 5960 6200 6065 8796 7814 0
26369 4 614 0 5689 8579 8385 368 9941 0
63456 7 6443 0 7134 360 7755 7339 6884 7687 7373 1290 6478 9521 8457 0
69510 8 6823 0 6913 8035 6985 9847 6823 4058 6914 5557 6841 3321 6986 4755 7017 0
50121 3 179 0 3345 9111 3856 0
10030 9 3691 0 7272 2270 7739 9476 7117 1570 7408 6825 7146 9757 5809 377 4077 822 8073 0
87862 7 8338 0 9530 4801 8744 8293 9122 6998 9127 6268 9085 675 9849 0
5522 8 7566 0 8907 3774 7965 6649 7922 5667 7813 8097 8582 2073 8304 6108 8944 0
86453 8 6206 0 8054 8469 7465 8980 6821 1158 6225 2160 7086 2140 8516 9723 8646 0
31789 7 1756 0 3456 5574 3328 4315 2099 8853 2958 4444 6010 8093 7215 0
6338 4 4370 0 5679 286 7558 6105 8092 0
56917 6 9986 0 9991 8846 9989 1076 9990 4272 9991 5733 9993 0
5558 7 9180 0 9232 3016 9279 1767 9180 6220 9196 1929 9247 437 9353 0
18278 7 9983 0 9983 8080 9989 6490 9985 5872 9985 4420 9988 8833 9989 0
933 7 2791 0 3109 1423 7218 4595 7416 6985 8228 2480 4907 3070 8998 0
31977 6 1104 0 2174 2048 2270 9498 2497 9496 1385 9132 2890 0
96452 8 5883 0 7526 4815 6870 6965 7203 4987 6894 703 7541 6313 6759 1403 7549 0
95740 3 3598 0 5621 6176 8669 0
90993 7 1544 0 6184 1575 9020 2717 3849 2542 7269 9889 9500 414 9717 0
89566 10 2164 0 5011 653 8161 7816 3610 3612 5261 7341 3078 9973 9022 5872 3460 4912 3463 5686 9287 0
5333 5 1024 0 7600 5037 3595 5233 3248 9023 8701 0
1773 9 8160 0 8199 8918 9234 7475 9530 8554 8338 1722 9430 5264 8983 7302 8686 333 9688 0
77245 6 7315 0 7527 8499 7417 8361 7620 3706 7610 6036 8037 0
22818 4 4257 0 6904 2192 8272 1791 8713 0
50777 7 3030 0 5597 3078 5795 6723 3435 396 6179 6498 6262 4468 6370 0
51815 10 5115 0 5792 2943 5968 8324 5299 2839 5848 3578 5241 3922 5747 7598 5351 7225 5419 9899 6489 0
3840 7 3440 0 3636 1574 3559 6277 3522 5888 3517 9128 3467 8041 3678 0
55063 10 4199 0 4942 5481 4769 1034 5937 8917 4263 9924 5584 9193 5811 8754 4394 5374 4960 7039 6015 0
33049 3 1244 0 3469 8083 4093 0
89303 8 1140 0 4867 1739 1543 2541 3690 3795 4904 5691 1972 142 4547 8757 5063 0
63993 8 6864 0 7132 8860 7376 7013 7357 9489 7698 8736 7518 6590 7618 9077 7767 0
72199 7 9697 0 9932 4365 9902 3134 9922 7889 9704 8217 9755 9490 9942 0
58692 3 8791 0 9027 5731 9099 0
34398 8 4940 0 4999 6092 5700 9725 5319 8770 4973 3819 5666 3435 5096 6847 5749 0
66226 9 9620 0 9747 8808 9673 7539 9705 2070 9789 9985 9660 5003 9782 3986 9820 8336 9863 0
27212 9 9572 0 9618 1253 9590 2470 9584 1157 9596 5418 9595 9557 9610 1841 9604 9676 9625 0
20825 9 2348 0 3423 2714 4916 7486 4199 8494 3692 1262 3129 7322 3152 3763 2676 4073 5077 0
75502 4 7323 0 8661 4644 8266 353 9651 0
41429 8 7516 0 9410 906 8772 4494 8934 429 8456 5951 9912 4287 8528 4442 9959 0
82118 8 2397 0 5896 4347 2879 6573 5374 7963 4473 6847 2490 1831 5536 5136 6921 0
71627 6 763 0 2188 4924 6677 4813 5777 2444 6803 9364 7669 0
30954 6 8928 0 9796 7722 8928 7728 9215 5735 9308 5256 9996 0
55926 10 4055 0 5697 7838 4294 888 4547 3982 4491 7882 4280 2082 5900 2005 5922 3223 4660 4089 6592 0
45542 7 6470 0 6663 1034 6752 331 6590 5239 6743 5068 6626 2129 6810 0
6680 4 7882 0 8024 9128 7958 3861 8297 0
9693 7 7614 0 8679 5157 8488 9678 8550 414 8880 4699 7695 5757 9034 0
93553 9 822 0 2897 2588 1324 6408 1087 1063 2015 6895 1319 9209 996 9280 2116 8471 3195 0
56558 3 6837 0 7521 9853 8247 0
82326 4 2503 0 2555 3212 3228 1993 3408 0
2638 9 2506 0 3187 3364 5233 6444 6112 7209 4043 6277 5966 1245 4056 2768 4817 9606 7866 0
1270 6 4727 0 6434 7037 6543 1650 5031 7418 8759 9282 8904 0
46046 7 4909 0 4987 7086 4910 2786 4916 9881 4998 5527 4963 1835 5001 0
13793 7 6995 0 7412 6082 7604 7993 7570 9462 7278 9430 7428 8414 7731 0
99389 10 5128 0 6870 8842 6565 1414 5675 1099 5304 3395 7453 6013 5872 6769 7447 4081 5304 6001 7773 0
23634 3 235 0 5854 3373 7633 0
13081 3 5974 0 6338 663 8624 0
10337 8 4806 0 5356 7615 5579 6147 5700 695 7731 4185 7374 4154 7474 6040 7919 0
30117 10 9165 0 9165 5474 9175 6301 9165 4097 9177 9809 9177 5552 9170 6428 9181 7933 9172 302 9190 0
94774 6 9001 0 9089 4564 9221 2130 9108 4272 9239 363 9269 0
19002 9 1123 0 2127 1732 1596 9709 1220 3942 1237 5205 1233 7585 2129 3517 1321 6820 2339 0
1795 7 1103 0 1929 4435 2350 5073 1366 1792 1594 5725 2273 6234 2435 0
29078 8 1443 0 5028 7405 1872 9241 4501 2587 4334 4077 3738 3755 2368 6106 5110 0
71410 5 6767 0 8214 7551 7452 3542 8273 5038 8314 0
23197 5 3865 0 3894 9141 4017 8637 4091 8494 4283 0
10521 9 942 0 3366 1809 3108 6858 7982 5229 6900 4787 2636 3379 3839 3648 4281 1109 8183 0
49179 6 6939 0 8242 7689 7148 7473 7582 7661 8259 4372 8285 0
88547 9 4317 0 6803 3398 6566 982 4542 7226 6613 6631 6517 7145 4994 3306 5354 2628 7001 0
42066 5 6186 0 7891 2153 7310 6692 7011 4023 7915 0
34821 3 5981 0 6334 6789 8396 0
38258 5 3868 0 5399 8508 4443 9423 6218 1657 6674 0
70597 5 1019 0 1379 7260 1167 442 1671 6 3270 0
43839 9 102 0 625 6230 450 1857 768 2036 2300 9311 993 8582 1413 2756 2339 2914 2361 0
99185 3 6023 0 7508 3145 9374 0
1323 4 1018 0 1272 3960 1121 8601 1340 0
22867 7 4009 0 4101 7628 4220 6925 4619 2684 4706 382 4012 5177 4887 0
97301 8 5900 0 7836 3782 8433 695 6341 8628 8180 2099 6539 5817 7100 7935 8559 0
50887 3 1099 0 2529 6318 6706 0
43540 5 2444 0 3273 805 2727 8112 3085 6724 3659 0
413 5 3592 0 7178 3128 5906 9634 8220 2075 9330 0
56189 5 3909 0 5825 3246 5144 8805 4065 6963 6301 0
83390 4 710 0 5745 8107 1571 3966 5757 0
90340 9 3806 0 5435 7893 4148 3350 8130 6862 7528 2677 6083 7854 4614 4964 7176 4774 8740 0
25694 8 7417 0 8349 4657 8512 6618 7864 4818 7711 636 8329 903 8512 3762 8917 0
19626 5 2257 0 4510 5517 4562 5352 3962 4689 4851 0
18186 7 3463 0 4798 5636 8583 9510 7664 6913 4055 3073 5009 5455 9965 0
97176 4 8680 0 8954 1072 8869 1522 9065 0
31411 9 3967 0 5242 3476 5945 198 4851 4853 6259 24 6613 1991 7164 1797 6453 8622 7652 0
74838 4 7248 0 7569 5207 7764 1546 9535 0
66774 5 3840 0 5600 6598 4925 5667 5188 3797 6347 0
6874 6 2952 0 3967 8966 3321 7052 3121 3512 3175 7991 3980 0
42958 10 9790 0 9827 8274 9833 9969 9790 1302 9796 9249 9826 1593 9831 3744 9834 1699 9797 278 9840 0
8836 10 4735 0 4752 5567 6465 2248 5711 5174 5891 1804 5535 5195 5554 1944 7071 5740 5396 4652 7155 0
76915 3 6858 0 8148 293 8259 0
83226 5 1938 0 8294 6520 4490 3151 9704 9428 9850 0
97538 5 8211 0 9470 2350 8745 7359 8879 7105 9624 0
25613 7 2127 0 2482 7956 4967 3229 3914 6517 7979 3770 7686 6805 8499 0
74248 9 3091 0 4730 6212 4548 1384 4522 3793 4809 8144 4697 5680 4922 2234 4062 8249 5239 0
32177 10 2643 0 4149 5940 2928 6872 2652 3113 4452 1158 4125 6456 3715 1455 3868 6605 3015 5890 4841 0
43060 10 7545 0 8002 3805 7813 5391 7929 2740 7588 747 7657 5545 7818 4112 8110 1341 7971 9793 8248 0
95597 5 3175 0 8961 9156 9060 6772 8396 6028 9222 0
21191 8 8872 0 9124 4836 8884 9380 8942 7517 9054 5937 9113 6675 8940 9021 9196 0
28772 5 3334 0 4027 3953 4007 4343 3502 4289 4095 0
50248 4 109 0 2555 244 1996 888 2603 0
57063 9 8175 0 8625 1157 8928 2441 8786 6896 9002 6897 8808 7403 8971 2725 8656 7526 9139 0
99261 8 8018 0 9473 8748 9139 9602 9666 4128 9487 5687 9612 1553 8446 5285 9819 0
71950 10 1034 0 6327 1683 5413 6689 4682 9125 1725 4195 6538 3252 2558 4454 6812 3250 5892 1246 7528 0
9004 8 9803 0 9837 2136 9868 8356 9922 552 9821 6126 9909 2839 9837 8838 9958 0
47890 6 5991 0 8616 8896 6773 421 6174 2258 7171 8088 8882 0
60417 7 346 0 2008 2749 2584 7721 1697 5686 2905 1884 717 5869 5406 0
22785 3 2188 0 4092 2950 7733 0
50206 4 4114 0 8126 1361 4650 7121 9010 0
9175 9 9870 0 9870 6829 9899 846 9897 3267 9903 9312 9898 1226 9923 1901 9885 320 9924 0
31024 9 3791 0 6363 4000 5447 215 4139 1362 5927 456 4061 5672 5214 4985 4616 9538 6428 0
99029 6 2002 0 7073 6151 4418 8169 6180 2868 3740 2681 7900 0
11152 4 7590 0 8342 4946 7608 3573 8640 0
2995 4 8783 0 9200 6006 9323 201 9364 0
1034 4 2236 0 6740 209 7167 1383 7534 0
