89
73430 8 2455 0 3585 9134 3832 3993 4575 2624 3157 380 4040 6882 3939 6683 5561 0
78306 5 4809 0 4833 6230 5005 8889 5135 851 5704 0
30047 10 2119 0 4577 545 7442 814 6175 6751 5164 3551 8031 8175 3861 5265 4311 5811 5011 3934 9264 0
85376 10 8495 0 9005 9776 9309 5697 8982 5281 8519 5056 9359 2773 8525 3939 9719 6800 9084 3256 9858 0
55146 7 3228 0 5763 1129 5018 7754 5934 9526 5431 8860 4207 7146 6268 0
4517 8 9254 0 9255 1884 9256 1519 9263 5671 9260 4319 9256 3761 9261 4405 9266 0
97283 4 2683 0 3542 7014 4893 9113 8569 0
23228 7 68 0 2519 8762 555 233 634 9037 4062 3432 933 2729 5078 0
52136 3 3226 0 3914 4359 5663 0
69931 10 4230 0 4304 9942 4334 4786 4338 6492 4279 6254 4237 5433 4296 5462 4315 522 4245 9885 4373 0
8166 7 8225 0 9079 711 8911 8121 8840 9423 8861 6204 8534 4192 9295 0
14022 8 8521 0 8542 4600 9042 7507 9289 2857 8776 4431 9123 6529 8911 7723 9515 0
26097 9 9712 0 9893 6420 9860 2998 9761 6950 9922 5361 9898 590 9897 6706 9838 7378 9922 0
51377 3 1252 0 3991 4122 7824 0
12530 10 3636 0 4196 7898 3640 7213 4158 9526 4735 1818 3663 8134 5227 4423 3713 1944 5310 3500 5576 0
37411 7 8615 0 9186 8060 9068 2593 8637 9628 8846 4932 8969 6909 9209 0
1239 7 4848 0 6251 8385 7080 4618 7329 3846 5848 6150 6145 8377 7506 0
36399 10 980 0 4672 2842 3214 8025 4735 8986 3307 8626 1433 1050 3991 78 2538 2919 3035 2422 5199 0
30556 5 5491 0 6488 7588 5663 4939 6088 9730 7109 0
80400 6 8136 0 8730 9614 8836 6532 8400 7758 8770 2702 8945 0
13472 6 7027 0 7341 4362 7741 9751 8130 3393 7824 5044 9206 0
43549 5 6453 0 7179 7226 6907 6172 7779 6880 8246 0
40550 8 132 0 5664 9851 7222 1733 4151 552 256 6975 4593 9694 5481 7575 9024 0
61913 5 7719 0 8351 2434 9158 2243 8606 8214 9824 0
45877 4 2414 0 8463 1734 6813 7974 8691 0
41920 7 2811 0 8278 5533 4922 3478 3055 3019 6799 7076 5795 1301 8752 0
60707 7 9365 0 9797 8349 9366 9211 9706 272 9759 9859 9628 5288 9801 0
82400 6 6168 0 6272 6495 6384 3313 6598 7510 6472 2362 6672 0
31729 3 4839 0 7118 3412 7247 0
75248 6 3531 0 8411 21 6915 6805 5266 3486 6298 6461 8443 0
41518 3 2088 0 2663 4900 7519 0
17884 4 1244 0 6424 8048 3763 4419 7371 0
21051 10 281 0 1002 8149 1000 3673 422 9846 699 5755 744 7360 655 5266 350 7249 405 2040 1007 0
42241 8 5433 0 6509 3358 6314 4268 5579 7196 5866 914 6465 4824 5813 8356 6603 0
19727 9 9267 0 9322 8175 9626 6653 9592 156 9521 2923 9279 1150 9309 7908 9391 7624 9641 0
88279 9 6980 0 7665 4550 8032 1977 8042 5381 8806 8762 8060 4911 8625 3082 8522 6673 9065 0
29450 3 9731 0 9803 8810 9997 0
68640 3 3293 0 3572 446 3740 0
78528 6 8679 0 8726 193 8712 6396 8679 6791 8729 6942 8773 0
80386 7 4148 0 7634 3023 4929 5126 6574 3500 7396 5675 5928 1832 7876 0
261 6 9543 0 9567 5284 9572 3361 9650 9936 9617 8121 9678 0
30628 10 1936 0 3996 4540 3978 7097 3708 6332 4972 5060 4060 2399 4708 5312 3684 725 2666 3720 6021 0
36061 7 5674 0 7976 9096 8252 4768 6716 5916 6090 9866 5931 9042 8929 0
70285 9 2999 0 3148 4038 3317 7487 3592 3851 3718 78 3415 558 3514 7629 3227 1418 3719 0
36392 5 3827 0 8713 2297 4766 4575 8091 2157 8728 0
42270 6 6714 0 7242 3465 6764 8296 7220 6221 7230 5503 7303 0
69212 5 5430 0 7785 1973 6790 7458 6396 8972 8016 0
69063 8 8419 0 8605 2951 8588 992 8552 7875 8745 6792 8583 5628 8757 6988 8825 0
82518 8 7350 0 7834 4044 7537 9805 8423 7579 7412 2581 9183 1508 9509 688 9579 0
18073 9 4923 0 7617 5075 8809 1138 7667 5535 8172 9684 7957 8085 8302 2400 8409 633 9196 0
90955 7 2370 0 2670 7927 2673 3273 2649 3534 3104 228 3095 853 3186 0
67294 6 2554 0 5232 5164 2944 2549 5213 6112 4476 8682 7656 0
48410 5 33 0 356 2817 5007 8712 8409 4189 8470 0
77173 5 1717 0 6892 4593 4205 5617 2615 6011 7677 0
81559 9 5152 0 5248 8418 6914 9546 5513 8086 6198 1529 6651 2174 6811 9517 5963 3055 6965 0
44999 5 6605 0 6900 6593 8343 1445 6862 5277 8586 0
86663 5 4948 0 9557 7176 8594 1826 7494 2501 9597 0
97084 10 5520 0 8169 9362 9068 4479 7787 9173 8962 1074 5941 1368 6105 7284 6451 3743 8298 7044 9133 0
77241 4 1621 0 1711 9691 1675 3013 2358 0
77892 6 4516 0 5481 327 6328 2355 5911 2068 8705 8029 8893 0
33782 8 7223 0 7239 6726 7223 7763 7240 3359 7235 8215 7237 5056 7231 2983 7240 0
33041 7 7667 0 9062 6446 8074 3524 9258 7439 8350 1913 9378 6975 9494 0
68598 10 3899 0 6408 87 6675 6093 6486 5136 8177 8976 7010 128 7855 3912 7774 9976 9271 2097 9703 0
95385 10 1490 0 6112 2767 6360 57 3457 3556 4720 5891 6010 304 4825 8149 2164 586 4632 958 6477 0
56842 3 787 0 4813 3038 6914 0
48876 10 4118 0 8526 8845 6861 1869 6295 6912 8638 3223 4957 499 6914 9924 5727 8848 6859 2038 9204 0
84212 4 7228 0 8696 424 7368 816 8931 0
96801 7 1931 0 1941 5618 1935 292 1961 2587 1963 4335 1973 8702 1985 0
96341 7 3637 0 3851 2330 5340 8519 4924 3017 3977 592 3703 4606 5567 0
93675 5 3595 0 7259 6490 7227 1417 7912 2774 9603 0
97642 7 6972 0 7055 678 7004 4000 6981 6669 6979 7765 7043 9703 7085 0
27782 3 4504 0 4543 721 4572 0
71375 9 301 0 634 4048 1020 4199 2829 402 675 388 3102 2890 1515 2596 1737 4295 4394 0
83817 10 6541 0 7900 1013 6931 9344 7208 1078 6715 8033 7802 8648 9111 2924 9390 8101 8303 7831 9823 0
54099 4 6558 0 7129 4648 7518 5260 7808 0
89845 8 479 0 594 4509 553 1467 952 1195 1358 8531 1452 305 1137 2819 1547 0
57815 7 1598 0 8376 801 6053 4176 2140 4338 4915 6295 4077 1769 8587 0
7627 8 5821 0 6587 9140 6151 6792 6031 668 6186 8806 6350 6206 5902 3849 6706 0
27531 8 3073 0 7398 6419 4374 6650 8829 8537 5666 5151 4915 9632 5202 9336 9783 0
20579 4 7353 0 8325 7953 8158 7264 9426 0
25868 9 1580 0 5537 1939 5709 2238 4776 1435 3736 4639 4812 7765 4794 6801 4456 3140 7497 0
42951 4 4009 0 4639 4036 4463 728 4825 0
23098 6 785 0 8066 469 9452 7490 5779 2907 8621 8066 9575 0
82679 3 8056 0 8062 1451 8236 0
30355 9 4782 0 5490 3120 7816 7162 4815 4044 5575 7677 6253 9838 8383 4595 6904 1174 8547 0
16182 9 6988 0 8368 1574 8027 4553 7019 9600 9408 9256 8864 5037 8431 8019 8772 53 9622 0
33491 8 2393 0 3688 3504 2605 7379 6448 5030 3037 8368 5437 3982 2623 7015 6655 0
67284 7 5968 0 6631 9322 6102 1901 6573 9968 6539 3860 6475 2912 6704 0
94405 6 72 0 2128 7753 2626 4574 1336 5719 173 8303 3184 0
