117
61192 4 920 0 3210 8444 2537 849 4442 0
56728 9 8356 0 9207 4871 8719 6554 9831 2131 9103 1101 9299 5129 8854 17 9847 5999 9882 0
21175 10 7223 0 8214 3303 8280 4661 7314 1401 8678 7384 7956 6509 8748 852 8250 6748 7485 9143 8791 0
88919 6 4754 0 5283 1303 5215 5345 4953 8268 5144 998 5624 0
14145 7 5364 0 5487 7896 5474 5946 5603 9983 6498 2365 6693 4519 8352 0
38275 6 7656 0 7740 1633 7707 8876 7683 781 7695 9512 7742 0
62161 6 4654 0 5747 703 5734 1553 6767 6664 8328 5415 9656 0
72936 3 3553 0 5266 4910 6762 0
41378 10 4347 0 7083 4196 7502 5302 6293 3250 8168 7118 7588 4222 7934 7441 6376 174 7468 425 9494 0
67113 5 4638 0 4657 7541 4639 6795 4644 1420 4666 0
67282 10 2302 0 3147 6242 3818 1809 3047 8005 3164 9655 2701 8352 3520 2267 3116 6857 4087 9668 4637 0
24092 9 1287 0 7570 8582 1953 4161 5178 9878 2471 4596 6283 5068 8135 605 3662 2096 9034 0
43970 7 2942 0 6895 6010 4211 2245 6860 7278 5590 1723 9192 3785 9719 0
64618 8 7618 0 7681 516 7920 2267 8485 8980 8200 2914 8026 1563 7677 6240 8706 0
96442 3 9394 0 9657 1 9950 0
48421 5 7995 0 8037 5240 8073 2470 8016 4219 8106 0
68208 10 1017 0 1088 7517 1129 9555 1128 7397 1089 3943 1089 4340 1129 210 1037 4660 1112 9166 1240 0
14299 9 7645 0 7993 9670 7709 24 8459 4573 7926 9964 8447 2092 8591 3987 7724 47 8606 0
87013 3 4038 0 5583 418 8982 0
96401 10 2879 0 2882 1513 2927 6053 2919 1399 2890 8504 2916 4033 2930 1181 2893 2477 2888 2332 2938 0
35142 4 3212 0 3582 1228 3889 1342 5081 0
94054 6 5853 0 8204 3029 6845 5776 8748 912 6325 5617 8879 0
8520 3 4925 0 5041 8799 6748 0
71546 4 727 0 1517 2361 1899 1339 4214 0
42121 6 7474 0 7526 6753 7858 9043 7631 2186 8055 5997 8060 0
72521 7 3093 0 8421 6260 7245 5189 8688 2798 6360 4175 5142 4748 8894 0
58929 7 3119 0 3818 2117 5266 1874 6156 789 7155 7138 4526 3228 7311 0
4036 10 4619 0 4805 2824 8244 7397 7508 1757 6568 2716 7475 5574 7075 2834 7626 197 4793 4172 9393 0
69885 9 3787 0 7799 3518 8002 5697 5950 1170 9571 6168 7597 7451 5517 1611 6444 8161 9848 0
41669 6 2713 0 2977 9613 2946 8189 3272 2486 3471 5764 3589 0
54036 7 7598 0 7607 9553 7612 4625 7605 8279 7627 832 7749 9830 7760 0
99499 7 1149 0 7421 9736 6695 9268 6506 9762 5489 5720 3401 6354 9482 0
70452 7 1791 0 5011 9993 8405 2829 8957 2403 7695 2170 5912 8647 9345 0
86546 6 4892 0 5861 1046 6285 1139 7403 6894 6111 9575 7780 0
63923 8 892 0 5521 9125 4883 3255 6359 6964 6770 2199 2882 2674 3992 4679 7523 0
93259 3 2240 0 3630 3958 3784 0
51181 10 2306 0 2709 526 4908 6162 9252 3083 4770 9136 8948 6669 3625 8694 4200 7346 3542 9942 9486 0
49553 9 7580 0 7617 6141 7740 8398 8740 1238 7787 862 8209 2956 7820 9385 7927 8371 8915 0
68060 6 9958 0 9985 3641 9975 9399 9969 4598 9973 9792 9986 0
2865 8 3227 0 4850 3030 3985 2629 5956 8937 7843 7045 5604 1013 5001 4723 7906 0
2700 6 758 0 1270 900 1289 2332 2059 2807 1899 763 2821 0
50484 6 5094 0 5167 6412 5315 7150 6127 4166 6425 1711 8817 0
42720 5 7377 0 8907 2938 9295 1660 8525 757 9359 0
37282 7 7768 0 9184 6263 8641 4588 8373 1913 8467 6400 8067 7362 9191 0
91471 10 1296 0 4480 355 5816 6812 7622 7635 5913 9906 2977 3533 1790 7736 3985 7397 3841 9681 7850 0
28695 10 9430 0 9715 5831 9645 2786 9618 3226 9723 2278 9621 1195 9733 2966 9570 9631 9548 8187 9769 0
55473 3 5219 0 6570 3647 7934 0
50924 7 9220 0 9363 8319 9343 7515 9285 6677 9376 1145 9258 645 9460 0
57353 5 4671 0 8014 5404 8692 4642 8547 6457 9735 0
53821 6 5394 0 5563 7016 5616 527 5787 8661 5754 4535 5957 0
2500 9 5709 0 6279 6056 8507 544 7478 2610 8666 6954 6986 9670 5939 2531 8655 5240 8876 0
46748 4 494 0 498 9856 562 1066 564 0
75634 7 4343 0 4420 2345 4383 3834 4831 7532 4503 5420 5012 5838 5495 0
44244 3 614 0 4457 2609 9444 0
86205 3 7806 0 8243 649 8748 0
73689 7 2556 0 7426 4551 4134 1609 3765 7067 4752 6658 6038 5559 8385 0
63222 3 8271 0 8576 9826 8853 0
63294 5 8323 0 8480 174 8472 8052 8510 8370 8519 0
80680 8 2075 0 3469 3689 6844 2589 4652 7348 2759 7554 6454 3520 6395 8655 7533 0
31864 7 8374 0 8378 4621 8418 3671 8374 8020 8402 5950 8401 2430 8443 0
20792 8 2860 0 4978 7800 3669 3062 2942 7822 4096 4876 4838 4395 3517 4501 7296 0
77012 10 5166 0 8423 4200 6641 1741 7204 8157 6632 8244 7418 2800 7370 9950 8038 6485 5431 6402 9817 0
7786 6 3143 0 5127 6714 4514 5827 3161 8630 9041 257 9338 0
56641 6 2793 0 6165 7029 3434 7540 7982 5101 8301 1618 9984 0
2912 6 1407 0 3660 4750 5051 4418 4732 9987 4655 9124 5829 0
98516 9 7771 0 7839 2963 8475 5538 7963 5122 8131 5399 8314 8517 8218 4561 8327 8024 8621 0
40579 9 9055 0 9365 6081 9373 7841 9246 9856 9735 3972 9546 180 9937 9487 9362 7900 9946 0
3299 4 696 0 784 194 1659 2212 2341 0
96740 9 194 0 1226 7213 529 1913 5554 899 1713 8244 1305 4910 1641 3212 794 6855 5839 0
69121 5 7241 0 7854 7246 7748 9860 8222 8344 8513 0
36809 7 6179 0 6316 1019 6668 3278 6564 7004 6267 7378 6742 7902 6744 0
80494 8 5449 0 5491 9415 8727 1564 8408 2103 8140 2077 5936 910 7159 808 8966 0
95041 6 2966 0 2983 5705 3198 4770 3682 4590 3187 3701 3842 0
96888 3 2095 0 4768 8749 5737 0
65016 10 1184 0 2849 3476 1950 9722 4065 6620 1370 5196 4294 142 3114 1527 2948 721 3559 9345 6459 0
85725 5 8695 0 9002 9817 8817 8079 8755 5626 9050 0
48266 5 6309 0 6552 1926 7447 6798 7304 4052 7800 0
45654 6 4207 0 4369 9959 6754 9896 4279 9402 5842 567 7959 0
4982 8 9846 0 9907 9895 9915 3874 9902 6620 9883 5407 9891 1019 9855 3195 9920 0
19639 4 4396 0 4842 1751 4607 8499 5057 0
62905 4 1255 0 1835 3966 1511 1419 2359 0
33287 5 2098 0 2846 5631 2274 1108 2254 7504 5220 0
46456 3 9746 0 9760 1567 9923 0
77261 3 5502 0 6278 7077 8067 0
7599 6 8597 0 9285 9404 9530 5420 9480 9598 9432 2275 9995 0
46139 6 7501 0 9110 7460 8366 3622 8193 8137 7984 2774 9405 0
90324 3 985 0 1471 1077 3122 0
46996 6 4517 0 6844 6958 8746 1968 7595 8516 5015 2175 9752 0
33842 7 2078 0 6823 3710 5825 3203 4145 3055 6680 6792 3213 7467 7078 0
45847 3 9615 0 9823 823 9997 0
15146 8 7423 0 7984 8352 8147 778 7988 7846 8104 2254 7493 361 7859 6688 8151 0
10520 7 9026 0 9536 425 9658 6301 9065 6747 9072 8863 9160 4162 9670 0
70622 9 1374 0 6837 6637 2381 9203 1509 4234 1596 1906 4907 8171 5694 415 4074 2012 7098 0
97926 8 4218 0 5219 8342 4834 2328 5559 261 5589 4091 5307 169 5481 3550 6398 0
99765 10 5712 0 6104 1257 6388 7168 6048 4793 6699 5079 6364 4856 6571 8174 6348 17 5784 6851 6934 0
20188 7 2520 0 3224 2603 8061 2898 4674 6560 8814 4491 4372 6632 9243 0
44735 6 4433 0 6365 158 4519 1850 7190 811 4618 6826 7617 0
32326 4 9302 0 9592 8303 9362 7350 9910 0
87857 10 4534 0 6572 1545 4660 5323 5069 6209 5786 3908 5021 2515 5481 5077 4854 7374 6301 49 6979 0
29561 7 4863 0 4970 8288 5557 1199 5582 9001 5680 920 5693 5264 5878 0
97647 10 2933 0 5409 3443 5316 7831 3716 9907 2983 7466 4965 6182 4828 1023 3407 1675 5115 4088 5468 0
20799 3 2136 0 6153 9929 8740 0
91476 7 4063 0 5191 2913 4802 6116 5299 8271 4301 9127 4599 14 6023 0
51584 9 4773 0 4872 7683 4985 5711 8699 2810 6359 2100 8137 803 5316 9662 7245 8807 9029 0
66470 10 9975 0 9980 994 9981 3829 9981 8559 9982 6631 9980 5797 9975 8367 9981 8049 9975 3916 9982 0
95821 10 3396 0 6109 5159 7526 9722 7292 5085 6941 9769 4908 8987 5062 1161 5083 5971 6555 9323 8125 0
16961 8 4068 0 5365 5356 4376 1276 4945 944 4384 4897 5276 3154 4200 4597 6079 0
49576 5 7642 0 7993 6044 7941 192 7813 1607 8660 0
33743 7 7364 0 8850 4212 8740 3478 9647 1100 8271 2852 7766 7212 9711 0
732 10 850 0 4540 5491 3641 1473 2372 7559 5554 2843 1823 1212 6343 3642 5771 3771 4251 5756 9015 0
5570 8 4098 0 4165 7566 4187 8753 4166 7355 4340 8209 4337 8297 4500 7937 4533 0
41443 7 7888 0 7891 7411 7989 8966 7991 8731 7898 8409 7975 4792 7993 0
368 10 6581 0 6589 8564 6641 4095 6646 7970 6592 4067 6714 8282 6694 5265 6617 2187 6694 4791 6756 0
35108 7 7183 0 8748 9245 7470 3691 8595 3452 9333 28 9235 4881 9544 0
82543 4 4152 0 7347 1703 7241 1935 9645 0
76729 6 4177 0 4547 8338 4521 2641 5199 1641 4385 5245 5208 0
35258 7 9944 0 9951 7564 9948 2676 9950 5097 9952 7909 9944 1388 9957 0
