41
20614 4 7746 0 9180 6653 8862 9391 9889 0
84141 7 7030 0 8900 4294 8208 9644 8324 7680 7311 1644 7469 4137 8939 0
61473 6 5045 0 8970 9951 5156 8988 5997 8203 9425 7972 9745 0
72388 6 5600 0 6655 1671 6888 1823 7217 7688 6932 3704 7442 0
67492 6 7305 0 8158 6055 7935 3018 7712 8992 7391 7665 8759 0
25593 10 1365 0 1493 7415 3756 1873 3015 8279 2172 7056 1954 1799 5475 2381 5206 7553 3021 4990 7764 0
76726 6 8403 0 8537 5346 9278 7583 8957 3619 8676 1772 9648 0
8947 3 1303 0 6539 7322 7982 0
44310 3 2318 0 7538 9006 7671 0
59830 8 4702 0 4745 5321 4756 1191 4765 194 4781 4616 4781 1517 4742 6822 4818 0
93522 8 8189 0 8919 5713 8195 1074 8744 6949 8237 3389 8690 8331 8698 111 9019 0
45491 6 9222 0 9248 4177 9277 835 9264 8265 9259 2545 9296 0
33158 8 5719 0 6622 8288 7495 6581 9161 9296 5854 2400 6856 5686 6206 9500 9435 0
80943 6 4452 0 6113 9489 5393 9002 5325 7960 6120 6450 6853 0
52876 8 4153 0 8278 7023 8077 5936 5698 3625 5553 8274 5101 8335 5048 8305 9173 0
62195 9 3225 0 5836 8605 3824 7036 6024 8750 3255 3029 4801 3070 5049 7909 4174 1802 7022 0
51849 7 3692 0 5919 5377 5497 5353 4815 3066 6237 8588 4988 6277 7719 0
37365 9 3485 0 4647 4404 6177 3975 5157 722 5328 1803 4790 7731 3569 3051 5853 7622 6215 0
92193 10 12 0 2477 4662 2611 8273 2754 1182 2128 5609 1162 1469 2321 6519 2748 1627 195 9435 4405 0
33486 7 5964 0 6523 236 6301 6264 6029 4052 6692 473 6323 3638 6756 0
8746 6 5388 0 7370 7199 6906 1133 6897 9446 6670 6232 7469 0
73353 7 7680 0 7845 9585 7781 2151 8133 8272 7924 3865 8251 3564 8354 0
58150 10 5368 0 7929 8839 7017 6666 8309 457 8840 2310 7189 1127 7782 5681 6869 2886 7895 5563 9233 0
69937 8 6549 0 8523 7964 9566 1113 7267 7776 9646 7263 9050 3536 6739 5429 9798 0
70818 6 218 0 625 8664 353 2355 1296 2109 699 4668 2029 0
72854 9 4384 0 4559 5024 4475 8491 4504 5556 4546 7418 4405 5892 4465 129 4524 4179 4568 0
90470 8 9086 0 9339 6051 9310 8441 9352 2087 9141 6925 9273 1670 9478 8060 9559 0
25261 7 5579 0 6345 5823 5749 7839 6347 3170 5921 9922 5892 9715 6416 0
44924 3 6956 0 7917 3167 8719 0
49602 8 8342 0 8514 5539 8367 6265 8359 8735 8459 4948 8395 6520 8409 5958 8548 0
38464 4 9449 0 9530 9698 9506 9275 9646 0
93961 5 7947 0 8230 3845 8269 8285 8117 8441 9453 0
16885 9 6781 0 7115 80 8049 1128 8810 9263 7053 8123 8451 4986 7621 9748 6862 9696 8934 0
41802 3 2454 0 4555 7012 8772 0
22604 9 4121 0 7043 2967 4945 9963 7309 4402 6105 7377 5274 3571 6669 7919 7764 9101 7811 0
5057 7 5304 0 6529 5158 6168 8005 6834 5319 7106 1712 7070 3203 7545 0
22414 9 7808 0 7990 6603 8151 6924 8131 9345 7927 9794 7847 5968 7882 8758 7938 2399 8156 0
8466 9 9759 0 9803 6534 9786 8397 9787 2524 9798 3563 9820 2162 9787 2403 9786 2118 9826 0
25837 6 9517 0 9768 1875 9916 1867 9637 3497 9568 1277 9965 0
76361 5 8631 0 9302 1450 9163 9095 9259 3625 9479 0
93247 10 8220 0 8220 1919 8224 5657 8225 8347 8226 8487 8221 2892 8224 4632 8221 7739 8222 4029 8226 0
