69
68714 9 9471 0 9490 6402 9499 5491 9518 897 9525 7127 9481 839 9484 3552 9492 9054 9561 0
99434 9 1539 0 6335 1116 2156 4216 2392 5139 7399 4577 7048 9202 3049 6055 4233 7781 9198 0
31682 10 975 0 4508 8821 1986 1157 2925 1250 6366 605 8491 3945 1702 4205 2022 6408 2866 4036 9124 0
87248 8 9145 0 9254 5570 9198 8440 9160 1228 9230 839 9170 7962 9221 9010 9262 0
20108 7 1188 0 2164 2937 5590 5851 4935 1912 6511 1692 5137 8744 6969 0
63736 6 8985 0 9283 3392 9145 5023 9624 2254 9708 630 9816 0
46148 4 7346 0 8162 8394 8059 3417 8569 0
33734 4 3080 0 4184 3561 5629 5724 8692 0
83123 4 2387 0 6973 7348 6199 1111 8458 0
61611 5 8245 0 9056 7013 9127 1315 8264 1861 9201 0
16335 5 4526 0 7674 842 7145 5937 6915 2828 9374 0
28622 10 33 0 1919 5505 1074 4445 3123 5037 1760 6265 4766 6158 5934 6654 1627 6123 123 8005 6115 0
34045 10 5755 0 8169 5547 6149 6750 7056 9873 7750 9288 6649 4407 6571 3215 6386 6377 6746 7986 8264 0
85483 8 81 0 1622 4305 423 5424 1542 1714 1450 6907 887 3443 1613 6461 1760 0
14413 6 5409 0 5607 9704 6539 7728 5575 1302 5987 4735 7255 0
20620 10 5641 0 7428 2703 7094 2636 6920 4413 6114 7439 5834 1017 5896 6501 7109 1567 8869 1532 9243 0
92998 7 2352 0 2903 5832 6982 9956 4093 7557 6963 1828 6366 5328 7009 0
96821 10 8764 0 8830 4155 8836 3697 8950 8073 8932 4608 8852 355 8946 3779 8776 8232 8865 4551 8970 0
59883 8 9039 0 9701 7509 9360 276 9234 7356 9627 3856 9327 6042 9075 3122 9812 0
44951 9 417 0 1261 4672 3095 4744 2310 4614 3218 5295 889 6543 4116 5840 4020 5052 4845 0
4407 10 2591 0 6705 6276 5090 1625 6143 7336 8381 5248 4409 8187 7062 8919 2697 5553 7258 5923 9082 0
45360 10 2705 0 9340 6483 8254 675 9626 4650 9692 9894 7391 5064 7194 2043 9164 4324 9057 3306 9933 0
85087 3 8004 0 9550 9429 9962 0
80867 5 3530 0 9334 1778 4548 9192 7317 7720 9866 0
46272 10 430 0 3865 6581 460 1636 2697 2121 1731 192 3114 9572 3063 6464 1554 6897 2303 6144 4134 0
2490 10 6295 0 7281 2114 6614 45 6964 480 6527 9912 6392 8293 6368 3264 7206 5311 6779 3607 7503 0
34335 4 4449 0 4489 8981 4605 6153 4770 0
89998 4 2015 0 3615 6762 5653 9560 7435 0
37549 9 8488 0 8616 9385 9105 5292 9282 7538 9726 9993 9194 586 9209 8286 9376 355 9781 0
4541 9 987 0 1809 9703 1625 3788 1887 4322 2120 277 1399 977 1423 581 1868 6041 2301 0
12541 4 3997 0 6145 9463 5191 6542 8336 0
19874 6 7002 0 8093 4524 9145 5145 8226 5574 8476 905 9274 0
31927 7 740 0 1473 6816 1957 9422 960 5634 1789 6217 3756 8059 4103 0
5815 10 6627 0 6886 383 7780 1456 7392 3176 7254 5582 6843 9696 7855 5223 6768 5520 7878 1975 8525 0
67106 6 3803 0 6300 8367 4786 5272 4797 614 4161 4916 6633 0
10826 10 3083 0 3204 3805 4741 1323 6342 9868 6227 7992 4166 5010 6048 5289 5790 7994 6949 6953 7003 0
29522 10 5959 0 5999 4693 6996 9046 7144 4094 6880 6350 7214 7157 6436 8425 6234 7334 7451 7303 7673 0
67421 5 9978 0 9986 4369 9979 7739 9988 9065 9989 0
76086 5 8499 0 8620 7107 9134 7423 8675 6124 9184 0
51050 5 2686 0 2939 8958 2869 2015 2763 7260 2965 0
84658 5 156 0 2705 8901 2229 2892 4406 8061 5132 0
43196 6 3185 0 7500 3804 4711 5023 7515 3613 6053 9483 8374 0
49088 6 6835 0 7122 3611 7478 430 7591 1295 7404 6415 7612 0
67975 10 5702 0 7964 1652 5731 1087 6324 755 6866 272 8048 3276 5847 2315 6169 8783 5972 4242 8161 0
62761 4 1213 0 1948 5357 1413 2293 2088 0
37051 7 1198 0 2391 5748 4408 7554 7066 3159 2321 4753 2437 3551 8468 0
97382 5 2711 0 2737 7783 2726 998 2744 3825 2775 0
86405 6 9661 0 9825 2082 9708 4900 9760 3928 9817 1848 9843 0
74106 7 5403 0 5937 1463 5915 7748 6153 1583 6002 4799 6306 1570 6683 0
23058 6 3136 0 8112 4584 5012 7969 3378 4321 6774 2908 8208 0
28635 5 4592 0 4943 3237 4896 6122 4654 4545 5193 0
22656 5 1364 0 3447 9091 2709 3378 3351 1703 3503 0
56916 3 726 0 3161 4984 4691 0
12690 6 8017 0 8279 4283 8253 9339 8250 9138 8516 6162 8541 0
38486 5 9064 0 9304 2843 9212 8890 9467 5083 9511 0
20709 8 8239 0 8251 558 8392 7268 9215 7327 9120 914 8258 7096 8476 2621 9244 0
7282 5 2719 0 6044 2351 6388 5569 3569 1408 6720 0
71924 10 5467 0 5944 3944 7313 2018 8347 5430 6739 2556 7356 5947 8419 8496 6963 6749 6169 2355 8490 0
63697 6 922 0 4882 4205 5088 6125 2398 8283 4093 2165 7302 0
16618 3 5984 0 6296 3255 7623 0
56350 7 8591 0 8974 1383 8617 4706 8952 607 9348 2479 9711 8394 9864 0
48527 5 2474 0 4172 6478 3824 9165 3117 7769 6068 0
91441 3 3837 0 6081 2641 8956 0
25390 7 4817 0 5622 968 6840 4310 5271 410 6476 5416 5051 2901 7516 0
18971 8 1901 0 1912 7784 2130 4420 2421 1865 2279 6335 2478 7627 2055 8469 2520 0
6873 4 5798 0 6327 7700 6031 4297 6520 0
65686 9 2507 0 2511 1619 2528 9698 2542 5724 2528 9324 2507 1289 2544 5920 2525 9792 2558 0
97746 7 9826 0 9827 3892 9829 845 9830 4173 9827 9087 9830 32 9832 0
85781 5 2579 0 6771 609 6597 2052 6260 9060 7061 0
