143
2547 4 5067 0 6344 573 5474 2634 7578 0
618 7 9372 0 9482 1132 9383 6058 9411 5906 9501 9116 9423 6092 9532 0
8300 3 8295 0 9327 7860 9797 0
9625 3 9320 0 9630 9497 9962 0
31131 8 8645 0 8718 7909 8675 6716 8679 7224 8780 7411 8746 5900 8723 3270 8794 0
84649 7 7467 0 8560 7526 7820 5331 8415 6858 8407 2113 8166 8815 8815 0
58308 3 2709 0 5185 1560 6622 0
63038 7 2737 0 3026 6308 2761 6155 2854 1187 2818 4099 3031 2331 3069 0
56563 10 5077 0 5699 4801 5851 3790 5095 6682 5077 1873 6115 5187 6232 2443 5744 7232 5986 8522 6460 0
67137 9 8279 0 8442 6677 8417 5952 8354 3257 8528 3190 8421 648 8487 7536 8497 1127 8721 0
20363 9 5078 0 8666 2248 8854 4494 5251 3653 7950 2168 8615 7908 7420 2058 7959 2758 9157 0
24581 10 8593 0 9183 9065 8886 9503 8658 617 9208 5725 9216 3511 9132 7245 8882 9248 8680 628 9233 0
35762 4 7769 0 9626 1554 9652 3 9668 0
900 9 9878 0 9894 7564 9881 24 9900 7490 9881 5013 9878 987 9896 1375 9895 4400 9902 0
57990 10 3100 0 3979 5925 3542 9872 3925 8449 3222 4285 3101 6728 3428 8812 3835 3245 3996 9577 4051 0
67496 6 6097 0 6716 1320 6894 2319 7088 534 9336 835 9460 0
77252 3 4381 0 6253 3628 6595 0
46091 8 4372 0 7807 2185 5972 2418 4933 5051 6192 8140 7095 3960 6052 6069 9094 0
60430 9 4500 0 6387 6996 6613 419 7838 3326 6692 3222 8385 810 6690 4232 5391 4198 8578 0
42548 4 408 0 5214 6625 1959 6644 5875 0
14219 10 8874 0 9044 6204 8973 836 9193 3526 9074 9418 8945 6981 9158 6035 8897 8121 9196 42 9196 0
11988 3 2976 0 5138 3166 6392 0
14923 8 1242 0 1371 2901 4750 3314 7074 1193 2685 5448 4942 1793 4963 3825 8347 0
93293 3 4853 0 7164 2769 9612 0
15523 4 2653 0 4848 6448 2979 8850 5692 0
16898 10 3899 0 4657 1872 4616 9920 4093 8905 4064 8187 4473 6249 4888 1096 4087 490 4530 2234 5004 0
99502 3 3956 0 4569 7703 5957 0
98093 9 4294 0 4306 8973 7432 1199 5815 583 5567 4719 7718 6820 6251 5677 6004 591 7896 0
89536 9 6948 0 7547 7295 7745 5492 7557 6250 7141 9961 7160 3106 7622 6787 8017 3820 8043 0
8872 4 2252 0 2594 4842 2843 6643 3196 0
60237 3 6887 0 8910 8196 9348 0
13656 5 5460 0 5644 3762 6272 463 6068 4641 7351 0
32086 5 7381 0 9092 3673 7957 659 7900 3232 9394 0
23652 6 8570 0 8986 8636 8981 3047 8784 7469 8683 1226 9457 0
23651 6 5611 0 8677 1922 5645 4364 6592 781 5829 9606 8955 0
67251 9 3699 0 3910 8814 3800 9128 4248 9907 4219 146 4071 331 4005 8263 3796 217 4530 0
97102 3 8353 0 8452 3057 8610 0
18941 9 4857 0 4985 9967 4933 7666 5281 242 5138 2344 5292 15 5374 6760 5318 7487 5449 0
21526 3 8291 0 9234 2704 9835 0
96376 4 3873 0 8474 7309 4376 1558 8746 0
97216 4 2870 0 5198 837 7777 200 8597 0
86287 4 5978 0 6407 3509 6327 434 6715 0
16155 10 4034 0 8845 9608 9123 1458 9122 7961 5423 8436 5388 7902 6884 8021 6491 1377 8544 2057 9283 0
90853 3 1292 0 1490 4175 2558 0
4149 5 8766 0 9117 2149 8826 3726 9078 3065 9203 0
92684 9 2905 0 4086 2924 3050 9855 3993 8291 3517 1165 3899 1734 3753 7946 2942 6450 4238 0
82885 9 6823 0 7010 1479 6884 80 7035 3122 6841 8978 6824 9955 6903 107 6826 1986 7193 0
81661 7 5750 0 6450 1935 6718 8974 6336 6376 6078 1885 6895 2185 7081 0
24660 10 9772 0 9786 6404 9809 2038 9819 3144 9780 6291 9780 4798 9811 548 9783 192 9773 5291 9830 0
18647 3 3131 0 4209 2456 8009 0
40635 10 5666 0 8741 3460 7820 4715 6015 421 7568 4530 5711 5553 7264 3254 8406 5121 6287 7467 9049 0
56480 4 8129 0 8598 1303 8959 6424 9304 0
93806 6 2712 0 4173 8549 3700 9878 3868 7941 3583 2879 4231 0
54698 9 3589 0 4364 2081 4301 9887 4210 2380 4451 2889 4780 5046 3918 1016 4256 6879 5242 0
65237 10 8546 0 8825 7528 9148 3423 9709 3836 9351 1819 9030 6076 8592 6263 9697 3203 8882 8487 9882 0
42050 10 6873 0 9216 7192 8295 1838 7489 7602 8982 1109 8393 7017 9195 959 8344 3982 7985 4982 9517 0
71133 6 1279 0 7782 194 7212 4419 2856 452 3545 1745 8293 0
18342 5 9424 0 9532 5304 9530 9596 9627 9317 9649 0
51932 3 3616 0 8308 1957 8689 0
57154 7 1706 0 2227 4749 4638 9815 4396 1346 3549 6941 1988 6184 5915 0
29144 3 2800 0 7872 494 7881 0
72381 4 2444 0 5129 3825 5351 1145 6398 0
77517 10 2485 0 3670 2262 4401 9276 3672 9943 4378 2605 4138 3611 2967 2276 3188 5420 4343 7334 5451 0
57731 6 1616 0 3570 909 3116 9384 2801 4134 4877 7831 7551 0
90249 7 9144 0 9261 648 9175 6507 9265 5634 9149 5752 9315 6637 9380 0
4253 10 4813 0 5449 1425 5993 1730 6074 2892 5371 5137 5034 1894 6131 8661 5706 6514 5958 363 6538 0
10798 6 3612 0 3708 6455 3666 5711 3697 697 3662 7128 3878 0
73277 4 9008 0 9083 4497 9045 1842 9131 0
45774 8 8028 0 8993 1193 8783 1149 8231 9274 8761 5603 8178 6414 8052 535 9067 0
72366 3 3352 0 3734 7982 5612 0
71731 7 8262 0 8424 3553 8824 9030 8519 1659 8722 1375 8638 9148 8889 0
27599 3 1271 0 4091 4367 7346 0
55031 6 5730 0 7808 6325 6108 2888 6327 1452 5992 1321 8911 0
95275 4 364 0 1302 6267 595 7600 1568 0
1270 7 9559 0 9582 4196 9643 2639 9699 3769 9754 7314 9578 6 9832 0
33522 5 3095 0 4870 8236 4365 2381 6912 4697 8437 0
67642 4 5517 0 8796 1637 8043 3695 8870 0
50893 10 4780 0 4853 3389 4866 8193 4993 6813 5340 1650 4811 8481 5334 5565 5004 523 5394 7677 5609 0
37281 8 5583 0 7462 2146 7316 4565 6964 4625 5775 8692 7002 8301 6046 6678 7939 0
55495 10 4429 0 4456 7545 4742 2671 4885 6638 4801 860 5104 7733 4815 3387 4604 3297 4500 1257 5233 0
73566 5 1505 0 3747 7887 6225 5022 4880 1211 8296 0
71259 5 8247 0 9020 5223 8710 9136 8530 1081 9291 0
28726 6 755 0 7764 2007 2743 279 6045 3813 6163 3913 7801 0
850 8 6900 0 8928 2557 7983 3629 7104 3314 7258 4510 9035 208 7317 4089 9287 0
1145 9 4469 0 6103 6635 7052 3931 6445 4131 5622 4000 6061 2219 5018 3086 5007 2954 7185 0
49267 10 1133 0 5370 7906 3377 7282 6364 597 7914 1358 6792 6961 3029 2632 2403 2710 3969 27 8501 0
43408 4 4236 0 7964 534 5055 1362 9673 0
86342 3 4960 0 6131 8323 6635 0
99435 8 3778 0 6007 4348 4119 2490 4521 5773 6500 1614 5547 5994 5151 5080 7010 0
31093 7 6130 0 6337 9302 6264 7082 6907 922 6893 5304 6467 3358 6991 0
61744 6 5398 0 8878 6410 6671 1583 7020 6236 8656 5678 8975 0
94798 10 9181 0 9238 3255 9568 6192 9787 440 9531 8238 9599 2122 9633 5155 9375 5117 9213 7942 9801 0
55744 4 9009 0 9687 7662 9211 8187 9732 0
98033 6 5423 0 5674 6616 9425 3018 5958 2324 8169 9332 9498 0
68386 8 9958 0 9961 6120 9972 7645 9958 4679 9965 5687 9990 9093 9964 6584 9990 0
25562 10 1479 0 2793 8600 1996 6787 2406 9077 2292 7367 2441 3486 3057 585 4761 8235 3923 3881 4852 0
99423 6 3731 0 5067 439 4286 7250 4091 2326 4323 9966 5657 0
1288 9 591 0 1032 328 805 5451 677 9876 620 1701 1003 3182 638 8638 1090 2135 1126 0
59596 10 5995 0 6655 9175 6255 9454 6224 1747 6196 9279 7181 3481 6032 8351 6204 9843 7005 1010 7451 0
72973 5 6861 0 6922 9044 7075 5279 6957 4369 7091 0
68066 4 8423 0 8760 473 9146 7265 9446 0
87013 7 6225 0 6479 8791 6542 2622 6516 4006 6344 6948 6414 3580 6560 0
10324 9 9833 0 9887 1150 9878 687 9892 1976 9883 900 9884 5779 9885 3283 9839 5006 9897 0
18117 5 903 0 3745 7854 3822 8598 4056 9267 4602 0
31315 3 1022 0 4465 7878 6665 0
76156 5 9434 0 9543 3118 9534 1569 9442 8189 9775 0
17213 8 4212 0 5500 2302 5602 640 4826 7787 5389 1733 5020 2897 4765 1000 5976 0
49414 3 3373 0 4261 7216 4762 0
53827 5 9686 0 9713 5612 9694 574 9777 9486 9854 0
51798 6 3522 0 3699 930 3538 4149 3691 7930 3550 3003 3911 0
94543 10 5038 0 7956 8461 8641 3605 6016 2797 5702 8419 6381 9793 7917 7945 6463 4974 5584 4694 9275 0
37895 6 2924 0 3520 9273 3204 2800 3993 9491 3778 4384 5151 0
73469 3 5324 0 6072 2155 7101 0
63844 6 1306 0 6010 1107 7240 5641 7473 3542 4928 3938 9788 0
91818 7 7041 0 7851 9502 7379 5430 7895 4269 7816 61 7534 8267 7909 0
44710 10 2050 0 2845 5690 4179 8472 2572 7048 4588 5618 4966 3098 5980 1073 8519 4088 7258 4982 9744 0
34592 4 4118 0 6225 8799 6066 2897 6713 0
77993 9 4599 0 5113 6057 4671 4945 6497 1918 4851 4295 7515 3716 7214 291 5879 3708 7879 0
53869 4 4225 0 6335 6323 4556 5453 6571 0
94572 4 7088 0 9356 5087 9235 4111 9542 0
57051 7 4889 0 7632 8451 5200 8479 5258 8806 7368 4693 8119 4765 8431 0
85650 4 4103 0 6609 5588 6850 4842 7692 0
75601 7 9776 0 9848 210 9849 5078 9778 3140 9832 9439 9854 202 9881 0
83007 8 3269 0 4791 3383 6458 3979 6201 9297 4523 1798 4407 4183 6475 9458 6478 0
53802 3 8017 0 8982 1260 9610 0
24012 5 855 0 1013 4454 890 6627 1361 4419 1404 0
45063 5 9164 0 9431 6473 9284 5239 9311 5821 9539 0
70310 9 6825 0 9299 4933 7157 9186 6869 1028 7766 1255 8245 1945 7431 1247 8752 9766 9627 0
80815 10 5759 0 5768 2688 5769 2722 5760 4172 5763 9624 5765 7731 5759 6821 5769 913 5760 8541 5770 0
59096 7 1413 0 2855 5058 3727 8701 3941 1778 4698 3907 5527 9230 5919 0
13048 5 7707 0 8539 408 8221 7793 8787 8286 9735 0
18409 5 502 0 4274 7224 6243 5307 8779 5184 9248 0
72985 10 2265 0 3189 8054 5283 1262 5343 2317 2382 9478 2300 5980 4057 4487 2941 1515 3065 295 5440 0
30598 4 3729 0 4271 7481 4331 2304 5755 0
29553 8 1362 0 3975 3698 2875 2094 4224 7828 2472 2563 4459 8692 3913 9006 4510 0
68803 3 8029 0 9026 7804 9449 0
97945 8 5843 0 7393 1565 6177 5463 7345 3577 7268 438 6248 6115 7051 6177 8127 0
9195 8 2511 0 2534 3233 2614 3081 2814 4040 2559 348 3051 4436 2719 954 3085 0
69096 8 4916 0 6542 5688 6576 5362 4927 3636 5976 7747 6350 3866 6425 9710 6787 0
35962 9 3722 0 8437 473 4150 794 7421 7252 7201 2580 7317 3199 6656 9077 8671 5888 9516 0
46553 6 8809 0 8929 3034 9209 2688 9360 2854 9798 6219 9924 0
6070 10 3335 0 3833 6974 4003 2825 3876 2490 4867 6080 5105 4097 5312 7477 3671 6941 4801 4026 5417 0
2801 7 2575 0 3148 4688 2942 6925 3308 4637 2706 6869 3626 4671 4367 0
