67
78256 3 914 0 2463 2634 2817 0
69124 9 8652 0 9757 1721 9260 2231 9126 3191 8770 6895 9216 1644 9270 2956 9760 7773 9913 0
47796 8 6075 0 6487 138 6135 9618 6831 5943 6822 9333 6940 1217 6988 3558 7031 0
59817 3 6750 0 7270 9475 8460 0
15899 6 2982 0 2987 7665 3052 7680 3078 4371 3081 2632 3089 0
74665 7 5741 0 5958 4782 6250 3031 6109 3030 6110 3282 6128 796 6382 0
20221 5 7121 0 7212 7848 7160 1615 7207 5295 7306 0
50446 6 4440 0 8292 104 6233 8844 6281 2028 8253 4229 9069 0
13831 10 7432 0 7452 2844 7535 909 7635 5904 7593 8920 7544 8540 7433 648 7441 9952 7607 3419 7643 0
16031 8 6834 0 7059 107 7028 3282 7082 9202 6887 1305 7114 4128 6921 7853 7215 0
26051 3 5525 0 6716 3442 7970 0
49806 9 43 0 7858 9921 2494 6288 8799 6809 3453 5654 9285 8105 2789 8572 7083 4170 9371 0
5049 7 7486 0 7508 5303 7731 6292 7646 5788 7825 6434 7819 7842 7998 0
30540 3 8611 0 9338 3206 9597 0
22065 8 5657 0 5940 9636 6536 9845 6143 3740 5791 6116 5959 495 5855 9506 6608 0
1092 6 8747 0 8878 8165 9490 4619 9497 7553 8999 9828 9657 0
98216 10 1027 0 6639 6874 4495 5739 2979 1080 8125 2380 4270 4057 5787 1697 7917 3175 5106 5205 9016 0
7862 9 7548 0 8287 8053 8417 2752 8564 4445 8443 4898 8527 4547 8702 3517 8758 9396 8897 0
14973 9 6377 0 8730 5037 6519 949 8817 4176 7016 1701 6476 1283 7396 6145 8329 1558 9019 0
54327 5 9424 0 9463 8185 9443 690 9452 2005 9463 0
52870 10 964 0 3258 8294 1412 7316 2623 7961 3201 7743 2124 3329 3294 9738 1617 2539 1130 3377 3598 0
48985 8 5938 0 6006 566 6040 1618 6006 9013 5997 2204 5948 6685 6032 3268 6050 0
63249 9 5761 0 8719 2767 5827 5224 8300 3925 6126 3220 6763 8157 6600 5855 7423 7352 9387 0
89307 3 9928 0 9961 4281 9997 0
44393 3 2497 0 2744 1844 3418 0
67171 3 9574 0 9576 3049 9576 0
41617 8 7328 0 8096 4298 8022 6437 8950 7306 8620 8379 8745 6940 8318 3538 8971 0
45189 8 8645 0 8665 800 8652 3150 8660 7318 8645 332 8645 5095 8658 3884 8667 0
65821 3 6240 0 6559 9250 6632 0
16795 7 2504 0 2554 710 3371 8163 2923 5648 2830 350 3630 6659 4069 0
31102 3 1984 0 3489 9778 5665 0
45154 8 8124 0 8309 1782 8405 7821 8457 2119 8578 3805 8602 234 9198 1777 9838 0
2332 8 8818 0 9241 5045 9039 9471 9292 8518 9774 5364 9640 5065 9590 7592 9861 0
90600 8 2619 0 3933 2838 3701 1340 2806 5544 2910 5497 3721 1422 4255 8477 5177 0
42540 7 9326 0 9398 8673 9590 5867 9430 3862 9404 3346 9548 2272 9614 0
75236 10 9745 0 9755 7213 9746 1981 9751 1989 9747 8872 9749 2680 9754 4168 9749 4210 9752 4011 9756 0
20146 6 8473 0 8869 5233 8667 3877 8878 2786 8663 3949 8922 0
62527 5 2447 0 5820 2835 8880 1753 3526 8712 9711 0
15053 8 5480 0 5938 8648 6747 7762 5488 9038 7021 3811 6779 5226 6900 1521 7359 0
33917 4 4251 0 4815 7761 4796 264 5222 0
73458 5 6970 0 8086 6860 7178 1061 7917 3986 8251 0
79733 6 8422 0 9108 4364 9321 7328 9503 901 8532 2776 9596 0
46562 6 1891 0 6218 88 5568 5498 8480 2519 4363 604 9084 0
49451 9 3684 0 8035 7356 7515 9641 4215 6440 5675 5596 3998 7574 8399 1838 7822 8451 8420 0
95420 10 7984 0 8318 5812 8612 4339 8949 961 8373 4804 8302 5171 8433 9329 8348 2185 8734 8298 8957 0
9413 7 9144 0 9934 7487 9884 2635 9811 3187 9475 7545 9843 1134 9956 0
58640 3 1246 0 1429 1046 2061 0
72016 8 19 0 7180 9300 7997 6309 2849 4311 6786 9068 4421 6298 4689 3470 8153 0
903 6 1190 0 4348 6207 3277 7404 5422 5292 3043 9701 6242 0
57669 7 8882 0 9057 7514 9099 8487 8985 3373 8986 9653 9060 3190 9101 0
74914 5 5824 0 8766 4772 5986 1848 6387 2978 9333 0
18069 6 898 0 7798 9483 1967 1054 3753 8686 7471 9489 8280 0
9087 8 7241 0 8300 5950 7639 7378 8353 3844 7468 814 8207 2748 7826 422 8590 0
73565 7 7623 0 7908 6594 9094 6933 7770 4890 9040 5819 8842 4888 9150 0
20016 3 9175 0 9289 7498 9413 0
26558 9 6446 0 8287 2195 7870 8765 8698 1225 9195 2692 6551 7458 8172 522 7407 6743 9870 0
37023 6 1599 0 3568 8908 2489 3705 3093 6477 4378 8288 5153 0
7465 5 1916 0 4815 6928 3725 7298 7218 8192 8532 0
54022 9 880 0 6554 8263 2300 2916 8370 9525 3812 9968 7480 1464 4352 2225 5983 3427 8691 0
41350 8 8699 0 8706 3311 8777 5747 8700 6354 8957 3714 8744 6807 8715 7805 8964 0
78775 7 162 0 1509 5891 5851 539 2324 6159 653 2695 2081 3579 5956 0
93145 7 587 0 868 443 1035 5336 1430 4069 1311 3952 1417 1377 1667 0
46476 5 1232 0 1465 200 1329 4194 1306 9702 1515 0
45025 3 5593 0 6294 7607 6419 0
75624 3 3588 0 4132 4932 5757 0
98954 3 2523 0 4192 5455 9847 0
65038 4 9088 0 9108 5859 9238 4066 9246 0
