95
81667 7 4583 0 4635 2217 4702 9420 4898 8879 4755 5517 5653 8868 5840 0
40134 5 1661 0 2161 5841 4223 5571 3181 6620 9945 0
31436 3 8394 0 8525 4026 8581 0
60533 7 527 0 965 4387 595 1070 1015 1226 846 6799 661 3565 2426 0
67991 6 5628 0 7186 6822 6611 818 6212 3122 7376 7182 9548 0
73671 9 4529 0 7039 3851 8614 5295 6279 9847 5707 4996 4885 2278 5438 9696 7840 9258 8760 0
78688 5 4201 0 4460 7654 4772 9094 6962 6322 7383 0
22986 6 6691 0 7753 2064 8108 6094 9057 3344 7962 6695 9227 0
45384 6 4751 0 4955 8274 4811 8460 5006 4977 5017 4217 5076 0
73390 8 1145 0 1807 6370 2542 8626 1253 4761 3026 6247 3066 756 1402 6244 3210 0
99775 10 9447 0 9687 6061 9837 3684 9923 6785 9846 5488 9864 2258 9805 1894 9809 2055 9503 1302 9943 0
49599 10 9220 0 9667 4097 9749 4942 9281 7124 9385 2360 9744 4067 9668 2334 9855 5754 9838 6418 9899 0
27375 5 145 0 2409 2303 2266 259 2613 7268 2939 0
2523 3 3766 0 4256 95 4442 0
11798 7 2911 0 6650 9598 5144 2252 3710 3490 6070 8445 7671 4049 9395 0
84464 10 5836 0 6115 3085 6011 504 6120 4350 5852 6357 5863 1571 6085 9319 5971 6412 5943 5356 6213 0
69172 5 6310 0 6318 3024 7460 788 7147 4866 8351 0
97861 6 8250 0 8458 9425 8275 5030 8395 7131 8413 9513 8610 0
79148 10 161 0 2377 1471 4181 5737 1391 2302 1082 9392 745 213 5990 7650 6831 2489 6479 127 8932 0
90164 4 8865 0 9211 5853 9590 8183 9881 0
88254 4 9159 0 9915 9247 9790 3484 9919 0
37973 5 2926 0 4131 2916 3717 5492 4248 482 4251 0
94021 6 2409 0 4843 6179 6986 4459 3810 3861 6174 3516 7129 0
41863 9 4437 0 6486 4125 6630 425 8881 2908 8021 6786 5383 224 8026 4605 7908 6368 8996 0
36234 3 3541 0 6758 4573 7769 0
27868 9 7852 0 8501 128 7987 4462 8393 94 8762 5753 8613 1797 8778 1558 7982 6947 9091 0
61383 6 4835 0 6458 2249 5696 499 6057 316 6455 3461 6899 0
76836 6 2043 0 3259 7647 3354 4490 2586 4100 2802 3317 3859 0
33842 4 6542 0 7604 3846 8209 2529 8335 0
35606 3 4897 0 6562 7752 7236 0
82327 7 5694 0 8268 5333 9720 9422 7248 1115 7933 5562 7968 6707 9880 0
21881 7 8521 0 8682 8145 8930 4829 8650 3502 8713 4158 8962 2685 8998 0
52973 6 6857 0 6960 2415 6871 9577 6955 4163 6877 1084 6971 0
67996 9 1679 0 1701 7919 1731 8816 1729 7843 1731 7680 1688 7342 1683 5956 1694 5791 1738 0
30926 8 4228 0 4914 1379 4341 5769 4733 9182 4779 1556 6299 7516 5468 6461 6868 0
70050 9 66 0 154 5612 349 8409 330 7708 314 4848 393 2302 447 6730 260 2732 790 0
26061 5 5896 0 7061 188 8075 9026 6322 5575 8120 0
5191 4 5139 0 7642 4316 6695 4384 8167 0
73259 6 9670 0 9890 582 9898 7507 9886 2750 9752 7390 9957 0
97207 9 1315 0 1857 3477 2822 9368 1728 2850 2315 875 3092 8492 1778 9141 2574 1213 3221 0
44689 4 2432 0 8796 7202 3948 4605 9396 0
78761 9 5128 0 7732 4251 5460 7327 7593 4272 6316 861 5883 174 6417 3744 8078 3920 8639 0
76665 6 2488 0 2493 5228 2489 2022 2488 7533 2494 3220 2498 0
6169 4 5995 0 6537 3726 6469 5553 7871 0
91886 7 2814 0 3527 3003 3363 4588 2955 7211 3583 8054 3406 9857 3878 0
59183 4 8887 0 9021 1362 9234 8430 9480 0
14317 9 6392 0 6649 4052 8111 6030 7772 7681 6645 7384 8369 3897 8245 1422 7659 3012 8378 0
36441 5 3435 0 6631 9756 4216 2598 6118 3778 9204 0
65807 10 2037 0 4411 7700 5450 2578 6223 7484 3826 2355 5667 3786 4127 6768 2754 9120 2982 3398 8123 0
114 7 8240 0 8767 8519 9186 8203 9120 2884 8566 521 9257 3871 9418 0
8425 8 9284 0 9487 5038 9706 8630 9647 2989 9764 2396 9312 4997 9666 7287 9830 0
98899 6 6173 0 7792 9787 7662 1041 8115 5008 7999 7162 8224 0
58599 7 6596 0 6680 9967 6617 7273 7277 6631 6824 4113 7336 1532 7492 0
35503 9 273 0 308 1616 291 7607 408 3156 299 7259 566 6828 309 1578 373 2603 664 0
34147 8 1878 0 4766 3380 5357 9065 7376 5822 3573 717 4562 7025 2321 7900 8328 0
36531 9 4156 0 7955 5951 9679 9041 9546 264 9361 5161 6890 2681 9204 6596 5626 1436 9937 0
58040 6 6350 0 8155 1470 6442 2737 8279 2201 7422 6210 9014 0
87610 9 8260 0 8682 5644 8309 8715 8871 1474 8811 980 8351 532 8345 6663 8487 5355 8940 0
98840 10 3048 0 4999 428 4834 1489 5646 6063 4255 4916 4468 4751 6271 5079 4234 7902 6324 3942 6348 0
24526 5 4693 0 8330 458 7338 6432 5704 2000 8626 0
83938 3 2288 0 6207 7928 6293 0
31044 10 5296 0 5370 636 5859 1906 5938 5122 5800 2457 5358 3405 5784 4403 5555 9587 5532 4142 6069 0
22095 9 613 0 4203 447 2427 2385 4595 9254 3145 670 4266 8604 1507 3752 4336 4697 5020 0
67417 5 887 0 6236 7944 6348 6908 7902 1955 8843 0
65203 4 3632 0 8271 7011 8539 7955 9392 0
51227 8 9076 0 9120 9876 9095 7544 9103 2854 9077 5373 9105 4613 9088 3223 9120 0
14823 10 1517 0 2503 2009 2621 2230 4564 2488 1688 2407 4361 4422 4015 5337 2512 1380 1574 2340 5721 0
33164 4 469 0 1711 3400 577 3724 8369 0
72155 10 3790 0 4317 1017 3937 246 5404 4454 5872 8668 5986 9197 6286 2868 4292 8121 4812 5970 7115 0
64724 3 1981 0 4669 3470 4906 0
79856 7 844 0 971 2455 1986 3914 3721 3194 2478 9802 1747 1509 4337 0
72793 4 3189 0 5900 4730 5666 4301 9614 0
58855 5 2195 0 3155 5205 3891 292 4915 4874 5011 0
90988 10 1275 0 1362 8478 3042 5284 2623 5832 3455 4642 1564 6736 3963 3854 1849 3459 3777 5886 5031 0
94277 3 1101 0 1607 3998 2412 0
10433 3 2394 0 3480 8597 6983 0
12137 9 816 0 4248 1455 4355 1853 919 202 2479 4609 5287 7495 3453 7064 2153 2771 6308 0
57347 3 7205 0 8191 6141 8284 0
99587 4 7855 0 8288 576 9315 6207 9476 0
21255 3 2266 0 2378 6892 2845 0
75736 7 8856 0 9064 4056 9222 4600 9406 8466 9022 6679 9334 1563 9503 0
68943 5 2307 0 2467 1496 2360 5670 2386 375 2545 0
38118 3 2470 0 4469 3677 4967 0
60863 6 9007 0 9313 6646 9325 9110 9080 8965 9294 6092 9654 0
85759 8 5264 0 5794 4288 5946 8892 5844 3297 6010 6751 6120 4970 6027 6482 6266 0
37959 8 429 0 669 6215 4398 6931 1328 2449 3695 4539 4297 813 3323 2532 4758 0
44488 10 2391 0 2397 5521 2422 2010 2392 5422 2403 3728 2411 4168 2422 8234 2395 5978 2405 6063 2427 0
7687 8 3736 0 3751 3040 3753 3975 3751 881 3740 172 3760 7237 3757 6558 3765 0
29299 7 2984 0 3002 1566 2989 1496 2986 8193 2990 1345 3010 2609 3014 0
14407 4 9672 0 9714 8398 9729 8674 9876 0
27226 4 6231 0 7290 4819 6449 4261 7475 0
54726 7 1248 0 2527 1972 4918 1954 2370 3047 3558 7173 2059 7592 5005 0
70321 5 3466 0 4529 5269 4087 1682 4372 5559 6463 0
30974 7 5207 0 5582 5065 5256 9097 5376 1587 5507 7607 5253 912 5595 0
9564 10 8916 0 9124 948 9111 2382 9035 5480 9131 9272 9053 7317 8985 6758 9026 9679 8983 2391 9177 0
