19
11221 6 914 0 2261 8644 5716 164 3534 3415 1212 7875 6049 0
91782 3 6117 0 8169 8179 8377 0
56497 7 8830 0 9028 6915 9267 6218 9254 9761 9176 108 8943 7016 9443 0
87778 5 8006 0 9599 8157 9209 3725 9183 7305 9944 0
91834 8 8524 0 8539 2331 8530 2517 8524 3728 8528 4554 8526 2827 8536 6334 8540 0
59954 3 4519 0 4635 5543 4802 0
94665 9 3017 0 3622 3298 4263 2006 3467 6368 4619 4689 3581 2432 3619 4658 3033 8491 5001 0
34279 5 5420 0 6204 3284 5808 3543 5450 8584 6912 0
68227 10 1954 0 3327 1327 4920 1384 1958 5347 1997 2335 5152 1228 3977 3949 3184 8319 4277 1289 5564 0
2769 7 1135 0 2610 3020 3426 3629 4738 7397 2791 2536 3464 388 5471 0
97504 7 9301 0 9479 6416 9505 2672 9361 1464 9413 4267 9558 1265 9644 0
93073 3 9933 0 9934 8819 9976 0
77654 5 5139 0 9215 6183 8193 9046 9110 960 9576 0
5615 7 6897 0 9000 9084 7485 2576 8063 7642 8307 8978 8171 3407 9236 0
94434 7 7904 0 8913 5512 8063 5990 8297 7375 8675 1151 8902 800 9030 0
62382 6 6838 0 8145 4306 8049 2452 7383 3113 8726 2648 8820 0
99219 10 8230 0 9501 7895 9172 961 8633 5491 9805 9360 8751 1869 8243 9379 9537 1187 9186 5946 9949 0
44060 8 7802 0 7847 6939 8391 9204 7844 5434 7872 249 8252 4802 8283 9493 9019 0
92931 5 7066 0 7394 4706 7099 4184 7179 3128 7481 0
