105
60256 7 330 0 1162 6467 569 7275 945 4429 924 4969 836 2521 1810 0
85175 3 5856 0 6051 7910 6459 0
64294 8 39 0 1504 7061 210 3029 804 7274 178 7611 2550 5455 1478 5026 3514 0
38624 10 2943 0 4870 5486 3249 451 3069 3407 4042 5001 3135 1771 4659 9620 3184 6713 3642 9820 5229 0
73292 10 9773 0 9796 8798 9910 5507 9947 6373 9928 8772 9933 6681 9894 3863 9837 4003 9927 9078 9992 0
24780 3 8643 0 8649 3475 8653 0
29183 4 8471 0 9093 1882 9042 3983 9184 0
57863 4 627 0 4493 2123 1454 2943 5798 0
30710 9 8002 0 9647 4221 8574 9324 8798 5632 9255 4687 9674 1897 8079 7120 8178 9497 9762 0
67100 5 1518 0 3095 5218 3847 2321 3608 5611 5716 0
23997 5 4158 0 4176 8577 4294 2287 4344 5571 5546 0
29870 4 3563 0 4808 8393 3587 2881 4839 0
52677 10 9086 0 9235 2963 9101 6598 9133 7994 9327 3120 9211 8899 9261 6844 9232 1296 9275 636 9355 0
42416 7 7244 0 9263 9755 8394 5934 8930 9760 9895 8410 8233 3941 9908 0
5437 9 7225 0 7820 965 8193 2502 7283 1751 8141 3688 8036 6148 8477 759 7647 9952 8526 0
56793 9 4063 0 6174 6065 5718 770 6215 2115 4287 5555 4758 990 7326 5366 4392 3238 7505 0
65662 6 8364 0 8417 8711 8581 5145 8846 4525 8520 8290 8873 0
14636 5 7764 0 8226 6712 7886 667 8969 3565 9749 0
28674 5 4367 0 4634 4891 4680 8006 4808 4795 5062 0
30362 5 7000 0 7229 2910 7183 4903 7210 6471 7659 0
59811 3 308 0 4215 3423 7560 0
25289 9 2291 0 6971 1 4660 6110 5125 3029 3115 541 6009 1614 8567 9211 4323 3843 8702 0
94175 5 3730 0 7497 7728 6524 9648 4327 6949 7982 0
77900 5 723 0 1778 567 4625 6013 4102 5485 7556 0
33069 8 7252 0 8498 419 8716 9438 9072 8008 7998 6418 7776 8560 8150 8391 9309 0
6853 8 4800 0 5392 1517 7823 8943 8223 1033 7519 9342 5850 4756 9366 6722 9537 0
2806 4 7631 0 7632 1981 7841 7287 7853 0
81366 3 6099 0 7497 4305 7908 0
91914 9 6007 0 6372 9748 6210 777 7387 2460 7595 696 7840 2102 7508 255 8132 4206 8208 0
70530 4 4833 0 4859 827 4839 7975 4979 0
74860 9 7865 0 8643 7686 8008 7024 8553 7847 8473 8958 8851 8954 8840 4337 8419 9668 8931 0
63972 9 3821 0 3966 2531 3941 327 3888 2125 3839 1789 3948 4784 3931 6360 3921 8595 3986 0
23645 10 1608 0 6169 1441 3711 2057 6099 4734 4373 2542 4290 4619 2540 8439 2339 3714 6662 8336 7302 0
68447 9 3127 0 5176 2708 3609 3537 5515 4278 5233 9620 5598 9006 4340 8042 3388 8104 5636 0
2241 5 5987 0 6249 2583 6297 4712 6396 977 6416 0
18570 6 4997 0 5743 9708 5215 4461 5329 9159 5498 4668 5757 0
46960 9 6852 0 7427 113 9109 6151 7766 4881 7900 7352 9737 5795 9118 1333 7603 4003 9993 0
89017 3 1957 0 2607 3510 9634 0
9302 9 8749 0 8767 3603 8775 9643 8766 3421 8756 3864 8772 6531 8769 3685 8777 455 8782 0
66074 9 6437 0 6589 5701 6912 5476 6553 3404 6907 8343 6805 6636 6945 2296 6868 2986 7106 0
44226 7 9462 0 9474 3889 9474 6320 9471 5299 9466 837 9462 7603 9474 0
1845 9 8074 0 8100 2663 8132 7964 8083 8633 8085 5630 8080 597 8100 863 8126 8287 8159 0
48810 8 1336 0 2995 6316 7814 4210 7776 801 3608 6055 2621 2357 3107 5858 9800 0
19317 9 2042 0 3129 7242 2540 5249 3550 4435 2675 753 3348 7452 3442 3471 3676 2284 4176 0
82915 7 3506 0 4060 7582 4188 8765 4097 2427 4223 4909 3690 4047 4429 0
98692 7 4040 0 5088 1470 4729 2786 4479 5958 4973 3678 4450 880 5781 0
69341 3 4821 0 5085 4573 8997 0
87402 6 108 0 1102 6471 1411 3937 935 9324 983 1414 1550 0
838 3 9983 0 9984 1674 9984 0
11102 5 5783 0 6671 7268 7016 3066 5850 9483 7677 0
14677 3 726 0 819 7120 3545 0
61574 8 8353 0 8501 5361 8532 56 8453 1292 8735 6423 8516 2233 9069 7380 9178 0
36905 10 4513 0 6709 5114 4681 2685 6780 6198 4927 5252 6808 9222 4969 8097 5112 6599 6949 9541 7183 0
61432 7 8562 0 9085 7292 9736 8725 8669 5232 9417 4325 9548 8630 9965 0
88890 6 5796 0 7218 3174 6540 7382 6970 8259 6177 1696 9359 0
24853 9 536 0 702 5139 606 6414 717 202 542 7659 671 9605 605 3981 646 3183 729 0
77089 4 3192 0 4314 9517 4309 601 4693 0
75074 6 4434 0 4860 2192 6531 3031 6588 4320 6295 1410 6762 0
69071 8 1212 0 3763 1640 5384 1319 6272 944 7703 1604 4613 3661 8942 6739 9884 0
25208 10 6365 0 6383 6992 6651 9127 6606 3158 6600 1 6492 2274 6580 8036 6637 2436 6697 9893 6734 0
61858 5 2941 0 3462 5130 3294 1443 3346 6086 3479 0
90641 8 9635 0 9729 9870 9732 1898 9759 7612 9737 8467 9701 5621 9707 5170 9811 0
44716 10 3621 0 4844 7978 4002 6909 3722 9074 4270 5338 4818 4813 5401 1437 4686 8107 4384 6937 5508 0
95945 10 1470 0 1612 5204 3542 710 3847 2179 1479 9952 3638 7262 3600 8915 3163 4409 3699 8197 4454 0
24775 5 348 0 675 3168 1182 4306 951 7866 1281 0
39904 8 7430 0 7710 6154 7609 4686 7520 7279 7571 5980 7439 2252 7437 8503 7724 0
4975 6 2356 0 6373 5243 2515 8102 6512 9404 3577 7326 6755 0
13016 8 6450 0 7442 7226 6663 8754 7017 95 7282 5690 7156 4367 7421 7487 7553 0
50411 9 5826 0 7865 4651 7564 4821 6846 8591 8644 6291 6752 2719 6995 5158 8934 4008 9140 0
71076 10 7756 0 9599 6099 7886 1699 9201 9257 8512 2149 8508 7644 8232 2352 8187 7311 8131 3656 9627 0
95554 5 567 0 3446 3603 6229 1208 934 5993 8300 0
20780 10 9485 0 9508 2165 9509 1390 9496 388 9500 6137 9489 7105 9508 1572 9503 9064 9495 3102 9514 0
8656 5 3184 0 4486 8787 6935 2693 6068 967 7277 0
28077 7 3979 0 4073 4750 4486 9364 4205 1587 4703 484 4883 6844 5210 0
9021 5 1978 0 5103 829 3296 6223 2176 885 5221 0
21136 8 8189 0 8299 9561 9669 1852 9704 1388 9430 6899 9141 1273 8655 9209 9810 0
4082 5 9324 0 9434 6913 9527 3803 9436 6418 9603 0
59788 3 3240 0 3284 8853 5572 0
76080 4 4279 0 6980 2319 5921 4856 7237 0
92424 7 5192 0 6583 8486 6929 7604 6158 4188 5468 1711 9231 2825 9592 0
57031 4 486 0 1058 2723 836 3289 1727 0
30110 6 9854 0 9870 7051 9861 3304 9960 378 9862 4121 9960 0
87654 9 2853 0 4932 4757 4425 9056 4607 7258 4673 3571 4549 5727 3247 6936 5018 2723 6009 0
95934 3 3606 0 3770 8354 6504 0
27784 6 5427 0 5432 5250 5450 3790 5479 5327 5474 1174 5512 0
97595 7 5345 0 5797 4147 5757 2559 5691 4778 5749 4851 6252 626 6398 0
78125 6 2362 0 3714 3005 8433 236 7802 2351 2893 8928 8650 0
74002 8 1532 0 3390 7034 3881 379 1677 8183 2304 1018 3181 8445 2580 5020 5371 0
29657 10 3552 0 4175 8073 5325 1412 4257 3363 7742 3459 4923 863 4354 309 4715 4632 5946 6136 8537 0
33494 10 7420 0 7436 2666 8602 6575 8394 237 8035 787 7816 6375 7865 2009 7672 8648 7851 1795 8646 0
53121 5 2199 0 2232 6000 2318 2640 2289 2317 2363 0
37125 4 5393 0 5704 9353 6188 9655 7032 0
98163 5 2391 0 2679 9201 2713 8129 2643 2707 2730 0
80138 3 4401 0 5446 829 9417 0
69115 4 5168 0 7327 4993 5407 475 8328 0
42023 5 3508 0 4433 1562 4694 3486 3831 9845 4770 0
4960 7 808 0 3475 1845 3551 9386 2295 205 1562 9621 5082 9185 6074 0
20051 5 4860 0 5477 7112 5671 5156 5034 8761 5845 0
61729 9 1377 0 2484 7695 4510 5957 2505 6204 2452 1984 7354 1299 1635 2912 3648 2034 7489 0
34809 9 6468 0 8941 5899 8884 4435 8051 6086 6732 1463 8323 1510 6516 6286 6961 702 9375 0
77304 5 8991 0 9198 8086 9152 7649 9159 4843 9210 0
8111 6 7905 0 8763 655 9229 5577 9100 584 8265 7421 9546 0
9851 4 7468 0 9588 2225 7557 4079 9622 0
97246 3 3561 0 9539 3744 9745 0
51720 3 8438 0 8621 205 8852 0
