150
38015 10 180 0 713 6508 417 6105 7940 7432 4999 9047 4810 3748 854 1289 1272 9114 1609 7421 8511 0
40709 3 594 0 3975 742 4105 0
87361 4 6757 0 6936 9809 6787 4950 7030 0
48384 9 2589 0 5278 9419 8584 5650 6399 6652 4329 5705 7477 7258 8481 260 5252 3587 8847 0
4856 3 6340 0 6744 6052 6857 0
15648 7 8444 0 8855 684 8810 5308 8848 7042 8458 2971 8522 6497 8926 0
96922 6 7002 0 7921 5807 7572 5471 7262 4374 8111 7061 8585 0
12914 3 5871 0 9563 9274 9802 0
22514 6 1433 0 1639 6603 1511 6762 1659 5875 1647 467 1690 0
42526 5 9835 0 9896 5066 9862 7749 9897 9224 9933 0
31092 3 4287 0 8919 6545 9541 0
39335 6 4389 0 6096 1687 6636 1424 7219 79 6948 9185 8457 0
8593 9 4011 0 4225 6410 4501 3874 4194 8451 4217 9371 4361 5398 4281 2676 4240 3198 4719 0
77943 3 3942 0 4636 2608 4852 0
15980 9 1445 0 5173 1862 5925 5584 7564 8584 3429 8948 2393 9356 1799 4269 5074 7385 9647 0
48539 4 5058 0 5860 8015 6726 4100 8724 0
56036 4 3153 0 4986 5503 3179 2259 5969 0
25110 7 6237 0 6295 8311 6629 2460 6686 9341 6491 7747 6415 896 6690 0
11476 5 429 0 1431 3358 1349 7362 960 840 4317 0
88726 5 3766 0 6134 3831 7046 7019 6137 1244 7295 0
4751 4 1403 0 5025 4366 1833 3654 6207 0
62729 8 3505 0 7395 8537 7647 2688 5982 1272 4928 3582 6084 1367 8411 5812 8652 0
36646 9 1896 0 3294 4671 5901 7932 4290 8454 3352 5439 3335 9147 2345 9247 5409 7502 5960 0
37787 9 1277 0 2819 7255 4723 9494 2979 9778 4108 3442 4618 7470 3131 3033 4013 2814 4924 0
51035 10 2698 0 6472 8943 2949 4959 4713 965 6426 3384 7083 9857 2901 619 2717 8298 6465 1583 7367 0
31154 3 907 0 7457 3850 8532 0
82035 9 1570 0 1684 2351 1598 1900 1717 2955 1594 6604 1609 8999 1691 6683 1629 7554 1723 0
23021 3 8647 0 8691 3693 9274 0
29736 9 694 0 708 6002 8054 5406 5139 1681 7846 6633 8321 5687 9158 9493 5192 2923 9749 0
9788 7 511 0 1003 1373 1457 5548 3691 2645 7321 716 5612 3261 8983 0
99514 9 278 0 1173 479 385 4206 453 347 462 2183 580 6664 988 8379 1149 747 1253 0
94624 4 135 0 1172 699 1169 9878 1374 0
19309 8 7069 0 7316 3368 7332 1367 7616 7355 7189 4036 7563 2539 7413 3366 7849 0
460 4 5775 0 5830 8780 5777 2235 5831 0
40447 6 2606 0 2804 6742 2675 2369 2831 3099 2646 9310 3058 0
16182 10 4704 0 4879 3726 5871 561 9115 1460 6880 480 5538 8832 5683 866 5720 7226 5693 2124 9190 0
31577 4 7315 0 7340 2093 7395 7260 7868 0
23575 5 7788 0 8132 196 8351 7496 8304 3286 8445 0
95050 8 4331 0 4429 9675 5066 3163 4689 7883 4901 2436 4882 8717 4921 5372 5291 0
30407 6 6993 0 7711 5223 9003 1073 8042 8417 7679 692 9536 0
34529 4 427 0 5608 6948 5542 9994 6463 0
10837 8 8687 0 8884 2701 9124 8683 8747 5662 8764 7106 9215 8822 8879 2255 9315 0
9557 4 9848 0 9918 3335 9934 8768 9936 0
87907 5 3998 0 4241 3594 4330 1399 4215 7330 4330 0
41468 8 1058 0 3087 4173 5369 9088 5323 1629 3346 776 5320 6859 6178 830 6665 0
83409 10 6349 0 6645 1657 7116 3492 6994 2696 7196 3016 7028 161 6859 9453 6367 8310 6648 2905 7197 0
20362 6 6569 0 6880 700 8902 2594 8002 3779 7473 3049 9153 0
21540 4 149 0 3782 6462 4258 1422 5535 0
23043 3 1240 0 1874 4279 2750 0
13179 3 8033 0 8325 7907 8722 0
97151 9 6426 0 8861 9583 8401 4868 6945 9687 7777 9637 6627 336 7409 8266 6768 9535 8910 0
6444 10 8356 0 8945 9837 8584 633 9213 7269 8652 3986 9215 4118 8423 7054 9229 6454 8594 790 9298 0
67454 9 6059 0 8327 6850 8671 1218 8611 5761 6662 4029 8577 5539 6859 6511 9190 5171 9985 0
89912 10 199 0 5453 283 1415 8338 616 2592 3134 7176 5304 7398 200 7765 1194 9743 2692 2138 5686 0
61881 4 4127 0 5772 3719 5809 2919 9052 0
78645 8 6594 0 7392 4280 7713 719 7905 860 9585 7438 8220 9380 9236 9380 9784 0
82786 7 6332 0 6694 5963 7376 2294 7431 290 6831 6559 6553 3262 7590 0
98536 9 9598 0 9746 8094 9763 1055 9755 3880 9630 7996 9771 9773 9806 6094 9704 6825 9820 0
45830 5 8304 0 8973 7436 9167 5388 9342 961 9819 0
84918 9 9261 0 9268 3682 9289 1321 9282 8628 9327 1547 9293 7067 9265 9082 9335 8942 9339 0
79366 8 304 0 1371 438 578 3516 468 9908 1738 8236 2455 190 1121 7665 2641 0
35037 9 9902 0 9913 4019 9922 4141 9909 2654 9911 5592 9925 4454 9924 6897 9928 4357 9929 0
37828 5 7802 0 8665 9518 8970 5426 8748 2583 9049 0
2302 4 2644 0 4333 2938 2917 3239 7725 0
4620 4 3143 0 3146 4132 3162 8973 3162 0
70929 5 5109 0 5501 6952 6051 2140 5736 3213 6464 0
92578 5 7125 0 7473 6442 7504 2215 7359 1519 7625 0
11160 8 6254 0 6300 4314 6568 1600 6366 7186 6977 987 6330 3600 7557 6793 7615 0
66612 6 1013 0 1235 8977 1628 8433 3543 6799 1219 4922 5429 0
13323 9 4836 0 4926 434 7621 4257 8920 1563 6685 4196 7763 5328 9033 4398 8150 4885 9396 0
78072 4 4781 0 5416 6803 6144 4481 6486 0
72707 4 1068 0 2042 2753 2651 7664 3299 0
89489 5 1405 0 2240 3644 2128 8806 1836 6729 3113 0
29358 7 7155 0 8517 7572 8531 9885 8986 1 8136 5549 8526 2988 9013 0
94146 3 8666 0 9101 1333 9166 0
53009 7 5676 0 7050 2601 6239 3326 6264 3434 7761 6203 6352 2453 7895 0
86703 3 8006 0 8690 1747 9385 0
92041 9 3112 0 4767 9593 4246 9926 4707 8326 3405 7560 3185 5549 3858 4422 4843 5067 4857 0
44280 8 1229 0 1267 8723 1940 9328 2874 3675 2560 3156 1259 1583 1310 7846 3144 0
51328 8 1029 0 2264 2250 2109 8494 1369 3625 1888 7599 1245 9573 1897 3400 2388 0
2840 7 6751 0 8161 5730 7001 4645 8169 1067 6811 4519 7182 385 9067 0
96116 10 5977 0 8027 4874 9188 3748 8573 5328 5980 9240 9356 211 6276 3034 8265 9903 7360 8265 9571 0
42073 5 5488 0 5752 3093 5516 7593 5880 6780 9304 0
1384 3 1256 0 5044 135 5987 0
84681 7 102 0 1161 1180 2521 3941 541 873 5035 7750 4093 784 5073 0
40869 6 5339 0 6011 4418 5548 1279 6147 1317 6350 6179 6368 0
88907 10 3182 0 3976 4041 8213 51 6112 7514 8693 6435 5455 7601 5951 6530 4812 8744 5003 5547 8861 0
79122 7 3589 0 4843 6755 6079 2675 5680 6096 4581 1021 5238 9421 6175 0
949 5 145 0 5379 8156 584 9574 1304 388 5897 0
81476 5 9156 0 9215 7168 9231 5041 9231 4885 9243 0
26345 3 8463 0 8653 209 9463 0
24377 3 3954 0 5046 7608 5569 0
63595 7 9453 0 9905 7046 9987 4841 9804 9504 9799 9299 9891 6074 9988 0
98854 8 7961 0 8679 3402 8230 9860 8046 713 8027 745 8477 8016 8661 8343 9025 0
31517 4 8912 0 8965 4949 8931 979 9020 0
19312 4 7992 0 8213 457 8025 3513 8260 0
83123 5 8664 0 8863 2094 8765 1066 8997 7325 9132 0
66315 6 5693 0 6413 8712 5903 3682 6006 5610 6069 64 6446 0
11187 4 3100 0 3412 4085 8911 9086 8971 0
58286 5 9116 0 9256 1585 9457 6594 9386 1404 9694 0
51816 6 4904 0 5104 5721 5041 9201 4935 1263 4986 8793 5239 0
6185 5 4818 0 5984 9098 7072 7560 5593 3633 7385 0
9455 6 9342 0 9379 1203 9374 2677 9370 1155 9373 4333 9429 0
92720 7 3498 0 6092 2429 3992 4374 6147 5958 6906 586 3861 2315 7088 0
6003 6 3554 0 4567 4269 4644 3350 3975 166 3722 8874 4691 0
19968 3 3896 0 5502 7150 5673 0
17105 8 5498 0 7572 3798 6335 1886 7556 5014 6529 7826 7470 6397 6693 9645 7770 0
14786 5 5568 0 5932 2085 5891 3382 5721 2676 6191 0
47628 7 9255 0 9358 5440 9283 844 9374 1160 9328 9643 9283 1253 9468 0
5789 5 937 0 1011 59 944 4607 938 4347 1091 0
16174 7 8967 0 9358 933 9069 5699 9150 578 9264 7842 9158 4898 9398 0
8211 8 4166 0 4295 8956 4279 2157 4173 3588 4179 7643 4306 3221 4291 8257 4359 0
10046 9 633 0 646 6775 654 357 669 742 655 9142 689 427 663 8196 645 948 762 0
30930 3 2617 0 4113 3958 6105 0
70044 4 6780 0 7342 3483 9388 1267 9743 0
77403 9 1939 0 2875 5738 2675 8406 2924 1102 3054 6707 2130 7135 2211 7718 2314 6431 3663 0
54955 4 6585 0 6647 942 6651 7091 6699 0
83388 7 1369 0 2182 1574 2579 1972 3269 5684 5057 4938 3835 7798 5366 0
90285 4 301 0 503 448 2076 6281 2636 0
52914 8 3457 0 4648 4728 3757 6599 8441 3993 7933 3686 8619 7229 7785 2233 9852 0
13941 7 4930 0 7359 4566 5137 3479 6832 3050 7212 4246 6610 2349 7563 0
72188 6 2640 0 5815 7869 7448 5771 7120 4736 6991 9603 9333 0
12852 10 3150 0 7857 5564 8342 8218 3973 4855 6851 2030 8754 216 5765 3246 8578 8811 5830 9142 8905 0
61391 9 7929 0 8044 5047 8040 4473 7991 4633 7950 5298 7990 8545 7988 8927 7970 3119 8096 0
50679 5 8762 0 8907 5331 9268 42 9477 3222 9740 0
34102 3 303 0 3992 2579 4712 0
15022 6 269 0 3284 531 3447 3858 2150 3268 1937 6491 6909 0
71884 5 3301 0 4531 4961 3312 7659 4139 3699 5590 0
60050 5 5171 0 5954 6831 6976 2925 5978 5126 7423 0
55820 5 1629 0 8055 2186 7807 7404 3547 9387 8639 0
83403 8 5733 0 6641 3558 6612 2547 5840 5545 6580 9008 7067 4157 6458 7092 7971 0
6930 8 5875 0 6938 2762 6300 6311 8339 3941 7681 973 7934 838 5962 8758 9491 0
89552 10 8449 0 8682 3994 8595 7273 8637 3247 8830 9 8588 975 8527 9945 8488 8244 8588 6998 8879 0
1912 8 2853 0 4270 1040 7038 8797 6674 6672 6719 709 6294 6139 4117 4647 7196 0
23752 8 5142 0 5717 3950 6047 2991 5863 546 6038 2755 6408 4659 6563 7788 6656 0
52362 5 3985 0 7989 9523 7569 9368 5180 9739 8988 0
14796 3 178 0 230 1052 3844 0
43589 5 3919 0 6446 6181 6015 6209 4221 3716 7878 0
1503 10 4718 0 8777 2319 5461 5111 8794 2013 7247 9630 7185 8704 6171 518 8741 3969 8150 6361 9150 0
89573 7 8359 0 8914 2437 9411 6837 9524 6975 8872 9335 8861 7890 9914 0
81013 4 9574 0 9689 1660 9583 1138 9723 0
53398 3 5399 0 7383 7488 7690 0
24333 7 7198 0 8841 7242 8003 6029 8685 60 7338 5084 7710 4665 8892 0
58019 4 5385 0 6897 7873 6367 9449 8065 0
29541 3 7124 0 7718 589 8934 0
1025 6 9321 0 9493 5517 9587 6088 9761 2787 9602 2962 9812 0
53594 10 4004 0 6495 8687 4715 9037 7354 9699 7567 8609 8315 2449 5379 247 5811 6361 5018 8081 8389 0
10668 3 9527 0 9537 1474 9549 0
93284 6 3930 0 5073 1896 5089 5431 4029 8452 5008 5202 5798 0
56816 3 3773 0 7471 7577 9410 0
