150
10676 5 2905 0 8200 2754 8105 7172 6940 4255 8403 0
78375 7 1087 0 1382 739 3214 7277 1740 7859 2422 8718 1187 6067 3433 0
85742 5 8507 0 8588 6686 8923 8131 8998 7509 9826 0
64717 8 5643 0 8249 8367 8552 297 8120 3845 7241 9893 8513 6644 7899 5987 9102 0
70087 6 3966 0 5636 5567 5375 9152 5591 2807 5096 8878 6445 0
28034 8 1750 0 2094 1051 2156 4111 2363 4236 2361 4872 2192 6319 2329 8643 2543 0
98124 9 1077 0 3564 861 4762 5128 1834 4781 4056 3162 4866 2421 3399 1883 1966 7225 5377 0
70621 5 5383 0 5387 7657 5485 2666 5429 5837 5540 0
10884 3 4067 0 4691 1659 6041 0
85046 7 5240 0 7055 5641 5693 6859 7582 1113 6352 2524 8760 8502 8838 0
30163 8 1894 0 2289 8721 2092 7985 2396 3145 2414 6535 2197 9117 2234 5128 2505 0
81340 3 696 0 1122 9244 3737 0
37991 10 9616 0 9797 1437 9706 7388 9877 8685 9797 212 9890 9685 9679 3834 9642 5206 9843 2505 9931 0
52657 8 1003 0 2144 8894 1557 4663 1377 653 2412 4306 2299 5875 2462 508 4180 0
62580 9 2137 0 4862 3650 4478 4083 2251 3442 3805 4620 3678 3400 5850 8651 3057 7962 6230 0
81538 10 8893 0 8897 4863 8909 4220 8905 6144 8901 9388 8894 8654 8894 9782 8904 7673 8908 5444 8910 0
45518 6 1398 0 5280 1287 1825 4727 1735 7582 3229 8932 6342 0
55664 10 7612 0 7842 8249 9121 4593 7895 9288 9104 5314 9152 2866 8435 4474 8481 9125 9233 5060 9603 0
36811 8 9996 0 9997 3611 9996 9940 9997 5698 9998 5570 9996 344 9998 2448 9999 0
99219 5 2229 0 4974 7865 3279 4837 2748 5334 5599 0
4779 6 6982 0 7923 3568 7324 8825 7436 8120 7404 7369 7941 0
46774 8 4463 0 4479 9798 4491 6050 4488 2363 4504 2207 4463 9323 4471 3571 4515 0
62358 8 3704 0 4071 5362 5764 5737 5921 5690 6112 4077 5757 698 5373 1680 6788 0
37114 7 6928 0 8374 4864 7177 3734 8288 2836 8169 5100 7375 4623 9851 0
17461 9 4967 0 6500 8948 5248 7830 5348 7697 5762 8289 7083 1171 7430 5954 6863 6832 7778 0
43977 4 4145 0 4744 6238 4852 4626 4902 0
54937 4 8691 0 9140 5161 8870 3204 9306 0
57861 9 5257 0 7687 2688 6901 2498 5885 2262 7415 4649 8160 1182 6668 9962 5811 2139 8236 0
88689 9 3544 0 5338 504 6455 4461 6677 1737 5022 5464 4225 3162 5476 6871 5144 6918 6711 0
22231 8 6561 0 9458 295 9268 9985 9142 4976 8441 3884 8097 5130 9356 3065 9772 0
82082 5 6747 0 7063 3133 8951 8746 8483 6077 9079 0
31399 3 1775 0 2892 8769 7213 0
35794 4 2246 0 3952 8134 7278 1691 7974 0
54488 9 401 0 802 8982 5343 9301 2271 5370 3013 6111 6112 1930 5535 6428 5627 326 7464 0
18459 4 9038 0 9135 9197 9158 603 9161 0
15012 7 8872 0 9088 6086 9374 8282 9777 7270 9003 2092 9517 9967 9803 0
47949 6 3920 0 4217 3014 3955 1362 4737 2711 4133 2984 4856 0
70927 5 2842 0 4844 5895 9328 3544 8342 903 9647 0
34817 8 5908 0 6377 2829 7981 9257 8197 898 8893 8052 8233 5454 6478 3420 9093 0
45588 6 3192 0 5701 845 4601 7191 5154 3367 4006 8674 5832 0
78595 4 5617 0 5678 8618 5703 2528 5741 0
9428 10 3321 0 5230 7305 6369 3610 7747 7469 7203 3410 5151 5721 7268 4148 6563 2398 4365 2779 8037 0
17273 9 9172 0 9572 327 9293 9107 9185 2273 9230 4414 9431 5134 9380 8592 9185 4867 9634 0
3847 10 76 0 1770 791 4131 4842 2953 1014 725 8761 1021 3853 6347 1691 1782 6765 2760 2919 9028 0
16327 10 5483 0 5540 4579 8924 8983 7072 1995 7487 2432 7450 6621 7259 6366 6703 5116 6378 2078 9137 0
229 8 7863 0 8054 3376 7967 8106 8204 5678 7870 6771 8179 6587 8143 4521 8226 0
33871 9 8689 0 9230 9684 8889 176 9362 9641 8947 4799 8770 4447 9446 677 8735 526 9788 0
18680 4 8645 0 9016 5996 8913 6694 9445 0
46077 4 2448 0 6186 2298 4426 2787 8011 0
86671 5 8477 0 8910 7412 9149 8604 9192 4155 9349 0
13276 4 923 0 4858 5014 5370 4975 9507 0
28726 4 5509 0 5772 3717 6461 2284 6997 0
87706 3 3233 0 3472 590 3950 0
30789 8 2692 0 4482 3899 4012 1351 3842 7875 3286 7604 4203 2093 3204 2484 5955 0
15604 10 9170 0 9653 7401 9688 3387 9245 89 9702 4035 9240 3797 9593 2912 9726 5404 9525 4365 9792 0
87542 7 5638 0 7423 1606 6415 7381 8589 8366 8182 7658 5918 7820 8695 0
86157 3 1283 0 3399 7032 4743 0
44929 4 9570 0 9831 7151 9681 8585 9896 0
26445 8 488 0 605 2098 2095 4466 1166 1172 1267 7222 4201 3986 1453 6311 4498 0
8053 5 9123 0 9173 1236 9284 5117 9304 9734 9347 0
90404 6 4931 0 5490 7722 5066 9978 5033 6378 5615 8690 5807 0
25650 4 8140 0 8200 2038 8252 3865 8712 0
16955 5 7538 0 8607 4669 8859 8022 8886 9529 9290 0
56685 7 4865 0 6818 3486 7854 3682 7978 8450 6808 2015 5694 7606 9091 0
43103 4 5123 0 6220 4965 8052 5396 8093 0
30148 8 8105 0 8248 4457 8582 9963 8236 5004 8540 111 9212 9890 9523 8562 9571 0
66928 3 6941 0 8508 5044 9637 0
11870 7 5809 0 7405 6003 7622 9587 5915 4562 6461 7529 7045 411 7913 0
50649 7 6733 0 6801 4023 8162 1317 7529 5408 7468 8922 6780 3863 8356 0
7755 6 255 0 2058 5240 1574 5391 1392 6174 1412 7889 2815 0
66794 5 2852 0 6718 2711 6689 3409 5043 2304 6761 0
96351 3 9148 0 9392 9389 9477 0
31020 7 2437 0 5597 3662 5224 4314 5904 9445 4215 812 9016 5540 9669 0
61387 7 9774 0 9834 4708 9837 4143 9776 6955 9838 9839 9827 210 9942 0
77333 4 1677 0 4034 8979 2113 1850 5526 0
21730 4 2066 0 3338 9318 2202 7153 4225 0
78686 8 3147 0 5124 8063 4134 7325 3302 9649 7405 5253 4568 8194 5840 3458 8061 0
56181 3 5581 0 5627 7652 5997 0
41777 8 3722 0 4189 4942 4101 1946 6057 7229 4142 4003 4530 3077 3773 3466 6474 0
65806 6 3514 0 4111 5662 5286 9575 5819 8345 4105 9308 6933 0
20779 10 7015 0 7541 7833 7356 5246 7817 6527 7322 225 7803 128 7816 7371 7525 5615 7250 7400 7822 0
10614 5 2681 0 9603 8039 4951 4112 3862 4904 9608 0
12099 3 7909 0 7917 9136 8774 0
80594 6 5224 0 5808 7327 6956 2028 5421 9498 6023 7215 7242 0
1024 3 7613 0 9003 8994 9941 0
92243 6 6665 0 8673 5293 8486 3438 6866 4115 6992 2100 9190 0
58539 5 5761 0 6518 55 7375 9310 7840 6650 8373 0
61639 6 3786 0 3917 5250 4125 2574 3919 2375 3857 4732 4332 0
10022 7 5448 0 5781 5766 7123 1859 6511 3407 5726 8071 6159 3436 7236 0
17636 5 9627 0 9667 8931 9667 2470 9655 4282 9840 0
86586 7 4709 0 7310 5599 5059 2415 8333 3199 5023 9859 5418 5637 8490 0
67543 7 4467 0 5645 5441 5233 5540 6026 5834 4784 2881 4597 325 6294 0
8661 4 7772 0 9221 5283 8432 9051 9320 0
40984 5 9484 0 9632 8919 9848 8000 9659 2365 9989 0
13793 7 8714 0 8894 4145 9062 6021 8715 375 8948 8329 9236 2956 9314 0
9660 9 9372 0 9428 4225 9466 6317 9502 3296 9593 6281 9424 7440 9513 5922 9466 6719 9595 0
16775 4 1 0 606 8102 3854 1615 4385 0
81567 3 2530 0 2543 488 4013 0
2443 7 5816 0 9048 9297 6448 3381 7848 8903 7447 3705 8480 3546 9441 0
86634 10 1160 0 1482 4012 2332 3450 3403 4401 2734 658 3681 4073 2660 526 1559 8490 2558 3789 4254 0
76128 8 7187 0 9336 6530 8953 6935 8188 6999 8616 7189 8144 6629 8613 8830 9376 0
49989 5 4188 0 7165 3056 6091 3742 7865 1949 8100 0
32026 4 2640 0 9501 1109 5001 3924 9633 0
57721 7 9213 0 9740 2864 9569 2051 9307 5538 9529 7094 9743 7851 9756 0
5853 10 800 0 1018 8789 2056 7028 1834 2367 1315 3399 1701 6365 2186 5399 874 23 2176 57 2291 0
94361 5 2391 0 4834 1227 7386 2992 4817 5629 7570 0
63539 4 5055 0 5247 5739 5818 4671 6645 0
11321 5 8346 0 8597 2758 9031 8654 8951 3827 9330 0
81304 9 6271 0 6878 9464 6966 4046 6619 4961 6727 5887 6603 7385 6649 9378 6565 4137 7190 0
12871 10 47 0 306 5723 174 5867 95 6662 256 1077 387 7591 424 3077 58 516 180 8618 516 0
83854 5 6241 0 6593 6736 9473 90 9141 6619 9764 0
32616 7 3048 0 7187 2819 3261 9901 6539 7685 3460 1015 4334 8545 7271 0
98683 7 698 0 2791 6507 7138 1 1024 9937 5367 2852 3539 4690 7650 0
70633 10 7102 0 7108 2767 7168 8999 7141 5836 7213 9975 7123 4092 7108 8681 7204 4850 7182 5132 7214 0
10438 10 2051 0 3593 7709 3272 9800 3503 9074 3829 9045 3182 620 3274 1113 4683 613 2728 5625 4782 0
2893 5 5888 0 7312 4448 6879 8189 6348 9320 7989 0
30821 6 5787 0 8376 6654 7617 3135 5960 1721 6634 8301 9920 0
85373 3 5586 0 6105 622 9700 0
47177 4 4377 0 4378 9216 4418 3753 4419 0
72111 3 2159 0 3927 9204 4888 0
28661 8 60 0 5405 6249 1523 2406 2352 9571 3873 8501 3313 4958 5315 8595 7322 0
87660 6 6382 0 6554 255 6995 1417 6809 4015 6680 6832 8663 0
41493 10 1488 0 2653 8457 2310 9473 3863 3621 2197 2018 3156 7526 2928 7450 1900 2437 2884 4655 4033 0
191 5 9392 0 9440 7940 9680 5160 9531 8351 9696 0
84377 6 8392 0 8392 1322 8408 7301 8393 126 8415 6211 8417 0
51977 5 686 0 5666 5453 4833 2669 3848 815 7704 0
45241 6 2173 0 4942 2666 8534 4556 4934 344 8055 9925 9449 0
93628 10 5232 0 6573 5034 7677 7544 6397 2290 6230 394 6776 1304 6892 6268 7929 5238 5572 6181 8488 0
60794 8 2134 0 3338 4866 4385 9589 3617 4538 2581 6667 3130 4034 5409 7494 5962 0
36189 10 1008 0 2616 7346 2729 7318 1758 8967 2498 8137 2688 1761 2465 4273 1719 4449 2387 3269 2825 0
71325 5 588 0 653 6805 5524 2703 6667 3869 8895 0
6286 6 384 0 2017 8517 3628 5172 5328 9527 6948 783 7203 0
81399 6 5424 0 7317 5185 7217 4126 6028 7960 5883 9861 8163 0
50374 9 4137 0 5834 1024 6655 3369 5274 5591 6977 5937 9087 1815 9228 6518 7189 3997 9402 0
31312 10 4251 0 6541 6026 4982 1207 8120 6771 7038 7577 7508 2976 7918 3152 8410 3704 8905 5902 9569 0
53761 9 3400 0 4278 3980 4414 8871 5121 5898 3892 3529 4556 6107 3482 384 5234 7976 5392 0
83499 4 1574 0 5313 6583 8333 6525 8471 0
46529 9 7654 0 7885 5081 7878 8806 7810 381 7814 8351 7930 2003 7728 9487 7853 2010 8167 0
75092 8 6456 0 6749 5591 6702 3458 6668 9930 6628 4035 6944 9115 6778 1122 6945 0
35080 10 6830 0 8172 9750 8117 8680 7683 7372 7605 5117 7133 7302 9015 9264 7958 8043 7145 1761 9065 0
35871 10 389 0 4286 8252 2508 6251 6104 5802 5516 2635 575 8985 1378 2472 761 5447 4369 6280 7755 0
51459 4 8144 0 8234 6142 8240 6235 9635 0
97366 4 8113 0 9296 2730 8766 4962 9326 0
13166 8 539 0 1053 7178 2131 8569 1793 2940 1013 1979 1491 1322 1159 7917 2629 0
84066 3 7709 0 7861 8311 9841 0
74684 6 1496 0 2377 4792 2102 6413 5395 6482 2074 4874 6293 0
32126 6 8667 0 8740 2220 9688 7785 9114 6060 9232 5006 9785 0
29220 10 9160 0 9311 5899 9346 2225 9197 1538 9233 5322 9205 6015 9164 2226 9229 5447 9175 5207 9429 0
6364 7 385 0 1812 533 2790 5070 8113 3417 5845 8355 6332 2920 8782 0
12504 5 2200 0 3382 6460 3481 2301 3192 9756 5152 0
