150
26442 7 8335 0 8338 3192 9050 8238 9035 3782 9185 1075 8427 9523 9350 0
89125 6 4685 0 6089 1402 5623 5219 5642 3283 5390 2736 6833 0
12758 4 7742 0 8055 9157 7780 2773 8448 0
37945 8 4104 0 5298 4611 7905 2240 5211 3743 7395 2864 6336 2926 4619 226 9022 0
13839 6 8885 0 9437 4055 9542 2252 9447 2353 9454 3752 9588 0
64598 9 5976 0 6393 6276 6658 7955 6431 3463 6279 9900 6000 160 6261 8375 6601 5935 6974 0
96358 6 8466 0 8736 2744 9708 8490 9575 9753 9413 8469 9773 0
59718 7 6398 0 8128 2667 6630 2689 7885 7551 9109 5992 7317 4779 9410 0
29691 10 9535 0 9784 4094 9614 698 9783 6525 9761 2034 9753 9226 9773 3401 9724 6064 9685 5579 9805 0
62892 7 7753 0 9530 1091 8702 5878 9503 8392 7892 7707 8251 9782 9793 0
86036 6 7607 0 7809 5585 7965 1099 7830 8790 7849 5801 8018 0
50975 5 7441 0 7720 1884 7589 8562 7961 3786 8706 0
91546 6 7456 0 8007 5654 7856 6431 7929 1419 7729 5034 8857 0
14676 9 1183 0 6752 1407 1851 5092 3377 8599 7188 8783 2004 7721 2820 2391 8407 1205 9081 0
18972 6 1007 0 2028 163 1804 9554 1135 3812 1537 741 2063 0
21949 4 5170 0 6234 4183 7345 6857 9855 0
78261 7 9451 0 9793 6133 9720 5623 9717 6940 9507 8006 9793 5233 9876 0
9875 10 6861 0 7578 5245 8780 2523 7168 5190 7062 6405 9013 2521 9144 2901 8757 9913 9096 224 9493 0
15587 6 1030 0 1963 2091 2762 9484 1196 9717 1572 8553 2780 0
57122 6 676 0 720 3894 1238 5781 831 5181 1087 6153 1462 0
80784 10 8115 0 8170 1888 8194 8013 8180 6148 8130 6345 8177 5077 8149 8917 8160 2898 8136 1282 8199 0
52894 8 7483 0 7603 7453 8329 465 7809 5291 8668 3144 7825 9444 8081 856 8883 0
77348 7 6873 0 6950 842 6923 8374 6897 9574 6927 1529 6908 4254 6956 0
84258 8 2452 0 2808 7496 6869 7314 3837 224 8093 3774 7703 6753 5252 8599 8338 0
69328 7 5081 0 5498 5782 5258 7070 5585 9974 5307 3196 5469 7848 5936 0
21727 10 6504 0 9092 9588 8721 3783 9221 5366 9052 1760 8957 3288 7745 5157 7702 2584 8642 5652 9902 0
46972 3 7065 0 7092 5169 8258 0
90671 10 4002 0 5516 3776 6639 6112 5896 9644 5674 9225 6949 4400 6455 6888 7076 4771 4874 3448 7409 0
89374 4 4746 0 5582 9597 5283 5001 6689 0
12498 10 8325 0 8474 5435 8622 6765 9161 8355 8499 9351 9060 6415 8614 7923 8502 3699 8538 7224 9162 0
23062 10 7313 0 7454 7002 8080 6470 8036 1593 7612 2799 7410 7113 8039 7217 8015 8306 8159 3174 8190 0
29463 10 2664 0 5443 4596 7458 3444 4472 9489 6493 3958 8387 4256 4927 7435 4779 7852 2976 5377 8390 0
86507 9 5290 0 5567 8803 6387 7935 7420 3322 7542 1094 7405 8551 6850 1855 6190 4843 7694 0
96867 6 8252 0 8429 8755 8920 7481 8702 8638 9487 1769 9494 0
78704 6 5422 0 6333 6014 6381 4712 7014 3866 6588 3989 8443 0
64985 6 7220 0 7664 7120 7934 2996 8927 41 7737 9403 9963 0
1769 8 4831 0 5763 8119 6086 3039 6282 9844 5158 4281 5866 5190 5497 4424 6543 0
77106 6 7162 0 7699 9912 8910 9444 8074 8495 7206 3647 9068 0
30226 7 8910 0 9349 5495 9025 8627 9135 5094 8925 3072 8918 6587 9405 0
96382 8 2424 0 5385 7457 2616 2044 3526 8145 2908 9194 4264 5386 4751 8973 7262 0
29147 7 1162 0 4826 2094 4139 6862 3519 1268 3616 9100 4558 5899 6427 0
21644 9 4249 0 6697 2906 6930 1477 5468 4915 6608 6707 6340 6899 6195 6523 7277 8681 7365 0
76595 7 5504 0 5826 8158 6078 4308 5985 5142 5947 9336 5848 1105 6222 0
37683 5 4910 0 8506 6582 6315 1955 5876 8504 8899 0
31692 8 211 0 6567 9525 6506 5364 260 7088 5417 6574 1939 1641 2818 7271 8216 0
78785 5 106 0 5546 4416 4841 900 5612 7530 5632 0
42629 10 8347 0 8854 9499 9270 316 9142 423 8782 3370 9279 508 8541 4276 9122 3771 9503 8703 9589 0
26368 3 261 0 731 4882 8270 0
34592 4 6124 0 6251 279 6434 2159 7641 0
22566 7 2051 0 3763 4468 3503 2931 4872 2169 5563 6387 6102 1099 6720 0
90588 8 5137 0 5243 746 6797 1307 8142 1265 6224 7678 8511 1234 8219 5543 9294 0
79978 8 2928 0 4584 7611 4271 6271 4698 9397 4678 3250 3933 7800 3772 1668 4745 0
39555 9 6475 0 6632 4696 9602 9063 7988 5462 8075 4493 7251 158 8733 3769 8857 1986 9682 0
86796 3 2085 0 2699 4476 9953 0
65523 7 6341 0 7163 395 7544 3359 6746 2727 6609 6588 6993 6901 7714 0
45222 7 4369 0 4976 8949 6829 1480 6265 318 6366 6397 5934 7010 7025 0
91893 7 720 0 770 3035 1351 9875 771 7869 966 1709 1145 2716 1788 0
35747 5 7068 0 8996 4741 8698 6802 8854 6776 9884 0
39254 3 3109 0 5290 9902 7448 0
50002 8 8408 0 8862 3292 8499 5903 8639 7371 8583 3484 8495 8237 8472 8712 8923 0
15582 5 8449 0 8919 9799 8460 4138 8825 6181 9290 0
67866 10 6771 0 8598 4613 8350 7331 6790 104 9528 9999 7090 874 7487 1966 7021 3002 7098 3391 9827 0
22521 5 8505 0 8588 6113 8548 1452 8537 2872 8758 0
45975 7 5522 0 5624 8504 7245 6146 6099 9075 7766 3262 8311 9253 8327 0
25782 5 4747 0 4769 7495 4765 4979 4755 6995 4780 0
44454 5 313 0 565 8899 2982 396 495 2222 4367 0
83281 10 2904 0 3039 7526 7810 829 4569 8467 5211 3117 7926 6050 5277 2401 3339 513 6382 4825 9060 0
63374 4 8113 0 8439 9803 8223 876 9962 0
62427 8 9946 0 9970 5186 9965 6261 9962 8208 9972 3842 9953 550 9955 615 9978 0
61313 10 7840 0 8800 8655 8983 6810 8943 7759 9301 7251 8691 5268 8252 1861 8795 4838 8257 7512 9322 0
24338 9 2406 0 3311 1791 3740 9690 3990 5817 3256 7952 3509 2643 2874 9796 2681 1914 4888 0
2525 5 6913 0 8328 5582 8154 7163 7029 5371 8636 0
42526 3 2753 0 4791 4860 5232 0
81168 8 3963 0 4004 9464 4294 2530 4415 3133 4079 8147 3963 8054 4107 2794 4535 0
94984 6 9448 0 9473 3485 9778 965 9790 1803 9613 4875 9893 0
44432 6 6533 0 7722 4067 7997 4477 6949 886 6868 7507 9274 0
53029 8 9977 0 9992 1241 9992 5082 9986 918 9990 8065 9980 5923 9987 8124 9993 0
38350 9 5743 0 6317 2190 6137 3379 6912 6519 7846 1550 7382 9268 6151 7593 7804 2125 7996 0
2172 7 9179 0 9754 4855 9448 5299 9306 4889 9798 1507 9539 6422 9823 0
84152 5 8974 0 9853 6126 9510 655 9444 8516 9895 0
75922 10 2107 0 3826 490 4755 129 2583 1854 7466 1753 5006 4081 6616 2993 3843 8869 3745 27 8838 0
38706 7 1959 0 4641 8132 6639 1831 7075 327 7192 8930 4814 1590 7771 0
62021 6 2659 0 7753 5989 6626 7859 6555 7022 4491 3863 7875 0
48217 9 3659 0 3724 956 4406 1248 4060 9995 3801 5219 4179 2679 3826 619 4602 960 4679 0
17792 10 7643 0 7693 9985 8837 8665 8626 509 9446 843 8787 2938 9516 9405 8103 6537 9255 8021 9523 0
24502 10 5321 0 5324 6135 6240 3040 5660 3116 6083 6703 5840 7055 6191 6374 6108 5766 6124 9869 6319 0
77995 4 6176 0 6400 8920 7056 2492 7703 0
49033 4 2032 0 3090 5947 2356 4276 3329 0
93426 9 7009 0 7074 7512 7221 13 7255 5674 7384 987 7566 616 7132 498 7468 140 7569 0
8106 7 9093 0 9169 6331 9128 1087 9130 1887 9144 9923 9141 2912 9191 0
62037 5 4881 0 5115 8497 5212 4332 5394 1929 5643 0
63190 3 7640 0 8603 8103 9077 0
60032 4 1216 0 3046 2138 5910 2170 6734 0
17199 10 7955 0 8662 6552 9047 9902 8579 3275 7990 3868 8032 3271 8555 1691 8533 7612 8636 334 9486 0
83340 10 3392 0 3744 669 3782 4608 3478 4846 4538 3305 4945 5685 4531 9210 3671 3960 4937 8427 5039 0
39368 9 3244 0 3468 4040 3961 7227 3634 6388 4863 1020 4648 71 3904 242 5574 3515 5613 0
43163 8 9738 0 9839 9961 9830 9759 9842 6620 9784 4037 9844 4281 9795 1064 9882 0
43912 10 5645 0 6848 5546 7722 8623 8179 2786 8107 8826 8390 7991 7340 4734 6681 7444 6707 8265 8518 0
55521 10 3876 0 6055 5863 4840 318 7007 7814 6326 2309 7026 4067 7588 9296 4144 2346 7507 5407 8009 0
73740 3 7426 0 7790 2397 8591 0
21412 7 9404 0 9404 8641 9561 5960 9697 1855 9617 3865 9637 4787 9715 0
34880 6 9433 0 9590 2597 9540 5558 9661 1530 9704 5892 9742 0
90244 10 4366 0 6257 8692 6316 4240 5504 2330 6357 246 5671 8153 6116 3733 6111 468 6050 3940 6468 0
92222 5 4393 0 8322 9920 6318 4089 8017 3627 8596 0
4971 6 7883 0 8987 3148 8399 7930 8569 1184 8297 4929 9063 0
12033 8 9913 0 9921 8320 9920 9831 9925 2418 9923 3921 9930 2949 9938 9379 9961 0
52024 9 7988 0 8074 5001 8178 3854 8063 8608 8034 7217 8038 2052 8045 9872 8195 8515 8256 0
65337 4 5110 0 6486 5346 5837 1292 6493 0
51133 10 6552 0 8519 5470 7587 8194 8778 4668 8465 1594 8872 6957 8803 7728 8646 4184 7272 2044 8931 0
20621 9 3888 0 5124 1163 4942 2306 4245 8406 4029 2978 5226 4543 4054 5462 4601 1858 5369 0
85642 4 4079 0 4234 8911 4107 6581 5344 0
21493 6 770 0 2135 7320 2321 6583 2025 8242 2314 4236 3107 0
3957 4 4972 0 7501 8389 6555 6095 8856 0
34000 6 2642 0 3080 2061 2848 7919 2988 3481 3144 389 3593 0
2364 6 8461 0 9376 8473 9072 9087 9256 260 9537 3854 9690 0
66292 7 1243 0 6781 5683 6910 7182 6285 2439 5834 9714 6232 4413 7042 0
2596 3 9774 0 9810 4813 9861 0
18422 3 2174 0 4836 6222 7401 0
24078 9 289 0 1558 8944 2429 7797 2786 6978 3721 734 1503 8974 4628 2534 5270 4734 7153 0
27607 3 934 0 974 5305 1055 0
76194 7 208 0 353 38 242 631 269 6104 383 9452 260 3890 492 0
37423 3 1493 0 4351 949 4479 0
46754 8 3783 0 4472 9203 5996 5249 3831 9221 5229 2671 4366 2070 6089 8056 8529 0
31587 8 6181 0 6541 9080 6553 4354 6556 2788 6921 3058 6484 7459 6485 7833 7072 0
32562 8 5721 0 7259 6704 7046 1254 6701 3319 6413 842 7174 8647 7133 2081 7433 0
22134 9 7340 0 7574 2225 7883 1445 7598 9366 8379 5054 7579 2697 8265 601 7488 1375 8519 0
31110 6 9713 0 9743 7638 9726 5866 9735 4280 9762 6704 9797 0
26706 9 6783 0 6901 2988 7333 3155 8191 3651 7421 5209 6853 2703 8268 2950 7831 1781 8309 0
69333 10 8364 0 8870 3522 8915 3603 8652 669 9051 4299 9242 5714 9003 7785 8430 7400 9241 9910 9924 0
30008 6 4667 0 5694 156 5652 3093 4702 443 6415 765 6459 0
82952 3 2684 0 4268 264 4851 0
15727 7 9247 0 9655 871 9433 2606 9485 102 9392 1711 9278 7025 9892 0
10126 4 9557 0 9799 6153 9782 8167 9818 0
30777 6 6368 0 7239 5512 7006 1289 7753 7597 7865 1551 8645 0
55075 10 8237 0 8301 6930 8333 8779 8504 8471 8727 632 8572 9706 8800 5475 8673 7948 8268 7999 9005 0
14886 4 6800 0 7170 9494 7585 2828 9538 0
9006 6 445 0 4070 9982 5355 3303 5577 3689 1484 9285 9843 0
61338 8 9390 0 9439 1145 9421 8295 9427 1726 9433 8830 9425 4991 9488 3398 9490 0
36685 9 4900 0 8802 962 6553 6555 5530 7394 8006 9754 6523 3884 7650 1599 8043 4281 9889 0
64531 7 63 0 147 219 91 6516 86 2116 240 2552 255 9672 292 0
66678 6 2736 0 6854 764 3588 3135 4508 5050 3755 6996 7093 0
13472 5 8509 0 9113 8200 9269 9975 9064 446 9693 0
10176 9 9975 0 9985 9107 9988 9014 9988 6506 9975 970 9994 462 9989 5281 9993 196 9994 0
20375 3 2726 0 4764 7827 6572 0
34931 8 2251 0 7980 511 3801 3757 6394 642 8667 3164 4452 4662 7777 5998 9686 0
68557 10 802 0 3328 5336 3375 3994 2817 2490 4049 4698 4076 807 2088 367 1927 6841 2373 7526 4521 0
42502 4 1043 0 5062 2966 8862 6212 8990 0
58441 6 4556 0 8209 9105 7910 2296 5961 3653 5660 9128 8229 0
38189 5 3644 0 6325 2109 4678 6785 5228 5367 6759 0
97440 5 4192 0 4842 9625 4586 5476 4988 811 5013 0
