150
66399 10 2549 0 3241 9438 2927 793 2943 3308 2938 6481 3258 3763 3622 9637 3711 9013 3030 4944 4042 0
49870 9 1407 0 1514 4678 1951 7682 6822 4831 3069 1671 5180 3845 2650 9294 6784 1454 7471 0
7588 9 3651 0 3744 3640 3672 4348 4635 6504 3735 1760 4299 85 3830 7307 4589 2543 5475 0
2146 9 7899 0 8837 1331 7909 9376 8946 8144 7905 285 9051 1798 8453 1202 8185 1824 9119 0
58597 4 8709 0 8841 1911 9220 8108 9619 0
6817 8 4191 0 4235 2199 4305 536 4273 4518 4208 1038 4291 2661 4221 9467 4325 0
79658 10 6333 0 6416 9319 9510 2233 7768 7615 8478 3970 9109 3825 9538 4134 7834 4762 6651 4234 9782 0
97134 4 7456 0 9163 6901 7879 5361 9208 0
54405 7 7804 0 8568 3461 8033 2556 8473 5127 8354 3072 8237 448 8700 0
30182 3 8467 0 8553 3392 8741 0
9881 3 6999 0 7119 152 7650 0
82860 10 3716 0 4337 9675 5948 16 5805 5182 5954 5822 4314 6234 4883 8803 4984 2312 3878 8435 6391 0
89223 8 4683 0 5448 3225 5476 8908 5399 1205 5266 9393 5391 1911 5212 6396 6057 0
77893 6 8165 0 8674 999 8536 2858 8255 4223 8505 4650 8946 0
40508 8 7743 0 7808 9699 7833 5171 7774 8337 7825 2162 7766 9934 7877 1286 7896 0
12603 7 8118 0 8186 3844 8152 9431 8252 2479 8173 7834 8189 2555 8252 0
34592 6 3672 0 4692 8516 5096 3463 4911 986 3845 8104 5098 0
50566 5 2449 0 2876 406 3944 3010 5089 6545 6158 0
57898 6 4426 0 8176 5718 5697 4028 5162 9438 7929 2090 9444 0
61971 10 3124 0 3640 7154 6940 4141 3939 6703 5075 9015 5392 2677 6318 8449 4128 2911 6339 3296 7158 0
26229 5 1138 0 3605 7148 5897 2482 7094 7225 7799 0
25480 5 8601 0 8770 3043 8988 1221 8921 874 9436 0
39187 7 601 0 1000 7459 636 1047 808 7194 940 6114 1013 1561 1118 0
94037 9 7648 0 8438 7483 7736 5307 8028 1719 8183 176 8048 3815 7800 2159 8511 7907 8802 0
92849 4 8509 0 9331 2633 8625 9385 9521 0
33719 7 9112 0 9685 5918 9605 3614 9256 1062 9600 2344 9341 8644 9761 0
63669 8 7838 0 7847 7758 8427 5856 8688 8007 8661 6142 8440 2815 9155 8230 9217 0
98187 8 3134 0 6667 8433 6240 7995 4895 6087 4854 8106 7145 8487 5760 6261 7752 0
3258 3 685 0 6971 7880 9516 0
62299 10 2791 0 3688 1026 4364 5624 4661 8474 4062 4526 4152 1689 3922 8461 3843 6415 2948 8716 4725 0
19533 8 9641 0 9669 6460 9684 4086 9652 8133 9718 1350 9689 9383 9760 8785 9802 0
98393 7 6177 0 7301 1781 7788 9858 8078 7026 7055 6348 7655 5834 8565 0
50105 7 8832 0 9834 7024 9421 5403 9984 1319 9467 5846 9650 6055 10000 0
16661 8 7861 0 8445 9127 8830 4693 8396 5464 8530 9376 8220 6042 8029 2718 8859 0
94114 6 1560 0 5177 3458 3107 5066 3739 6706 2486 6788 7671 0
55514 7 1390 0 2014 12 2470 4888 1789 5993 1803 7064 1608 8497 2580 0
58247 4 6403 0 8362 4452 7157 3750 9335 0
51090 9 2960 0 3094 6230 3345 7375 2966 5419 3156 9620 3059 5090 3074 5906 3256 4100 3428 0
29337 3 832 0 4831 3714 7224 0
50125 9 958 0 4420 9741 4263 7463 4832 9633 5085 7379 2742 1462 2828 6820 2545 8958 5459 0
95711 4 4122 0 4348 2254 7376 1980 7413 0
61235 3 7997 0 8045 1867 8119 0
37437 10 9749 0 9930 4586 9831 9711 9790 4462 9899 4083 9938 201 9794 1072 9861 4716 9924 4496 9945 0
20810 5 5126 0 5130 8463 5130 7944 5130 6004 5138 0
86822 4 4004 0 5302 2258 4996 5897 5979 0
35903 8 6165 0 7841 3602 7967 8816 6916 8771 7066 2645 6508 7836 6736 2140 8003 0
61617 7 248 0 5552 4391 4209 3812 5544 2945 3250 7250 300 1686 6230 0
8938 6 7011 0 8788 2650 8517 8816 7299 8649 8256 6941 8905 0
15980 4 8881 0 9086 4337 9136 1151 9224 0
13196 8 641 0 746 1511 2979 4303 1666 7540 2469 9994 1254 2066 972 6995 3029 0
48411 3 8303 0 9301 3974 9509 0
31427 9 5779 0 8010 5427 6467 9352 6470 4857 5867 6699 6179 9825 6735 3598 6527 6309 8066 0
81975 4 1433 0 1640 3739 2978 6632 3685 0
13756 5 7293 0 7639 5238 8193 7000 7523 4453 8510 0
42331 8 7829 0 8219 4409 8714 5499 8745 846 8580 1144 8834 2561 8661 7914 9075 0
34724 9 9126 0 9176 5540 9278 7097 9498 7605 9214 5610 9224 360 9259 9147 9168 2887 9562 0
8380 4 3499 0 5285 7430 4400 1929 8633 0
44501 7 5771 0 5925 1534 6392 7424 6425 3352 6003 6888 5990 9834 6435 0
3554 3 4530 0 6278 2688 7915 0
66339 7 7128 0 8752 4659 7741 1313 7344 492 7573 1012 7819 549 9128 0
80915 10 3691 0 4173 7744 4265 4475 4420 6643 3872 4998 3897 9787 3995 9706 4289 590 3738 2297 4820 0
33476 10 5339 0 7539 2951 5692 9710 6325 3022 5467 2264 6490 1618 7379 8424 5919 5424 6464 8225 9014 0
71244 7 4763 0 6251 548 5657 407 5156 7044 6159 1505 6271 3392 6605 0
87669 10 3735 0 5528 2459 4212 8711 4754 5311 5637 8012 4641 6014 4015 6303 4214 3115 5411 3951 5913 0
31963 9 9930 0 9945 8478 9931 6117 9940 370 9941 6656 9934 5947 9937 5652 9932 2788 9947 0
24271 4 6312 0 7196 3364 6438 9676 9583 0
95085 6 9895 0 9952 9539 9960 7352 9946 8436 9918 312 9977 0
78230 8 7186 0 7875 2733 8134 3860 7547 5569 7529 9632 7818 7437 7371 885 8175 0
11365 3 1018 0 1292 7521 9379 0
61464 9 3174 0 3230 8323 3808 2215 5987 7975 4319 4239 5296 2565 4908 9850 5713 8546 6412 0
8714 9 7492 0 8923 4153 7867 7318 9238 7176 8101 748 8334 2415 8002 2240 8456 1727 9734 0
25258 5 5554 0 5661 9579 5560 6106 5671 1218 5671 0
47398 3 255 0 603 86 2634 0
52271 10 1443 0 3089 3933 2437 4127 2121 6144 2606 8255 3876 9726 4615 5571 3996 368 1919 3297 4660 0
84698 6 510 0 2605 6973 990 3513 2473 4351 1454 2431 6564 0
42612 6 6617 0 7110 5177 8329 4592 7743 8209 8331 319 8436 0
203 3 5513 0 7433 4578 8345 0
26654 10 7865 0 8101 8924 8058 4901 8124 6042 7883 1853 8036 545 7921 2965 7979 6276 8076 5834 8155 0
81582 5 1243 0 4421 8449 4601 3514 2337 8743 5723 0
53258 4 3905 0 4014 9815 6505 4211 7984 0
99301 4 4061 0 4128 736 4178 7052 4385 0
29616 5 6289 0 7489 1217 7254 3982 7356 1755 7508 0
93331 6 24 0 238 5255 219 6575 1041 9961 713 3648 1170 0
66873 5 3238 0 3457 2112 3383 1704 3415 8848 3611 0
89830 9 4196 0 5757 9197 8577 7819 7939 7940 5391 4617 7151 1226 4242 5824 8459 2073 8851 0
2425 6 2847 0 3604 8109 7416 1820 7228 8869 3350 5110 9383 0
91639 8 888 0 3047 746 5021 9390 3496 4033 1226 8602 2651 7230 2690 4435 5391 0
46841 4 95 0 1558 6464 2267 1330 2553 0
75679 9 8443 0 8650 8028 8498 729 8597 7301 8486 4414 8521 254 8653 9732 8613 7520 8672 0
87585 8 8523 0 9158 832 8911 2302 8696 1494 8594 2365 9029 5819 9162 4203 9213 0
65488 4 6046 0 7341 5105 6398 2197 8532 0
87662 3 3353 0 3880 4495 4124 0
17428 10 929 0 4024 1389 5427 5667 6492 1491 931 1256 1613 9964 2200 6121 1437 9024 2911 6810 7758 0
67598 6 4459 0 4585 6014 4459 7314 4459 6827 5265 2016 5281 0
10869 4 110 0 3915 5879 1201 5963 4006 0
69909 3 6953 0 8395 1739 8791 0
48442 7 1317 0 4057 7774 4740 4758 6855 5505 4958 5905 7637 1871 9103 0
46938 6 7006 0 8251 3829 7296 4535 8344 2081 8616 5001 9412 0
27660 10 8846 0 9184 76 9481 9509 9262 454 9396 1520 9021 8369 9041 8297 8892 7341 9049 8523 9621 0
57817 7 1938 0 4850 4217 4497 6400 3361 93 2809 2027 3154 4728 5152 0
92431 7 3689 0 6410 899 6806 2487 4972 6031 6280 9134 6401 3446 7750 0
64522 4 1840 0 7082 9880 3632 2498 8350 0
87394 9 7288 0 8938 2410 8567 2723 7409 3186 8398 3044 8189 9154 8951 8870 8911 6017 9036 0
26476 5 8174 0 8738 361 8918 2753 8485 8888 9499 0
10340 6 6452 0 6690 4638 6525 1352 6602 1865 6529 9120 6789 0
88095 7 3872 0 5551 4999 5489 6655 5014 5604 5082 7125 5291 3850 5565 0
4632 3 3923 0 5964 9307 6584 0
67568 3 5602 0 6160 8926 8210 0
18039 3 4762 0 6304 6370 7424 0
17236 3 7490 0 7581 4844 7682 0
23951 6 5926 0 6146 5372 6440 8187 6389 8878 5993 8761 6506 0
64614 5 1995 0 2674 3315 2146 4519 2525 7798 2926 0
52109 3 5298 0 9724 8567 9847 0
63904 10 9610 0 9627 7711 9626 5703 9665 1680 9680 476 9617 9184 9653 2483 9665 2633 9674 64 9699 0
25401 3 5059 0 6484 9553 7647 0
99405 5 2265 0 2440 6742 2303 6964 2363 8988 2543 0
81256 9 5773 0 6309 3025 6331 1311 6771 1655 7365 9735 5968 3187 6999 3633 7501 2515 7894 0
56638 7 2584 0 2637 361 2715 5134 2744 4126 2743 2006 2597 2997 2746 0
37788 8 3184 0 4845 5411 6106 7812 6288 4979 4674 3771 6197 8403 5897 2659 6942 0
86608 4 474 0 878 5091 6483 6576 8945 0
20431 9 1385 0 5757 705 3758 1239 4414 3120 4976 8427 1876 264 3053 2518 4866 9097 5948 0
82932 10 7778 0 8283 3881 8794 6600 7801 480 8588 1465 7973 3197 8009 1386 8869 8648 8578 1965 9249 0
96534 9 2893 0 7110 2404 7239 3487 4334 6413 5959 2600 3221 8547 3751 6539 7449 5459 7455 0
54617 10 5824 0 5832 6080 5831 9279 6247 29 6104 777 6056 7322 5824 6540 6113 1103 6112 3819 6255 0
55391 8 5996 0 6963 2545 6594 4754 6618 578 6367 9139 6268 7088 6741 61 7356 0
56070 3 4126 0 4581 8394 4624 0
97482 9 7886 0 9386 3023 8388 9388 8385 2766 9606 9871 9207 6939 8967 2306 9076 4047 9866 0
86681 3 4391 0 5294 4234 7434 0
73331 9 337 0 1354 1090 2144 7233 1273 2019 503 8393 2503 5446 2618 4611 2129 6527 2978 0
19624 4 9986 0 9986 2349 9989 857 9990 0
96558 3 6370 0 6625 4109 7162 0
38270 8 3805 0 4116 8452 4118 7936 4003 2379 4139 1866 4000 2387 4106 9587 4177 0
1895 7 9002 0 9413 1934 9418 8977 9405 5537 9468 1195 9800 9282 9896 0
34531 4 8642 0 9153 4089 9183 2778 9231 0
4401 3 4910 0 5087 4477 9396 0
2766 7 2394 0 2451 7800 2438 3538 2463 8336 2447 9775 2403 6453 2473 0
55879 8 9875 0 9882 9712 9878 4101 9876 2039 9880 3430 9879 155 9878 9781 9882 0
87251 10 1948 0 3433 488 5621 9487 3309 316 7449 6214 6772 4541 3877 5691 4908 4953 2815 2692 8256 0
92143 10 5683 0 7419 6614 7767 3793 5871 9413 5969 9702 7406 8360 7612 8818 6823 1570 6499 9312 8673 0
10127 7 7665 0 8498 3595 8657 6381 8472 1937 8421 9383 7781 5831 9005 0
91089 6 9236 0 9379 1364 9446 1353 9306 264 9540 8634 9597 0
80251 3 1549 0 4397 8832 6055 0
8576 4 6611 0 6665 7925 6637 6255 6792 0
48751 7 547 0 3099 985 1381 4332 1041 623 2548 5406 2113 6008 7063 0
99694 4 9058 0 9067 6167 9069 6455 9071 0
21578 9 2640 0 2674 9266 3919 170 4447 9185 4311 3595 3263 4611 2904 471 3163 3363 5056 0
97097 3 2250 0 2257 2002 2287 0
76534 5 6119 0 6228 3620 6133 8440 6161 820 6297 0
66789 8 7070 0 7267 7395 7488 4800 7476 7693 7072 1159 7461 2277 7330 4652 7554 0
81254 4 5783 0 5960 2475 7753 3205 9120 0
