150
39060 5 7979 0 8788 8388 8877 1859 8143 8643 9286 0
6106 9 3182 0 5009 9086 5204 9880 3312 5782 6273 4300 3425 4610 5179 6219 4346 1458 6320 0
88728 9 7026 0 7197 9108 7144 1070 7037 6605 7034 3996 7040 317 7181 9345 7087 5831 7197 0
33127 5 7656 0 9055 1350 7974 9647 7756 7927 9385 0
13137 5 5317 0 5435 8909 5719 4706 5934 82 5965 0
26608 8 1408 0 1864 3132 4379 1044 2136 2036 8259 3648 7864 591 8267 3091 8387 0
32463 8 116 0 1539 5908 2657 4424 2259 567 924 9671 839 3283 2268 3163 3242 0
42947 9 7687 0 8302 8453 7861 1174 7694 1302 9389 6812 9039 2068 9343 6083 8859 2999 9574 0
65329 4 9866 0 9896 7576 9877 7338 9897 0
439 8 8622 0 8622 7265 8626 8535 8622 7746 8626 1863 8629 8437 8622 8409 8629 0
39737 7 3519 0 6539 7006 5442 5896 5332 3538 4163 310 4137 2117 6776 0
75800 7 9045 0 9237 5661 9263 9283 9560 8368 9067 2492 9519 4656 9845 0
91987 10 5888 0 6045 5698 6592 3207 7411 3159 6073 9113 8444 3126 7212 3292 7386 3551 5952 6288 8464 0
89183 3 7543 0 7725 3425 8417 0
39811 3 8921 0 9344 5554 9962 0
40073 10 2398 0 2476 9804 2410 3973 2450 2491 2445 3274 2444 751 2404 1050 2521 3844 2446 8419 2528 0
67250 6 3626 0 4513 7020 4879 4755 4272 3629 6348 7868 9290 0
5664 5 850 0 6485 4713 1866 5259 2002 9116 9509 0
19822 6 3479 0 6457 8432 5563 8630 6113 9511 4688 8332 6504 0
56683 5 1824 0 3673 5389 2954 8644 8141 7582 8388 0
28634 5 6172 0 6969 8155 7731 9113 7862 2841 9160 0
11236 8 9975 0 9978 3454 9981 9476 9979 5707 9978 832 9979 9958 9978 7206 9981 0
55979 9 4312 0 6339 5049 4406 311 7401 9579 6627 2002 6069 2304 6236 3922 5883 1248 7907 0
51713 4 5113 0 5622 206 5542 7247 7309 0
39370 10 998 0 1014 2005 1546 2481 2365 1630 1720 6523 1578 7024 1801 1151 2366 3372 1565 7215 2415 0
49074 9 3426 0 3710 2587 3570 1700 3982 4661 4113 6899 3616 1285 3991 643 3734 7809 4219 0
23520 5 6160 0 6293 998 6230 2034 6286 6613 6353 0
66955 7 3829 0 5203 8427 6306 1283 6643 8843 5336 2895 4134 8286 7305 0
99848 7 1930 0 5484 9273 5518 4646 5927 8521 6297 8858 5243 9125 7662 0
5733 10 5224 0 5350 8389 5350 5159 5347 4759 5287 5083 5254 6778 5282 3750 5372 7453 5231 1371 5377 0
41859 4 5579 0 5690 2209 6089 5030 6153 0
55260 7 9613 0 9614 8509 9615 5957 9615 6509 9615 5329 9613 6843 9615 0
3406 3 2997 0 3782 5746 3906 0
2369 4 2904 0 3879 414 4090 2237 4232 0
25782 6 4584 0 4602 1785 5357 1628 5637 4675 5914 912 6011 0
48337 7 7964 0 8614 5230 8302 2124 8155 8114 8749 8761 9263 4343 9395 0
87679 3 4636 0 6074 8969 7529 0
82549 10 6026 0 6942 629 6129 2354 6985 6584 6338 8256 6972 7269 6228 538 6757 6625 6861 2282 7227 0
25401 4 4460 0 5577 2637 6890 7123 7919 0
3344 8 2525 0 2837 5123 2742 755 4133 3113 3866 7347 4779 4766 3706 7556 5786 0
58982 7 6599 0 7919 8981 7842 5709 8068 586 6954 6877 7774 1059 8701 0
77609 3 8751 0 9248 1111 9316 0
11028 9 1277 0 2339 2422 4094 5362 1327 2724 5673 4140 9610 4669 3940 3029 5358 9065 9620 0
59167 7 1861 0 3230 7577 2918 7273 2159 2548 2601 7247 2751 7913 5019 0
79254 6 3406 0 4424 5274 5700 1916 5357 9034 4794 376 7926 0
20244 8 8746 0 9350 318 9376 1008 8859 4932 9096 5106 8770 4895 9084 9618 9458 0
59484 6 2915 0 7971 2760 8072 9383 6743 8279 5175 2019 9548 0
57771 3 4241 0 5277 2663 6089 0
35169 10 2160 0 3332 9744 3026 7213 3036 246 2357 6598 3872 2597 2391 9937 4530 544 4573 6533 4716 0
79663 3 1831 0 9026 1413 9744 0
66848 9 9623 0 9623 7993 9724 2592 9708 3127 9712 6388 9703 6798 9684 9671 9649 6413 9736 0
69847 6 2289 0 2817 5510 2575 9586 3955 3743 3695 4122 4390 0
67450 7 6139 0 6378 7943 6184 4786 7646 3964 6171 7740 7152 5100 7740 0
39194 10 5453 0 7722 356 9226 1095 8567 9988 8457 3160 6568 1919 7817 4962 9405 2352 6809 1488 9925 0
75326 8 7393 0 9683 164 9422 6148 9654 1010 8327 3512 9334 8218 8969 4046 9988 0
21253 5 9370 0 9722 5178 9509 839 9465 9260 9818 0
40924 10 1295 0 4455 3608 1884 8957 3787 294 3982 8894 2209 89 3036 3303 3776 3193 3419 6660 4480 0
91446 6 3591 0 3645 6155 5014 2376 5684 1218 5250 5290 8559 0
44075 5 4713 0 5029 9163 4916 9669 4850 9484 5444 0
50964 10 6188 0 6370 6189 6740 8190 6431 3414 6777 1046 6835 107 6600 6115 6320 9423 7039 7865 7104 0
49229 10 7554 0 9513 402 8896 6028 9148 2237 8827 614 8431 379 7651 311 9159 435 7640 7175 9680 0
54274 3 9301 0 9621 547 9748 0
16415 9 7527 0 7608 3260 7596 8998 7531 2406 7568 3193 7552 88 7642 949 7564 3173 7661 0
96774 8 3716 0 6354 9113 4464 7477 5523 1924 6927 9503 5992 8060 3925 527 6950 0
60839 6 1222 0 2227 7877 1608 1565 1463 3112 1670 1521 2393 0
49828 8 111 0 4635 6105 3084 38 3965 2288 3300 7015 1777 2127 1324 3622 4727 0
16595 6 8963 0 9682 6367 9704 7818 9417 8874 9164 6177 9849 0
35071 6 1813 0 1819 9800 1850 2449 1828 9062 1868 7610 1904 0
18439 6 6492 0 6540 3440 6817 3270 6579 7167 6558 7952 6874 0
8011 4 3791 0 6978 6620 9185 3394 9336 0
2767 7 230 0 1163 7146 1820 3707 1616 4978 1804 8131 1392 2554 1840 0
74007 8 205 0 2302 7710 1134 3934 1399 1402 1778 3415 3290 7132 216 8695 6030 0
44766 3 1702 0 3281 1277 4361 0
44489 8 4472 0 7317 9408 5834 4658 5794 3371 4498 2757 5069 663 6512 8557 7568 0
66896 10 7147 0 7740 4630 7503 1518 7355 1725 7872 8079 7241 2190 7496 5847 7572 8781 7726 7916 7938 0
92039 10 5671 0 6923 4902 6698 9801 6672 9822 6593 4146 6775 1068 6342 5081 6533 2407 6951 2391 6964 0
64609 8 5570 0 6576 5886 7285 151 8333 6189 6613 9361 6493 2099 6379 4244 8513 0
11429 6 1790 0 6803 2055 5845 6574 3392 5562 2589 1118 6908 0
62875 5 6714 0 7048 200 7419 4949 7658 2096 8360 0
2790 8 6181 0 6261 5269 6796 5992 8254 934 7585 5915 6862 9118 6355 5730 8596 0
87887 9 2604 0 5501 8929 2767 7329 2659 2363 5140 8893 5932 2126 6443 5413 2927 7803 6563 0
70961 8 9856 0 9936 7423 9904 1806 9880 277 9949 3230 9951 6528 9911 7255 9963 0
73976 6 2972 0 4082 3881 3016 5815 3756 9116 3334 4645 4193 0
4985 6 5150 0 5877 4557 5152 8120 5606 2968 5202 6573 6034 0
19310 3 1868 0 4086 5120 4228 0
71765 8 8705 0 9019 1937 9462 7140 9043 2169 9342 2053 8974 3514 8937 5717 9809 0
29862 9 3909 0 9254 6678 8240 9252 6539 1378 5630 8504 9041 408 9356 82 6994 5818 9719 0
83421 10 5214 0 7752 2145 6104 1793 7134 3721 5656 381 7561 2880 8058 4999 6736 267 6169 5555 8383 0
34989 4 4576 0 5155 9184 5367 2978 5473 0
25380 9 5578 0 5605 8761 5659 5883 5650 5888 5801 607 5777 4342 5766 7471 5635 7182 5805 0
92504 6 475 0 3360 9438 1603 2978 833 6542 1354 4019 4829 0
58706 5 6297 0 6394 1142 6433 4532 6384 3333 6709 0
94315 3 6993 0 7232 2798 7315 0
46292 8 8335 0 8487 9992 8538 2290 8840 1816 8881 5700 8658 9766 8392 9872 8895 0
96615 4 4791 0 7164 4749 9117 7306 9372 0
38393 8 1068 0 1336 2206 1288 8337 1486 8924 1179 8799 1087 7083 1100 2501 1589 0
72493 9 2278 0 2808 5348 8283 9896 7599 823 2897 5169 3909 7290 8088 7818 8067 8788 9400 0
44231 4 4651 0 4931 1197 5502 9289 5639 0
2796 6 3743 0 6458 2658 4666 6581 4790 9552 6614 8824 6941 0
34310 3 3180 0 3351 4095 3928 0
44714 8 5751 0 6212 9753 5972 3250 5927 9014 5870 484 6101 2275 5957 2874 6216 0
78480 4 1531 0 4948 9033 1748 6009 6303 0
46522 4 2656 0 8770 252 2835 7214 9245 0
34601 10 3347 0 5499 1564 5128 1148 4123 8628 4811 4677 5457 2188 4026 1091 4946 87 4407 8523 5635 0
49348 5 2539 0 2589 5987 2797 1451 2726 7852 3250 0
53827 10 6663 0 8795 3059 7324 9768 8222 1191 6791 7665 7293 5049 7916 9941 8104 6 8024 5509 8825 0
59319 9 1899 0 3696 7993 2138 5638 1930 142 3590 6762 4105 1339 4307 7261 2339 4448 5555 0
12894 6 7078 0 7762 6724 9591 4477 7607 5833 8602 2347 9891 0
11204 4 2812 0 2841 2690 2885 9932 3334 0
12935 3 2965 0 6042 1370 6148 0
13883 8 2138 0 4005 4273 3641 5111 4524 5787 3305 2599 4494 4885 4638 5845 5174 0
96219 6 9118 0 9314 9224 9275 1588 9347 4522 9318 1227 9361 0
82159 3 5617 0 5797 8062 6116 0
9768 3 774 0 2216 1084 2911 0
20704 10 7417 0 8367 9853 7457 365 8365 2634 8004 3784 8035 9827 7530 2072 8045 9828 8222 3754 8695 0
50662 4 1681 0 5015 967 4570 4377 8446 0
32273 4 6342 0 6390 53 6435 8612 6437 0
2563 7 8484 0 8496 2027 8499 9781 8755 9139 8536 9916 8720 4484 8812 0
78132 3 96 0 2103 4769 2258 0
56903 6 6650 0 7277 740 7415 8862 7266 5826 7156 6424 7834 0
11564 3 3046 0 5134 4729 6433 0
79435 7 7012 0 8187 8703 8449 736 8278 7648 7049 5307 8292 5462 8474 0
47308 4 7830 0 8391 3593 8160 9047 8573 0
7489 8 6122 0 6577 6838 6209 4844 8242 9319 7742 4730 7980 3292 8660 3870 9249 0
42550 7 8228 0 8323 6340 8255 2502 8229 6080 8246 6423 8292 9398 8350 0
97871 7 800 0 2695 7791 1466 9723 2919 2123 1741 4725 2045 1634 9413 0
19375 7 9167 0 9171 6361 9431 3355 9322 469 9195 6275 9318 319 9456 0
76334 4 9241 0 9648 4526 9537 4767 9939 0
82811 3 6235 0 7585 5254 9542 0
40590 6 965 0 3215 2294 3732 6018 8023 2070 5576 9255 9063 0
88252 8 2806 0 3305 7998 2970 2625 3201 3288 3540 9340 3047 1716 3238 471 3914 0
3411 8 5094 0 5609 3507 5263 8944 5495 9224 5461 5126 5193 1011 5803 9431 6250 0
95370 10 6398 0 7457 5565 6416 1460 6965 9726 7841 5831 8071 7498 8364 6993 7598 2668 7320 2016 8416 0
9179 4 5295 0 6251 4242 5763 1111 6306 0
1510 10 2514 0 2523 6873 2548 9011 2556 2572 2553 76 2533 9948 2550 477 2550 2447 2552 4816 2558 0
29053 4 1163 0 2845 2786 3103 9871 3302 0
62191 6 2507 0 5085 5390 7284 7252 3026 8140 5470 6384 8193 0
97650 6 3990 0 4002 306 4016 3248 4026 1749 4034 498 4042 0
84079 10 6881 0 6921 1410 6908 6333 6894 5390 6920 9740 6935 7532 6916 6705 6887 1190 6922 9834 6940 0
29123 6 3306 0 7482 2576 3720 1983 8306 9947 5840 7706 8577 0
39071 8 4969 0 6058 7154 6741 1295 5616 7265 6491 7617 5480 8826 5113 3395 6804 0
63634 3 6038 0 6224 7036 6265 0
65257 6 8473 0 8997 9691 8599 401 9107 7717 8982 8213 9223 0
96645 10 4832 0 5149 1574 5887 155 5573 5171 5781 9448 5794 9656 5817 9395 5436 5251 5448 2636 6033 0
67922 7 5457 0 6462 82 6655 5287 7177 5460 6120 9692 7538 1353 8134 0
56650 5 6933 0 7069 4447 6933 1041 6967 6967 7157 0
28831 4 2219 0 4252 5730 5487 7789 9987 0
96260 3 2070 0 4045 214 5614 0
4421 8 5045 0 5433 2251 5269 5286 5645 6851 5242 479 5435 4074 5345 442 5652 0
72345 8 7955 0 7984 7618 8043 6749 8089 798 8115 8403 8021 4749 8039 9862 8122 0
