150
11722 8 704 0 5702 8826 5139 2926 3622 8170 2668 5805 5139 2243 1097 1239 6541 0
76187 6 7226 0 9444 5392 9789 4530 9117 864 9298 3747 9799 0
8476 9 8371 0 8790 1668 9277 7038 9097 7163 9112 2944 9002 2260 9212 9243 8956 7315 9359 0
86811 7 9053 0 9284 5319 9070 4690 9298 6415 9415 4655 9231 5710 9422 0
98102 9 5777 0 6061 7827 7319 8303 6316 2590 8462 871 7648 2968 7979 3173 9810 9188 9859 0
69138 9 8696 0 8706 3359 8770 7478 8765 3809 8741 8311 8762 3912 8700 2897 8709 1201 8772 0
24479 5 827 0 3710 3314 3523 4484 2229 116 3728 0
69087 7 7826 0 7844 4503 7961 9519 7942 2724 7881 9722 7973 1320 8008 0
13373 10 465 0 7819 2220 5634 3827 6878 2733 594 8201 7866 2935 2094 7110 2387 1098 7353 1778 7902 0
59692 4 7083 0 8782 4813 8054 7750 9333 0
48712 10 6104 0 6563 3651 6973 3794 6677 664 6111 1307 6750 3384 6620 3618 6732 1454 6282 7805 7089 0
19465 3 1794 0 5837 9135 6224 0
44301 9 915 0 1143 9318 1181 6535 1489 4087 950 5190 1357 7667 960 5509 1357 9864 1575 0
66277 6 764 0 1367 2341 1262 6458 4912 3794 3265 7492 6819 0
41931 7 8193 0 9198 2453 8999 3987 8761 7376 8536 6622 8600 9795 9271 0
36385 3 9087 0 9211 3899 9364 0
21504 3 6221 0 6517 8894 6748 0
96868 5 7655 0 7818 5169 7655 5964 7695 9532 7915 0
93514 9 9078 0 9476 1433 9301 7946 9201 1546 9636 3965 9131 5460 9122 5602 9718 8832 9763 0
47931 7 5899 0 6930 1586 7585 1822 7086 3483 6397 1860 6212 2598 7941 0
90241 5 8704 0 9641 5924 9785 4268 9415 1849 9865 0
49684 7 9210 0 9635 4031 9405 368 9357 2187 9405 5956 9469 5198 9675 0
96100 5 481 0 6510 78 8416 6838 2557 2751 9731 0
9815 3 6228 0 6488 242 8649 0
64319 4 4245 0 4539 136 4343 465 5091 0
24829 3 2708 0 5034 5249 9346 0
9859 10 6300 0 8212 3895 8267 4185 7456 714 6397 2085 7970 4411 7162 6734 7247 4015 6943 6804 8331 0
28916 9 9571 0 9801 1865 9807 363 9772 5151 9877 1071 9693 663 9675 8327 9713 5081 9975 0
83251 8 4921 0 5497 7124 7544 3914 6266 3980 5838 2896 7488 975 5426 7071 7573 0
52327 10 9233 0 9576 7735 9692 3909 9387 4974 9934 2882 9835 3398 9689 7960 9399 7235 9369 5876 9957 0
6049 6 905 0 8323 8588 4572 4838 9141 2708 6191 3341 9415 0
7721 8 8259 0 9066 9643 9358 6648 8473 3599 9650 916 8290 8880 8586 8373 9819 0
25992 4 7501 0 7704 6653 8041 960 9028 0
34216 7 7972 0 8831 7170 8171 5400 8466 2046 8480 4495 9353 5450 9367 0
81042 10 7811 0 7825 1850 7962 3218 7883 5998 7883 2642 8047 4802 8079 9416 7932 3063 7825 4592 8162 0
26407 5 4541 0 4553 1376 4805 5607 4674 5227 4881 0
24479 3 6540 0 7744 2195 8068 0
22147 8 4164 0 6262 3258 8294 2271 6132 2198 6386 6547 6535 1302 6769 2955 8822 0
72746 8 2072 0 4776 5547 5559 2493 5272 9387 5194 292 3613 5520 4273 9993 5781 0
38103 3 8178 0 8544 2937 8808 0
10422 6 8020 0 9309 615 9429 2283 9406 1571 9409 8550 9976 0
23091 3 5479 0 6258 9516 6349 0
96499 9 7546 0 7717 2461 7910 6451 7572 7221 7593 443 7709 1416 7552 253 7622 2158 7954 0
45664 9 714 0 3287 2095 3031 6845 3054 2013 1297 1561 3593 174 2945 1258 3799 3299 3825 0
80654 4 115 0 720 8728 2874 4221 4192 0
72649 8 4910 0 5325 5052 5190 7761 5026 2180 5355 5645 5085 4332 5190 2516 5379 0
69701 9 7109 0 8516 6620 7334 1387 7348 4261 7272 48 7830 8210 7395 8826 8090 6868 8747 0
13957 9 4849 0 6520 8183 5661 6471 5204 4975 5025 4466 5813 8007 5776 1444 6139 1372 6562 0
87224 8 2271 0 7171 7360 3831 787 2973 1779 5462 3123 7695 1232 5552 7754 8955 0
23835 9 5866 0 6694 8073 6533 6692 6326 4254 6401 2549 6691 5984 6765 8872 6639 1206 6766 0
38223 7 9788 0 9885 10 9825 4892 9829 9686 9929 7116 9876 2287 9929 0
39769 5 3509 0 4379 4251 4475 9116 7852 2179 8613 0
87741 8 4268 0 5296 2439 5828 9422 8281 3959 6854 8900 7976 692 4696 2251 9276 0
34482 7 5335 0 5494 7400 5443 1839 5489 8141 5490 4252 5462 8072 5494 0
31625 8 6381 0 7633 3367 8006 5177 7005 2189 7966 9485 7431 6188 8122 273 8667 0
76160 4 4327 0 5107 5394 5642 6772 7331 0
30358 4 4056 0 4691 6828 5128 2919 6845 0
77593 3 1431 0 7586 3329 8853 0
95421 9 4518 0 4858 477 5545 5044 6238 7282 5442 2161 5240 5173 4850 7884 5192 7843 6259 0
23924 6 9695 0 9719 748 9714 5801 9697 2282 9730 3405 9738 0
96139 4 8689 0 9608 2338 9103 4329 9704 0
66390 5 2965 0 5328 1366 8173 1637 5450 261 8877 0
58277 8 5239 0 5626 4343 5617 8603 5425 2206 5895 6396 5531 8020 5269 8883 5897 0
69897 6 3405 0 6070 1888 4015 9554 4531 4652 6402 7219 6607 0
90976 3 7258 0 7371 9675 7407 0
61553 8 7673 0 9160 7113 8666 9191 9022 6996 7879 6453 7788 9099 8428 8227 9164 0
20361 5 9945 0 9962 8423 9953 7190 9974 3175 9978 0
34459 10 272 0 4116 5908 446 8310 1004 4940 3766 3846 5583 9651 2654 2724 3597 2546 5472 8146 5743 0
51993 8 9385 0 9590 7200 9525 3244 9698 3300 9678 6274 9757 6970 9516 5739 9798 0
47638 3 2673 0 3875 487 4093 0
45447 4 7027 0 7260 6251 7574 9018 7884 0
23778 10 5810 0 6301 4945 5966 2601 6547 3776 5920 5652 6084 4197 6617 7400 6217 1553 6216 8512 6671 0
71018 5 1742 0 2426 494 3586 1588 2093 7065 4576 0
11080 7 4928 0 5284 155 4978 4277 5242 7143 5179 3366 5549 6635 5609 0
18927 4 5984 0 6373 9917 6040 5432 6442 0
83553 8 1198 0 1287 4384 1203 7215 1333 2131 1367 7134 1204 7307 1381 6651 1384 0
98892 10 9739 0 9816 1149 9754 3867 9746 1698 9795 6061 9796 7730 9803 1467 9799 7429 9802 7416 9822 0
16115 9 3521 0 3544 9991 3622 23 3941 7545 3862 1169 4030 4373 3578 1351 3706 7670 4137 0
14026 10 9575 0 9811 1797 9933 9593 9894 5140 9743 1671 9616 109 9774 6192 9646 2360 9745 4309 9971 0
61994 8 9097 0 9234 1004 9172 9923 9153 5715 9177 2367 9136 7434 9169 5709 9241 0
73999 4 4256 0 5518 1617 4700 9761 6991 0
72615 10 3317 0 4728 6141 6124 7852 5069 9778 4628 1001 3848 6508 5829 5562 4583 4364 4524 3450 6842 0
7705 4 2973 0 5563 109 4099 3338 9209 0
39742 6 7870 0 8191 8272 8503 1190 7921 9111 8137 2412 8921 0
29894 5 4637 0 5910 7137 6048 5562 5983 9555 6687 0
21369 8 3884 0 5455 2221 4761 5837 8496 7508 4756 3756 8684 9682 6323 637 9667 0
54901 4 1221 0 2556 373 4021 4594 5271 0
52815 8 2623 0 2887 7940 3381 8135 3034 1331 3770 8200 3549 7275 3544 8890 4184 0
20981 10 6055 0 9372 2248 8896 9624 8204 6528 6786 2059 8407 4856 6280 9677 7340 8546 7441 5852 9455 0
90092 9 4323 0 4416 6386 4489 1431 4388 7650 4460 7204 4335 124 4339 6508 4377 392 4526 0
58694 9 9680 0 9838 7125 9741 4339 9846 8950 9775 5191 9883 7761 9827 4947 9783 1478 9894 0
77972 3 8620 0 9392 4707 9662 0
44973 6 5459 0 5705 8642 8538 449 5502 214 6298 8315 8910 0
72484 8 2055 0 2343 9998 2240 4186 2137 5355 2700 5227 2210 6032 2624 2446 3024 0
87110 7 7499 0 8225 4883 8430 5022 8907 9929 7775 5400 8911 7642 9181 0
1985 8 791 0 3204 4312 971 6908 7573 5859 7681 3061 8478 144 8234 2972 9057 0
15653 5 6036 0 7822 8900 6400 8192 8901 2769 9601 0
58435 9 7804 0 9281 8254 8623 7428 8621 1235 8393 4487 8252 905 9546 1360 9387 6407 9931 0
44399 10 8736 0 8801 297 9231 6203 9320 8130 9452 508 9101 8218 9119 6322 8737 1523 9305 6264 9961 0
69965 3 4887 0 5779 3055 8979 0
18902 4 911 0 1634 9536 1263 4884 4612 0
92098 7 5428 0 7549 9185 6884 1263 6874 2927 6310 5623 5705 2704 8096 0
38288 6 321 0 582 773 2572 2905 4711 6474 4015 2053 5278 0
31940 3 4351 0 4735 8020 8242 0
36891 5 8770 0 8772 2383 8852 2073 8867 4772 9290 0
1902 3 1276 0 2251 1444 8023 0
74452 6 1369 0 1942 7948 2973 4530 2316 8882 3670 558 6158 0
4680 8 353 0 434 1466 727 8549 383 1303 1734 6976 974 8409 381 9616 2354 0
40088 9 146 0 415 9468 1164 8125 422 3273 812 7736 1608 2080 355 1912 1981 1898 2155 0
27615 7 4939 0 6410 2542 6240 4217 4995 3892 5597 8880 5033 8445 6611 0
54954 10 6205 0 6850 6453 6651 3313 6517 9679 6365 6523 7114 8288 6803 6743 6380 3408 6867 3941 7134 0
91396 6 8400 0 8803 851 8517 2758 8813 8024 8833 1070 9146 0
92692 5 1218 0 3845 4976 1528 8650 7271 558 7748 0
69885 5 5032 0 5817 859 5376 2368 5730 9003 6815 0
89690 9 9580 0 9589 6599 9596 3236 9590 4097 9598 2053 9616 2591 9615 1413 9580 2011 9627 0
91545 10 3278 0 3824 7641 4062 5602 3770 4005 3315 9400 3654 3838 4173 6276 3656 8265 3707 5731 4181 0
27940 3 6162 0 6423 8050 8663 0
4301 6 5520 0 6828 40 6383 428 5707 4311 6994 6132 7286 0
64296 8 9915 0 9918 7530 9935 526 9917 2657 9927 4247 9916 6778 9927 1034 9948 0
9754 10 1424 0 5513 2547 2439 9109 1653 3782 5396 8980 5127 1202 7058 8012 5985 2010 5254 9576 8172 0
86461 7 9143 0 9226 5874 9174 9300 9149 76 9180 4544 9183 53 9239 0
1194 5 8361 0 9667 7319 9014 3331 9154 557 9923 0
57446 10 9520 0 9577 5444 9572 8903 9603 5272 9637 7389 9565 1082 9645 5558 9537 9362 9701 5973 9701 0
2947 6 1941 0 3479 2073 2429 9699 4153 3981 2807 4602 4205 0
62211 4 1778 0 3800 36 5955 6152 8043 0
1591 6 6925 0 7837 7861 7789 960 7560 3858 7226 5082 7860 0
96211 8 4710 0 4817 6434 4729 925 4725 5498 4737 6079 4781 4792 4830 606 4879 0
40847 10 9699 0 9720 9595 9781 8482 9706 1428 9813 2560 9767 333 9784 4414 9756 7427 9767 7522 9833 0
4601 8 243 0 2979 1691 1488 5883 1846 9321 2576 4594 3314 5743 2880 1169 3899 0
9518 7 6420 0 8410 4614 8344 2200 7235 628 7337 2257 8494 196 8514 0
88058 8 3637 0 4271 8944 4028 9086 4121 111 3903 9798 3830 2580 3891 8810 4438 0
80955 10 6407 0 6666 8532 6498 9931 6657 8919 6615 4886 6750 4020 6927 3992 6689 5648 7138 4945 7190 0
62723 10 9108 0 9132 6025 9161 9678 9135 6679 9129 1287 9116 343 9167 898 9112 7028 9128 5924 9168 0
50286 7 7239 0 7958 3973 8247 9903 7403 7938 7303 8695 7661 2656 8468 0
8220 9 6148 0 6278 2113 6303 6856 6503 2280 6503 8028 6463 6582 6232 7395 6749 9295 6765 0
26326 5 8679 0 9238 5078 8707 8170 8932 3260 9740 0
26275 10 5910 0 6346 5788 6763 8708 6433 8623 6000 2008 6434 7932 5981 5929 6253 8981 7372 6769 7568 0
86163 8 3074 0 7398 1216 5994 7270 6164 8216 7464 9548 5203 661 4291 4684 7542 0
73214 7 1423 0 1761 2824 1436 5080 1828 3396 1791 4621 1890 6735 2067 0
51351 9 2332 0 3354 1852 4233 6671 5386 7350 4030 7305 6664 8452 2709 3565 2718 3074 6914 0
53992 3 8732 0 9642 3108 9800 0
51495 5 3261 0 7453 2449 6985 4105 5990 5912 8318 0
38870 8 3374 0 3561 6299 3499 8124 3451 7646 3761 3652 3684 2777 3581 2596 4298 0
36952 10 3962 0 6004 9646 4621 2189 4349 8128 5525 6018 5399 9416 5343 5461 5994 635 6020 469 6207 0
34511 6 1137 0 3726 8303 4111 2322 4211 3758 6043 7601 6855 0
77586 10 1872 0 4711 8917 3794 6593 5324 7971 2709 8812 3873 516 3010 6450 6122 5390 2890 2419 6623 0
44000 3 6031 0 6415 8149 7953 0
61703 10 823 0 2433 9728 1460 4943 6058 7167 3895 7920 8776 4322 2788 5095 3254 89 5057 3806 9895 0
9377 4 9988 0 9990 7708 9997 2604 9997 0
80752 7 6655 0 6776 5085 6657 7167 6681 6961 6777 2771 6754 688 6780 0
