150
27487 3 3430 0 4748 5072 6045 0
17145 10 9884 0 9950 3916 9902 3779 9904 688 9887 1615 9898 5570 9930 6085 9914 4450 9925 2805 9957 0
20450 5 9711 0 9781 2045 9768 2740 9724 5710 9785 0
45647 4 9649 0 9738 6907 9791 6436 9828 0
97468 8 493 0 565 3261 533 6584 513 3926 569 4903 525 7755 522 8360 611 0
82709 3 2341 0 6948 9764 9069 0
26305 10 6114 0 6886 98 7420 7996 7948 7015 8022 4728 6490 8351 7446 4545 7878 7159 7856 2389 8292 0
82143 8 783 0 3644 9960 1306 8826 4276 1823 6881 6363 6008 5229 6807 4696 6932 0
55037 4 5727 0 6939 164 5869 2896 8098 0
8113 4 8731 0 9471 961 8745 1923 9805 0
22229 10 6330 0 6608 1715 6343 9297 6412 1739 6395 1305 6334 3275 6499 5421 6360 6549 6423 6463 6615 0
69805 6 6541 0 6853 3704 7626 2620 7948 6501 6838 1390 8266 0
1779 5 5138 0 6649 9991 6352 1159 5181 2761 6846 0
20604 6 5408 0 5440 7712 6256 8250 5654 7650 6355 9485 6903 0
38418 5 7013 0 8135 3027 7739 9523 8235 5752 8671 0
73113 3 8646 0 8707 9046 8761 0
63379 4 3197 0 4911 982 7458 5960 8154 0
25006 3 4699 0 4826 8156 5683 0
51308 3 393 0 691 4281 2413 0
71260 10 7040 0 8587 1297 7488 6386 9505 3043 7645 3919 7668 636 7513 1133 7643 7318 8286 7110 9700 0
93191 10 3749 0 3984 1483 4184 2688 4449 5726 3990 3805 4496 1139 4246 8494 4379 3639 4086 5972 4579 0
46595 8 6038 0 7065 9884 7232 3330 7857 589 8464 8509 8549 5438 8406 9782 9345 0
29258 3 7676 0 7700 9757 7849 0
53538 5 7614 0 7665 7691 8366 588 7792 9273 9760 0
38412 9 2926 0 8802 7338 9239 3913 3820 3529 9140 5488 3062 6874 4195 2644 7303 4350 9948 0
69526 5 8171 0 8244 8267 8183 4284 8200 691 8669 0
36552 9 4788 0 5072 6230 5437 4920 5143 2871 5398 643 5400 1612 4895 8284 5244 1572 5566 0
57960 6 3155 0 3912 3936 3995 5399 8250 2726 3969 8002 9542 0
57180 6 7736 0 8282 2137 7748 4756 8734 602 8870 1618 8924 0
37093 8 3081 0 4741 611 5856 1740 3154 2023 6281 3849 3404 2255 8377 8753 8589 0
30632 5 7126 0 7136 8720 7176 7600 7155 741 7239 0
23631 9 5273 0 6614 5243 7411 4797 6898 6197 6615 3171 6267 7235 7787 2315 7007 3480 9142 0
65969 10 5266 0 6202 258 6522 721 7376 4518 7138 9390 6170 7091 5678 8961 5541 2333 6753 7490 7880 0
54661 7 6458 0 6461 687 6508 6360 6594 5074 6567 6957 6500 5532 6659 0
62249 9 7055 0 7131 4873 7114 886 7122 378 7268 9395 7267 5890 7106 8574 7096 2248 7272 0
44441 9 3453 0 3500 7764 7896 6651 7913 9211 4106 4808 7057 1914 7431 8564 5810 7944 8162 0
69422 10 2201 0 2212 3956 2334 8293 2259 8392 2370 3001 2255 524 2415 2116 2471 9992 2495 8436 2497 0
64202 6 4931 0 6410 4522 5681 1826 5428 1639 6517 4734 7403 0
53555 8 3753 0 7547 4044 5406 3769 6282 9269 5342 1710 4609 7246 6812 6747 7773 0
16248 3 637 0 6059 2108 7181 0
19401 7 8550 0 8757 1413 9183 7880 8949 9174 9029 9849 9022 8580 9250 0
34770 5 1486 0 4336 2008 4610 6798 3709 5838 5676 0
42984 7 495 0 2641 2962 2444 5514 5704 7860 2452 2096 1161 6161 6773 0
51595 10 4530 0 7272 2491 9783 5070 6786 5768 5182 9513 8707 5521 9643 2647 5898 9709 5878 8224 9906 0
28132 6 47 0 3045 5990 2455 2471 109 5668 6567 7480 6704 0
59590 7 4652 0 5552 5299 7562 7729 4773 3643 6393 4949 7773 9313 8760 0
82130 6 8082 0 8588 1070 8524 8143 8343 7945 8377 5200 9320 0
11385 5 9653 0 9697 4745 9897 3601 9675 1228 9963 0
48131 3 1501 0 4139 1725 5479 0
11827 4 5346 0 6287 8666 6356 4181 8024 0
30000 8 5936 0 6520 2300 8554 2841 9199 9378 6580 48 8709 3157 8797 2571 9350 0
71928 7 1333 0 4853 8663 3043 2045 3695 2882 2529 1731 5505 6594 6542 0
22122 8 9645 0 9656 9448 9695 2697 9665 1488 9923 7403 9748 6727 9650 8171 9977 0
13361 6 5241 0 7202 7648 5619 7513 6897 4171 7743 2260 9441 0
66199 7 6724 0 7643 21 7427 3589 7237 7926 7190 4880 7037 1973 7686 0
67507 8 1667 0 2032 5162 2104 283 1916 4502 1756 9457 2128 9254 2237 8119 2263 0
14450 10 4154 0 5002 9890 4587 923 7060 5660 7241 4202 4945 754 4757 3720 6403 3315 7463 856 7921 0
3353 7 1340 0 5171 1822 4686 9513 3069 4620 1680 9282 3051 2719 5454 0
71884 6 4764 0 6077 9279 6601 1253 7094 9477 5241 9342 8010 0
2910 4 2952 0 6372 658 6890 6985 7286 0
82737 5 529 0 726 390 662 8685 594 6666 729 0
87599 9 9063 0 9146 1771 9130 5458 9087 3680 9100 6725 9124 676 9145 8954 9109 2293 9155 0
21663 4 5329 0 5978 4452 8398 4693 9384 0
84282 4 8233 0 8808 7889 9571 9362 9689 0
33489 7 2437 0 4205 5106 3805 4686 2782 988 4296 772 2942 4616 4839 0
65279 3 9349 0 9862 865 9941 0
87799 6 5680 0 7545 404 5860 2126 7609 7623 7661 8336 7762 0
59158 8 834 0 2397 3281 3336 4750 1429 3305 2516 4895 2362 1045 3613 7007 3686 0
63225 7 4283 0 5589 9858 4499 7029 5125 6980 4974 8430 7147 5354 7212 0
97994 9 6343 0 8097 3629 6577 9214 7842 2448 7739 9597 6928 164 7298 2287 7723 3144 9492 0
10249 10 1992 0 9158 8046 8610 9144 8134 5275 2701 2456 2444 4860 6506 7585 7244 3684 8662 680 9418 0
17296 4 9831 0 9870 8566 9880 2003 9926 0
60933 10 614 0 1762 5393 1746 7721 1321 249 1376 9133 903 775 677 3724 1017 9580 863 6757 2023 0
64815 10 4107 0 4583 3923 6380 3211 6553 534 4301 9372 5157 4671 4533 4272 5230 8865 6456 6059 6617 0
42966 3 9296 0 9456 4362 9535 0
37339 5 2246 0 3092 1915 2346 6803 3471 7372 3589 0
83677 5 6400 0 6969 666 7515 111 6872 7872 7925 0
67983 3 502 0 5255 6424 5766 0
51928 8 894 0 3724 6784 7384 3136 8168 8731 4833 1160 2901 3416 4094 2017 8777 0
99105 3 4910 0 5327 7094 5691 0
3502 5 2471 0 4593 3265 6261 6066 9616 7967 9671 0
73597 5 2666 0 2796 5988 3327 4094 3738 8864 3785 0
50015 8 6666 0 7666 8442 7278 1674 6677 1965 7476 3122 6703 970 7203 6026 8025 0
91093 8 1732 0 1899 6826 1866 7512 1879 5602 1805 1193 1896 8016 1869 6686 2142 0
47132 3 2407 0 6204 9575 6774 0
77048 6 9851 0 9945 2975 9859 9382 9894 579 9965 2023 9975 0
14349 9 472 0 2724 3637 1020 5616 2550 2558 1927 4742 2161 2563 1408 2488 827 6725 3604 0
43055 10 8984 0 9217 2739 9111 8517 9160 265 9303 6132 9167 1996 9526 5326 9057 7538 9058 7085 9550 0
7210 9 114 0 4793 4167 5890 3517 7901 6277 3605 3185 5662 1576 2704 6546 2827 3496 7929 0
76282 6 5114 0 8256 8078 5854 1985 8319 2382 6344 7041 9166 0
10841 5 2720 0 4187 6649 2790 6603 3118 6192 4403 0
94763 8 8946 0 9028 6069 9442 4584 9024 5204 9376 9165 9381 3360 9006 6363 9485 0
43548 6 1484 0 5752 5821 8136 8426 6400 5806 6439 6879 8270 0
4370 7 8900 0 9657 7692 9487 420 9406 1825 8920 5361 8959 1862 9724 0
14997 10 6192 0 6700 8506 7043 9613 7098 1291 7082 504 6873 964 6818 3795 6795 9232 7354 461 7505 0
28700 9 1102 0 7264 7205 6110 8555 3614 7820 5768 2190 7418 318 1792 2049 5449 5884 8526 0
70844 7 7356 0 7377 5249 7362 2240 7383 3902 7425 1370 7358 460 7428 0
34938 3 8675 0 8737 4897 9071 0
39213 5 8504 0 9280 812 8941 7774 9865 5094 9984 0
33161 9 7677 0 8172 7202 8736 1496 8902 4590 9283 1248 9219 9743 9014 3577 9045 7718 9643 0
4 6 4387 0 5578 7465 5502 6744 7598 9553 6322 9368 7786 0
85985 4 187 0 2304 151 1185 4149 8083 0
57289 7 4170 0 6730 4856 9113 8735 8265 2052 8354 7925 8178 7843 9185 0
22005 8 1382 0 4220 970 5577 4604 5152 2252 8082 460 5220 1309 6743 9489 8107 0
41871 4 6585 0 6766 1825 7816 8886 7985 0
98687 10 8175 0 8769 710 8703 809 8533 6896 8345 4032 8487 9965 8520 5213 8518 7819 8365 925 8887 0
45355 10 6318 0 6570 5039 8276 4738 8923 9222 6359 2678 6845 556 8117 296 7271 8720 8122 5175 9193 0
35460 3 4704 0 5017 582 6530 0
27268 7 5907 0 6155 3863 8598 9203 7659 6898 7214 7497 7925 6962 9468 0
75021 8 7283 0 7425 5965 7822 7424 8388 3745 7599 7113 8140 5869 7829 1547 8499 0
60716 7 1489 0 3029 7203 4041 9307 2759 5043 5640 5763 3681 4263 6301 0
66770 4 1494 0 4249 2181 5822 8114 7668 0
55054 10 9447 0 9597 1130 9515 861 9545 5303 9536 7264 9596 4381 9660 1890 9566 8295 9489 5311 9675 0
60730 7 2203 0 4139 9690 6932 1092 3933 2109 4960 5547 6744 3913 8651 0
11682 3 9933 0 9939 5073 9952 0
42442 5 6946 0 7393 5053 7568 2837 7632 9308 7656 0
48152 9 946 0 1607 5727 1540 6419 1770 2865 1772 8757 1546 9736 1656 537 969 4352 1803 0
37683 9 8219 0 8926 5864 9224 7755 8454 4829 9340 9164 9275 8665 9500 7692 9641 8330 9686 0
25175 3 4850 0 5098 8987 6834 0
65677 8 2183 0 4446 3986 3731 6498 3164 9665 5130 454 5251 1277 5794 9162 7022 0
13495 8 4009 0 4258 9310 6285 1356 5073 7565 7139 8584 4386 5837 4795 5905 8232 0
60582 8 5993 0 8757 4212 8006 6417 8855 852 8925 4935 6907 1723 7583 5046 9928 0
37540 9 2895 0 7821 7515 4974 4745 7316 7935 7976 603 3886 158 5270 8387 6948 6495 7998 0
66549 4 5015 0 7690 8908 5714 7799 7803 0
8770 6 5767 0 6619 9935 5981 1232 6773 7276 5953 2673 6868 0
5948 5 5208 0 7095 1235 6626 9320 5956 8193 7196 0
37821 10 298 0 4279 2911 3933 2100 3132 9354 2292 8038 1867 6638 6718 4771 3188 7105 7582 7141 7828 0
34002 9 1322 0 2198 4422 2988 9198 3483 8634 3557 2028 2602 6290 2660 4555 2954 6937 3781 0
75311 9 5383 0 5790 3779 5650 5268 5688 7284 5678 4403 5749 8081 5536 7957 5460 2730 5792 0
34529 4 4452 0 4541 6852 4495 3651 4560 0
4076 6 964 0 1019 5307 2024 6855 1363 7138 1896 1109 2296 0
55580 4 6251 0 7328 9381 7170 5698 9567 0
26190 5 9134 0 9227 6270 9147 9218 9214 7703 9227 0
51873 8 6164 0 6641 2269 6387 326 6412 3315 6186 8678 6615 7963 6649 8681 6919 0
49259 4 5441 0 6736 2568 7401 810 9703 0
26724 4 8081 0 8307 9002 9066 8497 9074 0
54625 7 6211 0 7006 8604 8146 1352 8252 9100 8214 218 7414 2070 8400 0
16134 10 7499 0 7895 9753 7857 353 7713 3577 7670 6025 8039 9430 7956 2871 7715 8212 7950 497 8045 0
31050 4 6016 0 7356 3459 8319 5040 9480 0
24359 8 8032 0 8343 2591 8467 4897 8296 3788 8065 4479 8170 2624 8427 6059 8973 0
56508 5 8737 0 8752 4671 8818 5752 8791 3189 8823 0
76101 9 629 0 762 4481 1034 9683 1695 247 1449 4286 1661 399 1948 4142 1002 5761 2866 0
17713 9 4833 0 5062 3408 6837 7261 7398 6755 6975 4989 7933 6160 8108 3107 5989 7826 8666 0
33453 8 2131 0 2245 751 2898 1334 2863 6569 2211 9633 2745 5415 2983 3495 3650 0
9712 8 7822 0 8408 4708 8273 2504 8361 9808 7957 5994 7932 5039 7918 5188 8430 0
77144 6 5468 0 5743 3909 5558 839 5937 6172 6038 3764 6121 0
4066 10 150 0 6270 9834 2592 7235 698 4281 1059 2707 3612 6862 3532 1164 4826 9864 4427 8222 6742 0
13085 4 9170 0 9195 168 9223 7315 9225 0
98978 8 7655 0 8576 9721 8436 5092 8473 2683 8302 9779 7958 6923 8117 8448 8977 0
79090 5 945 0 4449 9440 4030 3818 4119 6950 5832 0
