150
149 6 6156 0 6482 1318 6804 9250 7734 7224 7361 7834 8606 0
18383 5 2747 0 3910 9779 4353 9112 5200 7177 6947 0
85329 3 6509 0 7977 2915 8295 0
39461 9 7956 0 8289 8003 8704 1677 8732 2872 8634 8136 8305 8850 8070 6334 8712 4474 8882 0
61474 3 3336 0 5242 7848 6656 0
34567 3 8963 0 9025 854 9041 0
86082 4 19 0 130 694 2963 2918 3112 0
5545 3 7659 0 8163 7837 9196 0
67124 9 4326 0 7496 4460 7772 7032 8129 9528 7337 959 4840 4597 7896 1227 7594 5685 8186 0
68413 3 364 0 3842 5149 8060 0
89312 6 7806 0 7988 4590 8451 9649 7952 3808 8752 1147 9214 0
23354 4 8197 0 8366 4904 8348 9198 8613 0
66633 5 7665 0 7713 7144 7673 2551 7665 4887 7719 0
27083 4 1114 0 5215 5646 3880 3314 5463 0
85548 6 9806 0 9906 3109 9896 867 9980 4435 9924 427 9983 0
42239 5 1911 0 7790 6466 2003 1309 4323 1997 9857 0
64441 7 4118 0 6935 1985 5177 5607 4736 9778 6969 4103 6995 827 7307 0
1990 8 2111 0 3355 1751 3281 5665 4111 9728 2427 9162 4058 2972 2221 9958 4511 0
48428 3 1965 0 3302 8299 3811 0
13942 3 6863 0 9289 6268 9771 0
43308 3 2957 0 2993 958 4762 0
98857 8 8181 0 8946 6570 8902 4596 8358 7922 8340 9254 8533 2098 8703 4573 8955 0
3163 6 1734 0 3662 4564 2808 6735 4502 2530 9825 5450 9865 0
98935 5 2932 0 3021 6977 3372 8078 3485 9446 3526 0
94888 10 3466 0 4681 5486 6446 2785 3750 4088 5149 7012 4816 3761 4563 9242 5582 2974 6619 8835 7448 0
84802 4 5921 0 6169 7349 6607 759 7668 0
35102 10 797 0 1269 4818 1489 7956 7151 86 1808 8084 5889 9963 4082 5392 2590 3795 5843 6691 7450 0
39056 6 1851 0 3416 2794 3432 7721 4473 4323 2941 8936 5937 0
38510 3 9591 0 9674 3116 9701 0
41068 8 3817 0 4726 9242 4453 1461 5178 1414 4610 820 4468 9120 4164 5986 5557 0
88726 9 9163 0 9550 6480 9224 1272 9788 6612 9481 6226 9417 6623 9247 7661 9537 3539 9809 0
65781 6 4927 0 6458 6101 7239 9688 6538 7012 6769 9664 7267 0
78811 8 8344 0 8390 1895 8404 9371 8632 917 8403 2556 8390 498 8571 809 8748 0
79731 7 4705 0 5222 8586 4922 7215 5671 9902 5065 6758 5500 1668 6275 0
54595 5 3823 0 4559 9496 4329 9044 6140 5049 7714 0
50343 10 8192 0 8502 7745 8948 4854 8292 949 8249 5999 8435 5151 8685 1023 8606 1325 8340 5550 9288 0
61062 4 2505 0 4667 533 2957 4929 6689 0
99639 3 6746 0 8132 4179 9671 0
98507 7 9713 0 9757 390 9715 2300 9781 2342 9771 7843 9787 7314 9791 0
75196 6 7868 0 8212 4544 8077 8899 8325 1344 8148 9861 8507 0
12544 7 3564 0 8200 3238 5303 2998 6136 1085 3908 921 7945 8730 8466 0
42136 10 1986 0 5103 5704 5223 7330 4252 2337 3728 9006 5862 2800 7235 1090 6204 3093 3342 9048 8424 0
80112 8 163 0 218 4074 184 2922 164 3775 225 9503 166 5125 193 4793 243 0
24440 3 2723 0 6301 5211 6385 0
32680 4 5813 0 5841 6395 5830 5488 5944 0
81513 4 2484 0 5092 4192 5102 4938 5589 0
67248 8 3666 0 8018 476 3712 6286 6320 3611 9011 8222 4092 6627 7839 3856 9030 0
83747 8 9952 0 9952 3340 9954 6826 9960 5627 9960 956 9953 4878 9955 1514 9966 0
73954 10 6613 0 6684 1745 6702 945 6712 3940 6617 4673 6699 4882 6665 1452 6665 5006 6690 4093 6720 0
88402 10 9159 0 9173 5858 9612 7232 9257 2742 9168 9697 9274 5357 9551 2487 9596 1729 9623 3093 9623 0
74957 6 2159 0 3440 383 3391 3633 2269 5645 2834 9047 5202 0
84593 7 7300 0 8055 1099 7984 2025 8202 9415 7366 517 7825 8260 9078 0
12442 6 5708 0 7789 8679 6853 2037 7394 7076 7264 8581 8234 0
17812 6 7604 0 8582 4774 8127 9651 7761 9787 8010 7781 8648 0
56461 10 6187 0 6722 6503 6978 2060 6867 1654 6790 4733 7168 8614 8712 8384 7615 7773 6752 8260 9535 0
89063 7 5181 0 5461 618 5348 5698 5379 4240 5227 592 5436 6779 5609 0
81153 7 2609 0 2944 389 2691 8461 2765 2537 2754 3554 2944 2923 3046 0
3213 5 1693 0 6613 3826 7094 4255 6921 2740 7272 0
65753 5 9934 0 9965 4663 9957 2285 9959 7014 9969 0
9458 10 9007 0 9387 9120 9508 558 9233 2231 9390 6861 9477 2614 9440 9022 9523 6445 9408 7436 9682 0
22771 6 5227 0 5327 470 5275 1577 5358 8256 5434 9604 5555 0
34171 8 2123 0 2624 1023 2419 230 5616 548 8612 6929 2902 597 8670 8546 9094 0
26709 6 7573 0 9437 5623 8826 3982 9362 2202 9106 8701 9930 0
1878 5 7590 0 7735 5869 7678 3788 8102 7029 8229 0
9093 10 2101 0 2982 3655 2514 507 3004 4929 2282 809 2592 2099 2381 7665 2492 2238 2955 398 3048 0
53448 8 4830 0 6129 2115 5031 5362 5374 3667 8638 2115 6414 8854 7698 2379 8791 0
77878 3 9560 0 9613 3020 9948 0
60141 9 3538 0 3638 2467 3917 9977 3544 1361 3661 8561 4101 4070 4065 4948 3987 4839 4190 0
86231 7 3645 0 8140 8303 4158 4246 9064 2206 3666 1678 9328 2562 9344 0
40300 5 1178 0 2335 3404 4364 784 4277 9763 9184 0
30172 10 159 0 6093 3343 1120 8843 3965 5451 3864 4405 5068 676 3430 624 4911 3822 5489 9242 9127 0
58112 5 2120 0 2310 4431 2140 9404 2193 1074 2542 0
33754 6 5438 0 6221 2463 5778 2646 5754 5614 6427 460 6673 0
96241 10 1023 0 1529 5945 3557 7746 2302 8797 2556 8448 4823 6489 2661 5145 4402 9283 1333 4864 6191 0
95578 7 3123 0 6513 1150 4297 264 6006 8736 3529 4000 5046 3411 6687 0
60966 8 3295 0 3407 9497 4350 5080 3817 7751 4285 7755 4178 2599 3299 1201 4423 0
85644 10 9765 0 9863 751 9777 7588 9811 1205 9862 4002 9876 695 9878 9365 9860 8469 9809 9720 9881 0
428 5 7847 0 8517 1418 8690 1725 8680 456 9072 0
38887 9 1399 0 1506 7508 1636 2011 1403 2017 1624 6126 1609 4515 1497 8241 1814 719 1954 0
67054 8 2451 0 2537 960 2512 8355 2563 3769 2641 3245 2518 4796 2515 244 2841 0
35853 5 3719 0 5521 4154 4741 6566 4181 7602 6294 0
55812 5 3693 0 4716 8687 5270 3507 5728 3477 5991 0
68782 3 5538 0 6574 7426 8272 0
1345 7 4069 0 5919 5960 4075 3941 5125 160 5418 4652 4891 6178 6007 0
76290 3 5728 0 6102 5936 6819 0
60170 9 2713 0 4128 5018 3295 9668 4592 3723 6010 2695 5025 3196 3973 1070 4773 4804 9747 0
67731 5 749 0 2078 1378 2209 9622 1920 1515 6981 0
83341 3 9167 0 9380 630 9446 0
92718 8 3781 0 4123 4332 3839 4890 3829 1383 3932 3258 3940 9916 4021 8966 4419 0
77492 5 6556 0 8180 4474 9545 1712 8458 3377 9551 0
72757 9 1226 0 3111 316 5312 5516 1914 9634 7701 4886 5178 1776 7213 1666 3289 2568 8196 0
17117 7 8881 0 9102 1176 8985 3764 9290 9398 9513 66 9378 2674 9520 0
90219 6 7558 0 7719 3674 7758 9382 7869 725 7827 8083 7975 0
12472 7 1805 0 3318 2917 5282 1713 2751 5873 5361 8847 4735 2783 6192 0
91721 7 7632 0 8454 8814 8706 9945 8751 4325 8868 4975 7860 2427 9121 0
94767 10 2734 0 4567 674 7312 5754 4057 7153 4597 8777 3189 8506 5383 4481 3803 697 7171 9112 9817 0
20494 5 8185 0 8843 5972 8794 582 8317 5243 8925 0
75708 5 3275 0 5372 7128 8988 9102 5617 4407 9577 0
43187 6 3966 0 4018 1306 4544 7023 4021 8850 4023 4910 5022 0
32592 5 4259 0 5415 431 8801 7755 4725 7150 8876 0
40478 8 9542 0 9837 1488 9700 5489 9800 1679 9653 9766 9618 5986 9560 1905 9855 0
70627 10 5822 0 8121 8647 8212 2257 6507 2550 6022 745 7331 1986 6090 4281 6849 4285 7474 5290 8275 0
16070 4 1584 0 1598 1907 1607 4352 1607 0
23009 5 4640 0 6411 6990 7529 9122 6410 6724 8567 0
68951 6 9198 0 9943 7446 9414 9447 9750 6159 9969 548 9996 0
80073 4 6503 0 7371 9272 6532 7150 8202 0
28393 6 3863 0 3924 9917 4000 7945 3896 7255 5186 4406 5661 0
36533 4 4210 0 4273 4666 4307 6381 4472 0
38564 7 5739 0 8746 208 7403 6725 6672 1459 7378 8770 8836 2248 9654 0
81792 5 7616 0 7778 1938 8386 7582 8292 9197 8987 0
89113 3 2914 0 6481 5951 9411 0
78173 9 3091 0 4238 6518 3951 2135 3339 7335 3364 86 4132 1475 3660 6485 3328 4376 4253 0
2325 6 2812 0 3409 8005 4712 7594 3186 5234 3031 7396 5489 0
37723 7 3281 0 3646 7749 3307 1459 3743 5232 3324 7630 3457 6515 3975 0
78833 3 6815 0 6831 6491 6834 0
40368 3 9053 0 9157 8958 9348 0
22548 5 2663 0 7011 369 5766 8764 3997 9644 7115 0
43898 9 5142 0 5294 4169 6421 7722 5514 3450 5928 8157 6399 9300 6640 6674 6153 6576 6698 0
18027 7 3499 0 6356 3906 3794 6094 5344 9179 5272 2196 7275 2998 8251 0
85265 5 3312 0 4427 9310 3691 3106 5224 980 5351 0
63941 5 6548 0 6885 8380 8353 2690 7466 304 8428 0
59444 10 2013 0 2311 7730 2151 4956 2678 2884 2798 782 2255 8631 2649 5701 2572 1231 2606 287 2872 0
39666 8 2762 0 5874 2040 3833 8205 5359 8293 5870 4034 3807 3043 5690 8301 6808 0
29808 3 2438 0 6914 2005 7066 0
57066 4 7780 0 7854 6383 7855 7588 9177 0
48207 6 8099 0 8349 436 8591 6755 8219 6005 8389 5124 8684 0
98927 6 4702 0 6752 3645 5644 5661 5802 6691 6031 9834 7211 0
44053 8 6979 0 7269 2136 7240 1596 7465 8479 7195 5932 7557 3031 7322 6242 7893 0
53669 7 8374 0 8377 5428 8381 4691 8382 9012 8392 9211 8384 4294 8396 0
76131 5 3059 0 7258 9575 5473 6860 6899 1254 8100 0
10722 6 1183 0 2243 966 1913 7191 4185 1355 3946 1560 4583 0
25413 9 4046 0 4713 9200 5336 9093 4953 3314 4755 2296 4905 1517 4438 9136 4497 3789 5723 0
21381 4 8891 0 8970 5944 9221 7582 9274 0
71529 9 2729 0 4950 8408 2734 6608 7451 7690 7594 6018 6427 2622 7453 9490 7337 1954 7978 0
87549 10 4265 0 8484 5328 6998 6355 8113 2761 8977 9152 6591 583 8225 1915 7715 7681 5053 9078 9815 0
29346 5 5426 0 5910 2702 6226 5877 5867 995 6537 0
3551 3 7493 0 8647 8923 8880 0
72262 5 5658 0 7964 4921 6370 7061 7540 3168 8120 0
52701 7 5482 0 7567 7200 7067 9304 8069 5015 5875 6179 5577 7913 8098 0
39881 8 5587 0 8053 2889 6483 5757 6071 3416 5887 261 7609 7539 5948 1656 8539 0
50267 6 8667 0 8742 9307 9886 8984 9079 7133 8780 1325 9999 0
33029 3 1930 0 3324 7338 7086 0
10349 9 3597 0 8363 683 5244 9070 7091 2246 9233 3269 9441 1976 3701 5560 6530 8608 9908 0
24218 8 3650 0 7056 7892 8412 4600 5152 4472 5816 6921 3943 8863 4686 5918 8664 0
74316 9 8544 0 9375 2486 8578 4988 9905 1649 8811 197 9902 4870 9512 9505 9733 3051 9929 0
25643 10 3252 0 7106 6601 6902 7737 8619 8469 5082 4053 6445 434 6159 4200 8329 1185 3655 2958 8852 0
68879 9 5057 0 5687 7936 5984 9461 5155 6200 7160 3264 6284 3456 5700 9269 5274 9791 7191 0
90755 5 9986 0 9995 3533 9995 5851 9988 4235 9995 0
57225 9 2376 0 3157 5448 6795 3717 4411 760 5386 1221 4779 9427 3260 8175 4376 5389 7534 0
31274 10 313 0 434 5478 3270 6836 1434 2213 3381 8137 2517 5350 2707 3515 2903 67 928 8942 3394 0
