150
72810 9 1586 0 4846 7564 4749 7613 3042 6751 1785 3240 4117 2259 6424 2291 5416 647 6705 0
23998 9 7569 0 7865 8481 8146 4800 7882 2499 7729 5863 8150 5585 7722 3267 8123 3453 8238 0
37162 8 4986 0 5209 793 4995 6231 5541 5957 5047 1419 6163 6331 5533 1817 6227 0
9486 7 1093 0 3806 9762 3294 9068 2489 8006 2466 8728 3334 4855 4114 0
17489 4 5012 0 7857 5576 5625 9139 8075 0
65759 5 3926 0 5196 1520 7060 6000 5580 2056 9025 0
3128 6 4233 0 6497 6869 6562 3546 8547 7981 4240 5770 9384 0
83824 6 4199 0 4872 1781 4577 272 4733 2750 4314 4834 5057 0
23414 6 9769 0 9830 8340 9891 8923 9945 7411 9879 8822 9960 0
52248 10 4817 0 6285 4668 6864 265 6470 5345 7065 2208 5211 9992 6665 8532 5963 7193 6040 5263 7564 0
66051 9 9262 0 9549 4041 9310 7106 9357 1947 9572 816 9530 139 9346 8194 9418 7956 9733 0
57890 7 738 0 2875 8153 1407 8740 2398 7252 1650 9812 8296 3519 9662 0
62703 5 6629 0 7402 5599 8143 9933 7530 1083 8335 0
61969 9 8967 0 9356 4509 9514 116 9085 2716 9832 4347 9491 5686 9771 328 9463 3361 9962 0
19418 10 7513 0 8504 3727 7788 8781 7910 3428 8164 5309 8284 1843 8366 9017 8418 8050 7517 6715 8564 0
53513 6 2501 0 4799 1809 4069 3656 3251 5092 3623 409 5600 0
65119 5 4661 0 4685 4035 4672 9246 4662 3162 4700 0
55633 3 4497 0 5584 3512 5907 0
95730 7 2281 0 2694 1436 3091 1488 8025 3703 9123 4334 8600 2232 9430 0
11226 8 2585 0 2853 4889 2596 4464 3182 9949 2728 8608 2839 9241 2633 1131 3343 0
27197 6 3567 0 9107 8182 6619 9253 7513 3676 8124 4045 9787 0
19047 3 5266 0 5281 2944 5535 0
33355 6 9100 0 9171 7012 9160 4231 9196 54 9223 1349 9228 0
45584 6 1359 0 4799 2254 4233 5297 3663 4150 6302 5189 7033 0
89592 5 5669 0 5699 8410 5921 9533 5717 3328 6451 0
84184 10 7853 0 8060 5534 8010 5245 8192 1382 8185 7685 7942 9471 8355 9042 8327 1601 7872 5055 8509 0
40520 4 6369 0 8274 6122 7773 4167 9082 0
49575 9 4975 0 5030 2282 5007 6359 5001 3217 5004 1299 5006 8331 5029 3351 5055 6431 5097 0
3152 9 9557 0 9563 8272 9565 8939 9569 417 9572 8593 9559 5948 9565 5773 9571 7834 9581 0
2013 10 1117 0 8602 9424 6401 8987 5427 84 5415 9504 3179 7403 8143 9980 8579 317 9789 3610 9912 0
67463 10 5848 0 6779 4972 6591 3498 6271 1904 6844 7703 6427 1339 6095 9546 6175 6587 6355 8610 6862 0
46229 4 8949 0 9345 483 9186 6034 9726 0
50010 4 2093 0 5341 3217 4026 2112 8896 0
60614 6 7890 0 9265 1230 8208 9476 9600 1857 9545 8920 9707 0
81599 5 878 0 1050 9267 2630 3084 2141 8872 3650 0
89416 9 8338 0 8405 9958 8410 8599 8406 1015 8419 3744 8353 2190 8363 2889 8387 6690 8432 0
20329 6 5329 0 6786 711 8519 5617 8494 553 9343 8910 9486 0
57922 3 9793 0 9926 3487 9949 0
91170 10 4932 0 9041 111 9639 5288 7489 6165 9241 2672 6361 4464 9660 3867 7439 7805 7553 7687 9880 0
95122 3 4544 0 4720 5577 4839 0
70229 8 9937 0 9987 7944 9987 387 9950 4503 9956 1447 9940 4996 9954 499 9987 0
49517 5 9285 0 9394 3791 9398 3571 9338 6643 9534 0
67933 3 9780 0 9828 6476 9839 0
93882 10 4647 0 4816 8022 5262 1062 4770 5010 5824 4448 5253 180 4671 5034 5054 883 5683 6317 5829 0
11233 8 5492 0 5929 5036 5528 1962 6041 948 5981 1687 6064 9157 7410 816 7492 0
21358 10 6874 0 8522 7465 8224 9864 7138 5833 7950 7913 8601 3119 8801 1579 7976 1842 8849 4105 9260 0
57276 3 6900 0 7949 7131 8199 0
60780 4 8234 0 9410 6375 8785 6142 9523 0
24309 6 4552 0 6588 7457 6954 5362 4720 7633 5195 2727 9692 0
80581 4 3033 0 4527 1449 4777 6770 6050 0
71299 6 6459 0 6531 1894 6607 4773 6791 3790 6723 2184 6792 0
7101 10 106 0 1449 3386 2350 5808 581 9233 2658 4875 2548 2730 3559 2919 328 8401 2342 7823 3923 0
28967 7 1127 0 2114 9049 1455 1984 2370 2501 2140 5606 1734 6244 2506 0
26816 8 3022 0 3262 6625 3131 2088 3378 1372 3211 361 3032 2111 3044 7937 3448 0
62383 3 5296 0 5679 8985 5806 0
22871 8 4100 0 4441 5005 6231 9529 5559 4016 4148 3038 5673 3373 6630 4951 6882 0
79004 3 9907 0 9925 2297 9945 0
33964 6 9042 0 9486 559 9492 8536 9784 3233 9531 5370 9874 0
46456 4 6512 0 6737 3456 6587 5108 6971 0
54192 4 4286 0 4497 9201 4506 2785 4555 0
32680 4 4507 0 4621 7005 4530 1769 4737 0
97393 3 5254 0 6168 1182 7998 0
89009 8 3899 0 5847 6957 8487 6139 4679 1697 6477 7938 7960 2881 4088 7359 8809 0
18196 4 4445 0 5853 2793 5711 8098 6079 0
7430 4 8357 0 9156 2445 8654 286 9763 0
65987 5 6003 0 6440 8261 7918 9435 7321 8230 8344 0
52905 9 2376 0 2413 6629 3378 3558 2533 508 3150 1290 2459 2172 3234 7292 3237 1799 3549 0
72071 10 2434 0 3806 2029 5599 7674 7729 5008 5345 1483 7437 1881 7794 6663 5981 8107 7071 8341 8928 0
99036 10 6709 0 7346 3332 6996 9601 7292 6293 7067 849 6764 3978 7282 6994 7164 4281 6952 6687 7494 0
39655 8 4853 0 4859 8443 5942 524 6442 8050 5185 2034 4929 6685 5322 2118 7059 0
78859 9 2715 0 3292 3889 3530 288 2963 6414 3182 7407 3610 5846 2794 8874 2767 3559 4001 0
45699 4 3413 0 5396 422 5331 7636 6011 0
41155 8 8934 0 9428 8132 9383 6565 9317 454 8979 4814 9110 9334 9063 5532 9731 0
99994 4 2448 0 3335 1132 3584 7802 4248 0
96707 4 8875 0 8921 9015 8990 4671 9032 0
46134 3 6064 0 6284 2585 8456 0
58446 7 332 0 1757 4446 3300 2194 3595 2725 3752 723 2987 6585 4872 0
24421 5 8150 0 8237 4282 8279 2709 8255 5396 8390 0
47109 8 8496 0 8956 4328 9301 3519 8968 9996 8836 4916 9245 3943 8499 399 9390 0
47431 4 8266 0 8351 5354 8354 1644 8440 0
49582 3 7157 0 7446 1179 7532 0
19804 9 4500 0 4843 7886 4838 1059 4544 3009 5445 1791 6190 8502 6229 9211 6220 9995 6358 0
836 10 1039 0 1638 3835 3963 2599 6974 5214 4080 4079 6593 2685 2793 8748 1517 3787 6315 1824 7002 0
17503 4 251 0 7618 8742 9025 9457 9072 0
47051 5 5211 0 5356 9338 5417 2443 7243 3305 7480 0
30144 3 6427 0 7279 2934 7476 0
99431 6 6424 0 6800 5631 7280 3179 7353 8974 7081 2998 8324 0
34883 4 9746 0 9831 4072 9792 2868 9944 0
3709 3 9206 0 9397 4898 9398 0
46960 5 9297 0 9566 6485 9422 711 9405 8581 9685 0
66178 10 5552 0 8128 5790 5645 4249 8276 1202 6406 703 7449 9953 8969 2305 8182 1644 8246 2273 9086 0
67750 10 5110 0 5607 7663 5446 5948 5126 2782 5365 3394 7180 4949 7302 490 7289 3642 6456 6812 7689 0
18260 8 6159 0 9754 7862 6327 7550 8470 4891 8003 9457 7657 7963 8004 9697 9773 0
43293 8 3973 0 6031 4353 6893 8223 4578 2582 5247 5821 4177 7714 6239 799 7200 0
37972 8 4834 0 6577 1463 5545 2843 6629 366 5978 5096 5837 2361 7310 9805 7636 0
52610 10 6943 0 6954 4753 7982 2988 7978 7020 7193 3353 7862 9783 8140 1314 8636 3323 7155 7491 8750 0
39357 7 7122 0 7275 5446 7770 7624 7674 5236 7282 7912 7682 3703 7783 0
30985 6 4038 0 4642 7386 4366 8102 4380 9294 4507 7624 4680 0
15322 8 7425 0 7553 1855 7549 5919 7888 4311 7771 1442 7592 1601 7595 5291 7916 0
26481 6 7993 0 8130 9308 9548 4692 9796 8456 8509 3332 9850 0
85262 4 4292 0 5840 5914 4940 17 8781 0
10675 5 2263 0 2304 1237 2512 8818 2563 1889 2575 0
88732 8 4838 0 4951 5969 5359 1757 5037 1961 5203 262 4962 9414 5358 2927 5545 0
83791 8 5942 0 7635 9162 7234 3136 7628 7383 6941 707 7449 455 7893 922 8214 0
79351 7 7267 0 7501 372 7460 2662 7387 8521 7823 6228 7811 5372 7899 0
71531 6 6906 0 9107 3203 6929 6264 7518 4853 7704 38 9127 0
81786 3 4074 0 4916 5803 5955 0
63780 3 2965 0 9764 444 9821 0
22587 9 632 0 2809 1475 1907 119 1143 2353 729 9333 1251 3768 1759 9930 1573 1042 3465 0
14600 3 1190 0 5503 3916 7322 0
51149 6 35 0 7686 1574 4947 1512 7580 3648 807 6303 7869 0
9284 4 7874 0 8145 1934 8228 4772 8233 0
25320 7 3696 0 4220 8600 4930 3128 4024 9279 4878 1037 3721 2166 5745 0
15894 7 909 0 7703 4840 7987 7954 2637 212 1881 5265 4809 954 9143 0
97536 6 7837 0 9274 1714 8511 5562 8986 3366 8605 299 9394 0
51477 9 8322 0 9190 7936 9208 8742 8602 288 9268 8253 9232 1948 8821 8934 8954 2080 9638 0
54776 3 1261 0 3057 3620 6142 0
14403 9 2798 0 3721 7452 2882 6075 4276 8462 3599 1532 3261 8834 4307 7746 2888 8686 4603 0
1163 8 6813 0 7086 3507 7605 6226 7667 1018 7565 7274 6936 3505 7097 1941 7755 0
18443 8 7449 0 7826 6763 7940 1878 7685 3014 8019 1497 8471 2305 7697 7446 8691 0
28163 5 9911 0 9911 4756 9918 5414 9919 3909 9930 0
12006 6 9621 0 9693 8710 9811 8182 9674 1483 9933 6744 9978 0
1438 9 5292 0 5374 9364 5943 2809 5917 3644 5651 4258 5830 4000 5331 5996 5455 2596 6231 0
98001 8 5548 0 6919 1154 7891 9248 8834 1925 6628 8853 6820 9370 8842 2723 9522 0
38547 10 5977 0 8424 3688 8492 1692 7376 9336 8741 3347 6408 6538 6242 3836 8288 3765 7186 2286 8881 0
15321 5 1764 0 2569 9894 2304 9492 2346 9135 2580 0
5032 8 1885 0 2051 3664 3132 6471 4301 9971 3941 2009 3840 7333 3249 993 4625 0
28959 9 1242 0 3336 7981 2196 8294 5230 4033 5958 2293 6634 1841 3900 4079 6817 4237 7945 0
31075 10 5361 0 5525 1510 9186 353 6070 9716 7036 9872 8737 7106 9200 2184 6666 739 8723 5085 9274 0
14569 7 4061 0 4564 7421 4168 7642 7290 4272 5768 3248 8686 5307 9290 0
29814 10 1303 0 2184 819 3362 5512 2561 5831 3747 8755 2096 9277 4081 4826 3809 1513 1803 4836 4847 0
17026 8 6845 0 6876 7199 6893 3026 6926 8215 6906 2263 6899 3570 6886 4532 6953 0
16962 4 2924 0 8004 8187 6427 9492 8811 0
21253 8 9408 0 9744 2898 9792 1388 9814 5430 9446 5349 9555 3697 9634 5411 9918 0
6149 5 9317 0 9323 9905 9328 9428 9317 9956 9355 0
27114 10 8823 0 9780 560 9919 9151 9868 9863 9184 4888 9520 696 9235 3159 9661 1700 9919 478 9927 0
77189 8 930 0 3318 1231 2612 9441 1732 82 1631 8661 2230 5769 3190 8977 3906 0
408 8 7605 0 8535 7267 8876 9759 8904 6667 8288 3370 8985 8334 8229 8717 9148 0
48167 3 9910 0 9957 1468 9995 0
22915 5 1587 0 1975 2494 1625 3212 1951 1739 2444 0
20346 8 6540 0 7659 6177 8426 252 6828 1511 6791 9066 8284 4971 7542 6546 8732 0
1849 8 6078 0 7954 7531 6927 5627 8586 9100 7090 5238 6914 6994 6971 1226 8618 0
95917 3 2198 0 2489 8097 2637 0
29967 10 9931 0 9931 9945 9931 1129 9932 8973 9932 2838 9932 6850 9932 9452 9932 242 9931 4664 9932 0
92490 6 7498 0 7683 3169 7634 5029 7597 935 7751 1475 7775 0
52837 4 100 0 966 86 695 8762 2369 0
97857 8 8574 0 9148 6488 9182 9984 8739 2591 9410 7006 9499 1392 9573 8052 9759 0
82641 7 4833 0 4913 6189 4859 8520 4911 1930 5110 811 4963 2881 5332 0
38082 8 9851 0 9934 9026 9927 1297 9935 4634 9932 3302 9913 3886 9948 4638 9994 0
85520 4 7935 0 7936 5952 8626 9457 8703 0
