150
60835 7 1950 0 1962 185 3631 6473 3299 2309 2289 3662 2058 7269 3744 0
98660 7 9565 0 9643 968 9687 3751 9598 951 9630 1079 9646 6019 9789 0
94919 8 4295 0 8416 9740 6105 5540 6377 8982 7166 7218 6661 1540 5839 2192 8810 0
60468 6 9235 0 9255 3765 9276 3148 9249 797 9252 1620 9308 0
25689 6 7356 0 9478 2239 9709 2905 8590 6597 8869 4136 9772 0
77001 7 6913 0 7002 463 7339 5314 7474 4134 7107 7766 7678 8869 7747 0
97506 10 2887 0 6547 9448 8538 6700 8483 5943 6765 1115 7618 9469 3104 9466 3723 3292 3466 7384 9708 0
74877 4 2853 0 3932 2563 8378 6276 9092 0
84883 7 5463 0 5510 8995 9695 1507 9652 7379 6046 2032 5821 2336 9901 0
80145 4 4773 0 5711 8203 6911 8526 8760 0
72136 8 3660 0 5956 5349 5325 8036 7198 3445 4106 5132 6905 789 4543 6165 8553 0
23721 5 1316 0 3901 4206 2894 5064 2100 8540 5125 0
95856 4 4726 0 5001 2656 4871 1800 5177 0
47698 10 4892 0 7144 3955 6043 2121 5935 7802 6926 1318 5285 6839 4998 8182 5862 4463 6775 7416 8690 0
52866 9 8888 0 8958 4100 8983 9885 8943 721 9016 5348 9041 9245 9038 6217 8950 5858 9054 0
71978 10 5024 0 5134 8482 5039 9927 5089 4236 5091 8128 5061 7629 5056 629 5160 2187 5144 8005 5190 0
9059 9 1881 0 5015 7300 3642 434 4553 6204 5672 6624 3706 9467 3839 732 3274 7722 5721 0
60993 9 8315 0 9989 5017 8989 5198 9247 3979 8768 2664 8331 6941 9211 620 9402 6369 9995 0
56726 9 4433 0 8058 7546 6071 638 5080 1897 7835 64 8058 4397 8225 6278 5942 9794 8430 0
1428 10 9762 0 9858 3408 9768 6807 9938 1724 9797 5573 9915 3456 9774 5614 9773 9905 9796 5555 9941 0
78375 4 2856 0 6806 5355 4766 8555 9815 0
32606 7 4584 0 4676 3071 5040 9968 5279 4084 4591 6154 4897 2435 5347 0
38178 10 5068 0 6286 7767 5934 475 7053 9016 5365 7574 6729 2975 7059 1453 5393 5028 5151 2963 7288 0
86937 7 5443 0 5572 1058 6337 9608 5721 3424 6553 3937 5942 3047 6929 0
17870 5 5053 0 7533 7517 6414 8296 7922 1233 9500 0
12687 8 9937 0 9975 4073 9938 5887 9985 108 9977 5523 9981 6592 9988 9915 9991 0
16399 3 2665 0 6022 4529 6294 0
11660 10 6824 0 7286 2966 7226 1507 7466 2684 7602 129 7768 2999 6856 2889 7824 3500 6873 9190 7882 0
87112 9 290 0 1856 8429 781 7270 1511 274 339 5975 475 5475 1562 2776 560 9062 1866 0
20509 3 7848 0 8201 7136 9791 0
54554 9 1466 0 1583 9975 1592 4291 1559 1843 1699 28 1738 8414 1528 1558 1680 1350 1749 0
19703 10 8511 0 8950 8446 9002 6174 8704 9899 9233 8350 8535 7617 8517 1487 9408 4698 8573 7202 9507 0
20008 5 8912 0 8939 5772 9482 5070 8959 9 9972 0
23798 3 5459 0 7283 5913 7398 0
69455 10 6456 0 6593 8103 7083 7398 7719 5750 7160 5141 7553 1964 6960 7036 6498 3462 6877 2640 8125 0
45619 8 9230 0 9421 8447 9535 195 9557 8875 9476 4130 9439 6517 9270 3010 9564 0
7508 9 7210 0 7474 2878 7415 9267 8759 7145 8946 1749 7396 6349 7281 9514 9357 4204 9715 0
53886 7 3430 0 3656 6205 5114 7565 8010 5867 7097 2678 6133 6704 8033 0
70371 5 8623 0 9236 3097 9263 4152 9184 8913 9270 0
93698 7 2879 0 4841 6539 7745 6605 5231 1563 6618 9078 4689 685 7839 0
24769 5 4021 0 6683 9958 5930 9532 5611 8067 7902 0
18266 5 6086 0 6629 8527 6133 2558 8730 5035 9825 0
7332 5 8162 0 8495 3987 8474 4399 8213 901 8580 0
97877 5 1651 0 6574 3957 5797 5637 4377 1245 6979 0
6411 5 4206 0 6217 9664 8484 5077 8618 2791 9042 0
40268 9 2308 0 3373 3206 7319 2986 3013 1933 4696 1134 6047 9565 6099 1545 5880 7337 7815 0
93162 3 3490 0 5594 7040 6384 0
34052 9 3869 0 5503 4404 5305 2910 3998 932 4821 299 5189 4173 5327 2094 4910 7613 5516 0
71792 6 9312 0 9574 727 9345 5272 9327 9837 9481 3088 9574 0
64539 9 6310 0 6376 1333 9330 9954 6365 7000 8269 6592 8828 7671 7571 9729 8496 7149 9803 0
34637 3 7774 0 8120 1874 9664 0
24304 6 6517 0 6669 1182 6670 1740 6807 9434 6692 6962 6860 0
28347 8 8414 0 8678 3420 8510 5834 8479 5676 8568 6938 8539 9767 8470 2406 8696 0
72584 7 6084 0 7578 2800 7674 9708 7094 4551 7434 9491 6121 3036 7930 0
53019 10 9853 0 9870 2606 9967 2992 9948 6599 9957 2664 9872 1534 9921 2593 9976 1095 9891 6921 9982 0
61861 4 9484 0 9740 6707 9685 2663 9846 0
22993 7 233 0 3166 6226 2246 8150 5958 2148 1979 5523 5121 1736 6910 0
73147 6 4920 0 6066 442 6083 8426 4990 9629 5363 2390 6200 0
23367 9 9185 0 9657 4078 9185 7538 9372 2974 9481 8503 9544 7333 9468 1399 9431 8726 9726 0
59448 6 8427 0 8634 585 8644 8466 8599 1121 8486 7767 8777 0
54032 8 4046 0 5142 379 5534 7389 4505 4858 4405 9662 4649 8688 5912 891 6050 0
1587 6 4363 0 6196 291 5825 7353 4472 9263 6197 7754 6411 0
94675 5 1245 0 2447 2225 1702 3658 1836 6252 2505 0
29481 4 2792 0 2903 5773 3397 3867 7064 0
12559 3 4946 0 5152 5880 5873 0
9570 8 4220 0 5208 2816 4739 6336 5458 3401 5605 1138 5206 607 5364 6459 6636 0
6730 10 6598 0 8631 7149 6611 9596 8679 7466 7028 7646 7985 7376 6889 1177 7746 1244 8233 7523 8787 0
14088 7 361 0 5065 8377 1783 9459 431 2424 1525 3354 4039 4584 6654 0
33723 6 3980 0 4007 5305 4111 6013 5162 9018 4050 6863 6339 0
58621 10 225 0 4937 3674 2413 8949 4868 7980 2129 8893 6219 682 5003 4029 1145 4105 1331 7826 8845 0
93155 9 7187 0 8369 9334 7927 2546 7403 3069 8526 9322 8674 4359 8005 8353 8017 1369 9033 0
84135 10 9693 0 9791 5604 9741 4857 9734 3421 9843 7880 9880 2608 9821 1138 9929 286 9761 6994 9960 0
93052 5 2211 0 3282 4911 3947 1077 3232 6200 4230 0
1520 10 564 0 727 5796 4389 2174 3435 6127 3734 6600 2273 9461 3041 5745 1156 9068 3013 3658 4546 0
8617 7 3912 0 6822 815 7790 1606 5728 1874 5379 998 5426 9836 7872 0
48464 8 2790 0 3572 8926 2858 7811 2956 2214 3827 69 3034 8861 3094 9138 3860 0
25137 5 5911 0 7708 2591 6840 9590 7314 1305 8710 0
7022 9 7184 0 7209 8092 7295 6359 7292 7142 7358 8624 7264 4287 7402 4696 7280 5706 7478 0
78797 4 6788 0 7659 7322 7415 3817 9277 0
22264 6 7298 0 7337 1577 7351 2878 7301 4945 7303 85 7423 0
10917 6 5594 0 5998 3496 5644 7429 5709 1910 5996 194 6168 0
34184 7 7044 0 7607 2702 7064 3290 7577 5406 7633 7761 7651 5159 8446 0
12373 8 1126 0 2219 7543 1938 9151 1584 4793 1750 1397 1547 9092 1962 6834 2276 0
3396 4 3733 0 3836 3636 3753 2639 7353 0
93091 7 2422 0 3425 7525 5596 3569 3460 7295 2969 6577 5289 5459 7362 0
60807 9 5610 0 8136 8679 5648 4860 5874 7180 8079 292 8053 2707 6359 2844 8140 5838 8229 0
16651 3 2914 0 3936 5473 5880 0
8733 3 5175 0 6140 4817 6493 0
90254 10 7144 0 8415 97 8340 990 8504 989 9919 8322 9436 5247 9369 4725 9739 4126 9724 905 9994 0
48498 8 2242 0 4169 9223 4729 9678 4580 9205 2841 3175 2698 4422 2610 2078 4776 0
937 9 2497 0 5385 8104 3875 4582 4598 2731 5090 6189 4679 2281 4783 8738 4058 1597 5483 0
57125 5 320 0 6900 481 2596 2393 4260 817 7971 0
28087 8 8862 0 9324 5806 8945 4925 9429 235 9539 2887 8895 7944 9004 2906 9542 0
89168 7 2952 0 4684 823 3156 7343 4843 8576 3047 4304 7523 7761 8118 0
5455 8 577 0 3282 9287 4194 2916 1395 6824 3864 3173 3713 4631 2789 5837 4811 0
49724 4 3104 0 5357 397 3829 2777 9777 0
36927 10 3841 0 4316 4759 4814 5366 5250 2776 5079 7141 5394 224 4151 8176 5261 6575 4471 6849 5437 0
99 9 446 0 967 1201 2912 9021 2995 6888 2020 2288 1979 987 4236 6087 2849 3247 4747 0
21329 10 995 0 1538 748 7383 7771 1645 3474 6936 8414 3827 3337 2132 3240 6762 3793 3352 9137 7631 0
75557 5 8248 0 9672 2732 9634 6239 8359 9999 9855 0
94897 3 511 0 2735 4680 6088 0
86641 3 3509 0 7974 7528 9159 0
46415 9 7612 0 8048 6395 8725 3331 8056 7146 8743 7062 8506 6416 7731 1694 8581 413 8865 0
93992 5 5044 0 5241 3236 5101 6670 5053 5843 5279 0
30768 7 1643 0 1805 3225 1780 6003 2459 8078 2930 4619 2843 5836 2938 0
20598 9 3100 0 7627 1188 4865 5892 4136 7285 4116 7761 7058 334 7407 7933 3181 2370 7889 0
97993 5 8675 0 8837 9396 9125 4387 9170 1827 9198 0
88550 9 4847 0 5424 8165 5632 6333 4929 1920 5747 9987 5825 2788 5135 4078 4969 5678 5980 0
41733 7 4164 0 4649 5875 4530 1692 5226 9161 4679 8929 5979 2809 6288 0
10152 3 5302 0 5501 3416 8196 0
89582 8 7503 0 8924 1245 7669 3601 7909 909 8561 8882 8693 4630 8613 696 9100 0
30074 6 2252 0 3049 8839 3517 9196 3647 7841 3070 208 4749 0
53 4 2468 0 3096 783 3019 7112 7675 0
13408 9 7303 0 7431 7341 7507 396 7507 2369 7513 2303 7311 5991 7441 8537 7337 3806 7540 0
68704 6 5480 0 6593 1885 9207 4610 7927 8454 9229 3906 9845 0
44003 6 2156 0 3429 497 6806 8174 7772 3947 4189 9637 8441 0
66366 5 8918 0 9592 8912 9388 5710 9487 9065 9596 0
28921 5 16 0 493 4002 435 3536 1995 2711 1996 0
17529 7 9360 0 9402 2895 9370 9809 9442 7258 9524 2482 9464 732 9532 0
15823 6 9354 0 9474 2172 9499 1119 9591 3669 9377 6988 9796 0
72984 10 1574 0 4484 8155 5089 6894 3335 3718 2223 5701 3246 9785 2570 7993 6714 7811 3018 213 6737 0
11783 6 7948 0 9817 1756 8405 4235 9158 8369 9910 3279 9914 0
17109 8 7154 0 8209 982 8192 101 8769 549 7776 6122 7480 4680 8053 9912 8972 0
39596 9 9668 0 9713 2498 9800 6102 9718 2793 9792 4441 9683 2339 9747 8204 9754 5984 9805 0
26847 5 5135 0 5567 3654 6372 3777 6018 6048 6597 0
89556 6 7812 0 7915 7080 9117 6085 9017 2237 9158 4924 9585 0
1614 6 9857 0 9929 4378 9929 8897 9929 256 9906 2644 9944 0
24116 7 3817 0 4593 2218 4422 5496 4014 4581 4930 9972 4243 5199 5712 0
7723 9 6556 0 8963 3242 7814 1932 9501 9672 6908 37 9014 4752 9650 2893 7270 1807 9774 0
82410 10 1650 0 5286 8576 1783 448 5061 1731 1936 6367 5644 2307 4254 3242 1918 7044 4787 8402 5925 0
74885 3 568 0 9067 7943 9899 0
53578 10 8761 0 8852 3956 8877 8419 8906 1396 8785 1485 8882 6212 8818 4082 8769 3271 8900 878 8925 0
36855 3 414 0 472 3161 705 0
18083 6 7227 0 7391 8537 7380 4543 7545 8102 8163 6354 8164 0
45294 4 8916 0 8920 4711 9001 1536 9459 0
10688 7 8257 0 8976 2318 8362 8879 8463 5856 8535 5641 8438 8366 9098 0
99456 6 5528 0 8874 4032 9345 3854 6639 5186 7547 408 9800 0
2724 5 7762 0 7989 1664 7891 8255 8084 2168 8359 0
85981 7 5154 0 5510 1226 7254 9700 6050 7416 6978 4060 6185 9645 8292 0
11496 5 9989 0 9992 7910 9997 2622 9994 4548 9997 0
23278 4 7871 0 9136 2513 8695 1554 9342 0
49206 6 4962 0 7184 5643 8651 2618 7244 9584 8888 4617 8898 0
62560 4 2292 0 2796 5179 2845 8125 4559 0
7615 4 2412 0 3226 9026 4510 3256 5441 0
36107 3 4258 0 4783 4842 4819 0
89333 9 4703 0 4913 5068 5264 4024 6333 472 5544 5502 6234 485 5246 3681 5204 6263 6423 0
83642 8 983 0 1467 442 4037 2193 3515 4041 7792 8582 6518 9159 1875 4059 8171 0
78773 5 1794 0 2079 6415 6400 8235 5976 6418 9000 0
28187 4 2186 0 3780 836 3235 7418 3785 0
36508 3 9103 0 9159 3933 9234 0
