150
76601 10 1971 0 2983 623 3622 7539 2436 1836 4127 4876 2188 2996 4084 9910 3375 4837 3288 7214 4153 0
14170 6 6413 0 9047 9916 9276 5603 8367 3534 7938 7358 9486 0
22088 5 726 0 4037 6836 7542 6166 5656 779 7933 0
43853 4 9056 0 9063 5368 9058 5300 9071 0
91346 7 375 0 1098 4299 1023 5184 1785 3959 1900 9817 1373 5530 2021 0
93685 9 3324 0 3326 8329 4164 4318 3989 9683 3888 9156 3469 9674 4058 2254 3832 1148 4400 0
55856 10 4620 0 5197 7349 4985 3291 5815 4696 5768 7044 5947 91 5971 8971 4637 8251 5852 7278 6057 0
17479 3 6334 0 6445 6250 6646 0
53650 8 2262 0 3199 6812 2822 7232 2349 603 3156 4338 3175 4319 2400 5876 3205 0
68308 9 8991 0 9239 3671 9010 7792 9026 7060 9087 9353 9258 714 9115 8701 9191 5009 9263 0
68495 9 2393 0 7032 2212 3445 8993 5447 3764 3753 3035 6556 1261 5041 9035 7980 3336 8620 0
35538 5 5897 0 7598 8058 6835 605 7827 7691 8114 0
45882 6 938 0 7687 8218 6167 1252 5164 7044 3515 4295 7771 0
87321 4 3653 0 4972 7250 5372 1415 5784 0
31698 7 1624 0 3081 8288 2127 2112 1885 7045 2520 579 2396 6039 3145 0
67737 3 9275 0 9283 5341 9321 0
26304 10 7549 0 7965 7892 7641 9389 7995 8580 7559 6387 8014 7943 8129 8764 7575 5867 8348 9862 8417 0
33455 3 9616 0 9624 4143 9626 0
48190 8 4272 0 4902 6030 6589 985 4329 5843 6594 339 5137 818 5273 1137 6707 0
68940 10 1565 0 9236 6569 3944 833 3034 2156 5551 8018 9474 4653 8831 5474 8292 7090 7614 3549 9524 0
60429 9 9621 0 9699 4458 9718 7334 9780 9279 9634 8523 9641 7965 9736 1606 9654 2926 9845 0
49393 6 7075 0 7358 5863 8336 6222 8145 9298 8670 5591 8711 0
7724 3 9700 0 9795 1902 9990 0
31805 3 2550 0 3886 5684 4319 0
32429 3 3181 0 6749 2612 8433 0
16160 6 2359 0 4593 1386 4866 5280 3042 3160 2961 3423 6343 0
32688 6 448 0 1066 7842 3190 1276 512 4200 1697 4184 3814 0
98687 4 4119 0 6955 4199 7424 967 8631 0
41438 4 7200 0 7642 1298 7720 8877 7881 0
10424 4 9264 0 9297 1313 9290 6997 9333 0
82384 6 8214 0 8229 6431 8257 664 8378 2616 8411 4434 8421 0
19529 6 3072 0 3162 2992 3442 3462 3234 6953 4852 6991 5325 0
9230 6 9870 0 9911 3223 9947 7782 9903 4318 9875 6827 9962 0
64035 9 5500 0 5645 4406 6111 7421 6184 8034 6081 9640 5729 518 5537 2618 5982 1345 6256 0
2414 7 1488 0 1565 3149 9582 1005 4891 5419 4425 1168 3293 2605 9830 0
67293 9 408 0 6035 8748 4882 1588 4434 1760 3788 8535 5837 3892 891 5146 883 1657 6737 0
76743 9 1186 0 1595 6970 4884 3539 8619 4628 8764 6939 4326 5035 3373 7207 3401 6976 8905 0
77197 5 458 0 4159 1822 3317 6250 2325 2779 5319 0
60382 9 3542 0 6038 4685 6456 7635 6770 7923 6792 889 4077 7522 4876 9213 3774 790 9756 0
50978 9 7439 0 7458 5170 7483 7543 7463 6412 7465 7906 7441 5962 7449 319 7458 7194 7490 0
34424 10 5632 0 7384 8937 7376 9936 6511 419 7699 4041 7413 3644 6819 2936 7500 7685 6350 3121 8314 0
38569 4 7240 0 8633 4638 9070 4001 9370 0
98282 6 9550 0 9748 2871 9572 418 9619 9547 9728 2279 9780 0
4240 3 9254 0 9576 6927 9968 0
26305 3 3279 0 3784 7065 9994 0
29316 5 2526 0 5621 6174 5304 1073 4096 4901 7477 0
72684 5 7009 0 7203 4461 7520 1881 8090 4814 8130 0
24247 6 9422 0 9664 8863 9803 1354 9746 8171 9587 7624 9963 0
43601 9 890 0 985 5266 4276 5960 1936 5715 3161 8933 3287 4370 5179 593 3815 1204 5397 0
52698 7 3718 0 3835 6987 3990 4794 4085 9107 3869 6653 4101 3440 4105 0
10224 9 9149 0 9639 4939 9223 568 9566 5132 9816 8462 9519 8069 9564 7933 9188 7082 9957 0
58751 7 4034 0 6382 3832 6071 6402 4036 7645 4763 3923 4917 416 6384 0
16258 6 6453 0 8387 3800 7184 721 7088 3634 6559 2792 8509 0
9654 7 8878 0 8962 2253 8886 6453 9047 2124 8977 9500 8908 1142 9127 0
66793 9 8553 0 9770 1721 9135 3765 8623 5753 9086 4153 9427 3649 8910 6421 9893 8898 9893 0
84449 3 9778 0 9839 6556 9925 0
54381 7 8567 0 8586 8185 8605 3115 8658 9890 8638 5382 8578 5643 8677 0
95195 5 7400 0 8185 3655 7789 5123 8012 1374 8241 0
65196 8 6004 0 7808 6136 6461 4389 9175 9031 8635 765 6322 9395 6098 1740 9236 0
58245 8 8342 0 8837 5452 8495 361 8957 3656 8569 5739 8745 3278 8538 5511 8999 0
15318 8 308 0 1462 4064 591 8590 1369 9866 1040 2843 1065 4267 1844 5030 1883 0
44945 6 1702 0 2411 6074 3421 7898 3382 6758 2164 468 9799 0
84275 6 2249 0 3717 6375 3144 3925 5118 7044 4393 6166 6146 0
92356 4 6536 0 7691 8384 6874 7953 8522 0
56360 9 4579 0 6465 3492 6208 9035 6587 6344 5140 7814 4655 4232 5110 3037 5019 9076 7409 0
44720 5 5411 0 7382 6575 8045 9086 7699 1950 8696 0
74541 4 447 0 4037 3663 8850 8271 9432 0
68554 4 5469 0 8083 8286 5764 5583 8640 0
56844 9 7023 0 8936 662 8825 4633 8466 9184 7752 7353 8717 2095 8126 9699 7098 1855 9106 0
87153 10 7972 0 8761 8649 9710 1949 9290 3726 9422 4201 9183 2337 8847 1507 8739 4547 8781 5196 9863 0
67829 9 166 0 4882 578 520 4116 6650 2562 3117 8185 3839 1779 7015 8586 3184 6107 7995 0
66111 6 5724 0 5955 4166 5895 6990 5793 5182 5830 173 6031 0
56373 6 2524 0 8061 5115 4055 1508 7676 2984 8819 5304 9007 0
12991 7 6297 0 6604 9509 7642 9607 7190 2721 7141 5227 6922 3390 8094 0
74082 9 8806 0 9297 7060 8989 5628 8965 863 8960 5286 9311 1002 9208 8359 9176 4433 9411 0
16809 5 9620 0 9667 9832 9704 9278 9635 8467 9706 0
58536 4 7051 0 8906 8367 7234 5832 8919 0
35506 8 2757 0 2873 1868 3148 3057 2875 827 2867 3965 3015 7728 2991 3176 3198 0
6729 5 2177 0 8140 7058 8784 6838 3971 9870 9267 0
89877 6 2176 0 5487 7844 3639 7629 4215 8321 2364 2262 9654 0
54058 5 391 0 482 5996 1922 5723 508 1300 4041 0
48648 6 546 0 5061 3506 1303 5833 629 142 2556 6951 8200 0
41420 6 8965 0 8998 5737 9040 5652 9033 7825 9009 808 9043 0
38379 5 5187 0 8758 8714 6933 5425 5300 579 8911 0
71121 4 3117 0 6937 9594 4001 9233 7157 0
75723 4 7865 0 8012 8949 8403 3800 8607 0
89112 6 5837 0 6563 1539 6633 6919 6403 9857 6513 3958 7142 0
23998 6 6481 0 7135 6307 7905 5249 6528 7466 6763 7749 8673 0
49142 3 9402 0 9593 5237 9792 0
71066 7 3759 0 8179 2737 6778 6951 8370 7586 7881 986 8642 5113 9382 0
55180 3 1815 0 3092 7158 3189 0
17595 9 7361 0 7431 6247 8026 9435 7433 4669 8005 1328 7746 8112 7688 2522 7491 7227 8084 0
78056 9 6241 0 6577 3205 6249 8770 6458 2169 6436 5703 6445 6923 6332 9316 6312 3176 6603 0
39415 9 9014 0 9727 897 9285 6181 9303 9530 9153 4689 9274 8523 9302 2976 9383 7906 9908 0
24148 4 3271 0 3529 683 3955 2912 5876 0
40498 5 4455 0 4875 5382 4952 5621 5858 4773 9357 0
22553 6 6851 0 8650 4898 7589 7114 7528 6945 7538 7140 8868 0
237 10 9379 0 9492 5400 9503 3559 9719 6071 9577 7341 9478 5568 9800 4927 9608 1666 9516 718 9807 0
98475 7 2802 0 6278 8168 3780 6677 3328 4189 7634 865 6328 651 8296 0
57597 5 1628 0 2345 2318 2615 9388 1873 6105 3366 0
21767 10 4850 0 9210 3084 6527 3529 8133 2580 7435 5569 7744 6012 6770 1666 7835 9888 5004 2186 9502 0
46648 7 5885 0 7735 9958 6431 7070 6129 5856 7774 8360 8207 2374 8487 0
72343 9 52 0 1006 7270 439 9121 752 9934 832 4559 848 4290 564 5417 244 7180 1030 0
60116 7 9671 0 9785 1518 9671 8361 9960 5057 9714 6376 9936 8514 9975 0
50988 9 6282 0 6393 3605 7442 8421 6740 8710 6625 9328 6747 1556 7391 7160 7252 1273 7572 0
22772 6 1704 0 1943 3805 1864 846 1756 785 1747 3787 2027 0
41778 6 3136 0 3172 1618 3191 70 3181 5454 3142 377 3212 0
23343 9 2775 0 3359 7677 5782 5567 4047 2968 3753 5440 4079 2818 4310 3310 3715 8096 6070 0
81274 3 4439 0 7305 7829 7850 0
94500 8 7202 0 8655 4926 8462 9944 7645 7754 8423 2694 8682 8654 8922 8737 8953 0
29443 7 9020 0 9140 7072 9520 4953 9267 1184 9609 2731 9212 765 9689 0
58571 9 4791 0 5016 9227 4937 1022 5620 9590 4910 9764 4983 7487 6069 9308 5356 6750 6084 0
45500 10 3259 0 3451 704 3300 1673 3263 3822 4589 5866 3835 8499 3729 3726 4813 1800 3585 467 4857 0
99217 8 2156 0 5548 3862 4541 2724 5918 1130 2621 5007 2175 6002 4041 2103 6283 0
16982 10 3817 0 4288 3541 5132 6837 4100 8905 4349 8026 4254 6759 4206 1255 4066 5534 4603 7455 5213 0
23370 3 638 0 979 7224 4068 0
3697 7 3736 0 4351 3066 6720 2672 4590 2694 8179 4324 7662 4845 9190 0
77117 9 9466 0 9736 1230 9617 3640 9834 9886 9597 2937 9637 9572 9495 7027 9687 3335 9851 0
30348 9 9052 0 9608 1769 9647 4001 9366 3986 9735 7675 9647 5761 9088 438 9437 797 9745 0
27086 7 8158 0 8997 799 8927 7176 8499 4544 8587 5293 8706 7877 9015 0
21152 7 3422 0 3560 3332 5419 162 4711 7459 6733 2106 5804 705 7113 0
70051 7 3171 0 4132 3653 3410 1646 3639 6384 4112 6811 3234 3619 4351 0
66803 5 1873 0 2515 9967 6636 3871 9157 4187 9717 0
76915 5 8376 0 8715 7426 8531 1469 8736 7972 8789 0
65720 4 7870 0 8871 2755 7893 4098 9322 0
37964 5 8183 0 8658 3430 8507 4948 8258 2837 8663 0
36206 5 3829 0 6562 9284 7810 5474 4432 930 9494 0
55259 8 3968 0 4117 562 3988 1916 4969 725 4447 8323 4666 9855 4535 6931 5103 0
39858 7 118 0 6188 3584 6151 2671 1999 6126 5427 7942 5451 2624 7296 0
43185 4 7492 0 7630 6275 8202 2583 9684 0
32105 7 305 0 1088 3221 777 3870 3292 2175 3742 6576 636 9043 4835 0
34744 9 8293 0 8954 6458 9183 264 9232 3314 9361 7355 8965 7244 8925 8059 8788 4816 9364 0
61467 7 9435 0 9533 7159 9487 883 9508 4388 9470 5351 9451 3651 9575 0
25072 4 111 0 4054 6146 3288 5418 4892 0
60012 10 3175 0 3243 4873 6228 1460 5603 6302 4701 1702 5421 7731 6366 5497 3825 5771 3491 2993 6429 0
49560 4 9492 0 9663 7082 9522 3693 9704 0
7087 9 7363 0 7371 2787 7526 1828 7591 7555 7616 1580 7622 1791 7553 8431 7721 6662 8256 0
75495 6 9787 0 9800 6982 9794 7338 9790 4228 9788 7510 9800 0
34109 4 438 0 1203 7727 1368 6338 1713 0
99769 7 2608 0 7394 1925 8004 6789 2879 9072 2827 6213 5111 9710 8283 0
39389 3 617 0 872 1190 4019 0
28777 7 9091 0 9103 96 9103 9093 9118 7250 9115 1413 9109 559 9121 0
37222 4 1058 0 4794 9727 2204 745 5965 0
52331 10 6958 0 7926 798 7530 9513 7432 7102 7585 7494 8102 4986 7489 9109 7331 3278 7720 5221 8427 0
97715 6 7090 0 7826 1593 7861 4295 7306 2349 7649 8491 8019 0
5153 9 932 0 1572 1106 1375 5819 1947 3397 2225 1455 2167 4885 3074 1309 2936 6306 3209 0
50200 9 5862 0 6055 9974 6890 198 7189 6423 7685 6084 7066 8841 7482 2369 7227 6544 8175 0
65109 5 5035 0 5493 1701 8131 4981 5517 5347 9750 0
12009 8 8900 0 8911 7236 9482 6085 9256 5554 9085 4489 8957 9121 9018 8522 9491 0
31223 5 3274 0 5049 5707 5501 1187 3770 690 6410 0
