150
49262 5 7401 0 7856 6869 8971 8606 8650 1363 9127 0
15715 4 455 0 825 2063 457 5704 1054 0
88460 6 2086 0 2668 8086 2762 1858 3173 5187 2507 3958 3486 0
39689 10 1344 0 1661 5988 2027 4690 1662 6603 2663 5426 2028 7795 1941 2115 2345 1650 3137 1027 3829 0
35098 8 9486 0 9554 2787 9947 8283 9541 9313 9696 7395 9743 860 9639 6280 9948 0
22565 4 5898 0 7598 2056 5898 1606 7736 0
10493 8 4863 0 5611 8230 6305 7619 7453 8577 6569 2549 7307 8354 6687 1371 8057 0
89357 10 9251 0 9263 713 9268 2667 9264 5914 9262 8661 9261 7815 9263 1728 9259 1426 9259 2360 9269 0
32348 5 6074 0 6933 9661 6673 6995 6277 4002 6980 0
65953 9 4751 0 5169 2933 5132 7319 5385 2243 5078 162 4819 2249 5083 1896 5329 6079 5463 0
19957 9 6485 0 6986 2402 7583 2210 6643 4066 8007 623 7515 8115 6632 1865 6649 3267 8018 0
88261 4 2998 0 6872 8800 3621 7348 8312 0
12014 6 7738 0 8315 868 7755 7989 7917 8593 8311 5930 8391 0
17835 4 439 0 592 3512 1165 3349 2789 0
37462 10 1133 0 2563 7052 1215 2535 3175 7442 1376 6256 1399 6171 3180 7948 1323 7645 2196 6620 3441 0
63497 4 2309 0 3923 5303 2311 5945 7959 0
76573 8 8015 0 8700 2636 8223 9234 8300 4779 8504 2472 8243 3305 8685 2788 8944 0
96573 10 3040 0 3518 3388 3434 7469 3718 7776 3443 3470 3095 7041 3504 1610 3691 1153 3597 2557 3749 0
2489 7 1271 0 4995 4216 1609 907 2247 3734 1733 9490 8018 2850 8709 0
68771 8 1221 0 1391 7207 1484 795 1474 9737 1919 9376 1735 532 1763 1826 2068 0
15572 5 4918 0 5418 6742 6372 3314 6168 5680 9670 0
19246 10 6679 0 7239 1641 7531 3308 7413 9593 7455 8538 7360 3668 7530 4022 7164 1621 7038 1624 7589 0
79424 9 7388 0 8308 5992 9098 270 7807 4729 9039 2789 8329 9071 8750 9609 8036 5005 9195 0
29093 6 615 0 656 3463 1851 2297 793 69 1538 6463 2694 0
55977 7 3260 0 4568 6499 4990 1153 5663 3311 4086 9565 3771 2188 6257 0
80786 6 6532 0 8567 6159 8138 237 7396 6636 8339 1261 8833 0
88940 6 956 0 1728 7758 1326 9691 2122 8563 2768 8509 6574 0
52197 10 9139 0 9392 8143 9455 8900 9371 1454 9175 2725 9150 9214 9438 6424 9188 53 9179 4252 9463 0
81535 7 1061 0 2674 8450 1821 3258 1159 9304 2172 6120 2181 659 2725 0
98457 7 7529 0 8432 9005 7667 1957 8747 2465 8950 4106 9456 83 9542 0
2469 5 3173 0 3345 7578 3318 439 3185 6684 3416 0
10129 5 2294 0 2942 228 5300 7468 3586 1658 6765 0
39886 4 2615 0 6600 2913 5522 8726 8160 0
518 5 2910 0 3072 3079 5025 5590 5035 7973 5867 0
35061 4 3939 0 4634 5572 4187 6571 4693 0
29086 3 128 0 1713 1024 3352 0
56460 5 5357 0 8188 8290 6051 1221 6106 5706 8572 0
87836 8 1128 0 2500 2640 3297 6429 1603 8414 2069 655 1686 3056 2557 5224 3447 0
24994 10 9028 0 9425 1135 9337 7082 9628 4401 9664 345 9773 9213 9753 574 9080 2590 9406 2510 9978 0
54787 6 488 0 1544 7380 3522 7833 512 2836 3277 4931 3671 0
22662 10 5597 0 6731 4040 5951 3838 5745 3071 7911 7733 7139 7901 7790 367 7108 6334 6196 5137 8303 0
69137 4 9939 0 9940 2235 9941 1079 9959 0
73355 3 6624 0 7046 273 8632 0
1865 7 8349 0 8782 431 9625 4767 9581 4902 9734 872 8643 8126 9878 0
54062 10 853 0 3324 8200 1328 2052 2227 611 2182 2795 4900 3176 2126 2672 1855 8180 4450 472 5134 0
63215 7 7382 0 7702 1168 7726 3373 7700 9659 7785 6841 7749 6899 8451 0
44134 9 753 0 2763 3409 5646 5612 799 8868 2980 3512 2826 98 4932 3911 3514 2000 5704 0
2055 3 6365 0 6992 4930 7489 0
50996 3 2063 0 2399 3762 4468 0
43041 10 8425 0 8762 8625 8861 2747 8641 3895 8793 2915 8845 3426 9084 1218 8951 1964 9006 94 9243 0
77318 9 5295 0 5802 1493 5398 1946 6779 3838 8140 3016 6951 7309 6245 9091 8276 9427 8692 0
68399 5 7874 0 8108 3638 8134 2580 8141 4174 8165 0
18477 5 8694 0 8701 7678 8708 216 8695 7305 8711 0
29439 10 3084 0 5456 1052 3499 2788 9016 1920 8399 3679 3959 1912 9054 9360 3567 9007 3110 3152 9457 0
16756 10 6267 0 7553 4713 8035 2110 7068 9691 7361 335 6375 6700 7513 2806 9008 684 8385 3052 9046 0
50472 5 7706 0 7744 5194 8015 7791 8186 4733 9266 0
11164 7 1218 0 1380 2915 5336 2839 6330 8311 1511 6924 8054 8902 8288 0
86775 6 8134 0 8672 1610 8265 5542 8446 6059 9129 6370 9186 0
98954 3 500 0 1764 9345 4540 0
6720 6 828 0 1355 909 2423 7177 1125 4810 1824 4665 3133 0
96778 9 5527 0 5697 5426 5537 4917 5676 8672 5594 313 5609 8409 5717 6533 5798 7455 5826 0
45782 3 2539 0 3744 3510 4837 0
4293 10 1673 0 1880 5814 4160 4245 4195 9112 4305 7422 4637 2822 4899 8398 2108 8060 1844 2443 6009 0
95218 3 1390 0 5706 1473 6408 0
12724 9 125 0 4063 437 2477 9573 214 1470 4260 4939 4677 669 2827 2675 3432 9342 5332 0
34644 6 4291 0 4444 6121 4480 7571 4538 1379 4476 838 4690 0
52816 7 468 0 3241 5126 5025 8961 3569 322 2589 2993 4735 7562 5489 0
85354 5 6963 0 8584 8660 9467 747 9316 6438 9603 0
3949 10 3018 0 7346 7398 5045 986 8062 586 5374 3155 5330 7897 6372 6907 4456 4241 3918 2873 8261 0
41859 3 245 0 2046 1548 6965 0
48829 9 5830 0 6662 23 7675 6503 7151 3554 6939 9459 6053 236 5904 6736 7694 6416 7739 0
10770 8 3400 0 4058 3330 5407 70 5522 1234 4494 3845 3831 5579 4577 9647 5533 0
66339 6 626 0 7090 1992 921 3322 4231 5096 1472 1131 8153 0
91652 9 3979 0 4149 1804 6657 5142 6354 8067 6760 4504 5900 5324 5093 2819 5490 9931 6767 0
8611 7 6085 0 6142 3247 6404 1674 6668 599 6683 9847 6831 7254 6926 0
1566 9 3897 0 7146 4379 5965 7447 6771 7862 5711 6079 6473 5616 6557 1501 5967 8204 8779 0
27706 9 5136 0 7316 8455 7897 1998 7285 7177 6575 7487 6454 2240 8695 105 5626 1833 8811 0
93351 5 8819 0 8850 1866 8845 1692 8865 4220 8900 0
88231 7 3674 0 3822 5567 4254 2455 4245 3644 4651 2178 4174 8272 4684 0
54277 10 4585 0 7937 932 6998 2667 5656 6117 6016 6305 7228 4479 5354 8382 6073 2994 8277 7514 8302 0
65972 4 7283 0 8557 5989 9012 5374 9913 0
51824 10 8656 0 8865 4987 8873 3146 8752 3536 8920 6547 8862 8528 8759 8682 8944 1654 8688 7429 8988 0
53137 3 2154 0 3141 9111 5985 0
89557 9 539 0 6288 1070 3535 895 3169 3535 3021 238 4765 4091 2639 7757 3704 7600 8799 0
31405 6 8676 0 8740 3741 8854 6354 8943 3482 8761 8940 8958 0
42771 7 9209 0 9268 7533 9303 875 9293 7048 9236 3222 9211 6971 9319 0
5257 3 5271 0 5379 2579 5612 0
31624 3 7541 0 7565 8502 9484 0
35948 5 5039 0 6270 1241 6932 7748 7399 5524 7599 0
29138 9 4606 0 9748 8417 5649 9186 7105 3042 5490 8501 7051 5740 8368 2666 7396 1368 9881 0
94083 7 3443 0 7733 6554 3809 7414 6542 5123 5549 1484 5935 1646 8521 0
8521 5 7096 0 7451 4380 7406 8372 7195 529 7476 0
18108 7 3266 0 3397 3463 3338 6552 3968 6691 3911 4316 4086 9414 4774 0
29900 5 1033 0 2347 5174 1201 2078 4523 2567 6651 0
39199 3 4300 0 5474 8746 8043 0
71911 4 973 0 1370 4000 7749 4153 8659 0
47557 3 5228 0 5535 9689 8306 0
16939 10 2964 0 8051 9775 7629 7249 8211 7106 8826 3437 3724 5603 3025 454 6044 3783 3771 9516 9370 0
55580 9 6251 0 6645 3921 6539 8435 6385 5207 6736 599 6565 8879 6650 3391 6279 6785 6791 0
6843 8 3025 0 6614 4892 4793 818 6735 1620 6729 2616 6192 7687 4088 503 7709 0
73071 10 1097 0 3902 5391 4419 3805 2064 358 3402 8410 3939 254 2179 608 1425 6411 1818 1324 5701 0
16169 6 33 0 247 1316 277 6910 122 3564 179 6277 287 0
38769 8 5227 0 5243 7091 5461 8752 5271 2087 5287 3820 5365 4904 5408 7821 5485 0
93008 4 9013 0 9048 8501 9033 9992 9060 0
22768 7 5852 0 6903 2586 7859 8192 6531 2550 7487 6695 6100 6546 9614 0
13114 10 9531 0 9737 7122 9858 8074 9683 7222 9747 2586 9847 9498 9871 7568 9604 6751 9833 8552 9890 0
40559 5 9669 0 9815 7816 9680 1439 9730 5987 9817 0
48615 3 5348 0 7439 507 8041 0
81131 8 5388 0 8400 8397 5780 7371 5635 5705 9629 7108 6315 2051 8785 7515 9834 0
86771 4 5261 0 7947 2605 8906 3992 9697 0
28213 7 9234 0 9352 792 9393 3616 9330 1055 9238 2251 9433 9809 9434 0
94241 8 363 0 840 1809 3629 9877 7768 2384 7492 6845 1827 6363 2455 9632 9143 0
90899 6 9491 0 9504 4179 9554 8784 9599 7797 9522 2917 9641 0
21821 3 546 0 735 373 763 0
41127 8 1351 0 1776 5720 1812 7431 4990 3269 3972 2069 5619 2737 1486 2038 7291 0
48840 4 9301 0 9829 5650 9960 4072 9987 0
13680 10 5423 0 5426 9070 5966 5840 7052 2484 7860 1097 8571 7644 6355 8437 6896 3908 8433 7132 8851 0
85869 9 13 0 2123 5012 1320 35 1700 5773 1039 8680 458 3578 1690 9794 268 1260 2503 0
39661 9 6441 0 7084 8319 6957 9631 6646 4407 7157 7434 6689 7247 6924 5564 7125 1508 7178 0
42944 8 7511 0 8055 4312 7671 8395 7905 939 7533 5899 7693 536 7722 8690 8105 0
16547 9 9778 0 9782 6081 9783 2188 9779 4662 9782 5229 9783 6824 9782 3968 9782 718 9783 0
62775 7 9524 0 9809 3762 9707 2180 9563 4958 9691 7892 9644 391 9866 0
86689 5 6333 0 9456 5363 9623 3972 8313 3163 9765 0
25285 8 8964 0 9597 8623 8964 1238 9574 4815 9478 6428 9427 9884 9603 3 9662 0
34650 7 9167 0 9390 4928 9241 6935 9439 8565 9218 5812 9352 416 9604 0
19857 8 917 0 2089 7471 7230 6513 7531 9173 7042 6085 8418 7556 2359 9161 8555 0
98216 4 6079 0 6817 1754 7479 8108 8195 0
71294 4 4608 0 4655 9988 4784 3135 4797 0
11585 3 495 0 516 4169 747 0
96293 9 7070 0 7117 1077 7479 2844 7310 3866 7368 6905 7664 3709 7832 3556 7693 1115 8032 0
44796 6 3511 0 5863 6964 4988 3297 4743 7346 5082 6565 7396 0
3187 4 5641 0 7640 3386 7127 2545 8360 0
69950 5 5549 0 7465 2958 6897 7069 6900 2189 7821 0
67309 8 4927 0 5927 6255 5147 1795 6021 262 5041 6228 6043 8668 5778 9243 6581 0
35217 6 7829 0 8520 3064 8145 5802 9493 9412 8200 4875 9559 0
73192 3 4162 0 5801 9427 6837 0
93465 8 2753 0 2832 4737 8198 1727 8434 8524 7779 9389 9304 2563 9884 6667 9908 0
18513 5 2673 0 5136 3775 5353 3022 3136 9791 6346 0
83491 10 1576 0 2670 4188 4888 5198 5073 180 2350 2718 4752 5419 3645 3452 3379 7402 2362 2890 5078 0
10785 8 8753 0 8780 7176 8839 6084 8782 9404 8844 8282 8753 2002 8778 1139 8846 0
57790 3 5849 0 5949 8655 6589 0
56975 4 8363 0 8440 2899 8476 4978 8476 0
89802 10 4970 0 5046 4441 5265 2401 5233 9272 5228 7548 5082 4413 4974 5280 5139 9145 5263 568 5346 0
54578 5 5750 0 5994 8774 8558 716 6316 1649 8719 0
70896 7 568 0 4076 6765 3830 7851 3822 3253 5536 2652 5409 2112 5681 0
88947 9 5705 0 8651 7614 6528 1931 6878 3161 9466 7687 9144 7825 8349 5026 6992 2998 9609 0
98267 6 1925 0 3839 3690 7803 5940 4190 1060 4416 9582 8338 0
57397 10 2594 0 9145 9645 6023 3538 6115 8001 8744 8965 2781 564 8987 603 8706 8522 7792 6595 9650 0
96159 7 5726 0 5832 8745 6808 8789 6511 47 6651 7904 6280 4786 7184 0
91800 10 3714 0 3894 2534 3828 8506 3891 6361 3932 5372 3988 1141 3795 7878 3769 5751 3714 9970 4019 0
