150
89220 8 7423 0 7944 3115 7881 9672 8930 8185 9077 1096 8024 1476 7670 1512 9421 0
24170 6 6754 0 8726 6629 9528 2198 7701 9207 7219 7476 9530 0
69844 8 5225 0 5777 8635 6116 1956 5859 2545 6998 2847 7025 7369 5278 397 7042 0
16235 8 286 0 5736 5266 5064 9647 385 4711 4646 3979 5025 7191 2823 4667 7551 0
31179 7 9005 0 9007 6730 9009 4675 9097 3313 9047 3987 9019 826 9173 0
51926 9 4745 0 5363 6910 5120 9898 5685 2377 5831 4756 4853 2063 5475 5258 5292 4089 6027 0
79138 9 8517 0 9106 4875 8874 5065 9111 5851 8912 1142 8562 6478 8797 5113 9026 5201 9275 0
13920 8 8539 0 9094 5194 8976 9196 8557 9473 8577 1599 8868 253 8875 2714 9176 0
53234 8 5200 0 9635 2533 8719 7439 7064 4039 5960 1444 8415 32 5583 6922 9726 0
27110 7 4359 0 5865 2817 5414 9549 5938 5569 4791 694 4700 9464 6107 0
80464 10 3666 0 6146 196 8891 2599 8721 3278 6912 9606 7817 6749 4526 7710 7517 8925 6534 3642 9093 0
1212 10 582 0 6488 6921 6254 7247 3564 3824 1792 8521 5853 3089 3333 9656 6470 9868 2536 3823 7181 0
51834 8 3246 0 7773 2007 3911 6801 5471 6331 6259 9141 5435 9457 4372 1249 8503 0
99789 9 2210 0 2295 1691 2252 4080 2421 1683 2332 2410 2307 551 2319 9709 2223 6201 2436 0
19923 10 3600 0 3762 796 3642 9026 3820 7743 3780 8053 3630 9531 3662 3359 3814 7879 3690 2057 3864 0
20546 7 8695 0 8912 8635 8784 8195 8722 3954 8740 6247 9034 218 9050 0
77885 5 9426 0 9518 4500 9649 4710 9631 5514 9794 0
51856 5 4352 0 4649 3152 5158 8217 5356 7664 6205 0
92241 9 8431 0 8521 1954 8577 6461 8436 9454 8623 3458 8446 260 8478 883 8536 4448 8657 0
10310 6 7742 0 8885 9857 7884 4062 8626 9368 9109 9004 9930 0
77137 4 600 0 1961 7158 1204 3875 8489 0
13837 9 562 0 1297 4489 2187 2664 6031 3503 5502 407 2909 3568 3258 2380 2178 4526 9842 0
50679 7 2324 0 4807 593 2406 8810 3501 9124 2627 3410 3385 4902 5131 0
97353 8 7237 0 7847 110 8001 2158 8311 8434 7983 6215 7474 947 7418 8249 8528 0
35479 10 2521 0 3891 6353 5245 8856 4447 3072 4878 9657 5856 8875 4896 9916 4236 6180 4953 1475 5902 0
80680 3 9074 0 9186 7196 9384 0
54460 4 4914 0 8886 2583 6228 2393 9340 0
46669 4 3367 0 3579 5425 3410 9597 3784 0
73269 4 6128 0 7373 9204 7091 9608 8003 0
30973 5 8709 0 9335 1504 9004 1659 8868 1447 9506 0
49024 4 9477 0 9718 3944 9633 5591 9824 0
43064 6 4848 0 7598 7536 6580 7972 6012 8585 6972 4638 8992 0
21187 4 3744 0 4662 5554 8435 8861 9680 0
73961 3 8111 0 8262 911 8975 0
70820 5 3963 0 5061 9039 6504 1747 4456 3930 7132 0
17606 3 2728 0 7962 2733 9623 0
33983 4 255 0 2041 4803 1145 6560 2695 0
21806 6 1121 0 5256 1568 1706 795 2256 5201 4367 9913 7101 0
83785 3 2147 0 4692 6458 8132 0
16901 10 9730 0 9827 2112 9754 7432 9809 5402 9898 8546 9881 7580 9730 7533 9929 8288 9761 260 9941 0
13503 6 7625 0 8373 4731 8325 6926 8169 2539 8201 8252 8648 0
99425 7 4860 0 6161 1504 6031 1465 7714 3175 7397 5564 8506 5606 8761 0
66628 10 8040 0 8493 3346 8490 3436 8506 7906 8222 2932 8237 6676 8758 5044 8803 2305 8071 9625 8818 0
73144 5 1565 0 9420 1436 8698 2650 4238 4000 9492 0
8010 8 1378 0 2116 327 2021 9291 1796 1410 1571 4575 1842 4786 1948 885 2168 0
55 6 3279 0 8747 1659 9051 9665 8179 4365 7730 385 9143 0
18619 5 7238 0 7310 5237 7484 3278 7314 6812 8001 0
77949 7 1556 0 1942 3853 5864 743 3388 3793 4723 1170 7063 7856 9134 0
59293 5 2093 0 4773 9512 5605 4025 5195 899 7817 0
7325 8 3483 0 3789 8056 3930 4360 3762 9482 3722 9737 3610 3486 3827 9234 4370 0
23761 8 1693 0 1716 2476 1806 8434 2612 1451 2099 4994 2101 7763 3318 6745 3334 0
14306 3 3883 0 5159 9370 5553 0
61193 6 8032 0 8335 9312 8076 7093 8100 5079 8335 5695 8441 0
27801 6 3000 0 3967 4565 3241 2151 5655 5503 3669 380 7078 0
83974 10 1716 0 2226 9699 1782 7801 2372 503 2118 625 2588 4576 2345 7365 2573 7693 2707 2645 2883 0
2393 10 2856 0 2975 9233 5923 2325 3824 4204 6743 8410 2901 3118 3802 2696 6792 3452 6396 6661 6814 0
12335 6 2893 0 5065 5337 4129 7489 3766 3299 5147 6368 5253 0
20744 7 5386 0 6365 5662 5799 406 5775 4976 6297 3204 5949 8324 6464 0
97710 6 1980 0 2073 1036 2442 9616 2167 4676 2274 1770 2528 0
7335 4 6763 0 7130 1246 6785 3778 7525 0
60479 8 7737 0 7873 3020 7742 8125 7778 7579 7758 6763 7831 7541 7858 2565 7882 0
75212 10 7069 0 8372 6788 7076 5027 8415 2239 8078 8048 7491 2225 7417 6063 7781 48 7548 3687 8432 0
69454 7 7688 0 7964 6958 7836 6418 7694 666 7987 3175 8019 8128 8031 0
48591 3 3566 0 3881 1396 4881 0
513 10 581 0 5892 9336 4851 628 4874 22 3329 2868 6357 7603 4692 9744 1838 9741 2148 4265 6607 0
71279 5 364 0 639 3420 416 5662 532 2944 950 0
315 8 3936 0 5357 2718 5107 1555 4749 18 4185 4393 4035 4593 4016 3286 5370 0
5733 8 3493 0 6583 5520 4414 6881 8760 9698 6174 7508 5848 1364 3686 8317 9092 0
69760 10 2531 0 4436 1110 4133 4771 4759 5224 3564 7607 3233 4366 3802 1660 2831 788 4828 7376 5670 0
4379 9 4093 0 5057 3724 6074 8233 5401 2313 5489 5709 5876 3066 5653 4748 5645 1341 6466 0
35060 9 8156 0 8640 7122 8337 1852 8385 2951 8237 8970 8389 8596 9100 2447 8167 9448 9198 0
39629 8 5207 0 6511 175 5669 1522 6758 8124 6666 942 7405 2581 7690 9983 8730 0
52768 7 2279 0 3399 6602 2447 486 3406 2873 3270 4308 2717 3335 3465 0
60662 4 1198 0 2304 5207 2222 933 2597 0
51452 6 9682 0 9830 4428 9763 9629 9763 5659 9854 8107 9997 0
6764 6 2685 0 4177 5946 4630 7023 4079 9584 3108 2703 5132 0
93257 3 558 0 574 1345 1120 0
88520 6 6243 0 9213 2810 6544 7127 6727 5942 8993 8140 9757 0
65328 4 2561 0 4795 1767 7102 1857 7260 0
36399 8 2967 0 3621 7032 3292 6483 3579 1911 3468 2902 3478 1346 3269 3051 3813 0
380 7 1362 0 2009 814 1526 2992 1919 8529 2119 9224 1756 6982 2237 0
27753 7 8577 0 8901 4606 8659 1841 8713 4698 8582 410 8603 7496 8918 0
62647 3 6626 0 6682 8216 6683 0
40579 3 9706 0 9727 2793 9953 0
88313 3 9940 0 9958 3252 9969 0
45819 7 5074 0 5932 7151 6629 8570 5658 7909 5713 294 5238 3462 6636 0
42432 10 9928 0 9942 1828 9976 4528 9930 6432 9977 7975 9994 5609 9977 5876 9960 1620 9982 6162 9995 0
22515 7 3267 0 5128 4627 6115 3333 6792 2874 8549 7697 4177 7479 8622 0
13514 3 5831 0 7515 1490 9688 0
86314 9 3351 0 4415 8753 4623 9372 4005 4573 4356 9184 4359 2033 4836 7836 3703 7940 4890 0
16921 7 1685 0 3604 1237 2027 1493 2120 4555 2900 3889 2155 6759 3632 0
38771 5 6605 0 8165 2611 8750 7668 7981 1757 9486 0
86871 6 7988 0 8471 5388 8557 8788 8969 763 8251 574 9493 0
12635 3 9670 0 9828 2958 9929 0
30408 4 3014 0 8822 6017 4749 7799 9191 0
27481 8 2058 0 2562 4247 2391 4023 2154 5284 2512 3555 2562 8560 2469 1262 2744 0
98454 5 4041 0 4294 1834 4158 2191 5211 8006 5683 0
487 7 5702 0 5755 8394 6831 684 6677 8760 7144 3212 5891 4879 7205 0
10270 10 9403 0 9407 853 9447 4544 9605 9562 9659 7275 9569 1044 9542 3151 9430 7363 9462 2972 9736 0
73970 5 7576 0 7897 3637 8878 4340 8589 3931 9196 0
20903 8 3726 0 3886 3909 4467 3538 4026 4008 4100 4637 3803 4240 3951 4770 4567 0
71901 9 930 0 1935 8957 1038 8944 2043 3940 2915 5247 2579 8884 2237 8277 1564 4489 2980 0
56392 8 1803 0 4672 8123 8429 5582 5967 3921 4947 3113 6221 7754 6133 2348 9252 0
86773 4 3294 0 3824 6667 3757 7917 3937 0
4828 3 8029 0 8067 4871 8129 0
68894 4 8610 0 8691 5691 8707 2056 8983 0
40764 5 1132 0 5285 4194 6271 5430 8756 3450 9202 0
93466 5 7369 0 7527 5754 7579 4927 7596 2752 7603 0
83196 8 341 0 2365 4500 1099 864 1680 8886 3697 3113 1406 5169 3541 3070 3837 0
23323 5 6977 0 9226 2096 8862 8209 9191 8622 9270 0
44636 8 7277 0 7430 5906 7498 2792 8321 7224 8484 3734 7789 3372 8039 4866 8593 0
7273 9 4224 0 4844 3286 4286 4613 5870 1899 7728 5118 7031 9402 6485 9674 6612 3765 9114 0
72455 5 4094 0 4774 3274 4206 7095 5442 9696 5576 0
7043 6 3151 0 3382 6537 3154 6197 3286 3355 3561 5743 3944 0
39351 6 4919 0 5050 2752 6881 1302 7457 7665 5007 2198 8624 0
92293 6 8027 0 8694 2826 8836 4626 8513 7784 8658 4138 8906 0
28185 9 269 0 567 3196 1905 8041 1828 7585 519 7635 4078 5443 1839 7986 4919 8834 5084 0
50914 10 9932 0 9968 14 9940 1377 9952 2989 9943 9128 9947 8470 9956 5753 9938 1163 9957 9706 9968 0
77471 5 1107 0 2033 2618 1784 7137 6208 4286 6603 0
61040 8 7236 0 7471 6311 7318 7440 7864 5325 7440 7024 8162 8709 8484 6690 8782 0
93266 10 7187 0 7851 2531 9176 270 9424 4168 8415 6889 7989 828 9545 3771 7493 239 7971 7030 9876 0
82500 9 8468 0 8514 4797 9159 5787 9012 6462 8762 7215 8625 5019 8504 737 8800 7929 9171 0
51703 10 2010 0 2241 1712 2518 2691 2250 2392 2298 428 2650 6306 2783 4147 2749 7430 2932 65 2972 0
2425 9 7390 0 8667 9564 8786 6954 8561 8273 8171 5004 8372 1283 8140 9361 7597 1040 8838 0
93294 8 9999 0 10000 6529 9999 5060 10000 3217 10000 2783 10000 4151 9999 9338 10000 0
47267 4 3975 0 7017 4419 7984 7320 8355 0
94803 3 2432 0 6779 5029 8510 0
84477 9 5637 0 6163 9424 5784 1903 6927 1951 6241 9692 6953 8291 5665 7521 6854 3753 7143 0
63194 5 1767 0 3635 6412 2414 3168 2871 5931 3810 0
24838 6 7424 0 8571 2179 8330 6751 8610 1588 7991 947 8835 0
51669 5 9744 0 9890 4074 9836 2465 9873 8531 9924 0
45493 4 1439 0 2688 4108 1829 9074 3487 0
66683 6 9185 0 9282 6469 9412 2753 9948 8317 9443 8154 9956 0
81938 8 290 0 834 5966 8354 6291 8912 5287 7411 278 7349 4839 2626 4670 9345 0
99918 3 9979 0 9991 2459 9994 0
86679 8 6902 0 7827 4042 9338 6281 8599 4307 7633 6143 7914 5452 7369 8404 9367 0
96298 8 6397 0 6773 5172 6720 3803 6946 9168 6655 973 6945 756 6895 9360 6987 0
90468 4 5484 0 6460 1229 6126 2340 7119 0
71057 7 5106 0 5118 7071 5154 8184 5135 7627 5172 70 5179 9484 5348 0
39391 7 714 0 6092 6367 4527 4485 1527 5076 5163 7225 5763 3043 7020 0
56050 4 3300 0 6209 6762 5121 7315 6211 0
53454 7 4858 0 8333 6555 8479 3199 6633 2111 7884 2253 8541 7978 8653 0
89940 10 823 0 945 8533 1452 3641 943 7263 1305 4546 1139 276 1006 7562 965 7622 1609 6165 1660 0
82156 5 7621 0 7770 9678 7737 4059 7839 7547 7924 0
58646 4 5880 0 7086 6485 6376 5669 9695 0
64636 6 7318 0 9427 2948 8326 1050 8345 2299 8797 5856 9567 0
87197 10 4913 0 4992 9585 4981 7715 5341 5378 5007 9896 5516 9645 5303 6763 5209 1957 5219 3507 5547 0
41226 3 8316 0 8330 6672 8929 0
90660 8 1671 0 3171 3264 4673 5956 5702 8872 3510 9143 2259 2399 3508 7555 8627 0
64137 5 5665 0 6432 3511 7354 9598 7758 8784 7994 0
