150
29177 3 2853 0 4130 3553 4555 0
28737 5 1551 0 5358 5014 5900 5716 2921 961 6920 0
25033 10 2344 0 6249 4617 3202 9413 7207 3852 3992 7060 3743 7910 4722 9220 3547 3898 7220 7924 9159 0
77873 9 7390 0 7919 2016 7986 7590 7592 1978 7710 7318 7855 6801 7428 912 8017 9755 8134 0
35653 5 5462 0 5658 7317 5556 9847 5539 1519 5672 0
72444 5 9557 0 9569 7156 9794 9022 9658 8558 9884 0
36463 3 435 0 4898 1398 6989 0
37129 3 7802 0 8062 9668 8560 0
79161 6 5291 0 8407 7434 6400 9424 5698 9252 6473 5867 8469 0
29728 10 5374 0 6318 7173 6320 5420 7246 6096 6308 1147 6137 9218 6894 5633 6356 3431 5615 8292 7879 0
79606 10 6060 0 7704 5282 6137 2496 7446 4629 6221 474 7960 4903 7716 2629 7265 774 8004 6809 8774 0
27400 3 5994 0 6923 6568 8441 0
72639 10 6880 0 7240 1179 6936 2624 7135 2227 7225 1469 7005 7815 6919 8786 7183 105 7512 2441 7513 0
58978 10 3587 0 4048 3030 3791 4726 3782 5065 3804 4058 3659 3758 4107 7659 3749 6138 3680 8042 4165 0
53592 9 3592 0 4105 8726 5800 4073 5129 4999 5696 8686 6120 4290 6331 1244 3875 561 6933 0
50023 8 7718 0 7827 4839 8649 9419 7864 6554 7963 8032 8313 6096 8917 7643 9100 0
71138 8 7549 0 8989 1132 7639 7796 8496 9335 8683 8763 7851 2975 7856 7868 8999 0
54032 4 8140 0 8299 5458 8405 6804 8584 0
74348 7 2860 0 3236 7431 7042 219 6188 5262 2933 1838 5505 8980 8029 0
84144 6 2610 0 4355 5812 4883 4549 2745 2475 3722 1032 6603 0
95501 9 8194 0 9059 6621 9287 6180 9432 8227 8811 75 9804 6135 8198 84 9901 2742 9923 0
22739 3 7819 0 8364 4615 9722 0
34564 6 3607 0 5235 231 5183 585 4297 9507 9148 5276 9576 0
24687 9 9578 0 9631 3960 9603 3228 9819 8883 9660 7151 9827 8359 9603 6731 9801 2616 9838 0
18116 7 9138 0 9156 5815 9157 6964 9237 4431 9151 5497 9173 8029 9247 0
8298 4 8246 0 9432 7190 9017 5370 9553 0
92736 3 7013 0 7141 7569 7779 0
97335 5 160 0 1642 7065 190 3736 4133 28 7658 0
47680 4 7095 0 7306 6168 7401 7563 7496 0
78739 9 6597 0 6880 6493 6726 4421 6655 3423 6810 3509 6765 9973 6746 9271 6601 2529 6959 0
88147 4 7926 0 7950 9742 7956 7585 7968 0
77036 4 9799 0 9832 2151 9834 2524 9854 0
3016 4 9418 0 9443 702 9460 4208 9464 0
31293 10 6404 0 6460 7809 6710 9976 7076 1264 7512 5305 7411 5917 7419 1602 6697 3919 6808 1682 7818 0
50478 9 419 0 3872 3515 4508 8039 4158 2852 1172 8385 3723 6032 3638 6408 4428 1096 5127 0
10554 9 5885 0 5966 5648 5891 5418 5917 2596 6127 1178 6080 204 6048 2293 6173 5388 6227 0
93943 3 5698 0 6420 2071 7808 0
46650 6 5488 0 6948 4215 5619 3853 7710 1544 7894 8108 7942 0
63900 9 400 0 3447 1287 2565 570 3211 336 3270 4360 3578 6621 1554 1340 3153 9703 3923 0
76736 10 7845 0 8266 3408 8339 4496 8014 9839 8442 3251 8141 5522 8380 2648 8323 4331 7978 876 8475 0
95259 9 4613 0 6181 4889 4716 3376 5865 8997 5380 4108 5722 485 5743 8701 5017 5968 6189 0
65682 3 9937 0 9979 2590 9982 0
9936 7 3864 0 4352 287 4060 6946 5106 9210 5243 8292 4051 5030 5325 0
54734 6 8773 0 9060 8171 9094 8960 9061 6819 8974 6901 9470 0
67592 6 8447 0 8886 2907 8796 8253 8626 2358 8627 3393 8928 0
68338 3 6645 0 7404 3699 9405 0
46402 3 2161 0 2247 5749 4169 0
42203 5 2388 0 9054 2443 4528 8879 8487 5665 9135 0
80266 5 501 0 5753 9235 1202 8282 3353 7023 6749 0
27460 3 9616 0 9684 1420 9725 0
76881 3 1541 0 5125 382 9720 0
4783 6 8428 0 8459 3827 8435 9311 8436 8622 8430 6618 8462 0
15753 10 8782 0 9042 9336 9249 9835 9120 3226 9388 7768 9342 62 8886 1630 9085 7128 9153 2635 9466 0
26875 8 9263 0 9345 76 9278 3859 9291 9983 9293 3180 9343 9653 9312 8057 9361 0
75999 8 6212 0 6453 8367 8554 3824 6314 178 8593 7323 8862 9649 7232 541 9590 0
89810 9 6735 0 7130 5103 7318 4950 6768 5099 6817 8702 7113 254 6893 3871 7060 4394 7335 0
49115 7 2192 0 2219 9566 5151 8291 5217 2316 6754 1396 3539 3831 6938 0
45919 3 4812 0 5669 7557 6497 0
53229 10 2237 0 4194 5871 2391 7003 2835 1661 4091 66 2601 884 4389 5435 3125 3699 3189 9231 4713 0
42382 7 710 0 2311 8776 1520 8974 843 1039 1934 9838 1391 2752 2528 0
20993 5 3177 0 4603 6715 3305 3809 3406 8421 4879 0
57248 4 940 0 7889 5808 5966 5015 8991 0
4440 7 1059 0 3530 4096 1407 2398 3262 3781 2464 6474 2655 6713 4124 0
1965 3 8018 0 8296 6702 8310 0
89827 7 1335 0 4496 4303 1811 8436 1646 371 2539 2985 2444 2044 6427 0
16130 3 1677 0 3889 938 6756 0
85860 4 7170 0 7971 1560 7533 3161 8671 0
13705 7 4956 0 5804 7904 7592 4140 7221 28 8185 1797 7759 6862 8759 0
33406 10 9668 0 9874 7089 9840 583 9837 1393 9825 5166 9713 6317 9737 719 9720 8749 9673 7947 9904 0
57541 8 6940 0 7621 7312 8573 344 8615 3881 7469 7809 7787 2129 7449 5112 9062 0
88002 6 300 0 2166 9187 1813 4657 1311 5683 328 1197 2822 0
69607 6 860 0 5577 2331 3661 8605 4847 5744 6628 1091 6907 0
95235 3 7302 0 7754 86 8597 0
77717 5 4617 0 6970 6239 5548 8035 6948 3355 7852 0
38828 9 9457 0 9694 9643 9765 6217 9587 8140 9742 2357 9499 8732 9557 5656 9484 6720 9768 0
47563 4 260 0 2740 8726 2483 6577 2871 0
33591 7 9880 0 9882 8225 9885 6251 9885 2626 9881 8646 9883 9364 9890 0
99518 5 6421 0 8047 6797 6552 6606 8827 4031 9023 0
6611 3 7503 0 7552 7083 7603 0
33441 5 6122 0 7882 6932 7199 1991 7428 6388 8980 0
70034 7 9195 0 9908 6721 9717 432 9470 4451 9968 8810 9731 645 9979 0
88508 5 2945 0 4084 4596 2992 8400 4248 6650 5017 0
57206 6 3291 0 4322 191 4021 9283 4583 8290 3458 4852 4698 0
27446 10 6030 0 9633 9216 7417 6501 6921 5854 7936 2876 7893 4138 7009 1944 7571 903 8702 5767 9958 0
33016 7 2982 0 3541 3480 3707 1111 3260 4232 3004 5831 3245 1743 3873 0
39996 3 5217 0 5334 7294 5446 0
39919 10 5767 0 8921 1268 8806 8810 7535 9119 9239 5513 9333 832 8937 8313 8860 675 8610 4992 9795 0
93400 9 9217 0 9217 7008 9220 7085 9223 277 9219 2563 9222 1699 9219 62 9220 2136 9224 0
67069 3 3122 0 3345 6400 4396 0
39266 6 780 0 2800 7198 2099 2862 916 7759 1083 4389 4251 0
59457 4 6630 0 7315 7850 7355 9980 8359 0
66191 4 7974 0 8076 4817 8088 4123 8116 0
10355 5 6891 0 7193 8681 7357 866 7729 7960 7939 0
51554 3 9552 0 9654 6120 9766 0
1957 9 1157 0 2353 2612 2367 5345 3880 5444 3741 3339 3007 4623 3965 6881 3801 8515 5071 0
35085 4 8943 0 9355 367 9149 2924 9499 0
85419 10 1258 0 1737 1247 1410 7249 1763 4914 1516 9769 1572 789 1660 5240 1802 1382 1731 1881 1809 0
73173 10 6251 0 6804 9536 6343 7235 6603 8667 6715 626 6274 5686 6269 8172 6557 8580 6820 3902 6913 0
68948 6 2302 0 4631 5481 3708 4049 5019 9320 3404 3374 5113 0
6073 7 2729 0 7702 8904 7177 1834 5566 4617 5204 9260 6460 8973 8008 0
48679 10 9977 0 9980 830 9982 36 9977 8860 9981 5388 9979 337 9981 4975 9980 4562 9982 184 9983 0
23473 5 3426 0 4435 4401 4717 9353 5266 8137 7394 0
49299 7 7310 0 7489 483 7511 8807 8080 8635 7583 4126 7908 2331 8302 0
75475 4 8975 0 9070 6614 9025 7510 9078 0
36520 10 4181 0 4187 5691 4230 9881 4305 3781 4316 4366 4303 6177 4196 3450 4203 5863 4185 813 4331 0
60829 9 4001 0 4803 5002 5122 9281 5068 6761 4387 2919 4564 5379 4763 4654 4464 1540 6701 0
11779 7 4069 0 5424 3963 5114 5652 4086 3364 4338 3182 5361 2331 5700 0
43709 10 6454 0 7516 4857 7351 4483 6972 2955 7339 9499 8218 4686 7302 7369 8988 3132 6799 8452 9151 0
37006 5 9837 0 9862 9782 9852 8098 9945 5612 9978 0
8639 5 1080 0 3893 2730 6319 1743 1616 4800 7099 0
52883 7 6083 0 6537 8080 7890 336 6731 7603 8555 4126 8863 6165 9380 0
16842 7 402 0 802 1619 686 2290 844 3063 555 9215 494 2086 1230 0
98580 6 328 0 1151 7982 2127 6252 352 9770 1324 2833 2761 0
88295 4 2230 0 2245 5150 6514 5380 6827 0
1109 10 9161 0 9178 5599 9298 6742 9178 9965 9222 9157 9342 6497 9316 2797 9257 4942 9247 618 9359 0
39543 4 9953 0 9953 9840 9965 3404 9966 0
73158 8 5756 0 7409 472 6591 4494 7127 5395 7432 9920 7582 8219 6155 935 8662 0
23476 7 1364 0 5631 9965 4741 2523 4736 7122 6536 1158 4099 1669 8221 0
1275 9 627 0 894 4402 858 1351 744 4921 910 5055 756 2422 643 8040 929 7789 1038 0
54012 3 9328 0 9489 3324 9641 0
54163 9 3272 0 4392 7929 4784 9290 5150 8071 4381 5301 4955 3266 5217 9445 5043 7287 5271 0
4354 3 6566 0 7525 1284 7669 0
14288 7 776 0 2593 9324 2571 7338 1847 6023 3200 4423 2834 9607 3293 0
22287 7 9043 0 9091 8459 9113 6301 9054 1075 9060 2248 9133 6795 9313 0
80081 5 1742 0 1818 588 1742 8581 2334 8078 2545 0
87527 4 2769 0 3575 1974 2890 5665 4543 0
48240 5 253 0 6582 2161 3155 181 698 821 8015 0
30636 8 891 0 952 3478 956 8492 976 9236 1016 2844 955 4048 910 4663 1100 0
56848 4 9241 0 9318 1554 9321 306 9350 0
54623 7 5436 0 6317 5159 7395 4523 6842 6747 5630 5841 7092 6765 7478 0
99156 7 6290 0 7663 4941 7719 3056 6510 6054 7454 6634 6419 1583 7719 0
24182 9 6035 0 7774 3849 7974 1922 7898 7431 7486 8687 7349 2885 9113 842 8033 2605 9417 0
46958 3 2066 0 4095 222 4130 0
29162 8 4309 0 6589 8945 4757 5706 8021 9637 5643 7650 9100 3714 8846 4305 9424 0
84449 4 6492 0 7304 4534 7880 3474 8136 0
97701 3 1441 0 5576 2619 8922 0
71025 10 3315 0 3422 8810 6044 2781 7404 1618 6249 7945 5384 8228 6753 4874 6772 411 4643 4340 7839 0
52574 6 953 0 1011 7697 1779 5925 2714 487 1168 5703 3694 0
65978 10 3373 0 7535 6490 5503 7922 6960 6583 7958 717 3644 6219 6381 5035 7488 7857 3756 3743 9157 0
9811 8 8143 0 8404 7395 8650 6269 8152 832 8252 2974 8826 1511 8164 4151 8893 0
14192 9 5679 0 6131 4755 7069 9876 6525 3921 5974 9879 7697 4749 6272 6427 5985 2540 7771 0
18427 4 8164 0 8326 4480 8449 6876 8554 0
25598 10 9822 0 9850 3978 9861 3272 9920 3721 9888 2666 9827 6042 9967 5849 9901 5222 9913 8120 9972 0
62982 5 7647 0 9675 6908 8418 3272 9700 5869 9771 0
53728 7 3206 0 3407 9261 3401 199 3329 7651 3326 1165 3623 3648 3634 0
96993 3 6949 0 7008 1867 9888 0
61607 6 2445 0 2530 7689 3011 9332 2764 9151 2537 4419 3115 0
33670 9 7587 0 8365 5429 8157 2789 8172 562 8870 1338 8854 6651 8203 3927 7719 5592 9182 0
7168 3 742 0 2771 334 3924 0
96755 8 7231 0 7430 9947 8307 9037 8908 224 7514 4786 8994 96 7589 2940 9565 0
