150
77646 6 5578 0 7983 2503 7682 3293 7771 3047 5807 420 8500 0
48359 6 4987 0 5916 5603 6116 2871 5384 5710 5191 2037 7316 0
71984 3 4090 0 6958 8334 7023 0
77916 8 7500 0 7565 6596 9015 4062 8946 743 9268 1254 8366 7487 9146 757 9277 0
10759 10 3815 0 4799 4880 3945 4798 4761 955 5019 3391 5186 2671 5266 7426 3974 9552 4635 9117 5636 0
1502 7 9445 0 9515 6761 9503 7778 9475 8715 9470 219 9540 7374 9592 0
12410 10 6152 0 8957 7283 9019 2185 8285 2632 9359 3483 8437 8057 7855 9874 9475 5371 8566 391 9717 0
74024 9 3296 0 5348 4362 4522 3975 5296 3989 3607 1653 3885 7581 3398 1668 4362 4684 5368 0
35044 9 1722 0 1766 8823 3085 6870 1880 5245 2285 1750 3257 7273 2346 7818 2500 6022 3550 0
90118 8 1121 0 2617 3027 2428 3 2133 5631 2274 4910 1631 4297 1609 4270 2803 0
38905 3 3988 0 7722 4118 8462 0
18106 9 7295 0 7517 7691 7850 4306 7348 5904 7808 8910 7701 1743 7657 5398 8004 4474 8012 0
92159 6 2084 0 2364 4955 3229 8837 4873 4399 6700 1279 8422 0
60061 4 3004 0 3165 7425 3052 9357 5836 0
47917 7 1680 0 2324 4923 4789 6076 3030 9644 5723 3641 5049 3574 7243 0
44326 5 2026 0 2187 5860 2903 3594 2770 6876 4203 0
6683 5 1902 0 2978 5041 3909 6256 3659 9837 3946 0
82200 9 9071 0 9551 7448 9440 39 9539 480 9302 1564 9090 9566 9393 5067 9341 5419 9910 0
35646 3 6788 0 6847 192 7786 0
94094 3 1524 0 2729 7075 2905 0
30429 3 6428 0 6666 905 6869 0
85523 7 8231 0 9334 8576 9045 494 8804 3401 9512 9737 8365 6267 9978 0
96101 6 2081 0 4209 6385 3250 2621 2336 5174 4442 8870 5078 0
733 3 4560 0 7536 107 7918 0
13467 5 5896 0 6599 8712 5902 6220 6942 9300 7678 0
1483 5 6093 0 6391 836 6566 1779 6546 3335 6623 0
68025 3 120 0 3546 8922 5527 0
59703 8 5009 0 6331 2168 8039 3584 7629 9729 7692 9080 6864 1111 7911 9264 9266 0
89706 4 6646 0 8432 688 7480 2513 9826 0
62780 3 7186 0 7204 6907 8335 0
56016 7 9594 0 9925 2830 9686 3202 9894 8462 9787 8013 9810 2192 9938 0
63028 8 9637 0 9706 7933 9688 6235 9691 5096 9683 1711 9663 5391 9659 3017 9707 0
18231 10 7442 0 7753 188 7675 6611 7806 5976 7706 1468 7576 5997 8206 1521 7463 8145 8173 2151 8304 0
5111 6 1634 0 2776 5228 5255 285 3494 4465 2755 3998 6420 0
71153 3 4491 0 8823 4005 9536 0
59197 9 6896 0 8473 5978 7715 4594 7599 5497 8521 5937 7650 5284 6986 5328 8242 2469 8536 0
18150 6 4686 0 5811 1480 5358 5931 5472 2279 6036 9466 6058 0
94790 5 6407 0 6422 9337 6505 1449 6422 2763 6530 0
52168 4 9573 0 9679 5968 9713 871 9860 0
1849 8 6489 0 8212 7114 7992 3794 7754 6512 7610 7929 8073 4591 8155 7189 8657 0
69297 4 7752 0 8188 8008 7785 2247 8991 0
92922 6 5716 0 7895 525 9032 3875 8296 5055 9260 7746 9781 0
22378 3 7084 0 7495 4829 7542 0
79404 9 6300 0 7081 2603 6451 7159 6467 283 6633 7639 6779 4777 6674 2853 7052 6904 7357 0
44819 4 1483 0 2481 1585 1987 679 3522 0
3384 10 2481 0 3662 5267 4490 1633 3269 5209 4785 6357 4804 2533 5717 783 6515 614 4234 4414 6949 0
55274 9 9882 0 9958 3128 9896 7384 9937 6075 9926 249 9924 7704 9979 7724 9960 1233 9980 0
17924 10 9655 0 9746 8852 9843 3755 9666 1566 9784 2965 9727 3768 9706 7201 9742 7046 9780 4901 9844 0
5524 3 7502 0 8221 7527 9178 0
22056 9 5370 0 6553 3463 5646 4810 6133 8788 5790 5975 5923 1913 6477 2858 5371 6613 7734 0
70496 8 6690 0 7533 9230 7059 9395 8350 5774 8015 7175 8933 2273 9143 55 9263 0
69231 10 7249 0 8031 1674 7334 6666 8531 9662 7442 7472 7776 882 8393 8933 7995 8360 8425 4126 8742 0
82357 6 1933 0 7046 8959 2221 7306 6383 1831 8916 4423 9289 0
83709 6 8554 0 9301 1701 8681 2560 8976 8281 9098 7774 9544 0
86359 9 9167 0 9222 9614 9244 2457 9169 6869 9249 3792 9178 2036 9201 1717 9271 8473 9279 0
22527 10 3077 0 4199 8251 5768 6284 5513 1127 6407 6025 3970 5397 3850 3607 3122 7750 5405 489 6897 0
56875 6 1744 0 3813 3966 3093 4782 5815 8808 9216 3336 9218 0
27124 10 7223 0 7778 1602 7384 9104 7696 4845 7590 7149 8924 7221 8188 8900 8066 8535 9385 8696 9404 0
65648 9 6722 0 7149 2029 7124 2428 7932 4099 7188 6691 7855 2697 7014 9315 7677 322 7937 0
94083 10 9149 0 9259 2613 9235 4860 9280 5597 9149 8696 9267 8171 9151 6731 9259 1427 9193 9260 9288 0
49090 8 7546 0 8022 9786 7828 2106 7629 6184 7583 2570 7797 2781 7711 6396 8061 0
67083 3 7834 0 8966 691 9219 0
32969 3 6351 0 6390 5142 8442 0
97709 7 8532 0 8590 997 9213 1251 9037 3422 8905 9676 8753 6770 9475 0
34222 3 5246 0 5928 6291 7451 0
21769 4 432 0 1181 916 3397 5403 4064 0
78558 8 6306 0 6450 2180 6391 891 6390 8560 6402 4599 6525 6878 6321 1261 6580 0
24457 9 1163 0 1866 8602 1429 8907 1893 759 1379 7364 1603 3282 1524 8780 1857 3998 1908 0
13201 9 5711 0 6245 9947 5731 5327 6238 1523 6653 3194 6260 1295 5989 4225 6631 4562 6799 0
30276 5 4787 0 5493 496 5191 9036 5424 1804 5841 0
61746 8 9049 0 9549 9995 9281 5606 9190 5819 9787 8914 9325 8104 9535 3570 9930 0
69104 3 303 0 2370 2731 3350 0
81602 10 7761 0 8062 2237 7976 9197 8589 7043 8460 6225 7893 4875 8183 8376 8338 7706 8288 8507 8619 0
61813 3 9714 0 9920 534 9956 0
73520 6 649 0 1123 7724 752 1922 681 8643 760 7727 1282 0
12966 8 2746 0 3631 899 2996 5159 7348 5437 6470 7609 7760 812 8854 2421 9229 0
23049 4 8746 0 9261 6038 8894 4385 9303 0
95141 7 4100 0 5724 8828 6470 5492 4344 4839 6455 2420 6326 678 7217 0
23985 10 3701 0 3858 2885 6565 8525 5007 1477 6434 4455 3955 7732 6267 5209 4100 3604 6909 4022 6927 0
99977 4 6990 0 7013 2863 7003 4977 7025 0
77487 9 9962 0 9964 1149 9975 1472 9980 2862 9976 1662 9973 3225 9970 3341 9968 5789 9983 0
91605 7 4646 0 6489 9952 6329 8984 5300 5118 6177 5805 5203 3971 7687 0
45381 9 4344 0 4609 2695 4988 9678 4842 9026 4442 9215 4365 4242 4487 8539 4538 2867 5146 0
30638 10 3001 0 5513 2562 7472 8227 3396 7256 5556 9296 7234 5229 3184 3306 5034 2160 7806 4804 9447 0
46031 6 9512 0 9556 6257 9595 3950 9622 5953 9529 9157 9642 0
89837 6 6663 0 7339 2684 8822 6634 7570 8226 9285 9638 9819 0
93686 9 2389 0 3311 4115 5413 7286 3878 1250 4010 224 6588 7250 5617 8687 3650 3311 6790 0
74052 5 4594 0 4673 2187 4641 8751 5028 5869 6177 0
24557 5 1880 0 3737 2489 6842 2758 4623 8936 7699 0
10436 6 6107 0 6436 2073 7603 5541 6878 1173 8125 4406 8627 0
65066 7 5885 0 5998 5427 6105 6249 6079 7756 5977 6662 5940 4593 6140 0
53468 6 6544 0 6721 3436 6606 7079 6567 3400 6749 926 6819 0
94373 9 1252 0 2372 8981 1716 2020 1619 9392 2290 2320 3083 5772 2696 2792 2245 2416 3139 0
9873 6 3452 0 3668 7683 3590 7360 3480 9366 3512 6895 3670 0
5929 10 2044 0 5406 476 5140 2876 2422 2566 3299 1237 3456 2848 3692 231 2196 7775 3609 1339 7787 0
1604 6 8363 0 9233 8308 9229 5285 8534 5736 8549 3166 9500 0
59871 8 1755 0 1813 3662 1761 9995 1809 2709 1865 5754 1800 3061 1755 539 1874 0
20160 5 9471 0 9472 8248 9472 1238 9472 1393 9474 0
53128 4 1165 0 5662 2758 5394 56 5668 0
41265 9 2173 0 6104 9123 6330 1937 2775 3935 5877 8223 4147 9270 2877 7140 6316 1377 6436 0
15993 3 4436 0 4825 9995 7005 0
61880 9 8470 0 8682 2469 8669 5295 8591 7427 8720 8463 8735 6803 8595 200 8549 4868 8799 0
69255 6 4514 0 5718 720 5456 733 6978 8189 4842 3446 7846 0
14540 10 2093 0 5341 5499 3752 685 6624 1841 5490 2998 7119 4749 6309 5819 3376 8332 6045 1578 7313 0
21238 8 1700 0 5228 7691 7067 5928 7116 2519 8150 5048 3983 8874 8526 7606 8716 0
74463 6 4573 0 4602 1526 4585 5219 4581 8198 4588 9054 4615 0
7644 9 5055 0 7284 7142 6937 6306 5728 4886 7220 638 7393 7565 6548 7094 7692 2573 8236 0
76657 7 2598 0 3908 3260 4081 7396 6581 2191 7328 1908 4924 9782 8518 0
22024 7 9093 0 9175 8581 9149 8484 9162 2247 9097 5199 9140 9458 9205 0
33451 8 9130 0 9232 6063 9196 842 9152 4735 9308 1352 9228 2117 9244 4927 9321 0
69045 9 4368 0 5515 9939 4812 8610 5212 7960 5084 2879 4460 6874 4521 3620 5207 5289 5615 0
65393 7 4313 0 7774 3616 7373 8855 8799 7303 9465 9939 5621 4190 9628 0
61435 7 3098 0 3556 2240 6968 3194 3746 9911 3618 2314 3715 7732 8208 0
10709 7 3405 0 6950 6596 6892 4489 8733 5761 4264 2726 8976 4908 9356 0
71263 9 3726 0 4015 3051 4861 2911 4725 584 4987 5799 5334 3905 3757 1727 5190 7381 5440 0
10971 7 4194 0 6322 9152 5969 6794 4712 3078 6468 4491 6664 6980 6771 0
59295 10 7784 0 8967 1778 8768 1244 8969 1151 9544 3858 9002 9259 8903 328 8916 9698 9148 3359 9603 0
2703 9 514 0 608 2993 1564 6162 1342 6680 575 4531 1298 604 1948 8493 1104 3007 2095 0
42040 5 6705 0 8923 1471 8568 987 6831 5292 9142 0
63067 8 2590 0 2592 9055 7001 2591 8677 246 7266 1793 8040 3932 8165 9084 9144 0
95452 9 6612 0 7112 3762 6753 2373 7034 4410 7024 6191 6835 3186 6794 9339 6936 136 7202 0
66869 3 697 0 1684 4510 2230 0
88311 4 7432 0 8925 6166 9123 8895 9260 0
14481 10 1318 0 4706 1531 1933 4673 3034 2413 2244 4976 5073 8351 3750 259 2686 5280 2344 1321 5441 0
12827 4 5209 0 6595 1052 8851 7684 9055 0
54030 8 7303 0 7770 3088 8192 8978 8098 4811 8324 6631 9079 7598 8505 308 9207 0
62579 4 7978 0 8109 8359 8675 940 8685 0
24407 7 1169 0 1179 1644 1217 3753 1219 9564 1220 9365 1176 589 1258 0
52741 8 4061 0 5960 2040 4352 4989 4676 59 4754 3180 4157 2675 5777 6524 7013 0
96921 10 3759 0 4833 1640 4164 5914 6794 6960 5909 3385 5677 5623 5491 3353 7756 2492 6556 9597 9208 0
52257 4 4046 0 5753 8675 4284 2844 6205 0
92936 4 6987 0 7707 8935 7302 9333 9131 0
57251 9 1784 0 5300 9290 5114 2748 2351 2595 3638 819 5690 7020 5298 6767 5625 3303 6203 0
66504 8 6579 0 7279 274 7137 9884 8522 272 6964 2737 8500 5123 9125 6081 9568 0
18820 3 7391 0 7723 4485 9874 0
26355 4 8377 0 8787 6974 8519 8360 9204 0
83363 8 6340 0 6935 2091 7089 8030 6970 1703 6462 3791 6758 1708 6759 2375 7154 0
95846 8 5267 0 7266 7432 6626 3642 5957 9016 6228 6035 7401 5106 6941 7357 7486 0
72528 9 6007 0 6057 6971 6014 8822 6025 5417 6109 5256 6018 2109 6132 7807 6175 8215 6221 0
36802 10 8835 0 8858 1282 8850 9051 8841 2591 8856 522 8850 8742 8846 205 8865 907 8843 2440 8868 0
6345 8 5741 0 7491 4352 7046 9346 7703 217 7395 6719 8795 2901 7159 5521 9578 0
30454 4 3962 0 4172 2371 4252 1934 7092 0
11560 10 2224 0 3241 2175 2734 3016 2529 9320 2234 3283 3209 6284 2330 1384 2478 5776 3062 9451 3325 0
91233 6 6064 0 6629 4779 6958 1484 7745 9470 6587 3785 9297 0
64074 4 1140 0 4612 629 1958 621 5701 0
53254 7 7179 0 8005 1329 7865 2421 8203 5190 7484 7533 7830 3427 9100 0
15692 10 153 0 1011 2411 2281 5420 1327 6577 845 8300 2125 5272 1629 6541 1331 3801 512 92 2501 0
94262 5 1881 0 4694 824 2448 149 5096 2158 7512 0
13091 6 5907 0 5967 9017 6009 4825 6343 9516 7500 8879 7851 0
26575 3 7709 0 7889 2488 8843 0
