150
50308 8 2496 0 4344 8749 3330 4360 5173 5278 4476 5826 4879 1492 5474 9859 6565 0
45670 9 3525 0 4448 6403 4023 3445 4414 4630 5494 420 4833 6054 4020 8568 4391 7530 5653 0
4966 5 5195 0 5250 6987 5289 3197 5461 7385 5658 0
4706 3 4442 0 6330 2575 8493 0
85913 3 6057 0 6830 9443 8434 0
8663 4 373 0 5054 6492 2761 4882 6085 0
8193 8 6549 0 6633 7948 6744 8692 6681 2406 6626 6749 6614 5759 6800 3350 6810 0
44587 10 4502 0 5230 9491 5585 3190 5417 3816 6566 1020 6363 1283 5533 3200 6075 9068 5657 2646 6755 0
6866 7 7387 0 8012 9112 8690 4958 7390 4127 8070 4088 8554 1018 9714 0
95424 3 3534 0 4038 8463 6919 0
41977 8 2358 0 2510 6651 2826 3156 2596 4514 2882 9643 2701 7200 2554 2757 2962 0
67434 5 4843 0 7578 1888 4880 734 5842 733 7734 0
99412 6 7640 0 7652 4428 7662 7182 7713 9672 7717 4612 7717 0
61877 7 810 0 4084 7133 6643 564 1233 9053 4451 2087 1460 8760 7245 0
41715 4 4265 0 7388 3626 5092 5365 8746 0
48530 6 5955 0 6987 7527 6850 5363 7005 399 6902 8316 7046 0
56594 6 5607 0 5995 2409 7482 5755 8208 1989 7510 849 8881 0
11942 7 9581 0 9585 7728 9685 8379 9632 2770 9582 5624 9681 2649 9747 0
22108 4 4328 0 5026 5599 4346 2286 5925 0
94577 3 2901 0 4633 2894 5103 0
51064 6 7489 0 7565 7098 8664 7457 9743 2575 9430 191 9943 0
4098 10 6980 0 7190 6213 7192 431 7015 4616 7307 7224 7316 7258 6997 5731 7386 2246 7303 2102 7425 0
77877 6 1274 0 2674 7103 2826 9357 1423 5144 1510 527 3214 0
5641 3 5074 0 5156 1018 5166 0
15325 3 5770 0 5980 6694 6825 0
48291 9 9746 0 9805 3295 9894 1204 9879 3478 9783 9819 9894 8278 9791 5949 9880 7753 9949 0
62947 7 3294 0 6241 6064 7918 3848 3949 8320 8277 9174 7015 6474 8556 0
10808 8 4093 0 4774 9081 5873 2694 7664 2120 4401 3625 7081 943 6056 8387 8515 0
79262 6 9562 0 9881 3444 9876 4270 9672 127 9904 8012 9971 0
29833 9 6804 0 7209 9461 7510 161 7366 6820 7353 6894 7615 8724 7005 7124 7213 4520 7660 0
34483 9 2685 0 3378 401 4792 64 4351 4080 2871 1120 4757 3126 4308 6906 3863 288 5173 0
72998 8 5059 0 6890 2449 6561 6044 5098 6057 7052 4412 5319 9091 5271 9007 7200 0
66612 8 748 0 4048 1021 4038 6744 4529 9993 2260 1981 4398 2525 3989 7555 5282 0
58688 10 9007 0 9130 2575 9143 7934 9089 328 9078 3138 9206 8463 9141 517 9125 9965 9038 9402 9384 0
24735 6 693 0 3589 5052 928 9761 3223 1682 5123 7308 5537 0
2737 6 758 0 1738 2030 2247 742 1999 5119 1322 2772 2790 0
70014 6 4130 0 5191 9485 4892 3802 4354 4827 4904 663 5201 0
76718 3 3934 0 4311 1416 4579 0
65776 3 6696 0 8927 5757 9529 0
474 8 2081 0 4637 4208 2167 8533 3282 3195 3653 9152 4223 1542 3263 6983 5139 0
94147 6 1706 0 2081 9134 2955 5090 1806 2735 4301 2540 4963 0
26265 8 2455 0 7347 3279 4257 4853 3790 3818 6489 418 5007 7643 6284 7110 8119 0
20502 10 8966 0 9514 7502 9029 5564 9325 6893 9443 926 9416 3335 8991 6404 9336 8069 9162 7778 9666 0
48172 4 6624 0 7736 8206 6931 2333 7989 0
68479 6 9552 0 9751 8388 9700 7482 9738 6386 9644 5038 9847 0
56055 7 9478 0 9545 4753 9615 6722 9725 2925 9478 9073 9719 2022 9802 0
99165 3 4714 0 7268 6580 8973 0
2376 8 2299 0 3432 4633 4989 3807 4069 246 3749 5109 2831 6182 3980 8653 5206 0
49159 6 3790 0 5419 4927 5876 5436 8597 6587 5596 7547 9527 0
61400 10 5663 0 6619 5906 7442 5446 7465 4215 7030 8113 7930 6764 7538 7138 6423 8129 6144 2641 7953 0
56447 10 3173 0 4432 3402 4163 4550 7284 9154 4851 6242 8157 5807 4115 3180 4433 5095 8780 2672 9816 0
15788 9 4036 0 4323 2531 4527 5348 4116 4213 4540 5666 4156 1109 4384 8473 4405 7118 4650 0
80837 6 2885 0 6838 8063 4797 1496 4969 2715 4486 9997 7785 0
6992 10 5042 0 5346 5230 5213 8124 6129 5227 7042 7762 5967 9824 6407 1172 6025 8700 5881 763 7065 0
27943 9 6745 0 7751 3296 7018 794 8234 4872 7333 4516 7840 2629 6954 5625 7122 3832 8298 0
16312 7 1377 0 2230 1480 1757 3004 1784 8580 6318 8195 7068 9234 7575 0
68339 10 125 0 2837 1671 5469 5428 5742 1634 2789 9500 3927 2159 4923 7373 3123 8431 2364 672 6573 0
19904 3 4573 0 5575 964 9123 0
22649 7 1765 0 1792 7138 2959 6574 2805 2904 3919 8595 3051 9449 4020 0
59134 4 1472 0 3655 4255 1698 9417 3877 0
15399 6 4813 0 4854 6991 5831 3088 5815 3546 5217 2952 5988 0
7151 5 508 0 702 3385 1947 757 1343 4069 6852 0
74944 8 2469 0 3655 4209 4998 7300 5358 815 4164 9110 5956 1962 3872 76 6210 0
40047 4 8893 0 9055 9690 9677 4085 9781 0
35981 6 689 0 5245 6868 5157 3760 2758 7545 1509 5545 8165 0
98046 3 1149 0 3486 564 7286 0
70101 4 727 0 7605 1307 1991 8577 7764 0
43502 6 3471 0 3731 3892 3810 4630 3742 4182 3902 5405 3973 0
84312 9 6220 0 6590 9772 6410 6433 6454 4217 6297 3259 6359 5466 6555 8889 6302 6686 6633 0
59026 7 1099 0 2127 2250 3823 9291 2835 6875 3973 7014 2112 9866 5965 0
31113 8 9813 0 9827 4989 9828 7069 9858 2051 9813 5341 9849 5266 9853 664 9869 0
10655 10 7631 0 7977 1720 7842 2928 7818 6265 8028 6603 8023 6645 7926 6474 7679 7660 7884 3206 8212 0
36949 9 4889 0 6838 5285 6615 8171 6850 9753 6179 2729 6306 2105 5597 4623 5209 2345 7107 0
72263 10 779 0 3345 3878 1321 9396 3205 7229 3855 8697 2046 6022 1844 4447 2565 3437 1284 9470 4292 0
26646 6 2373 0 3178 4782 5301 9074 3349 6788 2522 7449 8155 0
79953 6 6973 0 7520 5868 8145 5714 8267 8436 7990 6541 8395 0
53929 3 1359 0 2238 3379 6671 0
19454 8 4642 0 5308 7589 5136 5606 5545 5250 5275 6357 4688 7528 5124 4066 5912 0
65060 8 5164 0 5761 5711 6418 8909 6795 1177 5450 7176 7837 7358 5985 5963 7977 0
83192 7 8697 0 9356 2713 9341 6769 8979 3017 9198 7025 8905 3991 9575 0
54504 7 8080 0 8542 2859 8523 891 8656 8298 8481 1979 8089 2970 8832 0
46304 6 4710 0 4794 8420 4789 2482 4715 7613 4779 8400 4811 0
99529 9 7422 0 7797 1013 7645 3770 7874 572 7565 4516 7442 4871 7450 3322 7680 9173 7978 0
50335 9 7115 0 7222 5734 7308 7257 7309 7336 7147 8161 7261 3346 7252 2285 7164 2476 7371 0
37423 4 6932 0 7868 709 7653 8199 7927 0
88675 4 6728 0 8367 4183 9012 7327 9269 0
13605 8 20 0 938 87 441 3897 232 5107 110 1799 1138 6378 76 5306 1790 0
95143 8 3764 0 4883 9446 6724 2966 6701 1116 8331 2692 4626 2111 5324 9651 8986 0
99324 4 4605 0 5712 6843 5612 1654 6970 0
56758 7 1246 0 5875 8014 7559 9411 1932 2458 5109 7550 1907 7950 9116 0
26969 10 3369 0 6390 9646 3874 3231 5952 6514 6479 5149 5100 982 4771 7222 6023 8301 5244 5942 7013 0
50684 5 725 0 3270 4903 1682 7172 883 3968 4422 0
47564 7 7002 0 8691 798 7221 4604 7902 6470 9455 8956 8217 856 9729 0
23603 4 1902 0 2860 1760 2846 1094 2929 0
58313 3 6357 0 8234 5143 8516 0
63133 8 2892 0 4102 835 3133 3830 3403 4838 4952 4716 4175 8820 4937 9345 5208 0
42478 3 6942 0 8574 8291 8822 0
778 8 255 0 1628 9932 2663 5526 387 3506 1144 4632 1369 4591 1768 4497 3755 0
82393 4 6040 0 6896 9408 7330 1050 8718 0
15957 4 7848 0 8036 4404 7936 8645 8415 0
20795 10 3480 0 9083 8881 3650 4295 3852 9752 8779 512 9172 1595 6778 6230 4291 9769 7365 8995 9185 0
18203 9 2709 0 4454 4350 9230 786 9088 954 3780 8829 9692 2332 6469 3154 8286 2521 9966 0
88951 10 4668 0 6246 4440 5563 5674 5013 5106 6008 7915 5136 1081 5336 1089 5884 4155 5980 1925 6475 0
71000 4 6140 0 6307 1005 7450 6172 7571 0
69202 9 2107 0 5103 8207 8160 7094 9115 8175 2130 9373 6358 614 2616 7128 3006 3950 9163 0
97040 8 4400 0 7940 2407 6994 6608 6845 2319 5554 3364 7138 2775 4713 1324 8583 0
6864 6 422 0 1573 9230 3046 5333 1751 2851 1033 6400 3678 0
11653 3 7157 0 8433 7087 8438 0
46086 10 593 0 1136 4465 662 3060 704 9977 1111 6048 647 8821 674 6646 1015 1254 1220 6465 1915 0
32027 9 2907 0 3558 1767 7585 7146 6113 4954 3509 1376 6722 8297 7962 6441 4235 389 8280 0
19505 3 1639 0 9817 6219 9970 0
8883 6 5707 0 5716 7409 5810 365 5774 188 5806 6476 6270 0
9996 4 7876 0 9148 9425 8246 7456 9304 0
18483 10 8545 0 8548 1482 8595 9924 8633 7744 8568 6675 8545 5459 8557 7222 8550 421 8642 7174 8660 0
78004 3 1255 0 6754 4279 9110 0
90831 4 1273 0 5601 5237 5439 6737 6410 0
77169 6 1104 0 2084 6729 2552 3093 1792 9254 1795 8785 2999 0
44933 4 7602 0 8014 5303 7962 2891 8537 0
25885 6 2084 0 2237 1803 2326 4002 2102 3531 2118 1964 2327 0
33745 9 1416 0 2049 5060 4014 6616 1650 3935 3831 848 2523 4405 3731 319 1834 7402 4165 0
21241 3 4428 0 7767 8790 7985 0
30432 5 1965 0 2565 2514 2105 3905 2789 9737 2959 0
63730 7 6828 0 7642 3863 8710 3559 8589 2339 7919 4424 7301 8427 9147 0
70722 6 3866 0 4140 5865 5299 5346 5310 2171 5284 4135 6156 0
30995 10 6562 0 7148 3242 7327 352 7024 6833 6755 5905 6754 5470 7484 4793 6564 4753 6933 9921 7502 0
25825 7 4781 0 5232 7222 4991 2250 5042 714 5087 1727 5316 9557 5383 0
62241 9 4592 0 4794 9078 6300 594 4667 470 4694 5749 5676 6738 5243 962 5926 8979 6316 0
91980 7 7041 0 8256 6299 7290 1884 7101 328 8016 6906 7555 7793 9399 0
68456 8 8442 0 8659 5040 8768 5146 8555 214 8690 8315 8450 334 8494 1850 8796 0
82753 10 8900 0 8906 2970 8901 6311 8904 3275 8908 7445 8904 3672 8900 1109 8908 3689 8902 1066 8931 0
98179 7 8459 0 8538 6802 8505 5328 8584 6910 8513 9370 8576 7769 8584 0
95276 5 6061 0 6152 7002 6214 6212 6081 338 6796 0
87446 3 5898 0 9147 3015 9985 0
23880 10 5649 0 5949 4177 6918 5321 5830 8948 7059 7297 7009 9888 5711 8477 6451 8473 6619 5178 7373 0
5932 7 9048 0 9479 910 9162 1389 9677 6691 9132 9105 9597 6982 9733 0
62338 10 8027 0 8942 8555 8987 9511 8272 151 9409 94 8159 8796 8551 4503 8979 2903 8258 9862 9737 0
30625 10 8611 0 9023 7925 9364 4604 8794 2997 8888 787 9316 3894 8877 2708 9406 6744 9256 8682 9629 0
45700 10 6125 0 8569 1350 9146 5027 8374 9175 7575 4767 6590 7939 7635 2979 8605 1312 7603 3805 9420 0
32199 7 8933 0 9654 9296 9571 4001 9569 7745 9502 3532 9214 1468 9675 0
48610 10 6342 0 6906 3471 6544 9658 6625 2528 6941 1929 7650 8941 7380 5678 7211 7381 7551 7344 7943 0
53760 5 523 0 1963 1572 4883 2117 5463 2989 6479 0
56800 6 8810 0 8815 2764 8857 6746 8817 1169 8826 1063 8891 0
5424 5 5124 0 8689 543 7837 7940 6944 9159 8723 0
16295 7 1696 0 1864 8480 1744 4292 1874 910 1911 415 1913 9502 1919 0
7927 10 3606 0 7685 6299 8102 726 6329 7336 7085 1534 4412 4564 6728 6299 7276 7240 7872 7439 8445 0
19528 3 4805 0 8742 9102 8934 0
20309 8 7552 0 7878 5489 8104 5167 8077 7966 7562 9320 8031 7004 7670 6176 8134 0
52505 7 4143 0 4876 3256 5407 3733 5171 7336 4988 4232 4698 3051 5804 0
76717 6 3475 0 4110 9007 4313 8874 5550 530 3852 4391 6002 0
97425 10 9931 0 9979 3443 9965 1436 9964 5223 9948 4557 9954 2605 9932 6337 9974 4786 9970 7500 9979 0
