150
90265 3 5222 0 5667 4995 5949 0
72148 4 7173 0 8927 9744 9825 5732 9985 0
34194 7 9636 0 9789 2659 9748 7495 9808 3364 9699 1980 9848 4 9874 0
64518 8 7500 0 7663 2793 7508 7043 7758 9770 7500 7423 7575 2036 7565 7282 7825 0
55999 6 8126 0 8227 5597 8220 7410 8161 9477 8161 7931 8235 0
86950 8 5086 0 5356 1366 6570 2915 5276 8799 6820 1927 6999 1792 5311 6431 7050 0
52322 4 3463 0 6585 5491 6763 5134 7336 0
52572 9 2852 0 3157 4402 3418 6899 3202 407 2965 7068 3319 7212 3322 3822 3438 8572 3857 0
64587 7 2411 0 6315 8768 5030 5350 2511 8645 2771 73 3081 3819 7457 0
89761 8 9080 0 9104 5981 9105 3934 9128 8862 9105 3200 9104 6433 9105 3771 9141 0
21215 8 8615 0 8623 9685 8615 9492 8617 3304 8625 9990 8620 7644 8617 4169 8625 0
32483 6 1485 0 2711 2150 3076 1483 2594 2907 2598 1678 4651 0
75360 5 2544 0 3004 9703 2734 2383 3734 9526 8130 0
37361 4 7927 0 8422 5776 8292 9166 8490 0
81171 4 4320 0 7762 5570 7045 7581 9422 0
33088 4 3528 0 5236 2550 4095 9140 5312 0
4067 7 3130 0 4421 1788 3889 2276 3895 851 4025 543 5108 6838 5411 0
7701 8 1127 0 3310 7690 2607 3684 1168 9394 2252 1196 1502 8601 1605 5480 4985 0
33462 5 6539 0 6743 6828 6795 2803 6884 369 7025 0
68668 7 3054 0 4367 1397 6449 1052 6340 1730 6778 3587 3720 2304 7208 0
16616 8 8547 0 8687 9129 8619 693 8594 1744 8656 4951 8874 4423 8575 2900 9026 0
1613 5 765 0 2137 6735 2930 7887 7230 8104 7906 0
70333 3 484 0 4722 4950 5249 0
87467 10 4305 0 7062 3391 5470 139 4996 2492 7325 6576 7369 1497 5166 1279 6994 4213 6697 8649 7590 0
66983 3 5745 0 5936 6355 7267 0
34395 5 851 0 2191 4551 3160 8665 3043 6270 5486 0
77425 6 2631 0 2739 1910 2732 6651 2869 9985 4336 8917 5133 0
68843 6 7418 0 7798 8968 7628 961 7702 1756 7835 7695 8009 0
2783 4 5695 0 6452 6103 6822 6584 9126 0
44757 8 24 0 4410 190 7272 6808 6712 6208 5058 213 3726 1682 4029 6767 8168 0
26528 8 3442 0 6777 5619 7062 6141 7947 2915 7751 5207 6278 3684 8395 1925 9246 0
66406 9 4648 0 8298 8420 5939 4455 6027 6468 4728 127 7075 8902 8144 68 7019 330 9102 0
99492 6 353 0 1892 686 1374 3707 1546 1910 1051 1823 1913 0
56798 6 7361 0 8177 8269 8746 585 7767 9625 8180 3871 8887 0
57716 5 4839 0 7971 605 7399 5701 5794 7193 8462 0
72691 6 7638 0 8406 5481 8087 6623 8552 1960 7844 854 8571 0
94156 6 8506 0 9284 1884 9649 5981 9158 7216 8660 6626 9937 0
77051 10 9143 0 9193 6709 9246 4096 9256 414 9251 6581 9143 7533 9210 4339 9251 4192 9256 9401 9265 0
71137 10 4603 0 4753 9037 4700 2995 4754 8952 5039 1115 4643 5383 4878 6116 4944 3740 4889 5954 5048 0
74130 9 3902 0 4691 8792 4334 6545 4044 5637 3981 9807 4469 5930 4398 3274 3944 700 4894 0
49640 5 3125 0 4245 5566 5164 3956 4088 4035 6369 0
49924 4 2648 0 5741 7805 2795 1366 8598 0
31956 10 4601 0 5124 6793 5586 6439 6190 5810 6478 5347 6554 4058 6936 4838 6150 1801 4856 7243 7521 0
49355 9 6612 0 8467 221 7198 947 8213 5482 7834 9602 8600 5215 8533 9132 7847 8092 8707 0
69958 3 6762 0 7022 3078 7776 0
19786 7 9528 0 9564 6755 9647 7747 9685 5192 9674 6359 9567 9511 9685 0
24605 5 935 0 1247 7184 1218 9516 953 2313 1555 0
73585 6 7654 0 7694 6326 7665 355 7700 448 7683 4050 7745 0
25148 5 3938 0 7118 4496 5996 77 7167 9735 8060 0
50911 8 1554 0 3484 1824 1983 6096 5677 5344 4777 7755 3860 1692 5388 3985 5930 0
81622 5 6367 0 6401 7171 6442 7834 6369 9729 6726 0
2305 8 7290 0 8749 9517 8277 6211 8108 7237 8523 8515 8287 8202 7340 3409 9091 0
18169 10 6752 0 8268 3890 8705 7309 6808 3518 8429 6167 8729 5639 9495 5671 7643 3322 8259 8351 9728 0
66651 3 6260 0 6391 5787 6581 0
19948 9 2131 0 3412 860 3475 6915 2790 4145 4356 9754 4508 6441 4578 5635 4251 1852 5200 0
57872 4 7940 0 8097 8844 8121 7003 8165 0
1156 6 8890 0 9001 8933 9460 1619 9061 5726 8922 9953 9710 0
98173 6 6709 0 6998 2864 6869 2511 6884 9275 6905 8404 7021 0
32467 8 6338 0 8160 5500 6484 6857 8422 3291 7162 455 7139 343 6743 5005 8778 0
2828 9 3345 0 5164 5318 4442 5337 5012 1683 4872 6285 3672 6545 4031 8997 4135 5096 5220 0
52856 5 9003 0 9045 9595 9006 1743 9046 6327 9066 0
87218 3 5970 0 5980 3377 6148 0
93244 5 5866 0 6807 4825 6529 9079 8143 639 9099 0
48231 10 6826 0 7162 9994 7036 4700 7146 2320 6887 7945 7018 6163 7097 7435 7101 5652 7118 6199 7181 0
75400 5 8768 0 9044 3955 9238 4437 8823 27 9806 0
78512 7 7188 0 7565 1435 7303 7868 7487 7521 7385 2903 7418 83 7710 0
81205 9 8021 0 8790 5215 8522 2182 8825 3445 8566 789 8203 6773 8104 7661 8440 5663 8919 0
58447 9 2752 0 7082 5185 4558 9726 6932 4154 6541 7494 6994 6938 4022 4219 7849 2448 8267 0
70969 3 2162 0 4700 7039 7407 0
46089 3 7231 0 8272 4858 8478 0
25620 10 4525 0 5482 3391 5309 5408 6204 5859 7080 8470 7889 1701 6150 4719 7795 9465 5615 1410 8343 0
82461 9 8777 0 9111 2540 9346 7281 8786 6311 8860 7502 9081 3852 8850 7060 9071 1716 9785 0
98224 9 5443 0 5855 780 8832 2161 7851 6398 5564 7674 5471 6394 7710 3390 6626 7259 8921 0
39445 3 4988 0 6370 5852 9935 0
2560 9 7212 0 7325 4603 7636 5324 7687 7540 7644 5806 7567 9120 7247 7872 7750 1666 7785 0
10730 7 1006 0 3045 1303 2815 1491 5264 2449 1194 3402 2194 1972 5418 0
60889 9 1282 0 1404 4304 1540 7958 1514 7039 1299 9803 1332 323 1477 1184 1431 2733 1593 0
29263 5 1628 0 2505 8882 2033 3697 2346 9123 3036 0
48802 6 3518 0 3704 4509 3801 837 3913 9827 4509 6099 4858 0
99828 3 4397 0 4778 5572 8290 0
30108 5 4865 0 5123 2250 5356 9158 5526 5312 5790 0
56643 8 615 0 789 9324 2876 4457 1456 1721 1396 3202 1734 1157 1069 7697 4855 0
31746 3 4768 0 5055 7379 9926 0
21740 10 65 0 6797 8868 4508 4023 6354 1679 3067 2497 4813 1014 8650 8770 7946 4712 4773 4684 9638 0
69348 3 1726 0 6539 6546 7079 0
88622 9 6917 0 6923 4384 6922 7088 7065 4659 7017 8968 7024 2982 7065 7777 6981 3730 7075 0
85616 9 1944 0 1963 7784 1968 8373 1953 9258 1954 2035 1963 8805 1964 2475 1969 7637 1975 0
60815 6 3653 0 6846 9303 4755 5799 7290 5859 5879 6822 8053 0
9911 4 1211 0 1569 985 8303 8251 9558 0
75600 6 6016 0 6129 5343 6062 6475 6336 3062 6225 101 6425 0
87647 8 7342 0 7401 4881 7354 2816 7472 7135 7446 9900 7473 2183 7399 3783 7474 0
71000 4 8822 0 8943 2505 8942 6684 9024 0
67329 4 2446 0 2758 3479 3624 79 3833 0
33843 8 15 0 762 8530 3445 9826 2755 9960 2584 6837 1908 2155 2313 4950 4069 0
3735 3 4259 0 6175 8324 6509 0
30527 6 265 0 6331 2460 2248 1214 2393 9444 2690 5364 9515 0
17242 6 9945 0 9954 9392 9962 6352 9954 2320 9952 3878 9969 0
41475 10 392 0 2767 9441 2849 7238 5841 7734 547 6042 8683 9544 5502 5675 3496 2227 4315 1561 9098 0
67964 8 7410 0 7529 2375 7675 2342 7753 6845 7565 4630 7630 1844 8396 4803 8445 0
14536 7 3076 0 7955 4235 8071 1423 9083 5798 5106 4863 9332 7468 9730 0
9864 6 5173 0 6407 9033 5755 5609 8258 2155 7700 6556 8355 0
7491 7 3341 0 5678 6733 4380 4267 3439 8749 4249 425 5217 5219 7254 0
52951 9 1426 0 4360 7231 4976 3629 4391 211 3252 6402 4758 3733 3929 7630 3022 4254 5491 0
154 4 1275 0 3890 7333 1922 1099 6531 0
8601 3 1372 0 9086 6132 9465 0
72241 4 6799 0 7982 2365 6906 4013 8783 0
27347 6 2280 0 3522 731 5753 4079 2450 6194 3268 6909 9183 0
63866 8 7548 0 7862 9613 7800 4540 7900 2422 7711 5012 7879 9183 7689 2623 8007 0
10758 7 6163 0 6366 5208 6696 2440 6238 6395 6399 2206 6230 2632 6996 0
20093 9 8216 0 9085 512 8366 4722 8664 8125 8988 1107 8350 3635 8467 4102 8880 3948 9328 0
40396 9 901 0 6761 4693 9875 3380 4034 9990 9171 3627 4338 5761 8973 3270 8556 8850 9954 0
13056 5 4569 0 7556 1700 4966 4235 8653 6831 8785 0
64530 10 7424 0 7688 8131 7562 176 7731 8086 7429 7462 7500 827 7606 983 7678 7356 7486 7164 7736 0
54791 5 8751 0 8944 9827 9595 4642 9686 8237 9715 0
69309 4 5403 0 6146 170 5632 2054 6294 0
94345 10 7575 0 7587 7438 7824 182 7609 7129 7673 5413 7711 6310 7646 4533 7825 3873 7649 673 7899 0
5606 3 9321 0 9631 4338 9700 0
42266 4 2838 0 6764 1716 6160 8676 9618 0
67389 3 3789 0 7760 1927 8420 0
70825 3 5959 0 6055 3301 6056 0
6981 7 97 0 598 9835 456 3187 358 400 415 5198 373 97 817 0
39149 3 7829 0 8373 4816 9295 0
49444 10 1506 0 2747 2797 8467 3665 2833 3939 5318 6037 6937 2378 2561 8537 4439 8305 8018 5756 8686 0
92289 10 3873 0 4017 4777 4054 2427 3948 8199 3955 3021 3913 7726 3916 8933 4056 4900 3906 3261 4077 0
55436 5 2532 0 4232 1848 4722 2734 5540 183 7266 0
36550 6 8659 0 9232 2963 9202 5513 9209 4857 9190 3073 9297 0
56696 7 6015 0 6929 6597 6141 7754 7129 4577 7426 7877 6317 4561 7556 0
55169 4 274 0 3074 1889 1580 4212 3628 0
72902 5 360 0 393 8209 870 601 1401 3318 1566 0
73094 3 3783 0 6050 3544 7308 0
3640 5 9530 0 9976 7878 9740 2202 9574 259 9994 0
58697 6 8037 0 8797 3673 8537 1024 8857 4918 8478 826 8951 0
60841 7 4341 0 7942 4266 8373 7163 4846 4415 4360 4836 6122 4096 9471 0
71061 8 2892 0 3521 1773 3928 5123 3953 6374 3854 274 2925 6854 4337 2314 4816 0
18838 5 6758 0 8613 200 9080 5871 8559 9253 9932 0
14820 4 6277 0 7676 9930 6455 4039 8773 0
37808 4 8703 0 8934 342 8729 9777 9392 0
13343 9 417 0 705 9354 880 9244 714 9489 776 598 599 9904 721 5953 1200 969 1651 0
17890 9 1616 0 1733 7256 3018 9569 3152 2728 2053 3093 2038 60 2785 8048 2690 857 3184 0
50044 9 2274 0 4334 7649 3811 2268 2957 4446 2336 5772 2387 1965 4464 553 4196 8275 4888 0
92032 4 2357 0 5326 7994 4572 65 5587 0
67681 10 7605 0 8614 2503 7800 575 8475 1087 8150 6534 7710 7066 7892 1879 7819 5064 7742 2388 8786 0
82468 5 3685 0 4659 1708 3772 4682 3903 9876 4902 0
18381 3 2962 0 4291 1680 5982 0
75646 7 8931 0 9339 1239 9137 2881 9378 6359 9311 27 9158 4726 9682 0
35664 5 3093 0 3521 7452 5442 917 5377 3547 5684 0
519 3 8956 0 9163 1670 9957 0
97518 6 6011 0 6355 2989 6359 4921 6438 5413 6263 4580 6499 0
78256 9 2239 0 2455 2832 3366 1380 3931 6803 6278 284 4478 358 5239 3544 4203 107 6570 0
43468 7 2415 0 7925 6130 3915 1511 2507 1189 8082 2438 7418 7476 8448 0
