150
62927 6 652 0 705 5433 696 7980 667 140 660 7854 740 0
27750 6 9404 0 9837 5502 9666 6201 9410 1292 9743 3284 9965 0
81760 3 635 0 1246 5414 9704 0
48846 6 2169 0 5289 5715 5102 329 3246 6371 3616 3979 5329 0
10170 6 4587 0 4906 5950 4608 9836 4921 8675 5215 8713 5244 0
22286 5 645 0 2347 6029 2177 8944 1568 5541 2638 0
838 3 438 0 2464 5636 6792 0
21114 3 8259 0 8411 4432 8602 0
45771 10 6228 0 7535 3598 7782 8675 8034 2017 7249 3312 7520 1190 7630 413 7099 438 6998 4444 8067 0
23347 6 2467 0 3562 2890 5895 2095 4981 4292 4829 9228 8140 0
15700 4 1907 0 1924 6403 2149 7866 2306 0
68367 7 138 0 2067 3854 3561 4036 7424 6214 2024 8979 7691 8554 9231 0
24231 9 2146 0 2788 4739 4555 8669 5828 655 5446 6505 2258 708 4361 4859 4768 4265 6120 0
28137 6 3204 0 7774 1737 3308 7875 5542 5602 6037 9881 8428 0
68242 6 4989 0 7812 5784 6345 1159 7425 4249 7339 2793 8365 0
66000 4 3882 0 8588 8902 7576 5775 9992 0
40044 8 1707 0 2104 807 4074 6633 2456 585 2882 9854 4393 3217 2636 9755 4437 0
46297 9 7634 0 7660 4905 7756 4315 7753 358 7852 5455 7775 4548 7844 4397 7709 3315 7906 0
22097 10 9525 0 9630 326 9692 6875 9563 67 9645 4073 9729 2428 9611 8738 9726 1325 9631 6828 9816 0
20948 5 8033 0 8401 6003 9165 4598 8800 225 9262 0
37647 6 2818 0 6523 4749 4839 5147 5315 6168 3957 2679 7051 0
73353 6 7668 0 8816 1745 7958 4302 9380 6946 8361 4211 9911 0
39832 3 8792 0 9035 7419 9436 0
80688 7 9293 0 9506 4387 9346 9956 9452 9846 9357 3649 9487 6458 9544 0
79166 5 5536 0 6654 9322 5828 8799 7417 3324 7558 0
9382 5 6823 0 7914 6105 7531 819 7874 6976 8450 0
90838 9 7501 0 8455 7168 7845 3289 8510 7749 7856 1020 7991 7493 8355 9722 7718 3215 8771 0
31328 9 2020 0 8366 1001 4337 2969 7729 1195 4331 4271 2095 3531 7797 250 8827 4707 9026 0
16579 8 2021 0 3282 964 4016 8029 2789 8762 4202 5672 2914 6543 2564 831 4615 0
8198 10 7405 0 7633 3614 7526 6156 7566 3406 7413 12 7595 7303 7613 9770 7733 4655 7741 1765 7759 0
86427 9 7279 0 8710 4930 8621 4798 7393 3866 7764 9501 8627 411 8444 5980 7918 2574 8818 0
87845 6 2560 0 3902 8341 9386 8432 9276 4352 8518 1012 9886 0
31118 7 2762 0 3067 8990 2826 1118 3221 2218 3109 3905 2778 7467 3332 0
7134 4 8058 0 8681 4714 8982 556 9445 0
76164 7 272 0 846 3924 2422 6198 3251 9388 1634 3005 2257 7894 4328 0
63992 8 2889 0 4686 206 4786 4259 4001 5464 4702 8300 3691 12 3458 6336 5253 0
69274 5 5207 0 6725 2172 5606 6660 5397 3947 8693 0
41364 10 1081 0 4679 3954 4468 9884 1818 4463 3335 1065 1444 4480 3330 9957 1390 6376 2876 3775 5916 0
56714 4 2296 0 4112 6041 5202 7595 6237 0
94249 8 6414 0 6595 3126 7122 1459 6776 8665 6575 6746 8165 164 6649 4459 8436 0
68213 10 8791 0 8998 6569 9031 7065 9027 2159 9177 8327 9043 8680 9287 17 9396 8788 9102 4610 9408 0
44180 10 2026 0 3195 7884 2963 3271 2660 8237 2692 9812 2027 2347 2637 1435 2960 4940 2170 9962 3443 0
91941 10 9325 0 9634 2042 9451 7678 9387 7093 9566 4580 9361 8653 9747 5765 9528 1914 9631 4995 9815 0
90035 3 5982 0 6922 1066 7351 0
60565 7 4549 0 5541 9218 6835 6971 8728 7983 8593 8592 5115 6626 8999 0
79168 4 3474 0 5606 1877 4406 9353 5958 0
34847 5 427 0 6171 6648 1840 6429 4975 5108 7741 0
10527 9 6992 0 7078 6514 7013 3706 7130 8202 7089 1081 7035 6766 6993 1450 7113 5847 7138 0
44710 3 6156 0 6211 2296 6467 0
61919 4 2182 0 2698 7612 2592 9754 5399 0
30439 9 6029 0 6080 7753 6050 3972 6095 7061 6077 7285 6066 9217 6115 8188 6114 7239 6290 0
41091 10 5692 0 5721 7143 5857 3860 5786 6864 5810 5875 5820 5034 5815 2831 5860 7498 5854 1656 5903 0
28041 3 198 0 1053 4692 2978 0
89088 5 7753 0 8692 4551 7754 9042 8290 353 8811 0
93006 4 7914 0 8329 5529 9452 768 9517 0
65921 8 4901 0 6562 8255 5097 3441 7062 9154 5003 7907 6491 4708 5976 3994 7068 0
31828 8 2821 0 3619 2286 4157 6506 3929 1893 3180 1382 3325 8922 4223 9166 4630 0
40509 7 8684 0 8869 2245 9464 6402 8878 4043 9031 2050 8905 7101 9832 0
9749 6 6760 0 7369 9204 8955 4366 7642 1408 7399 9836 9017 0
28637 8 9587 0 9643 4948 9763 4090 9679 7311 9831 5840 9743 1181 9680 7985 9837 0
87687 4 8100 0 8727 7351 8620 2943 8987 0
28481 8 2395 0 5992 6016 3031 3825 6991 5703 7533 2390 4246 4660 3466 1523 8815 0
84471 4 1068 0 1200 3521 1236 2868 1381 0
20126 6 6881 0 7472 8099 7426 9183 7471 1530 6921 7149 7710 0
3537 10 5102 0 5106 7569 5228 3163 5251 8845 6109 9338 5639 2214 5226 7157 6001 5326 5717 3924 6268 0
54436 9 6576 0 7401 4473 7524 4477 6811 9823 7325 8557 7751 6842 7562 4817 6838 7965 8534 0
33670 9 9841 0 9910 3775 9962 6988 9949 2799 9912 2420 9948 9394 9913 9739 9917 5412 9967 0
52063 9 983 0 1812 3394 1576 5029 1019 1696 1084 6453 1647 242 1277 5099 1840 4553 2078 0
17216 3 3218 0 3918 5526 4216 0
9972 4 9340 0 9403 2250 9347 9548 9478 0
47631 3 8191 0 8727 6971 8884 0
29053 4 7656 0 8376 7079 8041 9693 8708 0
70363 9 4850 0 5304 9291 5620 4948 4912 6925 6038 8917 4938 9559 4888 6127 5673 2929 6069 0
12033 7 3383 0 3595 8316 3426 2631 3553 4302 3578 4246 3653 8392 3664 0
34931 7 7720 0 7912 3701 8103 8142 8029 4863 8025 8586 7923 863 8120 0
7824 7 4011 0 6609 5144 5456 8512 4140 1585 6782 4318 5777 8674 7413 0
76239 9 7786 0 9195 6804 9507 5524 8430 4272 9107 1597 8606 6058 9443 1245 8215 1800 9521 0
21263 10 5773 0 6869 4536 6663 3884 6817 5627 6441 8478 6890 9843 6599 4953 6843 8845 6243 8708 7059 0
60374 5 43 0 7620 7475 8765 5867 8119 2839 9030 0
15778 4 1687 0 2570 2237 2969 4816 3428 0
74440 9 570 0 2034 7810 2718 3122 3309 913 3116 486 7519 5262 3203 5763 1905 7805 8460 0
77516 10 3660 0 3963 1128 5205 5785 4050 5017 4256 9074 3752 5702 4585 7752 4358 6446 3733 8276 5234 0
6925 4 6671 0 7443 8522 8037 9025 9503 0
65968 3 3078 0 4450 6629 5923 0
99012 9 6627 0 7698 7762 7705 8178 6855 1922 6831 4444 7751 884 6999 3798 7235 2945 7912 0
96214 4 132 0 4584 8086 7144 911 7519 0
42894 8 6278 0 6798 5289 7173 3186 7316 7447 7281 2847 7223 8257 7779 2334 8080 0
8988 3 4821 0 8244 9621 9360 0
4122 3 5003 0 5465 8618 6613 0
54375 4 8369 0 9882 635 8632 2295 9928 0
84825 6 1421 0 3741 4630 5252 79 5128 808 3880 4101 6124 0
4414 7 2694 0 3645 7532 3686 8397 4217 1647 3223 8500 3132 6788 4255 0
81745 7 7681 0 8436 2779 8423 5318 7872 5657 7926 4163 8554 674 8615 0
83055 8 8422 0 8433 4217 8834 4381 8667 5562 8622 6812 8862 4252 8886 5425 9254 0
16284 8 2647 0 2814 6322 3148 6995 2755 2703 3243 6398 2928 7328 3096 665 3326 0
15382 5 6587 0 7103 5627 7217 1126 7701 9631 7763 0
21521 8 3870 0 6980 369 4115 5919 5798 6535 6313 6620 4160 7870 6915 6864 7117 0
89107 8 9134 0 9226 8482 9136 7624 9254 3277 9201 7597 9265 3043 9238 4827 9309 0
29643 6 6777 0 8131 36 6881 8895 8448 3998 8780 806 9868 0
91417 6 5476 0 8664 8617 9367 2712 6160 783 8216 2556 9447 0
24544 3 4794 0 5196 4146 6742 0
25967 8 9659 0 9791 9728 9757 1066 9720 1079 9755 2138 9715 3920 9670 1593 9808 0
41239 3 6974 0 9126 2695 9320 0
92384 6 9062 0 9362 3104 9123 2098 9544 7905 9300 619 9606 0
94264 10 1769 0 3265 3044 3593 5796 1998 6309 2007 408 3462 4290 2558 1498 2049 9700 3414 7950 3758 0
41603 3 1608 0 2311 402 2920 0
42255 5 5547 0 5550 3536 5561 8907 5548 7022 5577 0
36498 5 7290 0 8064 781 8158 1538 7384 2176 8274 0
99916 7 7628 0 7817 5334 7747 9466 7808 429 7743 6864 7791 6598 7817 0
8566 8 2036 0 2389 1963 3553 5502 3469 6599 3535 3130 3370 1539 3622 5117 3665 0
26166 6 6048 0 8238 1668 7509 4943 8519 1985 8345 4841 9093 0
96385 7 459 0 6710 5916 3903 7912 1750 8857 4325 4800 8216 9617 8767 0
46013 4 8501 0 8667 4985 8570 8941 8754 0
77917 7 1576 0 8629 3962 7824 4958 9259 4030 8956 1062 2257 9870 9423 0
27682 9 1517 0 4175 9875 3911 4067 2177 8272 4171 2548 2597 7894 2968 7575 4326 4843 4781 0
22785 6 3894 0 3958 9222 4102 7199 4048 3245 4097 3501 4232 0
13286 6 4981 0 5073 1188 5345 4715 5414 7112 5307 2004 5620 0
67467 9 9956 0 9959 2486 9982 3919 9966 7899 9972 5616 9958 3331 9960 8918 9957 2532 9987 0
96856 3 3153 0 6396 6358 8236 0
69171 10 2939 0 3051 5758 3002 1133 2975 9652 2978 2926 3120 470 3174 2343 3127 8068 3024 6900 3293 0
73752 3 1563 0 1881 6629 6168 0
37013 4 6109 0 7426 5786 6777 8501 7688 0
69831 5 7964 0 9477 9340 9776 2337 9666 5573 9944 0
82283 9 4493 0 6635 3077 5398 421 5109 3520 6001 7011 4628 7023 6369 2704 6223 1694 7309 0
5923 4 4293 0 6449 9603 5957 1549 6620 0
18233 10 863 0 2935 2010 6437 249 5883 745 3725 9953 1458 964 4275 6913 5310 7146 4503 947 6656 0
18675 6 9201 0 9306 5344 9251 3980 9203 3632 9205 3478 9345 0
17392 3 1439 0 1915 4909 5700 0
59854 7 5326 0 6148 1509 8338 3215 6149 2323 6386 5285 8089 1760 9463 0
35507 7 5834 0 6383 1571 5954 7429 6801 1818 6000 7729 6208 7063 6838 0
70295 3 7451 0 7551 8500 7825 0
77727 8 8530 0 8825 3350 8928 3225 9103 8591 8895 7518 8548 1395 8876 8670 9337 0
56956 10 6530 0 7314 2509 7561 9787 6838 836 7585 4025 6672 6040 6597 4818 6877 3546 6543 2222 7590 0
85896 5 3919 0 5405 357 4768 1438 5826 7122 8343 0
43384 3 8705 0 8706 614 8707 0
44219 4 4744 0 5446 1344 7836 1891 8217 0
42366 10 9639 0 9640 7930 9639 8034 9647 2401 9777 3384 9697 5997 9755 3967 9687 3194 9675 3132 9782 0
35195 9 7539 0 8229 1256 7543 7042 8818 7493 7588 3146 8158 4905 7977 2439 8232 1139 8986 0
33845 4 3080 0 3151 1385 4484 7935 4757 0
98018 7 4678 0 7635 1364 4833 2581 7138 6296 5816 8184 4850 9941 8493 0
8092 5 75 0 3272 3747 2952 4426 2785 1286 3687 0
18548 10 2776 0 4840 863 5066 3386 4001 5368 3283 5118 3353 4225 3082 9821 5081 1284 6761 5801 6799 0
22591 8 3767 0 5738 2161 3777 7998 4707 8594 5271 6994 4228 9595 4503 8986 5937 0
83006 4 1105 0 7852 2273 2893 5713 8589 0
65860 4 3025 0 6696 3355 5949 1852 8286 0
77770 6 1154 0 2066 1834 2090 8623 1473 4519 1703 8228 2648 0
28661 7 2788 0 5164 6732 3302 7254 4320 1783 3662 2684 4259 9575 5927 0
82541 7 4149 0 4175 1935 4365 5510 4311 5820 4260 4456 4236 818 4463 0
5346 7 2868 0 3694 6433 4497 8865 3876 3186 5494 7945 4337 4949 6084 0
38025 3 5461 0 7416 1385 9722 0
