150
11396 9 673 0 803 1679 1001 9047 1282 9666 1168 5964 907 4212 694 911 1231 6370 1377 0
25706 10 8325 0 8908 4692 8896 8566 9151 9172 9186 8943 8679 3134 8403 1833 9048 1683 9412 5479 9472 0
74790 9 6395 0 7173 4373 6771 3588 7334 9529 6777 4075 7538 5347 7832 3756 7236 9098 7968 0
41638 8 9921 0 9947 6523 9953 870 9953 3890 9946 9945 9948 5287 9927 3396 9959 0
5 4 3625 0 8277 8060 5580 2494 8674 0
60029 7 1040 0 7494 4225 3219 1213 2688 5078 7011 6462 4820 6367 8160 0
45679 4 7859 0 8733 7123 9005 2784 9848 0
47899 7 4595 0 8164 211 8815 3052 6956 8689 9154 9839 7266 7591 9436 0
59031 7 7063 0 8153 6142 7658 7577 7306 3292 8237 6890 7925 4022 8457 0
82950 3 897 0 2060 4179 9857 0
1273 4 600 0 7767 9557 5174 4143 8121 0
25937 3 1313 0 3521 2706 9384 0
15775 10 4555 0 5497 9881 6619 3392 6378 5527 6581 2497 4984 7476 5822 7449 6179 7012 4893 130 7032 0
74760 4 2398 0 3553 8026 2561 8836 3781 0
58065 6 9449 0 9642 6608 9542 9743 9565 8012 9661 814 9935 0
39720 10 3898 0 4062 7322 4288 3099 4189 9954 4273 9267 4376 304 4335 7759 4030 4256 4086 8703 4611 0
5451 7 695 0 2234 3828 1238 3607 1289 980 1320 1075 896 7301 2998 0
6160 8 923 0 959 4004 990 8988 1083 420 1045 2242 953 9361 1242 276 1245 0
67740 4 1870 0 2346 1186 2905 500 6019 0
66619 10 1979 0 2023 3297 2053 6214 1987 7537 2054 3317 2080 7846 2017 9794 2075 4053 2047 1752 2105 0
79736 4 357 0 996 6261 2627 9204 3739 0
18416 10 1153 0 3436 9626 2495 769 4693 8998 8805 6339 4363 4717 2552 984 8375 2944 9041 8949 9168 0
80289 9 2617 0 9085 5212 8064 3343 8483 9649 6033 9402 5938 3126 7229 8169 6845 179 9507 0
4636 8 7050 0 7839 8493 7288 6488 7639 4720 7180 6834 7145 6708 7481 4280 8629 0
22109 4 8101 0 9193 503 8379 4380 9475 0
14041 6 4395 0 4786 9618 4810 9828 4771 5185 4903 2553 4903 0
55059 10 1315 0 2130 5798 2350 5450 1615 9869 1906 8665 2065 8930 1507 3916 1475 6377 1676 6470 2496 0
49010 9 9434 0 9504 7142 9551 1637 9507 9556 9531 1879 9496 4196 9537 1016 9495 5131 9562 0
40319 4 6229 0 7300 9728 6368 6205 7832 0
65668 4 9850 0 9974 7741 9909 379 9985 0
1937 3 9308 0 9573 1089 9891 0
33149 8 9407 0 9428 5614 9411 4045 9413 3934 9408 7468 9428 8114 9409 2817 9432 0
71512 8 3990 0 4909 8205 6006 4959 5840 9469 4261 1028 4155 7457 5777 2327 6149 0
78883 8 5391 0 8335 62 7147 3435 7258 800 6465 3369 7372 6165 8018 2940 8688 0
11336 7 769 0 5001 6680 3532 9130 5120 2558 2524 1794 6032 3080 8854 0
44839 10 1724 0 3799 412 2850 5220 3331 4196 1849 2335 2323 6247 5568 7759 4453 5634 5152 5106 6306 0
54822 5 8997 0 9091 7665 9091 7613 9015 3969 9414 0
57662 7 7217 0 8132 3527 9255 1753 7334 7252 9785 3352 9016 8012 9835 0
45496 8 6175 0 7543 6740 7704 2321 9027 6775 7156 5576 7593 7720 6308 5375 9132 0
45700 7 7975 0 8115 6494 8251 8606 8295 1704 8202 1969 8017 1982 8336 0
84426 10 9690 0 9748 6955 9717 1681 9821 6549 9700 789 9806 8870 9769 9328 9808 6095 9817 3544 9842 0
63858 3 5765 0 6609 6239 8937 0
66614 6 6908 0 7050 8199 7767 4236 6993 2067 7015 2863 8142 0
22208 3 6838 0 6984 271 7534 0
244 5 9023 0 9149 6904 9368 2430 9329 533 9420 0
512 10 1338 0 3268 3148 2165 956 2213 7669 3058 5721 1608 4049 1489 3907 1773 9319 2155 6054 3271 0
31151 7 157 0 4108 3996 3600 2440 3358 402 5885 8401 1146 6895 7413 0
59312 10 546 0 4735 8587 3356 5496 4385 5053 1756 6874 2452 2343 992 9296 1695 6515 3780 5607 5149 0
2287 10 8856 0 9183 1761 9153 1089 9211 5949 9080 194 9071 2256 9052 4657 9149 9577 9000 2974 9331 0
54569 4 8062 0 8364 2796 8374 8830 8402 0
68477 10 3153 0 3174 1534 5906 3737 5303 4498 4948 8061 3621 1034 4663 1162 3820 7265 3246 5454 6358 0
42704 10 6721 0 7263 5856 7689 8609 7025 2480 7407 3135 8979 3093 7106 5825 8034 4237 7074 1942 9401 0
17635 5 110 0 372 4295 663 774 761 1259 959 0
39103 9 8952 0 8952 536 8965 5997 8967 5839 8969 3397 8960 934 8952 3003 8964 5064 8969 0
69095 6 7617 0 7664 413 7663 7305 8040 3492 8606 5350 9479 0
72340 6 4614 0 5349 4870 4984 6907 5048 3907 6458 3722 8618 0
14626 5 8447 0 8977 456 8502 6699 8919 8795 9046 0
65012 7 9970 0 9972 9225 9974 9889 9978 6651 9977 4470 9974 4189 9986 0
4108 7 6000 0 6571 9121 7647 6768 8778 7456 6431 8366 6691 5710 9285 0
50084 5 8880 0 9087 3494 8908 937 8897 1014 9102 0
38623 9 4271 0 4448 4504 4393 235 4311 6421 4347 1055 4376 3495 4407 2979 4435 2982 4449 0
94259 3 5415 0 5751 2631 5825 0
46423 5 5015 0 5280 8851 6726 2831 5485 2781 7020 0
22940 10 7636 0 8069 6373 8262 4325 8252 8351 7758 8229 7820 8258 8144 1932 7744 6888 7976 643 8461 0
36818 9 4051 0 7045 2230 4212 1606 7444 5060 6757 9227 4295 642 5097 7429 5265 2219 7759 0
27136 7 828 0 2574 6444 3964 7069 7778 6146 2793 3076 1549 4930 8820 0
88925 5 742 0 1385 6557 1187 2944 1477 7222 1723 0
93576 3 4800 0 6214 5504 6790 0
77299 8 1741 0 1988 2236 2036 6219 2459 7829 1863 1560 2108 2227 1961 3721 2549 0
11017 6 8991 0 9252 4023 9178 563 9504 8211 9227 5752 9525 0
46315 3 7029 0 8270 221 9727 0
53923 8 6455 0 7511 9026 6584 8953 8089 3951 7656 4039 6997 7736 7766 7169 8110 0
12303 6 9800 0 9888 191 9924 4477 9838 8006 9911 6991 9927 0
11400 9 9040 0 9195 8535 9556 3481 9164 961 9269 7529 9040 3046 9099 9487 9094 8528 9772 0
50922 4 596 0 1493 2426 5669 6674 5793 0
82449 6 8199 0 8244 9169 8222 4562 8209 8175 8212 9448 8246 0
1804 9 3310 0 3375 8133 3974 8077 3580 8508 3965 9871 3374 7663 4417 7023 4297 305 5481 0
76781 8 8102 0 8255 9141 8384 4631 8342 7166 8175 1250 8338 1017 8389 5608 8403 0
57855 3 5920 0 7679 6533 7990 0
16141 6 421 0 7343 3681 7403 5968 7545 3213 832 7890 7767 0
5295 7 9404 0 9745 6322 9798 4322 9752 530 9726 2219 9415 6646 9998 0
3709 3 6137 0 8218 7500 8275 0
75958 3 9593 0 9611 6719 9648 0
24811 4 3662 0 3927 2414 3911 9616 5221 0
99537 6 1879 0 2437 8047 2655 2222 2025 4125 1921 7048 2897 0
8426 4 2133 0 2748 1556 2556 7482 3044 0
67516 10 6212 0 6406 1652 6284 8097 6358 9091 6438 1703 6219 7284 6227 8212 6379 4307 6290 5415 6446 0
2527 9 6975 0 6989 5530 7000 7809 7063 9709 7007 3992 7032 2593 7048 6255 7080 6486 7088 0
12048 3 5839 0 7526 7546 9732 0
62940 7 3360 0 3627 1728 3596 3083 5950 5009 3593 7689 4017 6411 6309 0
26564 5 2071 0 2543 3513 2096 2842 2397 274 2795 0
65193 3 9686 0 9784 7205 9876 0
77479 4 5137 0 5436 8520 5624 741 6405 0
99849 6 8884 0 8994 2280 8993 4 9030 1216 9125 1902 9279 0
97981 9 4743 0 7626 5041 5264 2043 6895 391 8066 610 5922 1814 6712 5014 8269 40 9499 0
84282 5 2018 0 3401 3575 3061 11 3490 8806 3638 0
26076 4 9185 0 9728 5891 9527 7749 9945 0
30524 4 5037 0 5461 3811 5164 1041 5557 0
3598 4 5542 0 6195 9244 7872 6720 7900 0
78354 6 2505 0 3050 6031 5325 6306 3747 7208 5975 1486 8351 0
14231 7 9669 0 9763 1392 9816 2715 9701 199 9776 8697 9676 7900 9851 0
9753 9 6915 0 7734 9582 7932 8029 7022 8266 7627 8273 7850 8940 7011 741 7359 6766 7945 0
58746 7 3615 0 5731 4020 4057 6060 3689 7352 5778 3395 4909 2891 6924 0
86458 6 3680 0 4613 5775 5502 4508 6954 9800 7006 4706 7489 0
24028 9 9393 0 9561 6825 9469 1771 9919 7196 9540 5070 9539 1959 9497 5959 9866 1824 9943 0
4896 3 6555 0 6572 473 7016 0
83163 4 7974 0 8022 1120 8182 9105 8399 0
40670 7 5332 0 5403 5709 5438 4831 5405 1913 5389 7471 5431 7612 5506 0
29211 7 9295 0 9305 8606 9808 2967 9808 2577 9596 4466 9726 25 9953 0
95906 4 2653 0 3500 9205 3409 4759 4357 0
56172 5 5377 0 7479 763 7253 5265 6859 7157 7776 0
56625 9 335 0 2908 2864 4884 8161 7370 3584 1781 4392 4835 7838 6521 3894 6648 9532 7467 0
86519 10 8900 0 9016 2303 8917 4875 8907 6160 8917 3510 9032 1172 9007 9654 8902 609 8971 723 9043 0
24927 8 1381 0 3482 8667 3235 4386 4793 8503 2621 5671 2754 5112 3023 6924 4947 0
23736 9 8752 0 9058 737 8953 219 8984 9799 9244 6614 9115 6318 8832 4358 8755 9024 9286 0
91228 9 9284 0 9308 5767 9404 4860 9424 9930 9322 204 9611 2487 9334 4803 9379 4457 9618 0
84656 8 1630 0 6900 3646 6792 8205 3613 7465 5337 2569 5239 3943 6990 2078 8045 0
4404 7 5609 0 6177 4901 6556 8774 6011 2108 6743 8819 6341 7315 7060 0
13338 7 135 0 1243 997 608 6490 1165 1885 1776 1183 911 3884 3165 0
88519 3 1954 0 6767 1421 8640 0
9141 4 8870 0 9291 4858 9329 8841 9474 0
92954 8 7982 0 8624 7241 8674 3421 8072 138 8533 1657 8751 1013 8526 5890 9184 0
24521 10 3197 0 4162 9671 8896 5943 8343 39 4213 7127 4282 548 6546 5694 3586 4012 8001 3308 9104 0
70973 8 8174 0 8900 9118 8194 2741 9254 4965 9008 7793 8350 1504 8790 6451 9260 0
84951 6 2975 0 4775 8640 4629 7671 3201 9204 4785 8137 5362 0
89574 4 7453 0 8484 2988 7607 1636 8578 0
19766 7 9108 0 9297 5414 9156 1839 9342 9019 9232 1185 9348 8420 9410 0
82429 6 2882 0 4982 6214 3050 9078 3511 8699 4123 995 5115 0
45839 9 270 0 8961 6317 5697 4103 766 7315 9353 457 6909 1667 1301 2129 3933 2428 9854 0
64752 8 1860 0 5611 3 4599 435 4741 7850 5015 3506 6189 6190 4576 7689 6225 0
79500 9 1165 0 3199 2706 4462 9423 2256 7759 2095 798 3465 5009 3665 4182 3685 7625 4904 0
23226 4 1135 0 4900 9007 1435 3184 5754 0
29856 10 5834 0 7128 4890 7428 8244 7926 9617 6074 5320 6607 9322 7914 9398 6427 6399 6129 9308 8232 0
99641 8 3930 0 4254 3290 3992 6143 3982 4233 4032 8617 4075 2660 4007 4915 4287 0
45373 4 205 0 6844 7261 349 5704 8012 0
17424 5 2578 0 3454 406 7895 3392 8152 7973 9968 0
66020 10 4071 0 5212 6092 5373 81 4990 6564 6058 1422 6559 2300 6846 183 5244 2325 5605 382 6923 0
71608 4 8733 0 9232 6668 9266 8371 9386 0
90192 9 1293 0 5037 4299 4475 2670 1730 4963 3622 4503 4224 5489 1419 2798 4657 3504 5113 0
26310 5 5345 0 5848 1664 7874 896 7577 782 8627 0
69019 10 102 0 1055 1791 1469 6704 2027 9639 1214 3198 320 3724 1098 5409 992 1201 162 1600 2127 0
38111 3 7212 0 9079 8647 9156 0
997 9 1589 0 6658 1665 8154 1793 4840 3883 9242 8596 7123 9219 5326 6761 1724 3285 9693 0
99025 6 8269 0 8529 7496 8456 8094 8341 5616 8454 551 8531 0
20799 9 5608 0 6056 7664 6698 3451 7060 4687 6326 6722 7987 1997 6296 5005 6678 7672 8500 0
6778 8 6911 0 7283 4214 7307 7557 7172 9818 7121 4044 7101 4322 7182 5044 7427 0
27416 4 2804 0 4400 5720 3879 552 5142 0
22017 4 8025 0 9170 6928 8242 2024 9180 0
9041 8 5436 0 5866 251 5682 8347 5772 3245 5857 6124 5920 4384 5979 6545 5979 0
59411 3 3514 0 5245 8398 7105 0
