150
52732 10 9182 0 9428 573 9721 3570 9438 7656 9530 1970 9443 5613 9277 9905 9395 4822 9671 9609 9792 0
10907 9 2418 0 3208 6425 5723 6837 3267 7963 2898 9540 5629 1036 4274 5777 3197 7915 5992 0
58802 6 2422 0 5875 6102 5359 680 3628 4552 4475 6596 6174 0
76881 6 4079 0 4640 6338 4167 5131 4339 2749 4729 7947 4784 0
91523 6 5213 0 9637 977 9693 8884 7770 5285 5342 107 9925 0
23305 4 7080 0 7755 9616 8288 8695 9092 0
11558 3 7126 0 8452 5676 9499 0
58540 3 709 0 3822 4856 4401 0
68892 5 2909 0 4104 1978 3087 7002 3108 207 5478 0
79102 5 3821 0 3988 8289 3853 6263 4178 3166 4315 0
78489 7 5391 0 5415 7414 5518 8251 5650 1318 5556 6833 5409 5603 5660 0
36457 5 2513 0 2833 7196 2761 8249 4857 1951 5130 0
81474 5 6576 0 6634 4320 6619 4649 6682 6233 6735 0
69371 8 8339 0 8653 1193 8383 9574 8668 5527 8430 7492 8596 6360 8657 6867 8702 0
51662 5 3566 0 4887 3296 5811 232 3690 4684 6002 0
16435 10 2101 0 8170 2766 2657 2467 3248 3674 6037 5275 4130 799 5802 7016 6016 6356 3453 1170 8424 0
29106 6 2612 0 5909 4926 3391 3940 5247 7141 2962 4 5909 0
66754 10 8825 0 8856 3035 9013 8971 9082 2517 9138 9810 8878 465 9433 4342 9221 7749 9030 5936 9492 0
28967 7 9181 0 9440 5129 9416 5869 9331 938 9333 9319 9195 9833 9608 0
23336 6 3539 0 4478 10000 3659 4976 3757 2525 3697 3146 4485 0
81161 10 2628 0 3831 8322 3171 2431 4061 3615 3120 1668 3743 8346 3271 7768 3273 952 3222 3778 4062 0
53457 10 542 0 5600 8354 7596 587 5389 8269 6599 8060 4457 4966 3347 6615 5396 5800 600 7832 8347 0
85910 9 7648 0 8965 1852 9053 6782 7991 2212 7662 28 8144 8321 9055 7924 8109 7855 9282 0
43658 9 628 0 1393 8310 6506 7721 5561 1768 3552 8563 2043 4890 7014 9723 6827 3946 8118 0
62995 4 9459 0 9559 5325 9565 165 9920 0
3761 8 2637 0 3591 5945 3729 6578 3899 3144 3788 424 3783 5816 2749 7834 4010 0
42017 4 1928 0 3591 2754 4098 4694 7427 0
59254 5 4667 0 4788 5058 7066 2879 7634 8047 8242 0
56147 3 5657 0 9368 6078 9511 0
10667 6 5584 0 6158 9651 5657 8476 5730 677 6083 2711 6326 0
98205 9 6807 0 7045 1306 6864 5153 6844 1459 6833 6969 6942 2444 6827 1687 6981 5809 7052 0
80403 4 3348 0 5337 5365 5198 6346 6251 0
1531 8 3204 0 3699 2866 5494 327 6802 1022 3909 6828 5033 1831 6437 8496 7211 0
18999 6 3381 0 8269 3230 4400 176 7672 1831 5882 6009 8625 0
81449 10 4404 0 6993 6385 5212 5752 6894 2709 6680 4 5920 795 5565 2387 6921 6486 6539 9018 7540 0
81240 8 5915 0 8429 3357 6159 1626 7948 5155 6894 8610 8194 2995 6512 1294 9425 0
40300 6 4896 0 5547 1680 5598 7004 5030 6184 5494 8462 6531 0
39305 8 9785 0 9798 7753 9788 2221 9791 1061 9805 2849 9803 4528 9801 7023 9808 0
36410 8 8783 0 8804 4086 8804 5084 8787 7236 8794 1202 8783 6693 8791 5117 8810 0
24711 7 1097 0 1824 1812 1677 9755 1377 1700 1680 8629 1430 3101 2490 0
93172 10 3255 0 4343 210 4300 4906 4940 2436 4238 431 3274 8963 3958 5762 5172 7840 3947 6677 6006 0
65820 3 8350 0 8761 1790 9805 0
71470 6 6091 0 9165 5515 7996 9077 6926 1502 7422 2823 9810 0
54045 7 3503 0 3599 7411 3609 9809 3674 5520 3583 4184 3611 4533 3795 0
86385 5 3495 0 6296 7012 4670 5708 5531 7728 6423 0
53836 10 6040 0 6229 7490 6137 9543 6891 8257 6861 7921 6726 64 7177 5610 6586 4925 7151 6004 7610 0
84665 7 3734 0 4037 9431 6785 7007 5987 9493 5425 6200 6008 7046 7197 0
58811 7 4423 0 7517 4900 5853 8613 5594 4630 6884 1364 6803 2049 9349 0
84365 5 251 0 979 3550 388 9654 3256 8819 3328 0
63352 9 802 0 7397 6108 8770 9684 6497 1696 1088 4051 4852 814 2831 7849 1765 80 9289 0
32853 3 487 0 781 874 4069 0
20421 10 9750 0 9856 2853 9864 4031 9915 9506 9772 2574 9906 4685 9866 8899 9915 4678 9881 5936 9933 0
95960 5 9860 0 9870 1757 9963 310 9878 3618 9993 0
14133 10 6248 0 8064 3432 6454 4545 6492 6316 7197 6458 6856 9583 8954 7178 6790 482 8777 7041 9406 0
2551 7 5077 0 7259 6274 7441 7279 5483 4691 6690 9116 5510 4295 9049 0
89431 8 3005 0 3118 8745 3496 5257 3180 2310 3527 9801 3410 6579 3049 6208 3529 0
50218 10 4024 0 4128 9411 4234 3127 4236 6693 4643 841 4134 4884 4667 7974 4640 9103 4316 6435 4705 0
90218 7 1636 0 3520 4246 3024 1386 1826 6680 2541 816 3950 6051 4526 0
76137 3 3657 0 5025 1820 9718 0
47301 10 5861 0 6649 135 6616 8981 6049 1380 7648 3708 6684 8557 7863 8451 6338 8554 8028 4916 8050 0
9155 3 9402 0 9473 5643 9538 0
55943 8 1582 0 2741 5714 2552 7998 2271 3980 2901 5399 4338 7877 2918 4446 4534 0
80716 9 5364 0 6202 1105 6519 4611 6177 2710 7449 4007 6765 5391 6936 1175 6702 6205 7892 0
56855 9 3696 0 5678 7841 5966 1946 4366 227 4233 7477 7308 604 3890 8281 6040 5395 7651 0
40552 9 6383 0 7110 1489 7469 4785 9302 2367 7946 631 7100 4939 6766 6774 7764 1470 9582 0
31624 10 9851 0 9876 6811 9856 3493 9938 8446 9861 2667 9891 1288 9947 637 9884 2753 9945 6611 9949 0
7344 9 2062 0 4433 8059 2470 2034 6623 5729 3168 4900 6158 132 2379 4944 5809 9391 7587 0
14854 7 784 0 3660 4518 2702 570 1118 1947 3143 1399 1026 3054 3781 0
81060 4 5292 0 6479 4707 6370 3393 6994 0
91658 3 2465 0 8176 8067 9962 0
44071 9 8633 0 9479 1973 8959 1599 8807 9161 9292 3927 8651 8218 8648 6561 8865 3249 9480 0
39802 3 7120 0 7881 7088 9396 0
81940 10 6410 0 7315 1217 8542 855 6701 934 8668 285 9319 9622 9243 7630 8749 9973 7401 2049 9343 0
41326 10 4147 0 7368 9997 4223 8484 6797 2545 5849 2625 5332 6647 5154 1725 6047 7656 6297 5807 7633 0
76635 7 8506 0 8596 8215 8613 1697 8508 9064 8759 3351 8764 9623 8797 0
29923 3 8922 0 8998 4731 9984 0
63613 4 4936 0 6843 5007 7011 7017 8608 0
98028 9 3059 0 4693 4813 4304 2075 7425 5256 4583 3337 3354 7908 5938 9930 7241 1783 8546 0
23132 9 4393 0 8293 6990 4419 7683 5539 4512 5694 6047 8202 8882 4503 2247 6258 5692 8428 0
85192 7 5123 0 7106 6474 6392 8356 6899 3096 6220 9001 6540 2358 7145 0
34895 4 7766 0 7917 7726 7856 4933 7935 0
36934 8 6183 0 7996 2886 8832 9710 8409 6081 8973 8869 6353 1579 6607 4204 9085 0
12636 6 7956 0 8644 9187 8540 2422 7989 3489 8066 4957 8756 0
69481 4 4627 0 6575 7568 7271 1960 7643 0
28799 10 8685 0 9059 9866 9839 4318 9846 1989 8782 2238 9735 3337 8993 4569 9534 3131 9086 4278 9906 0
6468 6 2922 0 4841 4738 4443 2441 5194 8790 4520 3488 5272 0
19469 7 3531 0 3668 3735 4033 9791 3767 1707 4121 336 4064 9345 4292 0
88907 8 1326 0 1956 3335 2437 332 2448 5790 3733 7767 2542 9595 2456 1393 4222 0
98121 3 7356 0 7902 903 9823 0
73521 3 6445 0 7782 1758 9460 0
87704 5 3875 0 3973 4395 3970 7390 4091 1719 4130 0
6050 9 3176 0 4373 7464 4676 1534 4567 9104 4273 2042 3538 2980 3458 928 4318 1791 4954 0
70987 3 5538 0 7082 1125 8652 0
50566 9 953 0 2692 5114 2470 4968 3464 1175 5437 6401 3044 1461 2976 7697 5379 1427 5728 0
59974 6 6643 0 8859 7065 6655 1145 9048 8450 7800 872 9458 0
60193 10 5153 0 6134 9182 5286 8258 7089 5289 5277 3996 5311 4982 6260 9918 6475 8116 5392 2890 7412 0
2234 7 2666 0 7176 1218 3020 7111 2873 1124 3844 7535 3896 5884 7609 0
94120 7 4736 0 5695 5542 6582 2650 6315 5108 7199 4740 5054 3955 7517 0
85260 9 8870 0 8947 9159 8953 2799 8877 6507 8948 4474 8894 5102 8934 2947 9049 7583 9050 0
2569 5 5410 0 7428 375 8386 2028 6108 2257 8438 0
9871 4 8383 0 9175 9019 9745 1973 9773 0
32141 4 9359 0 9622 197 9411 8689 9636 0
73902 10 4140 0 4603 7251 4142 9949 4171 8544 4562 6084 4265 3886 4288 7154 4161 1657 4331 963 4708 0
66832 9 2028 0 4216 9380 4348 9961 3944 9663 4206 2380 4792 4187 4604 2015 3775 8487 4914 0
63625 5 7007 0 8933 1053 7604 5680 7880 2887 9280 0
77703 9 4136 0 4661 2259 7484 4050 4609 5519 4565 9992 6572 1225 6548 9227 6721 4734 7877 0
45720 9 291 0 1492 2237 2661 7093 4316 3875 4896 8754 2567 2945 3918 2254 1234 6676 5489 0
4046 9 74 0 6433 1746 4457 4884 397 9428 215 2975 98 7529 3058 8172 2802 1952 7213 0
40210 6 6726 0 6998 6420 7075 597 7058 7758 8702 1893 8954 0
73194 9 1589 0 1658 5839 4505 5309 2820 1404 2492 7518 2845 7879 4020 3676 2540 1053 5296 0
67333 7 6116 0 7869 5483 7517 9970 7666 312 6155 9456 6126 5477 7884 0
93798 8 2644 0 4078 6084 6652 9984 6450 4992 4529 2649 8197 5603 7764 9047 8535 0
20721 4 9165 0 9297 5206 9226 2611 9886 0
21721 7 50 0 276 1734 686 2460 304 2401 602 5814 895 2365 1019 0
86107 6 5539 0 6912 9396 7198 7763 6287 7707 7159 7955 7444 0
63454 9 8203 0 8207 9299 8437 5347 8317 8238 8420 8449 8457 1948 8310 8313 8259 7468 8513 0
96276 5 4478 0 5160 9453 5260 5952 5232 2504 5306 0
9879 9 1729 0 1811 3044 1732 801 1796 8091 1808 1430 1729 9842 1762 2736 1738 5524 1817 0
25256 6 2100 0 3400 9709 2445 3980 4572 2454 3528 9196 8670 0
72144 3 2238 0 2679 6523 5770 0
59792 4 1802 0 2025 9387 3221 5573 4306 0
36360 8 5683 0 5870 1397 6348 3628 6120 9991 6237 8003 6244 8896 5950 5163 6377 0
55664 10 8566 0 8826 4312 8770 3273 9000 8032 8791 9389 9013 4260 8900 9888 9147 106 9157 9786 9285 0
48868 7 9332 0 9371 2045 9365 9245 9348 173 9353 4940 9364 6084 9373 0
30904 9 9033 0 9385 9747 9134 566 9252 8682 9259 789 9289 8023 9075 8510 9217 8021 9413 0
73055 8 6029 0 6354 7076 6238 9339 6733 8162 6728 9946 6315 9392 6310 8293 6957 0
78252 4 2191 0 2393 2045 4489 2778 9908 0
80474 8 8423 0 8843 3907 8682 757 9037 6711 8727 2422 8627 4698 8873 4494 9229 0
53546 9 2920 0 3498 3517 3407 1759 4809 4655 6867 2685 3158 6804 5584 1503 3009 9343 7500 0
70783 5 69 0 2722 3769 7848 8761 4169 7559 8855 0
67481 3 9451 0 9488 9525 9575 0
58402 3 8410 0 8807 5837 9600 0
83053 6 5515 0 5622 763 7919 7592 6480 6888 8339 327 8706 0
98669 7 5764 0 6054 1554 5953 84 6480 6680 7095 8321 7385 2434 7904 0
65533 6 4084 0 4453 2575 4125 9394 4204 2535 4406 162 4796 0
8479 8 2500 0 6630 3808 4472 1026 3883 7182 5392 4724 6715 6334 5182 3296 8006 0
39408 10 4145 0 6994 1050 4789 8853 7621 7110 4918 2656 5562 2559 7341 5114 7484 8295 8394 3924 8456 0
66356 6 3229 0 4131 7423 6505 7742 6112 4531 6781 5191 7547 0
37442 6 229 0 6312 3973 1464 3570 8537 7168 2612 2102 9474 0
71472 5 5043 0 6606 1981 7416 6615 5361 1925 7789 0
43912 7 5775 0 5955 16 5786 5861 6240 6991 5852 5580 5790 3645 6263 0
68059 6 2184 0 5059 9168 5442 9573 2938 835 3633 2489 6494 0
70028 10 352 0 1207 6408 3382 142 3706 7520 812 5969 701 5497 2714 468 517 9226 1545 9519 4209 0
18544 6 1486 0 5572 8543 6569 8947 7448 1091 8157 9695 8315 0
49814 10 2067 0 3462 2158 2204 2102 2652 9581 2736 9517 2280 6863 3546 9764 2499 4841 3076 8389 4362 0
96415 8 1388 0 4594 9203 1508 3031 4647 2596 3723 8925 2992 3774 2696 2019 5217 0
70626 5 1935 0 2154 2505 2223 5883 2115 7499 2278 0
23801 9 2653 0 3348 9534 3035 4485 3042 4915 3252 3654 3320 8270 2943 2763 3397 3204 3430 0
49104 4 305 0 2960 1566 663 7988 3677 0
35106 5 3419 0 4258 7357 4911 2884 7831 4594 8065 0
