150
33184 4 0 0 0 10000 9851 10000 9851 0
45314 4 1 0 1 10000 9852 10000 9852 0
7612 4 2 0 2 10000 9853 10000 9853 0
65182 4 3 0 3 10000 9854 10000 9854 0
76092 4 4 0 4 10000 9855 10000 9855 0
57430 4 5 0 5 10000 9856 10000 9856 0
33958 4 6 0 6 10000 9857 10000 9857 0
29055 4 7 0 7 10000 9858 10000 9858 0
901 4 8 0 8 10000 9859 10000 9859 0
66890 4 9 0 9 10000 9860 10000 9860 0
27724 4 10 0 10 10000 9861 10000 9861 0
52141 4 11 0 11 10000 9862 10000 9862 0
49179 4 12 0 12 10000 9863 10000 9863 0
5570 4 13 0 13 10000 9864 10000 9864 0
38784 4 14 0 14 10000 9865 10000 9865 0
910 4 15 0 15 10000 9866 10000 9866 0
25407 4 16 0 16 10000 9867 10000 9867 0
2149 4 17 0 17 10000 9868 10000 9868 0
69366 4 18 0 18 10000 9869 10000 9869 0
90156 4 19 0 19 10000 9870 10000 9870 0
20443 4 20 0 20 10000 9871 10000 9871 0
45184 4 21 0 21 10000 9872 10000 9872 0
43495 4 22 0 22 10000 9873 10000 9873 0
10678 4 23 0 23 10000 9874 10000 9874 0
69879 4 24 0 24 10000 9875 10000 9875 0
65603 4 25 0 25 10000 9876 10000 9876 0
91921 4 26 0 26 10000 9877 10000 9877 0
9757 4 27 0 27 10000 9878 10000 9878 0
44772 4 28 0 28 10000 9879 10000 9879 0
16610 4 29 0 29 10000 9880 10000 9880 0
91956 4 30 0 30 10000 9881 10000 9881 0
92504 4 31 0 31 10000 9882 10000 9882 0
29941 4 32 0 32 10000 9883 10000 9883 0
31509 4 33 0 33 10000 9884 10000 9884 0
99702 4 34 0 34 10000 9885 10000 9885 0
23968 4 35 0 35 10000 9886 10000 9886 0
28513 4 36 0 36 10000 9887 10000 9887 0
26648 4 37 0 37 10000 9888 10000 9888 0
38752 4 38 0 38 10000 9889 10000 9889 0
52052 4 39 0 39 10000 9890 10000 9890 0
15939 4 40 0 40 10000 9891 10000 9891 0
30508 4 41 0 41 10000 9892 10000 9892 0
60640 4 42 0 42 10000 9893 10000 9893 0
31319 4 43 0 43 10000 9894 10000 9894 0
91546 4 44 0 44 10000 9895 10000 9895 0
99060 4 45 0 45 10000 9896 10000 9896 0
10725 4 46 0 46 10000 9897 10000 9897 0
45389 4 47 0 47 10000 9898 10000 9898 0
67977 4 48 0 48 10000 9899 10000 9899 0
87705 4 49 0 49 10000 9900 10000 9900 0
81894 4 50 0 50 10000 9901 10000 9901 0
64226 4 51 0 51 10000 9902 10000 9902 0
23896 4 52 0 52 10000 9903 10000 9903 0
6119 4 53 0 53 10000 9904 10000 9904 0
2939 4 54 0 54 10000 9905 10000 9905 0
59202 4 55 0 55 10000 9906 10000 9906 0
89265 4 56 0 56 10000 9907 10000 9907 0
46349 4 57 0 57 10000 9908 10000 9908 0
93378 4 58 0 58 10000 9909 10000 9909 0
85442 4 59 0 59 10000 9910 10000 9910 0
61796 4 60 0 60 10000 9911 10000 9911 0
35201 4 61 0 61 10000 9912 10000 9912 0
18492 4 62 0 62 10000 9913 10000 9913 0
62102 4 63 0 63 10000 9914 10000 9914 0
7203 4 64 0 64 10000 9915 10000 9915 0
67514 4 65 0 65 10000 9916 10000 9916 0
38445 4 66 0 66 10000 9917 10000 9917 0
2137 4 67 0 67 10000 9918 10000 9918 0
31591 4 68 0 68 10000 9919 10000 9919 0
38836 4 69 0 69 10000 9920 10000 9920 0
13343 4 70 0 70 10000 9921 10000 9921 0
41256 4 71 0 71 10000 9922 10000 9922 0
93769 4 72 0 72 10000 9923 10000 9923 0
82415 4 73 0 73 10000 9924 10000 9924 0
61695 4 74 0 74 10000 9925 10000 9925 0
27719 4 75 0 75 10000 9926 10000 9926 0
79850 4 76 0 76 10000 9927 10000 9927 0
27569 4 77 0 77 10000 9928 10000 9928 0
55423 4 78 0 78 10000 9929 10000 9929 0
22330 4 79 0 79 10000 9930 10000 9930 0
99723 4 80 0 80 10000 9931 10000 9931 0
55423 4 81 0 81 10000 9932 10000 9932 0
62867 4 82 0 82 10000 9933 10000 9933 0
4653 4 83 0 83 10000 9934 10000 9934 0
10517 4 84 0 84 10000 9935 10000 9935 0
12424 4 85 0 85 10000 9936 10000 9936 0
54228 4 86 0 86 10000 9937 10000 9937 0
61837 4 87 0 87 10000 9938 10000 9938 0
95187 4 88 0 88 10000 9939 10000 9939 0
92762 4 89 0 89 10000 9940 10000 9940 0
28512 4 90 0 90 10000 9941 10000 9941 0
38061 4 91 0 91 10000 9942 10000 9942 0
30131 4 92 0 92 10000 9943 10000 9943 0
63915 4 93 0 93 10000 9944 10000 9944 0
31159 4 94 0 94 10000 9945 10000 9945 0
72834 4 95 0 95 10000 9946 10000 9946 0
32649 4 96 0 96 10000 9947 10000 9947 0
40017 4 97 0 97 10000 9948 10000 9948 0
54336 4 98 0 98 10000 9949 10000 9949 0
47431 4 99 0 99 10000 9950 10000 9950 0
99212 4 100 0 100 10000 9951 10000 9951 0
74122 4 101 0 101 10000 9952 10000 9952 0
38402 4 102 0 102 10000 9953 10000 9953 0
1914 4 103 0 103 10000 9954 10000 9954 0
90743 4 104 0 104 10000 9955 10000 9955 0
41781 4 105 0 105 10000 9956 10000 9956 0
86443 4 106 0 106 10000 9957 10000 9957 0
56797 4 107 0 107 10000 9958 10000 9958 0
55433 4 108 0 108 10000 9959 10000 9959 0
81303 4 109 0 109 10000 9960 10000 9960 0
30861 4 110 0 110 10000 9961 10000 9961 0
50102 4 111 0 111 10000 9962 10000 9962 0
30566 4 112 0 112 10000 9963 10000 9963 0
35768 4 113 0 113 10000 9964 10000 9964 0
99004 4 114 0 114 10000 9965 10000 9965 0
73231 4 115 0 115 10000 9966 10000 9966 0
32179 4 116 0 116 10000 9967 10000 9967 0
84835 4 117 0 117 10000 9968 10000 9968 0
76657 4 118 0 118 10000 9969 10000 9969 0
37014 4 119 0 119 10000 9970 10000 9970 0
32541 4 120 0 120 10000 9971 10000 9971 0
62921 4 121 0 121 10000 9972 10000 9972 0
1290 4 122 0 122 10000 9973 10000 9973 0
22398 4 123 0 123 10000 9974 10000 9974 0
20147 4 124 0 124 10000 9975 10000 9975 0
4383 4 125 0 125 10000 9976 10000 9976 0
38567 4 126 0 126 10000 9977 10000 9977 0
67485 4 127 0 127 10000 9978 10000 9978 0
42696 4 128 0 128 10000 9979 10000 9979 0
34587 4 129 0 129 10000 9980 10000 9980 0
77423 4 130 0 130 10000 9981 10000 9981 0
78124 4 131 0 131 10000 9982 10000 9982 0
18610 4 132 0 132 10000 9983 10000 9983 0
24475 4 133 0 133 10000 9984 10000 9984 0
88809 4 134 0 134 10000 9985 10000 9985 0
16138 4 135 0 135 10000 9986 10000 9986 0
70350 4 136 0 136 10000 9987 10000 9987 0
50462 4 137 0 137 10000 9988 10000 9988 0
49315 4 138 0 138 10000 9989 10000 9989 0
69017 4 139 0 139 10000 9990 10000 9990 0
92697 4 140 0 140 10000 9991 10000 9991 0
35112 4 141 0 141 10000 9992 10000 9992 0
73775 4 142 0 142 10000 9993 10000 9993 0
96320 4 143 0 143 10000 9994 10000 9994 0
75064 4 144 0 144 10000 9995 10000 9995 0
25667 4 145 0 145 10000 9996 10000 9996 0
31489 4 146 0 146 10000 9997 10000 9997 0
76039 4 147 0 147 10000 9998 10000 9998 0
4209 4 148 0 148 10000 9999 10000 9999 0
38457 4 149 0 149 10000 10000 10000 10000 0
