150
33184 4 0 0 0 9851 10000 9851 10000 0
45314 4 1 0 1 9852 9999 9852 9999 0
7612 4 2 0 2 9853 9998 9853 9998 0
65182 4 3 0 3 9854 9997 9854 9997 0
76092 4 4 0 4 9855 9996 9855 9996 0
57430 4 5 0 5 9856 9995 9856 9995 0
33958 4 6 0 6 9857 9994 9857 9994 0
29055 4 7 0 7 9858 9993 9858 9993 0
901 4 8 0 8 9859 9992 9859 9992 0
66890 4 9 0 9 9860 9991 9860 9991 0
27724 4 10 0 10 9861 9990 9861 9990 0
52141 4 11 0 11 9862 9989 9862 9989 0
49179 4 12 0 12 9863 9988 9863 9988 0
5570 4 13 0 13 9864 9987 9864 9987 0
38784 4 14 0 14 9865 9986 9865 9986 0
910 4 15 0 15 9866 9985 9866 9985 0
25407 4 16 0 16 9867 9984 9867 9984 0
2149 4 17 0 17 9868 9983 9868 9983 0
69366 4 18 0 18 9869 9982 9869 9982 0
90156 4 19 0 19 9870 9981 9870 9981 0
20443 4 20 0 20 9871 9980 9871 9980 0
45184 4 21 0 21 9872 9979 9872 9979 0
43495 4 22 0 22 9873 9978 9873 9978 0
10678 4 23 0 23 9874 9977 9874 9977 0
69879 4 24 0 24 9875 9976 9875 9976 0
65603 4 25 0 25 9876 9975 9876 9975 0
91921 4 26 0 26 9877 9974 9877 9974 0
9757 4 27 0 27 9878 9973 9878 9973 0
44772 4 28 0 28 9879 9972 9879 9972 0
16610 4 29 0 29 9880 9971 9880 9971 0
91956 4 30 0 30 9881 9970 9881 9970 0
92504 4 31 0 31 9882 9969 9882 9969 0
29941 4 32 0 32 9883 9968 9883 9968 0
31509 4 33 0 33 9884 9967 9884 9967 0
99702 4 34 0 34 9885 9966 9885 9966 0
23968 4 35 0 35 9886 9965 9886 9965 0
28513 4 36 0 36 9887 9964 9887 9964 0
26648 4 37 0 37 9888 9963 9888 9963 0
38752 4 38 0 38 9889 9962 9889 9962 0
52052 4 39 0 39 9890 9961 9890 9961 0
15939 4 40 0 40 9891 9960 9891 9960 0
30508 4 41 0 41 9892 9959 9892 9959 0
60640 4 42 0 42 9893 9958 9893 9958 0
31319 4 43 0 43 9894 9957 9894 9957 0
91546 4 44 0 44 9895 9956 9895 9956 0
99060 4 45 0 45 9896 9955 9896 9955 0
10725 4 46 0 46 9897 9954 9897 9954 0
45389 4 47 0 47 9898 9953 9898 9953 0
67977 4 48 0 48 9899 9952 9899 9952 0
87705 4 49 0 49 9900 9951 9900 9951 0
81894 4 50 0 50 9901 9950 9901 9950 0
64226 4 51 0 51 9902 9949 9902 9949 0
23896 4 52 0 52 9903 9948 9903 9948 0
6119 4 53 0 53 9904 9947 9904 9947 0
2939 4 54 0 54 9905 9946 9905 9946 0
59202 4 55 0 55 9906 9945 9906 9945 0
89265 4 56 0 56 9907 9944 9907 9944 0
46349 4 57 0 57 9908 9943 9908 9943 0
93378 4 58 0 58 9909 9942 9909 9942 0
85442 4 59 0 59 9910 9941 9910 9941 0
61796 4 60 0 60 9911 9940 9911 9940 0
35201 4 61 0 61 9912 9939 9912 9939 0
18492 4 62 0 62 9913 9938 9913 9938 0
62102 4 63 0 63 9914 9937 9914 9937 0
7203 4 64 0 64 9915 9936 9915 9936 0
67514 4 65 0 65 9916 9935 9916 9935 0
38445 4 66 0 66 9917 9934 9917 9934 0
2137 4 67 0 67 9918 9933 9918 9933 0
31591 4 68 0 68 9919 9932 9919 9932 0
38836 4 69 0 69 9920 9931 9920 9931 0
13343 4 70 0 70 9921 9930 9921 9930 0
41256 4 71 0 71 9922 9929 9922 9929 0
93769 4 72 0 72 9923 9928 9923 9928 0
82415 4 73 0 73 9924 9927 9924 9927 0
61695 4 74 0 74 9925 9926 9925 9926 0
27719 4 75 0 75 9926 9925 9926 9925 0
79850 4 76 0 76 9927 9924 9927 9924 0
27569 4 77 0 77 9928 9923 9928 9923 0
55423 4 78 0 78 9929 9922 9929 9922 0
22330 4 79 0 79 9930 9921 9930 9921 0
99723 4 80 0 80 9931 9920 9931 9920 0
55423 4 81 0 81 9932 9919 9932 9919 0
62867 4 82 0 82 9933 9918 9933 9918 0
4653 4 83 0 83 9934 9917 9934 9917 0
10517 4 84 0 84 9935 9916 9935 9916 0
12424 4 85 0 85 9936 9915 9936 9915 0
54228 4 86 0 86 9937 9914 9937 9914 0
61837 4 87 0 87 9938 9913 9938 9913 0
95187 4 88 0 88 9939 9912 9939 9912 0
92762 4 89 0 89 9940 9911 9940 9911 0
28512 4 90 0 90 9941 9910 9941 9910 0
38061 4 91 0 91 9942 9909 9942 9909 0
30131 4 92 0 92 9943 9908 9943 9908 0
63915 4 93 0 93 9944 9907 9944 9907 0
31159 4 94 0 94 9945 9906 9945 9906 0
72834 4 95 0 95 9946 9905 9946 9905 0
32649 4 96 0 96 9947 9904 9947 9904 0
40017 4 97 0 97 9948 9903 9948 9903 0
54336 4 98 0 98 9949 9902 9949 9902 0
47431 4 99 0 99 9950 9901 9950 9901 0
99212 4 100 0 100 9951 9900 9951 9900 0
74122 4 101 0 101 9952 9899 9952 9899 0
38402 4 102 0 102 9953 9898 9953 9898 0
1914 4 103 0 103 9954 9897 9954 9897 0
90743 4 104 0 104 9955 9896 9955 9896 0
41781 4 105 0 105 9956 9895 9956 9895 0
86443 4 106 0 106 9957 9894 9957 9894 0
56797 4 107 0 107 9958 9893 9958 9893 0
55433 4 108 0 108 9959 9892 9959 9892 0
81303 4 109 0 109 9960 9891 9960 9891 0
30861 4 110 0 110 9961 9890 9961 9890 0
50102 4 111 0 111 9962 9889 9962 9889 0
30566 4 112 0 112 9963 9888 9963 9888 0
35768 4 113 0 113 9964 9887 9964 9887 0
99004 4 114 0 114 9965 9886 9965 9886 0
73231 4 115 0 115 9966 9885 9966 9885 0
32179 4 116 0 116 9967 9884 9967 9884 0
84835 4 117 0 117 9968 9883 9968 9883 0
76657 4 118 0 118 9969 9882 9969 9882 0
37014 4 119 0 119 9970 9881 9970 9881 0
32541 4 120 0 120 9971 9880 9971 9880 0
62921 4 121 0 121 9972 9879 9972 9879 0
1290 4 122 0 122 9973 9878 9973 9878 0
22398 4 123 0 123 9974 9877 9974 9877 0
20147 4 124 0 124 9975 9876 9975 9876 0
4383 4 125 0 125 9976 9875 9976 9875 0
38567 4 126 0 126 9977 9874 9977 9874 0
67485 4 127 0 127 9978 9873 9978 9873 0
42696 4 128 0 128 9979 9872 9979 9872 0
34587 4 129 0 129 9980 9871 9980 9871 0
77423 4 130 0 130 9981 9870 9981 9870 0
78124 4 131 0 131 9982 9869 9982 9869 0
18610 4 132 0 132 9983 9868 9983 9868 0
24475 4 133 0 133 9984 9867 9984 9867 0
88809 4 134 0 134 9985 9866 9985 9866 0
16138 4 135 0 135 9986 9865 9986 9865 0
70350 4 136 0 136 9987 9864 9987 9864 0
50462 4 137 0 137 9988 9863 9988 9863 0
49315 4 138 0 138 9989 9862 9989 9862 0
69017 4 139 0 139 9990 9861 9990 9861 0
92697 4 140 0 140 9991 9860 9991 9860 0
35112 4 141 0 141 9992 9859 9992 9859 0
73775 4 142 0 142 9993 9858 9993 9858 0
96320 4 143 0 143 9994 9857 9994 9857 0
75064 4 144 0 144 9995 9856 9995 9856 0
25667 4 145 0 145 9996 9855 9996 9855 0
31489 4 146 0 146 9997 9854 9997 9854 0
76039 4 147 0 147 9998 9853 9998 9853 0
4209 4 148 0 148 9999 9852 9999 9852 0
38457 4 149 0 149 10000 9851 10000 9851 0
