150
62991 4 0 0 0 10000 9926 10000 9926 0
53568 4 1 0 1 10000 9927 10000 9927 0
61553 4 2 0 2 10000 9928 10000 9928 0
95243 4 3 0 3 10000 9929 10000 9929 0
82231 4 4 0 4 10000 9930 10000 9930 0
45600 4 5 0 5 10000 9931 10000 9931 0
61257 4 6 0 6 10000 9932 10000 9932 0
92981 4 7 0 7 10000 9933 10000 9933 0
94135 4 8 0 8 10000 9934 10000 9934 0
20363 4 9 0 9 10000 9935 10000 9935 0
98138 4 10 0 10 10000 9936 10000 9936 0
93787 4 11 0 11 10000 9937 10000 9937 0
91416 4 12 0 12 10000 9938 10000 9938 0
57941 4 13 0 13 10000 9939 10000 9939 0
17228 4 14 0 14 10000 9940 10000 9940 0
45413 4 15 0 15 10000 9941 10000 9941 0
52582 4 16 0 16 10000 9942 10000 9942 0
46871 4 17 0 17 10000 9943 10000 9943 0
73327 4 18 0 18 10000 9944 10000 9944 0
79613 4 19 0 19 10000 9945 10000 9945 0
41809 4 20 0 20 10000 9946 10000 9946 0
29775 4 21 0 21 10000 9947 10000 9947 0
8469 4 22 0 22 10000 9948 10000 9948 0
45747 4 23 0 23 10000 9949 10000 9949 0
78413 4 24 0 24 10000 9950 10000 9950 0
14526 4 25 0 25 10000 9951 10000 9951 0
1267 4 26 0 26 10000 9952 10000 9952 0
19898 4 27 0 27 10000 9953 10000 9953 0
6290 4 28 0 28 10000 9954 10000 9954 0
3016 4 29 0 29 10000 9955 10000 9955 0
69060 4 30 0 30 10000 9956 10000 9956 0
39048 4 31 0 31 10000 9957 10000 9957 0
23676 4 32 0 32 10000 9958 10000 9958 0
56184 4 33 0 33 10000 9959 10000 9959 0
21670 4 34 0 34 10000 9960 10000 9960 0
87258 4 35 0 35 10000 9961 10000 9961 0
64555 4 36 0 36 10000 9962 10000 9962 0
77977 4 37 0 37 10000 9963 10000 9963 0
53338 4 38 0 38 10000 9964 10000 9964 0
80429 4 39 0 39 10000 9965 10000 9965 0
39909 4 40 0 40 10000 9966 10000 9966 0
58750 4 41 0 41 10000 9967 10000 9967 0
41448 4 42 0 42 10000 9968 10000 9968 0
83942 4 43 0 43 10000 9969 10000 9969 0
4784 4 44 0 44 10000 9970 10000 9970 0
75963 4 45 0 45 10000 9971 10000 9971 0
90265 4 46 0 46 10000 9972 10000 9972 0
49803 4 47 0 47 10000 9973 10000 9973 0
28376 4 48 0 48 10000 9974 10000 9974 0
5577 4 49 0 49 10000 9975 10000 9975 0
22075 4 50 0 50 10000 9976 10000 9976 0
66088 4 51 0 51 10000 9977 10000 9977 0
25679 4 52 0 52 10000 9978 10000 9978 0
12678 4 53 0 53 10000 9979 10000 9979 0
385 4 54 0 54 10000 9980 10000 9980 0
63628 4 55 0 55 10000 9981 10000 9981 0
31527 4 56 0 56 10000 9982 10000 9982 0
94771 4 57 0 57 10000 9983 10000 9983 0
56416 4 58 0 58 10000 9984 10000 9984 0
63337 4 59 0 59 10000 9985 10000 9985 0
40058 4 60 0 60 10000 9986 10000 9986 0
93844 4 61 0 61 10000 9987 10000 9987 0
61012 4 62 0 62 10000 9988 10000 9988 0
69591 4 63 0 63 10000 9989 10000 9989 0
52291 4 64 0 64 10000 9990 10000 9990 0
39475 4 65 0 65 10000 9991 10000 9991 0
84889 4 66 0 66 10000 9992 10000 9992 0
75057 4 67 0 67 10000 9993 10000 9993 0
92259 4 68 0 68 10000 9994 10000 9994 0
43838 4 69 0 69 10000 9995 10000 9995 0
85234 4 70 0 70 10000 9996 10000 9996 0
39094 4 71 0 71 10000 9997 10000 9997 0
11804 4 72 0 72 10000 9998 10000 9998 0
91429 4 73 0 73 10000 9999 10000 9999 0
93701 4 74 0 74 10000 10000 10000 10000 0
88105 4 76 0 76 9999 9851 9999 9851 0
92249 4 77 0 77 9999 9852 9999 9852 0
5533 4 78 0 78 9999 9853 9999 9853 0
83900 4 79 0 79 9999 9854 9999 9854 0
22610 4 80 0 80 9999 9855 9999 9855 0
90885 4 81 0 81 9999 9856 9999 9856 0
18815 4 82 0 82 9999 9857 9999 9857 0
34373 4 83 0 83 9999 9858 9999 9858 0
23164 4 84 0 84 9999 9859 9999 9859 0
80239 4 85 0 85 9999 9860 9999 9860 0
58889 4 86 0 86 9999 9861 9999 9861 0
48916 4 87 0 87 9999 9862 9999 9862 0
82773 4 88 0 88 9999 9863 9999 9863 0
86732 4 89 0 89 9999 9864 9999 9864 0
34940 4 90 0 90 9999 9865 9999 9865 0
12028 4 91 0 91 9999 9866 9999 9866 0
7024 4 92 0 92 9999 9867 9999 9867 0
56661 4 93 0 93 9999 9868 9999 9868 0
15452 4 94 0 94 9999 9869 9999 9869 0
29210 4 95 0 95 9999 9870 9999 9870 0
87110 4 96 0 96 9999 9871 9999 9871 0
62565 4 97 0 97 9999 9872 9999 9872 0
65908 4 98 0 98 9999 9873 9999 9873 0
88810 4 99 0 99 9999 9874 9999 9874 0
96496 4 100 0 100 9999 9875 9999 9875 0
9340 4 101 0 101 9999 9876 9999 9876 0
34575 4 102 0 102 9999 9877 9999 9877 0
55119 4 103 0 103 9999 9878 9999 9878 0
4239 4 104 0 104 9999 9879 9999 9879 0
55455 4 105 0 105 9999 9880 9999 9880 0
31520 4 106 0 106 9999 9881 9999 9881 0
51343 4 107 0 107 9999 9882 9999 9882 0
46341 4 108 0 108 9999 9883 9999 9883 0
95381 4 109 0 109 9999 9884 9999 9884 0
62427 4 110 0 110 9999 9885 9999 9885 0
33557 4 111 0 111 9999 9886 9999 9886 0
35225 4 112 0 112 9999 9887 9999 9887 0
88043 4 113 0 113 9999 9888 9999 9888 0
54585 4 114 0 114 9999 9889 9999 9889 0
44014 4 115 0 115 9999 9890 9999 9890 0
41047 4 116 0 116 9999 9891 9999 9891 0
94353 4 117 0 117 9999 9892 9999 9892 0
89784 4 118 0 118 9999 9893 9999 9893 0
22156 4 119 0 119 9999 9894 9999 9894 0
90638 4 120 0 120 9999 9895 9999 9895 0
411 4 121 0 121 9999 9896 9999 9896 0
81945 4 122 0 122 9999 9897 9999 9897 0
66822 4 123 0 123 9999 9898 9999 9898 0
53712 4 124 0 124 9999 9899 9999 9899 0
40802 4 125 0 125 9999 9900 9999 9900 0
81216 4 126 0 126 9999 9901 9999 9901 0
87606 4 127 0 127 9999 9902 9999 9902 0
89813 4 128 0 128 9999 9903 9999 9903 0
58848 4 129 0 129 9999 9904 9999 9904 0
22232 4 130 0 130 9999 9905 9999 9905 0
10073 4 131 0 131 9999 9906 9999 9906 0
42872 4 132 0 132 9999 9907 9999 9907 0
58551 4 133 0 133 9999 9908 9999 9908 0
58892 4 134 0 134 9999 9909 9999 9909 0
90163 4 135 0 135 9999 9910 9999 9910 0
82424 4 136 0 136 9999 9911 9999 9911 0
69067 4 137 0 137 9999 9912 9999 9912 0
43471 4 138 0 138 9999 9913 9999 9913 0
35592 4 139 0 139 9999 9914 9999 9914 0
85369 4 140 0 140 9999 9915 9999 9915 0
69859 4 141 0 141 9999 9916 9999 9916 0
74389 4 142 0 142 9999 9917 9999 9917 0
72612 4 143 0 143 9999 9918 9999 9918 0
49089 4 144 0 144 9999 9919 9999 9919 0
98028 4 145 0 145 9999 9920 9999 9920 0
36888 4 146 0 146 9999 9921 9999 9921 0
52692 4 147 0 147 9999 9922 9999 9922 0
7291 4 148 0 148 9999 9923 9999 9923 0
66454 4 149 0 149 9999 9924 9999 9924 0
53780 4 150 0 150 9999 9925 9999 9925 0
