150
62991 4 0 0 0 9926 10000 9926 10000 0
53568 4 1 0 1 9927 9999 9927 9999 0
61553 4 2 0 2 9928 9998 9928 9998 0
95243 4 3 0 3 9929 9997 9929 9997 0
82231 4 4 0 4 9930 9996 9930 9996 0
45600 4 5 0 5 9931 9995 9931 9995 0
61257 4 6 0 6 9932 9994 9932 9994 0
92981 4 7 0 7 9933 9993 9933 9993 0
94135 4 8 0 8 9934 9992 9934 9992 0
20363 4 9 0 9 9935 9991 9935 9991 0
98138 4 10 0 10 9936 9990 9936 9990 0
93787 4 11 0 11 9937 9989 9937 9989 0
91416 4 12 0 12 9938 9988 9938 9988 0
57941 4 13 0 13 9939 9987 9939 9987 0
17228 4 14 0 14 9940 9986 9940 9986 0
45413 4 15 0 15 9941 9985 9941 9985 0
52582 4 16 0 16 9942 9984 9942 9984 0
46871 4 17 0 17 9943 9983 9943 9983 0
73327 4 18 0 18 9944 9982 9944 9982 0
79613 4 19 0 19 9945 9981 9945 9981 0
41809 4 20 0 20 9946 9980 9946 9980 0
29775 4 21 0 21 9947 9979 9947 9979 0
8469 4 22 0 22 9948 9978 9948 9978 0
45747 4 23 0 23 9949 9977 9949 9977 0
78413 4 24 0 24 9950 9976 9950 9976 0
14526 4 25 0 25 9951 9975 9951 9975 0
1267 4 26 0 26 9952 9974 9952 9974 0
19898 4 27 0 27 9953 9973 9953 9973 0
6290 4 28 0 28 9954 9972 9954 9972 0
3016 4 29 0 29 9955 9971 9955 9971 0
69060 4 30 0 30 9956 9970 9956 9970 0
39048 4 31 0 31 9957 9969 9957 9969 0
23676 4 32 0 32 9958 9968 9958 9968 0
56184 4 33 0 33 9959 9967 9959 9967 0
21670 4 34 0 34 9960 9966 9960 9966 0
87258 4 35 0 35 9961 9965 9961 9965 0
64555 4 36 0 36 9962 9964 9962 9964 0
77977 4 37 0 37 9963 9963 9963 9963 0
53338 4 38 0 38 9964 9962 9964 9962 0
80429 4 39 0 39 9965 9961 9965 9961 0
39909 4 40 0 40 9966 9960 9966 9960 0
58750 4 41 0 41 9967 9959 9967 9959 0
41448 4 42 0 42 9968 9958 9968 9958 0
83942 4 43 0 43 9969 9957 9969 9957 0
4784 4 44 0 44 9970 9956 9970 9956 0
75963 4 45 0 45 9971 9955 9971 9955 0
90265 4 46 0 46 9972 9954 9972 9954 0
49803 4 47 0 47 9973 9953 9973 9953 0
28376 4 48 0 48 9974 9952 9974 9952 0
5577 4 49 0 49 9975 9951 9975 9951 0
22075 4 50 0 50 9976 9950 9976 9950 0
66088 4 51 0 51 9977 9949 9977 9949 0
25679 4 52 0 52 9978 9948 9978 9948 0
12678 4 53 0 53 9979 9947 9979 9947 0
385 4 54 0 54 9980 9946 9980 9946 0
63628 4 55 0 55 9981 9945 9981 9945 0
31527 4 56 0 56 9982 9944 9982 9944 0
94771 4 57 0 57 9983 9943 9983 9943 0
56416 4 58 0 58 9984 9942 9984 9942 0
63337 4 59 0 59 9985 9941 9985 9941 0
40058 4 60 0 60 9986 9940 9986 9940 0
93844 4 61 0 61 9987 9939 9987 9939 0
61012 4 62 0 62 9988 9938 9988 9938 0
69591 4 63 0 63 9989 9937 9989 9937 0
52291 4 64 0 64 9990 9936 9990 9936 0
39475 4 65 0 65 9991 9935 9991 9935 0
84889 4 66 0 66 9992 9934 9992 9934 0
75057 4 67 0 67 9993 9933 9993 9933 0
92259 4 68 0 68 9994 9932 9994 9932 0
43838 4 69 0 69 9995 9931 9995 9931 0
85234 4 70 0 70 9996 9930 9996 9930 0
39094 4 71 0 71 9997 9929 9997 9929 0
11804 4 72 0 72 9998 9928 9998 9928 0
91429 4 73 0 73 9999 9927 9999 9927 0
93701 4 74 0 74 10000 9926 10000 9926 0
88105 4 75 0 75 9851 9925 9851 9925 0
92249 4 76 0 76 9852 9924 9852 9924 0
5533 4 77 0 77 9853 9923 9853 9923 0
83900 4 78 0 78 9854 9922 9854 9922 0
22610 4 79 0 79 9855 9921 9855 9921 0
90885 4 80 0 80 9856 9920 9856 9920 0
18815 4 81 0 81 9857 9919 9857 9919 0
34373 4 82 0 82 9858 9918 9858 9918 0
23164 4 83 0 83 9859 9917 9859 9917 0
80239 4 84 0 84 9860 9916 9860 9916 0
58889 4 85 0 85 9861 9915 9861 9915 0
48916 4 86 0 86 9862 9914 9862 9914 0
82773 4 87 0 87 9863 9913 9863 9913 0
86732 4 88 0 88 9864 9912 9864 9912 0
34940 4 89 0 89 9865 9911 9865 9911 0
12028 4 90 0 90 9866 9910 9866 9910 0
7024 4 91 0 91 9867 9909 9867 9909 0
56661 4 92 0 92 9868 9908 9868 9908 0
15452 4 93 0 93 9869 9907 9869 9907 0
29210 4 94 0 94 9870 9906 9870 9906 0
87110 4 95 0 95 9871 9905 9871 9905 0
62565 4 96 0 96 9872 9904 9872 9904 0
65908 4 97 0 97 9873 9903 9873 9903 0
88810 4 98 0 98 9874 9902 9874 9902 0
96496 4 99 0 99 9875 9901 9875 9901 0
9340 4 100 0 100 9876 9900 9876 9900 0
34575 4 101 0 101 9877 9899 9877 9899 0
55119 4 102 0 102 9878 9898 9878 9898 0
4239 4 103 0 103 9879 9897 9879 9897 0
55455 4 104 0 104 9880 9896 9880 9896 0
31520 4 105 0 105 9881 9895 9881 9895 0
51343 4 106 0 106 9882 9894 9882 9894 0
46341 4 107 0 107 9883 9893 9883 9893 0
95381 4 108 0 108 9884 9892 9884 9892 0
62427 4 109 0 109 9885 9891 9885 9891 0
33557 4 110 0 110 9886 9890 9886 9890 0
35225 4 111 0 111 9887 9889 9887 9889 0
88043 4 112 0 112 9888 9888 9888 9888 0
54585 4 113 0 113 9889 9887 9889 9887 0
44014 4 114 0 114 9890 9886 9890 9886 0
41047 4 115 0 115 9891 9885 9891 9885 0
94353 4 116 0 116 9892 9884 9892 9884 0
89784 4 117 0 117 9893 9883 9893 9883 0
22156 4 118 0 118 9894 9882 9894 9882 0
90638 4 119 0 119 9895 9881 9895 9881 0
411 4 120 0 120 9896 9880 9896 9880 0
81945 4 121 0 121 9897 9879 9897 9879 0
66822 4 122 0 122 9898 9878 9898 9878 0
53712 4 123 0 123 9899 9877 9899 9877 0
40802 4 124 0 124 9900 9876 9900 9876 0
81216 4 125 0 125 9901 9875 9901 9875 0
87606 4 126 0 126 9902 9874 9902 9874 0
89813 4 127 0 127 9903 9873 9903 9873 0
58848 4 128 0 128 9904 9872 9904 9872 0
22232 4 129 0 129 9905 9871 9905 9871 0
10073 4 130 0 130 9906 9870 9906 9870 0
42872 4 131 0 131 9907 9869 9907 9869 0
58551 4 132 0 132 9908 9868 9908 9868 0
58892 4 133 0 133 9909 9867 9909 9867 0
90163 4 134 0 134 9910 9866 9910 9866 0
82424 4 135 0 135 9911 9865 9911 9865 0
69067 4 136 0 136 9912 9864 9912 9864 0
43471 4 137 0 137 9913 9863 9913 9863 0
35592 4 138 0 138 9914 9862 9914 9862 0
85369 4 139 0 139 9915 9861 9915 9861 0
69859 4 140 0 140 9916 9860 9916 9860 0
74389 4 141 0 141 9917 9859 9917 9859 0
72612 4 142 0 142 9918 9858 9918 9858 0
49089 4 143 0 143 9919 9857 9919 9857 0
98028 4 144 0 144 9920 9856 9920 9856 0
36888 4 145 0 145 9921 9855 9921 9855 0
52692 4 146 0 146 9922 9854 9922 9854 0
7291 4 147 0 147 9923 9853 9923 9853 0
66454 4 148 0 148 9924 9852 9924 9852 0
53780 4 149 0 149 9925 9851 9925 9851 0
