150
92798 4 0 0 0 10000 9951 10000 9951 0
86014 4 1 0 1 10000 9952 10000 9952 0
50086 4 2 0 2 10000 9953 10000 9953 0
82199 4 3 0 3 10000 9954 10000 9954 0
45265 4 4 0 4 10000 9955 10000 9955 0
33771 4 5 0 5 10000 9956 10000 9956 0
55852 4 6 0 6 10000 9957 10000 9957 0
56907 4 7 0 7 10000 9958 10000 9958 0
30473 4 8 0 8 10000 9959 10000 9959 0
82348 4 9 0 9 10000 9960 10000 9960 0
1255 4 10 0 10 10000 9961 10000 9961 0
68137 4 11 0 11 10000 9962 10000 9962 0
66358 4 12 0 12 10000 9963 10000 9963 0
77608 4 13 0 13 10000 9964 10000 9964 0
19865 4 14 0 14 10000 9965 10000 9965 0
89916 4 15 0 15 10000 9966 10000 9966 0
38541 4 16 0 16 10000 9967 10000 9967 0
67402 4 17 0 17 10000 9968 10000 9968 0
44585 4 18 0 18 10000 9969 10000 9969 0
69070 4 19 0 19 10000 9970 10000 9970 0
95879 4 20 0 20 10000 9971 10000 9971 0
14367 4 21 0 21 10000 9972 10000 9972 0
16547 4 22 0 22 10000 9973 10000 9973 0
13520 4 23 0 23 10000 9974 10000 9974 0
86946 4 24 0 24 10000 9975 10000 9975 0
39257 4 25 0 25 10000 9976 10000 9976 0
67510 4 26 0 26 10000 9977 10000 9977 0
5846 4 27 0 27 10000 9978 10000 9978 0
35103 4 28 0 28 10000 9979 10000 9979 0
32527 4 29 0 29 10000 9980 10000 9980 0
13460 4 30 0 30 10000 9981 10000 9981 0
52889 4 31 0 31 10000 9982 10000 9982 0
93218 4 32 0 32 10000 9983 10000 9983 0
23963 4 33 0 33 10000 9984 10000 9984 0
43637 4 34 0 34 10000 9985 10000 9985 0
74739 4 35 0 35 10000 9986 10000 9986 0
59382 4 36 0 36 10000 9987 10000 9987 0
29306 4 37 0 37 10000 9988 10000 9988 0
35220 4 38 0 38 10000 9989 10000 9989 0
32998 4 39 0 39 10000 9990 10000 9990 0
72390 4 40 0 40 10000 9991 10000 9991 0
11184 4 41 0 41 10000 9992 10000 9992 0
46448 4 42 0 42 10000 9993 10000 9993 0
93462 4 43 0 43 10000 9994 10000 9994 0
9509 4 44 0 44 10000 9995 10000 9995 0
28673 4 45 0 45 10000 9996 10000 9996 0
93997 4 46 0 46 10000 9997 10000 9997 0
21514 4 47 0 47 10000 9998 10000 9998 0
97287 4 48 0 48 10000 9999 10000 9999 0
56153 4 49 0 49 10000 10000 10000 10000 0
38065 4 51 0 51 9999 9901 9999 9901 0
24847 4 52 0 52 9999 9902 9999 9902 0
27462 4 53 0 53 9999 9903 9999 9903 0
19237 4 54 0 54 9999 9904 9999 9904 0
89319 4 55 0 55 9999 9905 9999 9905 0
757 4 56 0 56 9999 9906 9999 9906 0
41086 4 57 0 57 9999 9907 9999 9907 0
43192 4 58 0 58 9999 9908 9999 9908 0
95263 4 59 0 59 9999 9909 9999 9909 0
65424 4 60 0 60 9999 9910 9999 9910 0
94128 4 61 0 61 9999 9911 9999 9911 0
52487 4 62 0 62 9999 9912 9999 9912 0
27724 4 63 0 63 9999 9913 9999 9913 0
44376 4 64 0 64 9999 9914 9999 9914 0
88867 4 65 0 65 9999 9915 9999 9915 0
78733 4 66 0 66 9999 9916 9999 9916 0
31332 4 67 0 67 9999 9917 9999 9917 0
15273 4 68 0 68 9999 9918 9999 9918 0
9822 4 69 0 69 9999 9919 9999 9919 0
40328 4 70 0 70 9999 9920 9999 9920 0
89828 4 71 0 71 9999 9921 9999 9921 0
80036 4 72 0 72 9999 9922 9999 9922 0
54032 4 73 0 73 9999 9923 9999 9923 0
33146 4 74 0 74 9999 9924 9999 9924 0
68810 4 75 0 75 9999 9925 9999 9925 0
89708 4 76 0 76 9999 9926 9999 9926 0
4649 4 77 0 77 9999 9927 9999 9927 0
50793 4 78 0 78 9999 9928 9999 9928 0
77785 4 79 0 79 9999 9929 9999 9929 0
79786 4 80 0 80 9999 9930 9999 9930 0
57854 4 81 0 81 9999 9931 9999 9931 0
25311 4 82 0 82 9999 9932 9999 9932 0
5880 4 83 0 83 9999 9933 9999 9933 0
17482 4 84 0 84 9999 9934 9999 9934 0
74152 4 85 0 85 9999 9935 9999 9935 0
5354 4 86 0 86 9999 9936 9999 9936 0
43603 4 87 0 87 9999 9937 9999 9937 0
3708 4 88 0 88 9999 9938 9999 9938 0
35173 4 89 0 89 9999 9939 9999 9939 0
34013 4 90 0 90 9999 9940 9999 9940 0
28249 4 91 0 91 9999 9941 9999 9941 0
67475 4 92 0 92 9999 9942 9999 9942 0
50486 4 93 0 93 9999 9943 9999 9943 0
42798 4 94 0 94 9999 9944 9999 9944 0
27260 4 95 0 95 9999 9945 9999 9945 0
1385 4 96 0 96 9999 9946 9999 9946 0
92480 4 97 0 97 9999 9947 9999 9947 0
67606 4 98 0 98 9999 9948 9999 9948 0
99092 4 99 0 99 9999 9949 9999 9949 0
80153 4 100 0 100 9999 9950 9999 9950 0
10955 4 102 0 102 9998 9851 9998 9851 0
95028 4 103 0 103 9998 9852 9998 9852 0
63324 4 104 0 104 9998 9853 9998 9853 0
39268 4 105 0 105 9998 9854 9998 9854 0
52870 4 106 0 106 9998 9855 9998 9855 0
78154 4 107 0 107 9998 9856 9998 9856 0
48948 4 108 0 108 9998 9857 9998 9857 0
92781 4 109 0 109 9998 9858 9998 9858 0
11137 4 110 0 110 9998 9859 9998 9859 0
76254 4 111 0 111 9998 9860 9998 9860 0
36253 4 112 0 112 9998 9861 9998 9861 0
20349 4 113 0 113 9998 9862 9998 9862 0
69713 4 114 0 114 9998 9863 9998 9863 0
49211 4 115 0 115 9998 9864 9998 9864 0
89024 4 116 0 116 9998 9865 9998 9865 0
33055 4 117 0 117 9998 9866 9998 9866 0
48015 4 118 0 118 9998 9867 9998 9867 0
18925 4 119 0 119 9998 9868 9998 9868 0
359 4 120 0 120 9998 9869 9998 9869 0
1157 4 121 0 121 9998 9870 9998 9870 0
76793 4 122 0 122 9998 9871 9998 9871 0
76777 4 123 0 123 9998 9872 9998 9872 0
73571 4 124 0 124 9998 9873 9998 9873 0
85025 4 125 0 125 9998 9874 9998 9874 0
94160 4 126 0 126 9998 9875 9998 9875 0
58050 4 127 0 127 9998 9876 9998 9876 0
69348 4 128 0 128 9998 9877 9998 9877 0
36333 4 129 0 129 9998 9878 9998 9878 0
75001 4 130 0 130 9998 9879 9998 9879 0
42581 4 131 0 131 9998 9880 9998 9880 0
18532 4 132 0 132 9998 9881 9998 9881 0
64516 4 133 0 133 9998 9882 9998 9882 0
22684 4 134 0 134 9998 9883 9998 9883 0
93310 4 135 0 135 9998 9884 9998 9884 0
15709 4 136 0 136 9998 9885 9998 9885 0
48710 4 137 0 137 9998 9886 9998 9886 0
488 4 138 0 138 9998 9887 9998 9887 0
44993 4 139 0 139 9998 9888 9998 9888 0
89166 4 140 0 140 9998 9889 9998 9889 0
69016 4 141 0 141 9998 9890 9998 9890 0
47021 4 142 0 142 9998 9891 9998 9891 0
24066 4 143 0 143 9998 9892 9998 9892 0
95642 4 144 0 144 9998 9893 9998 9893 0
58754 4 145 0 145 9998 9894 9998 9894 0
45184 4 146 0 146 9998 9895 9998 9895 0
48109 4 147 0 147 9998 9896 9998 9896 0
73896 4 148 0 148 9998 9897 9998 9897 0
30031 4 149 0 149 9998 9898 9998 9898 0
28699 4 150 0 150 9998 9899 9998 9899 0
69103 4 151 0 151 9998 9900 9998 9900 0
