150
92798 4 0 0 0 9951 10000 9951 10000 0
86014 4 1 0 1 9952 9999 9952 9999 0
50086 4 2 0 2 9953 9998 9953 9998 0
82199 4 3 0 3 9954 9997 9954 9997 0
45265 4 4 0 4 9955 9996 9955 9996 0
33771 4 5 0 5 9956 9995 9956 9995 0
55852 4 6 0 6 9957 9994 9957 9994 0
56907 4 7 0 7 9958 9993 9958 9993 0
30473 4 8 0 8 9959 9992 9959 9992 0
82348 4 9 0 9 9960 9991 9960 9991 0
1255 4 10 0 10 9961 9990 9961 9990 0
68137 4 11 0 11 9962 9989 9962 9989 0
66358 4 12 0 12 9963 9988 9963 9988 0
77608 4 13 0 13 9964 9987 9964 9987 0
19865 4 14 0 14 9965 9986 9965 9986 0
89916 4 15 0 15 9966 9985 9966 9985 0
38541 4 16 0 16 9967 9984 9967 9984 0
67402 4 17 0 17 9968 9983 9968 9983 0
44585 4 18 0 18 9969 9982 9969 9982 0
69070 4 19 0 19 9970 9981 9970 9981 0
95879 4 20 0 20 9971 9980 9971 9980 0
14367 4 21 0 21 9972 9979 9972 9979 0
16547 4 22 0 22 9973 9978 9973 9978 0
13520 4 23 0 23 9974 9977 9974 9977 0
86946 4 24 0 24 9975 9976 9975 9976 0
39257 4 25 0 25 9976 9975 9976 9975 0
67510 4 26 0 26 9977 9974 9977 9974 0
5846 4 27 0 27 9978 9973 9978 9973 0
35103 4 28 0 28 9979 9972 9979 9972 0
32527 4 29 0 29 9980 9971 9980 9971 0
13460 4 30 0 30 9981 9970 9981 9970 0
52889 4 31 0 31 9982 9969 9982 9969 0
93218 4 32 0 32 9983 9968 9983 9968 0
23963 4 33 0 33 9984 9967 9984 9967 0
43637 4 34 0 34 9985 9966 9985 9966 0
74739 4 35 0 35 9986 9965 9986 9965 0
59382 4 36 0 36 9987 9964 9987 9964 0
29306 4 37 0 37 9988 9963 9988 9963 0
35220 4 38 0 38 9989 9962 9989 9962 0
32998 4 39 0 39 9990 9961 9990 9961 0
72390 4 40 0 40 9991 9960 9991 9960 0
11184 4 41 0 41 9992 9959 9992 9959 0
46448 4 42 0 42 9993 9958 9993 9958 0
93462 4 43 0 43 9994 9957 9994 9957 0
9509 4 44 0 44 9995 9956 9995 9956 0
28673 4 45 0 45 9996 9955 9996 9955 0
93997 4 46 0 46 9997 9954 9997 9954 0
21514 4 47 0 47 9998 9953 9998 9953 0
97287 4 48 0 48 9999 9952 9999 9952 0
56153 4 49 0 49 10000 9951 10000 9951 0
38065 4 50 0 50 9901 9950 9901 9950 0
24847 4 51 0 51 9902 9949 9902 9949 0
27462 4 52 0 52 9903 9948 9903 9948 0
19237 4 53 0 53 9904 9947 9904 9947 0
89319 4 54 0 54 9905 9946 9905 9946 0
757 4 55 0 55 9906 9945 9906 9945 0
41086 4 56 0 56 9907 9944 9907 9944 0
43192 4 57 0 57 9908 9943 9908 9943 0
95263 4 58 0 58 9909 9942 9909 9942 0
65424 4 59 0 59 9910 9941 9910 9941 0
94128 4 60 0 60 9911 9940 9911 9940 0
52487 4 61 0 61 9912 9939 9912 9939 0
27724 4 62 0 62 9913 9938 9913 9938 0
44376 4 63 0 63 9914 9937 9914 9937 0
88867 4 64 0 64 9915 9936 9915 9936 0
78733 4 65 0 65 9916 9935 9916 9935 0
31332 4 66 0 66 9917 9934 9917 9934 0
15273 4 67 0 67 9918 9933 9918 9933 0
9822 4 68 0 68 9919 9932 9919 9932 0
40328 4 69 0 69 9920 9931 9920 9931 0
89828 4 70 0 70 9921 9930 9921 9930 0
80036 4 71 0 71 9922 9929 9922 9929 0
54032 4 72 0 72 9923 9928 9923 9928 0
33146 4 73 0 73 9924 9927 9924 9927 0
68810 4 74 0 74 9925 9926 9925 9926 0
89708 4 75 0 75 9926 9925 9926 9925 0
4649 4 76 0 76 9927 9924 9927 9924 0
50793 4 77 0 77 9928 9923 9928 9923 0
77785 4 78 0 78 9929 9922 9929 9922 0
79786 4 79 0 79 9930 9921 9930 9921 0
57854 4 80 0 80 9931 9920 9931 9920 0
25311 4 81 0 81 9932 9919 9932 9919 0
5880 4 82 0 82 9933 9918 9933 9918 0
17482 4 83 0 83 9934 9917 9934 9917 0
74152 4 84 0 84 9935 9916 9935 9916 0
5354 4 85 0 85 9936 9915 9936 9915 0
43603 4 86 0 86 9937 9914 9937 9914 0
3708 4 87 0 87 9938 9913 9938 9913 0
35173 4 88 0 88 9939 9912 9939 9912 0
34013 4 89 0 89 9940 9911 9940 9911 0
28249 4 90 0 90 9941 9910 9941 9910 0
67475 4 91 0 91 9942 9909 9942 9909 0
50486 4 92 0 92 9943 9908 9943 9908 0
42798 4 93 0 93 9944 9907 9944 9907 0
27260 4 94 0 94 9945 9906 9945 9906 0
1385 4 95 0 95 9946 9905 9946 9905 0
92480 4 96 0 96 9947 9904 9947 9904 0
67606 4 97 0 97 9948 9903 9948 9903 0
99092 4 98 0 98 9949 9902 9949 9902 0
80153 4 99 0 99 9950 9901 9950 9901 0
10955 4 100 0 100 9851 9900 9851 9900 0
95028 4 101 0 101 9852 9899 9852 9899 0
63324 4 102 0 102 9853 9898 9853 9898 0
39268 4 103 0 103 9854 9897 9854 9897 0
52870 4 104 0 104 9855 9896 9855 9896 0
78154 4 105 0 105 9856 9895 9856 9895 0
48948 4 106 0 106 9857 9894 9857 9894 0
92781 4 107 0 107 9858 9893 9858 9893 0
11137 4 108 0 108 9859 9892 9859 9892 0
76254 4 109 0 109 9860 9891 9860 9891 0
36253 4 110 0 110 9861 9890 9861 9890 0
20349 4 111 0 111 9862 9889 9862 9889 0
69713 4 112 0 112 9863 9888 9863 9888 0
49211 4 113 0 113 9864 9887 9864 9887 0
89024 4 114 0 114 9865 9886 9865 9886 0
33055 4 115 0 115 9866 9885 9866 9885 0
48015 4 116 0 116 9867 9884 9867 9884 0
18925 4 117 0 117 9868 9883 9868 9883 0
359 4 118 0 118 9869 9882 9869 9882 0
1157 4 119 0 119 9870 9881 9870 9881 0
76793 4 120 0 120 9871 9880 9871 9880 0
76777 4 121 0 121 9872 9879 9872 9879 0
73571 4 122 0 122 9873 9878 9873 9878 0
85025 4 123 0 123 9874 9877 9874 9877 0
94160 4 124 0 124 9875 9876 9875 9876 0
58050 4 125 0 125 9876 9875 9876 9875 0
69348 4 126 0 126 9877 9874 9877 9874 0
36333 4 127 0 127 9878 9873 9878 9873 0
75001 4 128 0 128 9879 9872 9879 9872 0
42581 4 129 0 129 9880 9871 9880 9871 0
18532 4 130 0 130 9881 9870 9881 9870 0
64516 4 131 0 131 9882 9869 9882 9869 0
22684 4 132 0 132 9883 9868 9883 9868 0
93310 4 133 0 133 9884 9867 9884 9867 0
15709 4 134 0 134 9885 9866 9885 9866 0
48710 4 135 0 135 9886 9865 9886 9865 0
488 4 136 0 136 9887 9864 9887 9864 0
44993 4 137 0 137 9888 9863 9888 9863 0
89166 4 138 0 138 9889 9862 9889 9862 0
69016 4 139 0 139 9890 9861 9890 9861 0
47021 4 140 0 140 9891 9860 9891 9860 0
24066 4 141 0 141 9892 9859 9892 9859 0
95642 4 142 0 142 9893 9858 9893 9858 0
58754 4 143 0 143 9894 9857 9894 9857 0
45184 4 144 0 144 9895 9856 9895 9856 0
48109 4 145 0 145 9896 9855 9896 9855 0
73896 4 146 0 146 9897 9854 9897 9854 0
30031 4 147 0 147 9898 9853 9898 9853 0
28699 4 148 0 148 9899 9852 9899 9852 0
69103 4 149 0 149 9900 9851 9900 9851 0
