150
55309 4 0 0 0 10000 9964 10000 9964 0
94269 4 1 0 1 10000 9965 10000 9965 0
4027 4 2 0 2 10000 9966 10000 9966 0
44964 4 3 0 3 10000 9967 10000 9967 0
84108 4 4 0 4 10000 9968 10000 9968 0
21941 4 5 0 5 10000 9969 10000 9969 0
83151 4 6 0 6 10000 9970 10000 9970 0
20833 4 7 0 7 10000 9971 10000 9971 0
23707 4 8 0 8 10000 9972 10000 9972 0
11629 4 9 0 9 10000 9973 10000 9973 0
71668 4 10 0 10 10000 9974 10000 9974 0
42488 4 11 0 11 10000 9975 10000 9975 0
8595 4 12 0 12 10000 9976 10000 9976 0
5788 4 13 0 13 10000 9977 10000 9977 0
98309 4 14 0 14 10000 9978 10000 9978 0
34419 4 15 0 15 10000 9979 10000 9979 0
33011 4 16 0 16 10000 9980 10000 9980 0
55228 4 17 0 17 10000 9981 10000 9981 0
15843 4 18 0 18 10000 9982 10000 9982 0
91231 4 19 0 19 10000 9983 10000 9983 0
93053 4 20 0 20 10000 9984 10000 9984 0
98958 4 21 0 21 10000 9985 10000 9985 0
24625 4 22 0 22 10000 9986 10000 9986 0
48589 4 23 0 23 10000 9987 10000 9987 0
38584 4 24 0 24 10000 9988 10000 9988 0
63988 4 25 0 25 10000 9989 10000 9989 0
1048 4 26 0 26 10000 9990 10000 9990 0
59091 4 27 0 27 10000 9991 10000 9991 0
96620 4 28 0 28 10000 9992 10000 9992 0
18934 4 29 0 29 10000 9993 10000 9993 0
57860 4 30 0 30 10000 9994 10000 9994 0
90921 4 31 0 31 10000 9995 10000 9995 0
30057 4 32 0 32 10000 9996 10000 9996 0
48638 4 33 0 33 10000 9997 10000 9997 0
98308 4 34 0 34 10000 9998 10000 9998 0
94925 4 35 0 35 10000 9999 10000 9999 0
95424 4 36 0 36 10000 10000 10000 10000 0
4827 4 38 0 38 9999 9927 9999 9927 0
73998 4 39 0 39 9999 9928 9999 9928 0
85567 4 40 0 40 9999 9929 9999 9929 0
96360 4 41 0 41 9999 9930 9999 9930 0
39426 4 42 0 42 9999 9931 9999 9931 0
27256 4 43 0 43 9999 9932 9999 9932 0
46085 4 44 0 44 9999 9933 9999 9933 0
46939 4 45 0 45 9999 9934 9999 9934 0
72872 4 46 0 46 9999 9935 9999 9935 0
40832 4 47 0 47 9999 9936 9999 9936 0
93224 4 48 0 48 9999 9937 9999 9937 0
57686 4 49 0 49 9999 9938 9999 9938 0
74025 4 50 0 50 9999 9939 9999 9939 0
45542 4 51 0 51 9999 9940 9999 9940 0
26710 4 52 0 52 9999 9941 9999 9941 0
29244 4 53 0 53 9999 9942 9999 9942 0
93093 4 54 0 54 9999 9943 9999 9943 0
10957 4 55 0 55 9999 9944 9999 9944 0
37886 4 56 0 56 9999 9945 9999 9945 0
50644 4 57 0 57 9999 9946 9999 9946 0
91613 4 58 0 58 9999 9947 9999 9947 0
91005 4 59 0 59 9999 9948 9999 9948 0
43319 4 60 0 60 9999 9949 9999 9949 0
48199 4 61 0 61 9999 9950 9999 9950 0
35322 4 62 0 62 9999 9951 9999 9951 0
37540 4 63 0 63 9999 9952 9999 9952 0
51865 4 64 0 64 9999 9953 9999 9953 0
25443 4 65 0 65 9999 9954 9999 9954 0
17991 4 66 0 66 9999 9955 9999 9955 0
10480 4 67 0 67 9999 9956 9999 9956 0
20898 4 68 0 68 9999 9957 9999 9957 0
3194 4 69 0 69 9999 9958 9999 9958 0
12626 4 70 0 70 9999 9959 9999 9959 0
61718 4 71 0 71 9999 9960 9999 9960 0
53682 4 72 0 72 9999 9961 9999 9961 0
72067 4 73 0 73 9999 9962 9999 9962 0
74863 4 74 0 74 9999 9963 9999 9963 0
815 4 76 0 76 9998 9890 9998 9890 0
15503 4 77 0 77 9998 9891 9998 9891 0
92856 4 78 0 78 9998 9892 9998 9892 0
4565 4 79 0 79 9998 9893 9998 9893 0
63158 4 80 0 80 9998 9894 9998 9894 0
80066 4 81 0 81 9998 9895 9998 9895 0
49015 4 82 0 82 9998 9896 9998 9896 0
55999 4 83 0 83 9998 9897 9998 9897 0
44683 4 84 0 84 9998 9898 9998 9898 0
11801 4 85 0 85 9998 9899 9998 9899 0
43874 4 86 0 86 9998 9900 9998 9900 0
51819 4 87 0 87 9998 9901 9998 9901 0
62483 4 88 0 88 9998 9902 9998 9902 0
24643 4 89 0 89 9998 9903 9998 9903 0
26719 4 90 0 90 9998 9904 9998 9904 0
76191 4 91 0 91 9998 9905 9998 9905 0
35957 4 92 0 92 9998 9906 9998 9906 0
36439 4 93 0 93 9998 9907 9998 9907 0
35800 4 94 0 94 9998 9908 9998 9908 0
70143 4 95 0 95 9998 9909 9998 9909 0
25310 4 96 0 96 9998 9910 9998 9910 0
74445 4 97 0 97 9998 9911 9998 9911 0
89691 4 98 0 98 9998 9912 9998 9912 0
60792 4 99 0 99 9998 9913 9998 9913 0
862 4 100 0 100 9998 9914 9998 9914 0
72323 4 101 0 101 9998 9915 9998 9915 0
45275 4 102 0 102 9998 9916 9998 9916 0
98585 4 103 0 103 9998 9917 9998 9917 0
47337 4 104 0 104 9998 9918 9998 9918 0
41593 4 105 0 105 9998 9919 9998 9919 0
26093 4 106 0 106 9998 9920 9998 9920 0
92084 4 107 0 107 9998 9921 9998 9921 0
13848 4 108 0 108 9998 9922 9998 9922 0
6517 4 109 0 109 9998 9923 9998 9923 0
83788 4 110 0 110 9998 9924 9998 9924 0
90082 4 111 0 111 9998 9925 9998 9925 0
38949 4 112 0 112 9998 9926 9998 9926 0
72768 4 114 0 114 9997 9853 9997 9853 0
27190 4 115 0 115 9997 9854 9997 9854 0
35324 4 116 0 116 9997 9855 9997 9855 0
1330 4 117 0 117 9997 9856 9997 9856 0
68168 4 118 0 118 9997 9857 9997 9857 0
77485 4 119 0 119 9997 9858 9997 9858 0
23875 4 120 0 120 9997 9859 9997 9859 0
45859 4 121 0 121 9997 9860 9997 9860 0
78972 4 122 0 122 9997 9861 9997 9861 0
77367 4 123 0 123 9997 9862 9997 9862 0
95800 4 124 0 124 9997 9863 9997 9863 0
39103 4 125 0 125 9997 9864 9997 9864 0
40531 4 126 0 126 9997 9865 9997 9865 0
14815 4 127 0 127 9997 9866 9997 9866 0
34884 4 128 0 128 9997 9867 9997 9867 0
26899 4 129 0 129 9997 9868 9997 9868 0
58661 4 130 0 130 9997 9869 9997 9869 0
91153 4 131 0 131 9997 9870 9997 9870 0
97522 4 132 0 132 9997 9871 9997 9871 0
51183 4 133 0 133 9997 9872 9997 9872 0
20752 4 134 0 134 9997 9873 9997 9873 0
62625 4 135 0 135 9997 9874 9997 9874 0
60432 4 136 0 136 9997 9875 9997 9875 0
8551 4 137 0 137 9997 9876 9997 9876 0
14996 4 138 0 138 9997 9877 9997 9877 0
7717 4 139 0 139 9997 9878 9997 9878 0
5298 4 140 0 140 9997 9879 9997 9879 0
42739 4 141 0 141 9997 9880 9997 9880 0
18072 4 142 0 142 9997 9881 9997 9881 0
56887 4 143 0 143 9997 9882 9997 9882 0
63343 4 144 0 144 9997 9883 9997 9883 0
94479 4 145 0 145 9997 9884 9997 9884 0
35715 4 146 0 146 9997 9885 9997 9885 0
852 4 147 0 147 9997 9886 9997 9886 0
83522 4 148 0 148 9997 9887 9997 9887 0
19292 4 149 0 149 9997 9888 9997 9888 0
61283 4 150 0 150 9997 9889 9997 9889 0
90943 4 152 0 152 9996 9851 9996 9851 0
8618 4 153 0 153 9996 9852 9996 9852 0
