150
55309 4 0 0 0 9964 10000 9964 10000 0
94269 4 1 0 1 9965 9999 9965 9999 0
4027 4 2 0 2 9966 9998 9966 9998 0
44964 4 3 0 3 9967 9997 9967 9997 0
84108 4 4 0 4 9968 9996 9968 9996 0
21941 4 5 0 5 9969 9995 9969 9995 0
83151 4 6 0 6 9970 9994 9970 9994 0
20833 4 7 0 7 9971 9993 9971 9993 0
23707 4 8 0 8 9972 9992 9972 9992 0
11629 4 9 0 9 9973 9991 9973 9991 0
71668 4 10 0 10 9974 9990 9974 9990 0
42488 4 11 0 11 9975 9989 9975 9989 0
8595 4 12 0 12 9976 9988 9976 9988 0
5788 4 13 0 13 9977 9987 9977 9987 0
98309 4 14 0 14 9978 9986 9978 9986 0
34419 4 15 0 15 9979 9985 9979 9985 0
33011 4 16 0 16 9980 9984 9980 9984 0
55228 4 17 0 17 9981 9983 9981 9983 0
15843 4 18 0 18 9982 9982 9982 9982 0
91231 4 19 0 19 9983 9981 9983 9981 0
93053 4 20 0 20 9984 9980 9984 9980 0
98958 4 21 0 21 9985 9979 9985 9979 0
24625 4 22 0 22 9986 9978 9986 9978 0
48589 4 23 0 23 9987 9977 9987 9977 0
38584 4 24 0 24 9988 9976 9988 9976 0
63988 4 25 0 25 9989 9975 9989 9975 0
1048 4 26 0 26 9990 9974 9990 9974 0
59091 4 27 0 27 9991 9973 9991 9973 0
96620 4 28 0 28 9992 9972 9992 9972 0
18934 4 29 0 29 9993 9971 9993 9971 0
57860 4 30 0 30 9994 9970 9994 9970 0
90921 4 31 0 31 9995 9969 9995 9969 0
30057 4 32 0 32 9996 9968 9996 9968 0
48638 4 33 0 33 9997 9967 9997 9967 0
98308 4 34 0 34 9998 9966 9998 9966 0
94925 4 35 0 35 9999 9965 9999 9965 0
95424 4 36 0 36 10000 9964 10000 9964 0
4827 4 37 0 37 9927 9963 9927 9963 0
73998 4 38 0 38 9928 9962 9928 9962 0
85567 4 39 0 39 9929 9961 9929 9961 0
96360 4 40 0 40 9930 9960 9930 9960 0
39426 4 41 0 41 9931 9959 9931 9959 0
27256 4 42 0 42 9932 9958 9932 9958 0
46085 4 43 0 43 9933 9957 9933 9957 0
46939 4 44 0 44 9934 9956 9934 9956 0
72872 4 45 0 45 9935 9955 9935 9955 0
40832 4 46 0 46 9936 9954 9936 9954 0
93224 4 47 0 47 9937 9953 9937 9953 0
57686 4 48 0 48 9938 9952 9938 9952 0
74025 4 49 0 49 9939 9951 9939 9951 0
45542 4 50 0 50 9940 9950 9940 9950 0
26710 4 51 0 51 9941 9949 9941 9949 0
29244 4 52 0 52 9942 9948 9942 9948 0
93093 4 53 0 53 9943 9947 9943 9947 0
10957 4 54 0 54 9944 9946 9944 9946 0
37886 4 55 0 55 9945 9945 9945 9945 0
50644 4 56 0 56 9946 9944 9946 9944 0
91613 4 57 0 57 9947 9943 9947 9943 0
91005 4 58 0 58 9948 9942 9948 9942 0
43319 4 59 0 59 9949 9941 9949 9941 0
48199 4 60 0 60 9950 9940 9950 9940 0
35322 4 61 0 61 9951 9939 9951 9939 0
37540 4 62 0 62 9952 9938 9952 9938 0
51865 4 63 0 63 9953 9937 9953 9937 0
25443 4 64 0 64 9954 9936 9954 9936 0
17991 4 65 0 65 9955 9935 9955 9935 0
10480 4 66 0 66 9956 9934 9956 9934 0
20898 4 67 0 67 9957 9933 9957 9933 0
3194 4 68 0 68 9958 9932 9958 9932 0
12626 4 69 0 69 9959 9931 9959 9931 0
61718 4 70 0 70 9960 9930 9960 9930 0
53682 4 71 0 71 9961 9929 9961 9929 0
72067 4 72 0 72 9962 9928 9962 9928 0
74863 4 73 0 73 9963 9927 9963 9927 0
815 4 74 0 74 9890 9926 9890 9926 0
15503 4 75 0 75 9891 9925 9891 9925 0
92856 4 76 0 76 9892 9924 9892 9924 0
4565 4 77 0 77 9893 9923 9893 9923 0
63158 4 78 0 78 9894 9922 9894 9922 0
80066 4 79 0 79 9895 9921 9895 9921 0
49015 4 80 0 80 9896 9920 9896 9920 0
55999 4 81 0 81 9897 9919 9897 9919 0
44683 4 82 0 82 9898 9918 9898 9918 0
11801 4 83 0 83 9899 9917 9899 9917 0
43874 4 84 0 84 9900 9916 9900 9916 0
51819 4 85 0 85 9901 9915 9901 9915 0
62483 4 86 0 86 9902 9914 9902 9914 0
24643 4 87 0 87 9903 9913 9903 9913 0
26719 4 88 0 88 9904 9912 9904 9912 0
76191 4 89 0 89 9905 9911 9905 9911 0
35957 4 90 0 90 9906 9910 9906 9910 0
36439 4 91 0 91 9907 9909 9907 9909 0
35800 4 92 0 92 9908 9908 9908 9908 0
70143 4 93 0 93 9909 9907 9909 9907 0
25310 4 94 0 94 9910 9906 9910 9906 0
74445 4 95 0 95 9911 9905 9911 9905 0
89691 4 96 0 96 9912 9904 9912 9904 0
60792 4 97 0 97 9913 9903 9913 9903 0
862 4 98 0 98 9914 9902 9914 9902 0
72323 4 99 0 99 9915 9901 9915 9901 0
45275 4 100 0 100 9916 9900 9916 9900 0
98585 4 101 0 101 9917 9899 9917 9899 0
47337 4 102 0 102 9918 9898 9918 9898 0
41593 4 103 0 103 9919 9897 9919 9897 0
26093 4 104 0 104 9920 9896 9920 9896 0
92084 4 105 0 105 9921 9895 9921 9895 0
13848 4 106 0 106 9922 9894 9922 9894 0
6517 4 107 0 107 9923 9893 9923 9893 0
83788 4 108 0 108 9924 9892 9924 9892 0
90082 4 109 0 109 9925 9891 9925 9891 0
38949 4 110 0 110 9926 9890 9926 9890 0
72768 4 111 0 111 9853 9889 9853 9889 0
27190 4 112 0 112 9854 9888 9854 9888 0
35324 4 113 0 113 9855 9887 9855 9887 0
1330 4 114 0 114 9856 9886 9856 9886 0
68168 4 115 0 115 9857 9885 9857 9885 0
77485 4 116 0 116 9858 9884 9858 9884 0
23875 4 117 0 117 9859 9883 9859 9883 0
45859 4 118 0 118 9860 9882 9860 9882 0
78972 4 119 0 119 9861 9881 9861 9881 0
77367 4 120 0 120 9862 9880 9862 9880 0
95800 4 121 0 121 9863 9879 9863 9879 0
39103 4 122 0 122 9864 9878 9864 9878 0
40531 4 123 0 123 9865 9877 9865 9877 0
14815 4 124 0 124 9866 9876 9866 9876 0
34884 4 125 0 125 9867 9875 9867 9875 0
26899 4 126 0 126 9868 9874 9868 9874 0
58661 4 127 0 127 9869 9873 9869 9873 0
91153 4 128 0 128 9870 9872 9870 9872 0
97522 4 129 0 129 9871 9871 9871 9871 0
51183 4 130 0 130 9872 9870 9872 9870 0
20752 4 131 0 131 9873 9869 9873 9869 0
62625 4 132 0 132 9874 9868 9874 9868 0
60432 4 133 0 133 9875 9867 9875 9867 0
8551 4 134 0 134 9876 9866 9876 9866 0
14996 4 135 0 135 9877 9865 9877 9865 0
7717 4 136 0 136 9878 9864 9878 9864 0
5298 4 137 0 137 9879 9863 9879 9863 0
42739 4 138 0 138 9880 9862 9880 9862 0
18072 4 139 0 139 9881 9861 9881 9861 0
56887 4 140 0 140 9882 9860 9882 9860 0
63343 4 141 0 141 9883 9859 9883 9859 0
94479 4 142 0 142 9884 9858 9884 9858 0
35715 4 143 0 143 9885 9857 9885 9857 0
852 4 144 0 144 9886 9856 9886 9856 0
83522 4 145 0 145 9887 9855 9887 9855 0
19292 4 146 0 146 9888 9854 9888 9854 0
61283 4 147 0 147 9889 9853 9889 9853 0
90943 4 148 0 148 9851 9852 9851 9852 0
8618 4 149 0 149 9852 9851 9852 9851 0
