150
85116 4 0 0 0 10000 9971 10000 9971 0
26715 4 1 0 1 10000 9972 10000 9972 0
92559 4 2 0 2 10000 9973 10000 9973 0
7729 4 3 0 3 10000 9974 10000 9974 0
14439 4 4 0 4 10000 9975 10000 9975 0
10111 4 5 0 5 10000 9976 10000 9976 0
53554 4 6 0 6 10000 9977 10000 9977 0
27863 4 7 0 7 10000 9978 10000 9978 0
84237 4 8 0 8 10000 9979 10000 9979 0
40910 4 9 0 9 10000 9980 10000 9980 0
66274 4 10 0 10 10000 9981 10000 9981 0
59942 4 11 0 11 10000 9982 10000 9982 0
26641 4 12 0 12 10000 9983 10000 9983 0
58159 4 13 0 13 10000 9984 10000 9984 0
68242 4 14 0 14 10000 9985 10000 9985 0
78922 4 15 0 15 10000 9986 10000 9986 0
27482 4 16 0 16 10000 9987 10000 9987 0
99951 4 17 0 17 10000 9988 10000 9988 0
19805 4 18 0 18 10000 9989 10000 9989 0
89200 4 19 0 19 10000 9990 10000 9990 0
47124 4 20 0 20 10000 9991 10000 9991 0
83550 4 21 0 21 10000 9992 10000 9992 0
32703 4 22 0 22 10000 9993 10000 9993 0
16363 4 23 0 23 10000 9994 10000 9994 0
14413 4 24 0 24 10000 9995 10000 9995 0
56016 4 25 0 25 10000 9996 10000 9996 0
1883 4 26 0 26 10000 9997 10000 9997 0
69232 4 27 0 27 10000 9998 10000 9998 0
25433 4 28 0 28 10000 9999 10000 9999 0
15741 4 29 0 29 10000 10000 10000 10000 0
2260 4 31 0 31 9999 9941 9999 9941 0
37466 4 32 0 32 9999 9942 9999 9942 0
23791 4 33 0 33 9999 9943 9999 9943 0
16417 4 34 0 34 9999 9944 9999 9944 0
20275 4 35 0 35 9999 9945 9999 9945 0
82406 4 36 0 36 9999 9946 9999 9946 0
55659 4 37 0 37 9999 9947 9999 9947 0
56157 4 38 0 38 9999 9948 9999 9948 0
55879 4 39 0 39 9999 9949 9999 9949 0
38136 4 40 0 40 9999 9950 9999 9950 0
28842 4 41 0 41 9999 9951 9999 9951 0
34964 4 42 0 42 9999 9952 9999 9952 0
32257 4 43 0 43 9999 9953 9999 9953 0
31413 4 44 0 44 9999 9954 9999 9954 0
27472 4 45 0 45 9999 9955 9999 9955 0
92879 4 46 0 46 9999 9956 9999 9956 0
44564 4 47 0 47 9999 9957 9999 9957 0
40743 4 48 0 48 9999 9958 9999 9958 0
93893 4 49 0 49 9999 9959 9999 9959 0
91897 4 50 0 50 9999 9960 9999 9960 0
61531 4 51 0 51 9999 9961 9999 9961 0
85468 4 52 0 52 9999 9962 9999 9962 0
63731 4 53 0 53 9999 9963 9999 9963 0
99652 4 54 0 54 9999 9964 9999 9964 0
75699 4 55 0 55 9999 9965 9999 9965 0
18119 4 56 0 56 9999 9966 9999 9966 0
92906 4 57 0 57 9999 9967 9999 9967 0
72739 4 58 0 58 9999 9968 9999 9968 0
62556 4 59 0 59 9999 9969 9999 9969 0
21214 4 60 0 60 9999 9970 9999 9970 0
69565 4 62 0 62 9998 9911 9998 9911 0
93966 4 63 0 63 9998 9912 9998 9912 0
4252 4 64 0 64 9998 9913 9998 9913 0
83546 4 65 0 65 9998 9914 9998 9914 0
70531 4 66 0 66 9998 9915 9998 9915 0
57249 4 67 0 67 9998 9916 9998 9916 0
56924 4 68 0 68 9998 9917 9998 9917 0
93818 4 69 0 69 9998 9918 9998 9918 0
63862 4 70 0 70 9998 9919 9998 9919 0
84924 4 71 0 71 9998 9920 9998 9920 0
66313 4 72 0 72 9998 9921 9998 9921 0
94624 4 73 0 73 9998 9922 9998 9922 0
48887 4 74 0 74 9998 9923 9998 9923 0
83876 4 75 0 75 9998 9924 9998 9924 0
75924 4 76 0 76 9998 9925 9998 9925 0
51698 4 77 0 77 9998 9926 9998 9926 0
72552 4 78 0 78 9998 9927 9998 9927 0
82529 4 79 0 79 9998 9928 9998 9928 0
91635 4 80 0 80 9998 9929 9998 9929 0
80346 4 81 0 81 9998 9930 9998 9930 0
15984 4 82 0 82 9998 9931 9998 9931 0
62494 4 83 0 83 9998 9932 9998 9932 0
83486 4 84 0 84 9998 9933 9998 9933 0
30311 4 85 0 85 9998 9934 9998 9934 0
70491 4 86 0 86 9998 9935 9998 9935 0
30989 4 87 0 87 9998 9936 9998 9936 0
57170 4 88 0 88 9998 9937 9998 9937 0
12874 4 89 0 89 9998 9938 9998 9938 0
50968 4 90 0 90 9998 9939 9998 9939 0
51072 4 91 0 91 9998 9940 9998 9940 0
52177 4 93 0 93 9997 9881 9997 9881 0
29594 4 94 0 94 9997 9882 9997 9882 0
29625 4 95 0 95 9997 9883 9997 9883 0
21681 4 96 0 96 9997 9884 9997 9884 0
80256 4 97 0 97 9997 9885 9997 9885 0
88720 4 98 0 98 9997 9886 9997 9886 0
19606 4 99 0 99 9997 9887 9997 9887 0
19387 4 100 0 100 9997 9888 9997 9888 0
35336 4 101 0 101 9997 9889 9997 9889 0
55980 4 102 0 102 9997 9890 9997 9890 0
46890 4 103 0 103 9997 9891 9997 9891 0
59038 4 104 0 104 9997 9892 9997 9892 0
31351 4 105 0 105 9997 9893 9997 9893 0
76622 4 106 0 106 9997 9894 9997 9894 0
23509 4 107 0 107 9997 9895 9997 9895 0
81823 4 108 0 108 9997 9896 9997 9896 0
78748 4 109 0 109 9997 9897 9997 9897 0
52957 4 110 0 110 9997 9898 9997 9898 0
23736 4 111 0 111 9997 9899 9997 9899 0
62693 4 112 0 112 9997 9900 9997 9900 0
74349 4 113 0 113 9997 9901 9997 9901 0
82084 4 114 0 114 9997 9902 9997 9902 0
8860 4 115 0 115 9997 9903 9997 9903 0
21437 4 116 0 116 9997 9904 9997 9904 0
46340 4 117 0 117 9997 9905 9997 9905 0
68688 4 118 0 118 9997 9906 9997 9906 0
31147 4 119 0 119 9997 9907 9997 9907 0
28824 4 120 0 120 9997 9908 9997 9908 0
24062 4 121 0 121 9997 9909 9997 9909 0
56787 4 122 0 122 9997 9910 9997 9910 0
45237 4 124 0 124 9996 9851 9996 9851 0
14824 4 125 0 125 9996 9852 9996 9852 0
80443 4 126 0 126 9996 9853 9996 9853 0
39140 4 127 0 127 9996 9854 9996 9854 0
35469 4 128 0 128 9996 9855 9996 9855 0
44422 4 129 0 129 9996 9856 9996 9856 0
75937 4 130 0 130 9996 9857 9996 9857 0
80989 4 131 0 131 9996 9858 9996 9858 0
7306 4 132 0 132 9996 9859 9996 9859 0
93679 4 133 0 133 9996 9860 9996 9860 0
51129 4 134 0 134 9996 9861 9996 9861 0
85500 4 135 0 135 9996 9862 9996 9862 0
26758 4 136 0 136 9996 9863 9996 9863 0
94850 4 137 0 137 9996 9864 9996 9864 0
34096 4 138 0 138 9996 9865 9996 9865 0
81282 4 139 0 139 9996 9866 9996 9866 0
39138 4 140 0 140 9996 9867 9996 9867 0
74116 4 141 0 141 9996 9868 9996 9868 0
53208 4 142 0 142 9996 9869 9996 9869 0
34423 4 143 0 143 9996 9870 9996 9870 0
66752 4 144 0 144 9996 9871 9996 9871 0
45724 4 145 0 145 9996 9872 9996 9872 0
93316 4 146 0 146 9996 9873 9996 9873 0
88484 4 147 0 147 9996 9874 9996 9874 0
48008 4 148 0 148 9996 9875 9996 9875 0
29335 4 149 0 149 9996 9876 9996 9876 0
40495 4 150 0 150 9996 9877 9996 9877 0
59831 4 151 0 151 9996 9878 9996 9878 0
53188 4 152 0 152 9996 9879 9996 9879 0
23941 4 153 0 153 9996 9880 9996 9880 0
