150
85116 4 0 0 0 9971 10000 9971 10000 0
26715 4 1 0 1 9972 9999 9972 9999 0
92559 4 2 0 2 9973 9998 9973 9998 0
7729 4 3 0 3 9974 9997 9974 9997 0
14439 4 4 0 4 9975 9996 9975 9996 0
10111 4 5 0 5 9976 9995 9976 9995 0
53554 4 6 0 6 9977 9994 9977 9994 0
27863 4 7 0 7 9978 9993 9978 9993 0
84237 4 8 0 8 9979 9992 9979 9992 0
40910 4 9 0 9 9980 9991 9980 9991 0
66274 4 10 0 10 9981 9990 9981 9990 0
59942 4 11 0 11 9982 9989 9982 9989 0
26641 4 12 0 12 9983 9988 9983 9988 0
58159 4 13 0 13 9984 9987 9984 9987 0
68242 4 14 0 14 9985 9986 9985 9986 0
78922 4 15 0 15 9986 9985 9986 9985 0
27482 4 16 0 16 9987 9984 9987 9984 0
99951 4 17 0 17 9988 9983 9988 9983 0
19805 4 18 0 18 9989 9982 9989 9982 0
89200 4 19 0 19 9990 9981 9990 9981 0
47124 4 20 0 20 9991 9980 9991 9980 0
83550 4 21 0 21 9992 9979 9992 9979 0
32703 4 22 0 22 9993 9978 9993 9978 0
16363 4 23 0 23 9994 9977 9994 9977 0
14413 4 24 0 24 9995 9976 9995 9976 0
56016 4 25 0 25 9996 9975 9996 9975 0
1883 4 26 0 26 9997 9974 9997 9974 0
69232 4 27 0 27 9998 9973 9998 9973 0
25433 4 28 0 28 9999 9972 9999 9972 0
15741 4 29 0 29 10000 9971 10000 9971 0
2260 4 30 0 30 9941 9970 9941 9970 0
37466 4 31 0 31 9942 9969 9942 9969 0
23791 4 32 0 32 9943 9968 9943 9968 0
16417 4 33 0 33 9944 9967 9944 9967 0
20275 4 34 0 34 9945 9966 9945 9966 0
82406 4 35 0 35 9946 9965 9946 9965 0
55659 4 36 0 36 9947 9964 9947 9964 0
56157 4 37 0 37 9948 9963 9948 9963 0
55879 4 38 0 38 9949 9962 9949 9962 0
38136 4 39 0 39 9950 9961 9950 9961 0
28842 4 40 0 40 9951 9960 9951 9960 0
34964 4 41 0 41 9952 9959 9952 9959 0
32257 4 42 0 42 9953 9958 9953 9958 0
31413 4 43 0 43 9954 9957 9954 9957 0
27472 4 44 0 44 9955 9956 9955 9956 0
92879 4 45 0 45 9956 9955 9956 9955 0
44564 4 46 0 46 9957 9954 9957 9954 0
40743 4 47 0 47 9958 9953 9958 9953 0
93893 4 48 0 48 9959 9952 9959 9952 0
91897 4 49 0 49 9960 9951 9960 9951 0
61531 4 50 0 50 9961 9950 9961 9950 0
85468 4 51 0 51 9962 9949 9962 9949 0
63731 4 52 0 52 9963 9948 9963 9948 0
99652 4 53 0 53 9964 9947 9964 9947 0
75699 4 54 0 54 9965 9946 9965 9946 0
18119 4 55 0 55 9966 9945 9966 9945 0
92906 4 56 0 56 9967 9944 9967 9944 0
72739 4 57 0 57 9968 9943 9968 9943 0
62556 4 58 0 58 9969 9942 9969 9942 0
21214 4 59 0 59 9970 9941 9970 9941 0
69565 4 60 0 60 9911 9940 9911 9940 0
93966 4 61 0 61 9912 9939 9912 9939 0
4252 4 62 0 62 9913 9938 9913 9938 0
83546 4 63 0 63 9914 9937 9914 9937 0
70531 4 64 0 64 9915 9936 9915 9936 0
57249 4 65 0 65 9916 9935 9916 9935 0
56924 4 66 0 66 9917 9934 9917 9934 0
93818 4 67 0 67 9918 9933 9918 9933 0
63862 4 68 0 68 9919 9932 9919 9932 0
84924 4 69 0 69 9920 9931 9920 9931 0
66313 4 70 0 70 9921 9930 9921 9930 0
94624 4 71 0 71 9922 9929 9922 9929 0
48887 4 72 0 72 9923 9928 9923 9928 0
83876 4 73 0 73 9924 9927 9924 9927 0
75924 4 74 0 74 9925 9926 9925 9926 0
51698 4 75 0 75 9926 9925 9926 9925 0
72552 4 76 0 76 9927 9924 9927 9924 0
82529 4 77 0 77 9928 9923 9928 9923 0
91635 4 78 0 78 9929 9922 9929 9922 0
80346 4 79 0 79 9930 9921 9930 9921 0
15984 4 80 0 80 9931 9920 9931 9920 0
62494 4 81 0 81 9932 9919 9932 9919 0
83486 4 82 0 82 9933 9918 9933 9918 0
30311 4 83 0 83 9934 9917 9934 9917 0
70491 4 84 0 84 9935 9916 9935 9916 0
30989 4 85 0 85 9936 9915 9936 9915 0
57170 4 86 0 86 9937 9914 9937 9914 0
12874 4 87 0 87 9938 9913 9938 9913 0
50968 4 88 0 88 9939 9912 9939 9912 0
51072 4 89 0 89 9940 9911 9940 9911 0
52177 4 90 0 90 9881 9910 9881 9910 0
29594 4 91 0 91 9882 9909 9882 9909 0
29625 4 92 0 92 9883 9908 9883 9908 0
21681 4 93 0 93 9884 9907 9884 9907 0
80256 4 94 0 94 9885 9906 9885 9906 0
88720 4 95 0 95 9886 9905 9886 9905 0
19606 4 96 0 96 9887 9904 9887 9904 0
19387 4 97 0 97 9888 9903 9888 9903 0
35336 4 98 0 98 9889 9902 9889 9902 0
55980 4 99 0 99 9890 9901 9890 9901 0
46890 4 100 0 100 9891 9900 9891 9900 0
59038 4 101 0 101 9892 9899 9892 9899 0
31351 4 102 0 102 9893 9898 9893 9898 0
76622 4 103 0 103 9894 9897 9894 9897 0
23509 4 104 0 104 9895 9896 9895 9896 0
81823 4 105 0 105 9896 9895 9896 9895 0
78748 4 106 0 106 9897 9894 9897 9894 0
52957 4 107 0 107 9898 9893 9898 9893 0
23736 4 108 0 108 9899 9892 9899 9892 0
62693 4 109 0 109 9900 9891 9900 9891 0
74349 4 110 0 110 9901 9890 9901 9890 0
82084 4 111 0 111 9902 9889 9902 9889 0
8860 4 112 0 112 9903 9888 9903 9888 0
21437 4 113 0 113 9904 9887 9904 9887 0
46340 4 114 0 114 9905 9886 9905 9886 0
68688 4 115 0 115 9906 9885 9906 9885 0
31147 4 116 0 116 9907 9884 9907 9884 0
28824 4 117 0 117 9908 9883 9908 9883 0
24062 4 118 0 118 9909 9882 9909 9882 0
56787 4 119 0 119 9910 9881 9910 9881 0
45237 4 120 0 120 9851 9880 9851 9880 0
14824 4 121 0 121 9852 9879 9852 9879 0
80443 4 122 0 122 9853 9878 9853 9878 0
39140 4 123 0 123 9854 9877 9854 9877 0
35469 4 124 0 124 9855 9876 9855 9876 0
44422 4 125 0 125 9856 9875 9856 9875 0
75937 4 126 0 126 9857 9874 9857 9874 0
80989 4 127 0 127 9858 9873 9858 9873 0
7306 4 128 0 128 9859 9872 9859 9872 0
93679 4 129 0 129 9860 9871 9860 9871 0
51129 4 130 0 130 9861 9870 9861 9870 0
85500 4 131 0 131 9862 9869 9862 9869 0
26758 4 132 0 132 9863 9868 9863 9868 0
94850 4 133 0 133 9864 9867 9864 9867 0
34096 4 134 0 134 9865 9866 9865 9866 0
81282 4 135 0 135 9866 9865 9866 9865 0
39138 4 136 0 136 9867 9864 9867 9864 0
74116 4 137 0 137 9868 9863 9868 9863 0
53208 4 138 0 138 9869 9862 9869 9862 0
34423 4 139 0 139 9870 9861 9870 9861 0
66752 4 140 0 140 9871 9860 9871 9860 0
45724 4 141 0 141 9872 9859 9872 9859 0
93316 4 142 0 142 9873 9858 9873 9858 0
88484 4 143 0 143 9874 9857 9874 9857 0
48008 4 144 0 144 9875 9856 9875 9856 0
29335 4 145 0 145 9876 9855 9876 9855 0
40495 4 146 0 146 9877 9854 9877 9854 0
59831 4 147 0 147 9878 9853 9878 9853 0
53188 4 148 0 148 9879 9852 9879 9852 0
23941 4 149 0 149 9880 9851 9880 9851 0
