150
99864 4 0 0 0 10000 9926 10000 9926 0
36144 4 1 0 1 10000 9927 10000 9927 0
68000 4 2 0 2 10000 9928 10000 9928 0
19993 4 3 0 3 10000 9929 10000 9929 0
28113 4 4 0 4 10000 9930 10000 9930 0
84689 4 5 0 5 10000 9931 10000 9931 0
43796 4 6 0 6 10000 9932 10000 9932 0
44281 4 7 0 7 10000 9933 10000 9933 0
593 4 8 0 8 10000 9934 10000 9934 0
12914 4 9 0 9 10000 9935 10000 9935 0
17373 4 10 0 10 10000 9936 10000 9936 0
59887 4 11 0 11 10000 9937 10000 9937 0
87703 4 12 0 12 10000 9938 10000 9938 0
30988 4 13 0 13 10000 9939 10000 9939 0
20596 4 14 0 14 10000 9940 10000 9940 0
126 4 15 0 15 10000 9941 10000 9941 0
90872 4 16 0 16 10000 9942 10000 9942 0
27147 4 17 0 17 10000 9943 10000 9943 0
22759 4 18 0 18 10000 9944 10000 9944 0
27932 4 19 0 19 10000 9945 10000 9945 0
30555 4 20 0 20 10000 9946 10000 9946 0
69649 4 21 0 21 10000 9947 10000 9947 0
64855 4 22 0 22 10000 9948 10000 9948 0
59444 4 23 0 23 10000 9949 10000 9949 0
35387 4 24 0 24 10000 9950 10000 9950 0
81169 4 25 0 25 10000 9951 10000 9951 0
90 4 26 0 26 10000 9952 10000 9952 0
80868 4 27 0 27 10000 9953 10000 9953 0
69641 4 28 0 28 10000 9954 10000 9954 0
62452 4 29 0 29 10000 9955 10000 9955 0
79801 4 30 0 30 10000 9956 10000 9956 0
11008 4 31 0 31 10000 9957 10000 9957 0
62056 4 32 0 32 10000 9958 10000 9958 0
41943 4 33 0 33 10000 9959 10000 9959 0
41907 4 34 0 34 10000 9960 10000 9960 0
94541 4 35 0 35 10000 9961 10000 9961 0
51983 4 36 0 36 10000 9962 10000 9962 0
57035 4 37 0 37 10000 9963 10000 9963 0
28377 4 38 0 38 10000 9964 10000 9964 0
44071 4 39 0 39 10000 9965 10000 9965 0
44203 4 40 0 40 10000 9966 10000 9966 0
13620 4 41 0 41 10000 9967 10000 9967 0
52944 4 42 0 42 10000 9968 10000 9968 0
9275 4 43 0 43 10000 9969 10000 9969 0
39130 4 44 0 44 10000 9970 10000 9970 0
84843 4 45 0 45 10000 9971 10000 9971 0
61842 4 46 0 46 10000 9972 10000 9972 0
29102 4 47 0 47 10000 9973 10000 9973 0
2896 4 48 0 48 10000 9974 10000 9974 0
44604 4 49 0 49 10000 9975 10000 9975 0
5229 4 50 0 50 10000 9976 10000 9976 0
35604 4 51 0 51 10000 9977 10000 9977 0
92438 4 52 0 52 10000 9978 10000 9978 0
9705 4 53 0 53 10000 9979 10000 9979 0
70754 4 54 0 54 10000 9980 10000 9980 0
66969 4 55 0 55 10000 9981 10000 9981 0
78438 4 56 0 56 10000 9982 10000 9982 0
27365 4 57 0 57 10000 9983 10000 9983 0
31111 4 58 0 58 10000 9984 10000 9984 0
39004 4 59 0 59 10000 9985 10000 9985 0
38736 4 60 0 60 10000 9986 10000 9986 0
37817 4 61 0 61 10000 9987 10000 9987 0
68710 4 62 0 62 10000 9988 10000 9988 0
62447 4 63 0 63 10000 9989 10000 9989 0
92889 4 64 0 64 10000 9990 10000 9990 0
8002 4 65 0 65 10000 9991 10000 9991 0
52188 4 66 0 66 10000 9992 10000 9992 0
18265 4 67 0 67 10000 9993 10000 9993 0
17815 4 68 0 68 10000 9994 10000 9994 0
32209 4 69 0 69 10000 9995 10000 9995 0
34683 4 70 0 70 10000 9996 10000 9996 0
99604 4 71 0 71 10000 9997 10000 9997 0
38934 4 72 0 72 10000 9998 10000 9998 0
23114 4 73 0 73 10000 9999 10000 9999 0
24552 4 74 0 74 10000 10000 10000 10000 0
44175 4 75 0 75 1 77 1 77 0
14262 4 76 0 76 1 78 1 78 0
95845 4 79 0 79 1 81 1 81 0
12733 4 80 0 80 1 82 1 82 0
21580 4 83 0 83 1 85 1 85 0
16458 4 84 0 84 1 86 1 86 0
14257 4 87 0 87 1 89 1 89 0
36488 4 88 0 88 1 90 1 90 0
41123 4 91 0 91 1 93 1 93 0
9850 4 92 0 92 1 94 1 94 0
7820 4 95 0 95 1 97 1 97 0
40970 4 96 0 96 1 98 1 98 0
20222 4 99 0 99 1 101 1 101 0
15106 4 100 0 100 1 102 1 102 0
89356 4 103 0 103 1 105 1 105 0
64634 4 104 0 104 1 106 1 106 0
23035 4 107 0 107 1 109 1 109 0
26449 4 108 0 108 1 110 1 110 0
66585 4 111 0 111 1 113 1 113 0
70976 4 112 0 112 1 114 1 114 0
40365 4 115 0 115 1 117 1 117 0
50123 4 116 0 116 1 118 1 118 0
86608 4 119 0 119 1 121 1 121 0
83610 4 120 0 120 1 122 1 122 0
15259 4 123 0 123 1 125 1 125 0
20264 4 124 0 124 1 126 1 126 0
78146 4 127 0 127 1 129 1 129 0
60698 4 128 0 128 1 130 1 130 0
16672 4 131 0 131 1 133 1 133 0
45618 4 132 0 132 1 134 1 134 0
15634 4 135 0 135 1 137 1 137 0
11813 4 136 0 136 1 138 1 138 0
5513 4 139 0 139 1 141 1 141 0
96875 4 140 0 140 1 142 1 142 0
56475 4 143 0 143 1 145 1 145 0
92213 4 144 0 144 1 146 1 146 0
28058 4 147 0 147 1 149 1 149 0
91621 4 148 0 148 1 150 1 150 0
55624 4 151 0 151 1 153 1 153 0
34777 4 152 0 152 1 154 1 154 0
13097 4 155 0 155 1 157 1 157 0
87495 4 156 0 156 1 158 1 158 0
69786 4 159 0 159 1 161 1 161 0
720 4 160 0 160 1 162 1 162 0
22114 4 163 0 163 1 165 1 165 0
98415 4 164 0 164 1 166 1 166 0
66726 4 167 0 167 1 169 1 169 0
41202 4 168 0 168 1 170 1 170 0
67873 4 171 0 171 1 173 1 173 0
63083 4 172 0 172 1 174 1 174 0
62452 4 175 0 175 1 177 1 177 0
2919 4 176 0 176 1 178 1 178 0
82331 4 179 0 179 1 181 1 181 0
77086 4 180 0 180 1 182 1 182 0
88577 4 183 0 183 1 185 1 185 0
11725 4 184 0 184 1 186 1 186 0
5781 4 187 0 187 1 189 1 189 0
51938 4 188 0 188 1 190 1 190 0
36542 4 191 0 191 1 193 1 193 0
49238 4 192 0 192 1 194 1 194 0
77803 4 195 0 195 1 197 1 197 0
55136 4 196 0 196 1 198 1 198 0
28494 4 199 0 199 1 201 1 201 0
32263 4 200 0 200 1 202 1 202 0
6539 4 203 0 203 1 205 1 205 0
25209 4 204 0 204 1 206 1 206 0
92268 4 207 0 207 1 209 1 209 0
70555 4 208 0 208 1 210 1 210 0
5943 4 211 0 211 1 213 1 213 0
63713 4 212 0 212 1 214 1 214 0
73571 4 215 0 215 1 217 1 217 0
55038 4 216 0 216 1 218 1 218 0
57415 4 219 0 219 1 221 1 221 0
76542 4 220 0 220 1 222 1 222 0
22356 3 223 0 224 1 224 0
