150
40646 4 0 0 0 10000 9999 10000 9999 0
93737 4 1 0 1 10000 10000 10000 10000 0
26756 4 3 0 3 9999 9997 9999 9997 0
28268 4 4 0 4 9999 9998 9999 9998 0
18767 4 6 0 6 9998 9995 9998 9995 0
36241 4 7 0 7 9998 9996 9998 9996 0
67414 4 9 0 9 9997 9993 9997 9993 0
66544 4 10 0 10 9997 9994 9997 9994 0
41728 4 12 0 12 9996 9991 9996 9991 0
57674 4 13 0 13 9996 9992 9996 9992 0
12788 4 15 0 15 9995 9989 9995 9989 0
13670 4 16 0 16 9995 9990 9995 9990 0
41627 4 18 0 18 9994 9987 9994 9987 0
27477 4 19 0 19 9994 9988 9994 9988 0
95236 4 21 0 21 9993 9985 9993 9985 0
91933 4 22 0 22 9993 9986 9993 9986 0
93062 4 24 0 24 9992 9983 9992 9983 0
30388 4 25 0 25 9992 9984 9992 9984 0
72907 4 27 0 27 9991 9981 9991 9981 0
73388 4 28 0 28 9991 9982 9991 9982 0
4300 4 30 0 30 9990 9979 9990 9979 0
60847 4 31 0 31 9990 9980 9990 9980 0
90744 4 33 0 33 9989 9977 9989 9977 0
18123 4 34 0 34 9989 9978 9989 9978 0
52986 4 36 0 36 9988 9975 9988 9975 0
14352 4 37 0 37 9988 9976 9988 9976 0
51321 4 39 0 39 9987 9973 9987 9973 0
3991 4 40 0 40 9987 9974 9987 9974 0
7298 4 42 0 42 9986 9971 9986 9971 0
82950 4 43 0 43 9986 9972 9986 9972 0
77604 4 45 0 45 9985 9969 9985 9969 0
56595 4 46 0 46 9985 9970 9985 9970 0
6267 4 48 0 48 9984 9967 9984 9967 0
64390 4 49 0 49 9984 9968 9984 9968 0
9968 4 51 0 51 9983 9965 9983 9965 0
43554 4 52 0 52 9983 9966 9983 9966 0
72510 4 54 0 54 9982 9963 9982 9963 0
7269 4 55 0 55 9982 9964 9982 9964 0
93369 4 57 0 57 9981 9961 9981 9961 0
63534 4 58 0 58 9981 9962 9981 9962 0
68331 4 60 0 60 9980 9959 9980 9959 0
39679 4 61 0 61 9980 9960 9980 9960 0
69887 4 63 0 63 9979 9957 9979 9957 0
68612 4 64 0 64 9979 9958 9979 9958 0
71842 4 66 0 66 9978 9955 9978 9955 0
9620 4 67 0 67 9978 9956 9978 9956 0
63431 4 69 0 69 9977 9953 9977 9953 0
61590 4 70 0 70 9977 9954 9977 9954 0
19755 4 72 0 72 9976 9951 9976 9951 0
89573 4 73 0 73 9976 9952 9976 9952 0
20985 4 75 0 75 9975 9949 9975 9949 0
78775 4 76 0 76 9975 9950 9975 9950 0
67470 4 78 0 78 9974 9947 9974 9947 0
48731 4 79 0 79 9974 9948 9974 9948 0
63584 4 81 0 81 9973 9945 9973 9945 0
27522 4 82 0 82 9973 9946 9973 9946 0
96508 4 84 0 84 9972 9943 9972 9943 0
84449 4 85 0 85 9972 9944 9972 9944 0
75213 4 87 0 87 9971 9941 9971 9941 0
9620 4 88 0 88 9971 9942 9971 9942 0
57284 4 90 0 90 9970 9939 9970 9939 0
50757 4 91 0 91 9970 9940 9970 9940 0
47797 4 93 0 93 9969 9937 9969 9937 0
6157 4 94 0 94 9969 9938 9969 9938 0
26846 4 96 0 96 9968 9935 9968 9935 0
35099 4 97 0 97 9968 9936 9968 9936 0
90862 4 99 0 99 9967 9933 9967 9933 0
79572 4 100 0 100 9967 9934 9967 9934 0
33924 4 102 0 102 9966 9931 9966 9931 0
75738 4 103 0 103 9966 9932 9966 9932 0
82582 4 105 0 105 9965 9929 9965 9929 0
35600 4 106 0 106 9965 9930 9965 9930 0
99316 4 108 0 108 9964 9927 9964 9927 0
54493 4 109 0 109 9964 9928 9964 9928 0
46540 4 111 0 111 9963 9925 9963 9925 0
24367 4 112 0 112 9963 9926 9963 9926 0
58544 4 114 0 114 9962 9923 9962 9923 0
2083 4 115 0 115 9962 9924 9962 9924 0
44981 4 117 0 117 9961 9921 9961 9921 0
30338 4 118 0 118 9961 9922 9961 9922 0
73917 4 120 0 120 9960 9919 9960 9919 0
82639 4 121 0 121 9960 9920 9960 9920 0
70616 4 123 0 123 9959 9917 9959 9917 0
48095 4 124 0 124 9959 9918 9959 9918 0
51559 4 126 0 126 9958 9915 9958 9915 0
12808 4 127 0 127 9958 9916 9958 9916 0
72258 4 129 0 129 9957 9913 9957 9913 0
31230 4 130 0 130 9957 9914 9957 9914 0
66076 4 132 0 132 9956 9911 9956 9911 0
9722 4 133 0 133 9956 9912 9956 9912 0
98660 4 135 0 135 9955 9909 9955 9909 0
31293 4 136 0 136 9955 9910 9955 9910 0
90157 4 138 0 138 9954 9907 9954 9907 0
90356 4 139 0 139 9954 9908 9954 9908 0
13232 4 141 0 141 9953 9905 9953 9905 0
47709 4 142 0 142 9953 9906 9953 9906 0
91120 4 144 0 144 9952 9903 9952 9903 0
72680 4 145 0 145 9952 9904 9952 9904 0
91487 4 147 0 147 9951 9901 9951 9901 0
99490 4 148 0 148 9951 9902 9951 9902 0
44704 4 150 0 150 9950 9899 9950 9899 0
60943 4 151 0 151 9950 9900 9950 9900 0
51533 4 153 0 153 9949 9897 9949 9897 0
13270 4 154 0 154 9949 9898 9949 9898 0
19227 4 156 0 156 9948 9895 9948 9895 0
43778 4 157 0 157 9948 9896 9948 9896 0
20187 4 159 0 159 9947 9893 9947 9893 0
1286 4 160 0 160 9947 9894 9947 9894 0
27523 4 162 0 162 9946 9891 9946 9891 0
68482 4 163 0 163 9946 9892 9946 9892 0
35981 4 165 0 165 9945 9889 9945 9889 0
82660 4 166 0 166 9945 9890 9945 9890 0
58974 4 168 0 168 9944 9887 9944 9887 0
17616 4 169 0 169 9944 9888 9944 9888 0
23146 4 171 0 171 9943 9885 9943 9885 0
15491 4 172 0 172 9943 9886 9943 9886 0
47702 4 174 0 174 9942 9883 9942 9883 0
42805 4 175 0 175 9942 9884 9942 9884 0
20671 4 177 0 177 9941 9881 9941 9881 0
71711 4 178 0 178 9941 9882 9941 9882 0
55674 4 180 0 180 9940 9879 9940 9879 0
33116 4 181 0 181 9940 9880 9940 9880 0
55772 4 183 0 183 9939 9877 9939 9877 0
31218 4 184 0 184 9939 9878 9939 9878 0
82523 4 186 0 186 9938 9875 9938 9875 0
78579 4 187 0 187 9938 9876 9938 9876 0
55477 4 189 0 189 9937 9873 9937 9873 0
95520 4 190 0 190 9937 9874 9937 9874 0
18736 4 192 0 192 9936 9871 9936 9871 0
13966 4 193 0 193 9936 9872 9936 9872 0
994 4 195 0 195 9935 9869 9935 9869 0
57644 4 196 0 196 9935 9870 9935 9870 0
722 4 198 0 198 9934 9867 9934 9867 0
54564 4 199 0 199 9934 9868 9934 9868 0
38815 4 201 0 201 9933 9865 9933 9865 0
83936 4 202 0 202 9933 9866 9933 9866 0
67265 4 204 0 204 9932 9863 9932 9863 0
35568 4 205 0 205 9932 9864 9932 9864 0
11917 4 207 0 207 9931 9861 9931 9861 0
15306 4 208 0 208 9931 9862 9931 9862 0
79197 4 210 0 210 9930 9859 9930 9859 0
11793 4 211 0 211 9930 9860 9930 9860 0
83407 4 213 0 213 9929 9857 9929 9857 0
89145 4 214 0 214 9929 9858 9929 9858 0
77037 4 216 0 216 9928 9855 9928 9855 0
41354 4 217 0 217 9928 9856 9928 9856 0
54126 4 219 0 219 9927 9853 9927 9853 0
66500 4 220 0 220 9927 9854 9927 9854 0
45308 4 222 0 222 9926 9851 9926 9851 0
995 4 223 0 223 9926 9852 9926 9852 0
