150
39038 4 0 0 0 9999 10000 9999 10000 0
47730 4 1 0 1 10000 9999 10000 9999 0
58526 4 2 0 2 9997 9998 9997 9998 0
59812 4 3 0 3 9998 9997 9998 9997 0
47608 4 4 0 4 9995 9996 9995 9996 0
15359 4 5 0 5 9996 9995 9996 9995 0
98417 4 6 0 6 9993 9994 9993 9994 0
49509 4 7 0 7 9994 9993 9994 9993 0
78235 4 8 0 8 9991 9992 9991 9992 0
42967 4 9 0 9 9992 9991 9992 9991 0
81998 4 10 0 10 9989 9990 9989 9990 0
32175 4 11 0 11 9990 9989 9990 9989 0
58071 4 12 0 12 9987 9988 9987 9988 0
67629 4 13 0 13 9988 9987 9988 9987 0
52337 4 14 0 14 9985 9986 9985 9986 0
48527 4 15 0 15 9986 9985 9986 9985 0
91858 4 16 0 16 9983 9984 9983 9984 0
95653 4 17 0 17 9984 9983 9984 9983 0
98919 4 18 0 18 9981 9982 9981 9982 0
1219 4 19 0 19 9982 9981 9982 9981 0
96931 4 20 0 20 9979 9980 9979 9980 0
87353 4 21 0 21 9980 9979 9980 9979 0
8916 4 22 0 22 9977 9978 9977 9978 0
76032 4 23 0 23 9978 9977 9978 9977 0
64440 4 24 0 24 9975 9976 9975 9976 0
8374 4 25 0 25 9976 9975 9976 9975 0
64815 4 26 0 26 9973 9974 9973 9974 0
33517 4 27 0 27 9974 9973 9974 9973 0
30897 4 28 0 28 9971 9972 9971 9972 0
25023 4 29 0 29 9972 9971 9972 9971 0
63105 4 30 0 30 9969 9970 9969 9970 0
58949 4 31 0 31 9970 9969 9970 9969 0
53794 4 32 0 32 9967 9968 9967 9968 0
6825 4 33 0 33 9968 9967 9968 9967 0
72810 4 34 0 34 9965 9966 9965 9966 0
53817 4 35 0 35 9966 9965 9966 9965 0
66421 4 36 0 36 9963 9964 9963 9964 0
8862 4 37 0 37 9964 9963 9964 9963 0
10268 4 38 0 38 9961 9962 9961 9962 0
30028 4 39 0 39 9962 9961 9962 9961 0
50822 4 40 0 40 9959 9960 9959 9960 0
88346 4 41 0 41 9960 9959 9960 9959 0
62750 4 42 0 42 9957 9958 9957 9958 0
81941 4 43 0 43 9958 9957 9958 9957 0
20997 4 44 0 44 9955 9956 9955 9956 0
79057 4 45 0 45 9956 9955 9956 9955 0
25450 4 46 0 46 9953 9954 9953 9954 0
17728 4 47 0 47 9954 9953 9954 9953 0
13528 4 48 0 48 9951 9952 9951 9952 0
43623 4 49 0 49 9952 9951 9952 9951 0
89647 4 50 0 50 9949 9950 9949 9950 0
17197 4 51 0 51 9950 9949 9950 9949 0
7894 4 52 0 52 9947 9948 9947 9948 0
4790 4 53 0 53 9948 9947 9948 9947 0
46479 4 54 0 54 9945 9946 9945 9946 0
99024 4 55 0 55 9946 9945 9946 9945 0
93261 4 56 0 56 9943 9944 9943 9944 0
3628 4 57 0 57 9944 9943 9944 9943 0
61410 4 58 0 58 9941 9942 9941 9942 0
55279 4 59 0 59 9942 9941 9942 9941 0
48956 4 60 0 60 9939 9940 9939 9940 0
92426 4 61 0 61 9940 9939 9940 9939 0
73330 4 62 0 62 9937 9938 9937 9938 0
34056 4 63 0 63 9938 9937 9938 9937 0
59418 4 64 0 64 9935 9936 9935 9936 0
45766 4 65 0 65 9936 9935 9936 9935 0
39549 4 66 0 66 9933 9934 9933 9934 0
38152 4 67 0 67 9934 9933 9934 9933 0
79149 4 68 0 68 9931 9932 9931 9932 0
2026 4 69 0 69 9932 9931 9932 9931 0
62167 4 70 0 70 9929 9930 9929 9930 0
77076 4 71 0 71 9930 9929 9930 9929 0
65588 4 72 0 72 9927 9928 9927 9928 0
60498 4 73 0 73 9928 9927 9928 9927 0
10021 4 74 0 74 9925 9926 9925 9926 0
97508 4 75 0 75 9926 9925 9926 9925 0
32094 4 76 0 76 9923 9924 9923 9924 0
74226 4 77 0 77 9924 9923 9924 9923 0
11650 4 78 0 78 9921 9922 9921 9922 0
26467 4 79 0 79 9922 9921 9922 9921 0
57873 4 80 0 80 9919 9920 9919 9920 0
17006 4 81 0 81 9920 9919 9920 9919 0
5022 4 82 0 82 9917 9918 9917 9918 0
7697 4 83 0 83 9918 9917 9918 9917 0
97924 4 84 0 84 9915 9916 9915 9916 0
28097 4 85 0 85 9916 9915 9916 9915 0
53082 4 86 0 86 9913 9914 9913 9914 0
8929 4 87 0 87 9914 9913 9914 9913 0
9092 4 88 0 88 9911 9912 9911 9912 0
51127 4 89 0 89 9912 9911 9912 9911 0
51821 4 90 0 90 9909 9910 9909 9910 0
67227 4 91 0 91 9910 9909 9910 9909 0
95219 4 92 0 92 9907 9908 9907 9908 0
53586 4 93 0 93 9908 9907 9908 9907 0
84802 4 94 0 94 9905 9906 9905 9906 0
34299 4 95 0 95 9906 9905 9906 9905 0
93092 4 96 0 96 9903 9904 9903 9904 0
69416 4 97 0 97 9904 9903 9904 9903 0
88952 4 98 0 98 9901 9902 9901 9902 0
32496 4 99 0 99 9902 9901 9902 9901 0
37057 4 100 0 100 9899 9900 9899 9900 0
30179 4 101 0 101 9900 9899 9900 9899 0
16768 4 102 0 102 9897 9898 9897 9898 0
46430 4 103 0 103 9898 9897 9898 9897 0
3589 4 104 0 104 9895 9896 9895 9896 0
93600 4 105 0 105 9896 9895 9896 9895 0
76195 4 106 0 106 9893 9894 9893 9894 0
92348 4 107 0 107 9894 9893 9894 9893 0
88803 4 108 0 108 9891 9892 9891 9892 0
35185 4 109 0 109 9892 9891 9892 9891 0
5114 4 110 0 110 9889 9890 9889 9890 0
42359 4 111 0 111 9890 9889 9890 9889 0
62493 4 112 0 112 9887 9888 9887 9888 0
33051 4 113 0 113 9888 9887 9888 9887 0
93684 4 114 0 114 9885 9886 9885 9886 0
33165 4 115 0 115 9886 9885 9886 9885 0
10861 4 116 0 116 9883 9884 9883 9884 0
37624 4 117 0 117 9884 9883 9884 9883 0
20819 4 118 0 118 9881 9882 9881 9882 0
74579 4 119 0 119 9882 9881 9882 9881 0
24831 4 120 0 120 9879 9880 9879 9880 0
1655 4 121 0 121 9880 9879 9880 9879 0
71215 4 122 0 122 9877 9878 9877 9878 0
91248 4 123 0 123 9878 9877 9878 9877 0
5589 4 124 0 124 9875 9876 9875 9876 0
1143 4 125 0 125 9876 9875 9876 9875 0
69233 4 126 0 126 9873 9874 9873 9874 0
3424 4 127 0 127 9874 9873 9874 9873 0
44130 4 128 0 128 9871 9872 9871 9872 0
33071 4 129 0 129 9872 9871 9872 9871 0
70297 4 130 0 130 9869 9870 9869 9870 0
12785 4 131 0 131 9870 9869 9870 9869 0
65680 4 132 0 132 9867 9868 9867 9868 0
84329 4 133 0 133 9868 9867 9868 9867 0
68953 4 134 0 134 9865 9866 9865 9866 0
89865 4 135 0 135 9866 9865 9866 9865 0
85114 4 136 0 136 9863 9864 9863 9864 0
71427 4 137 0 137 9864 9863 9864 9863 0
66072 4 138 0 138 9861 9862 9861 9862 0
64894 4 139 0 139 9862 9861 9862 9861 0
35442 4 140 0 140 9859 9860 9859 9860 0
56749 4 141 0 141 9860 9859 9860 9859 0
32753 4 142 0 142 9857 9858 9857 9858 0
80956 4 143 0 143 9858 9857 9858 9857 0
61756 4 144 0 144 9855 9856 9855 9856 0
81581 4 145 0 145 9856 9855 9856 9855 0
20049 4 146 0 146 9853 9854 9853 9854 0
13219 4 147 0 147 9854 9853 9854 9853 0
85265 4 148 0 148 9851 9852 9851 9852 0
82590 4 149 0 149 9852 9851 9852 9851 0
