150
77535 4 0 0 0 10000 9998 10000 9998 0
4564 4 1 0 1 10000 9999 10000 9999 0
7613 4 2 0 2 10000 10000 10000 10000 0
56726 4 4 0 4 9999 9995 9999 9995 0
23666 4 5 0 5 9999 9996 9999 9996 0
73286 4 6 0 6 9999 9997 9999 9997 0
12000 4 8 0 8 9998 9992 9998 9992 0
92598 4 9 0 9 9998 9993 9998 9993 0
94905 4 10 0 10 9998 9994 9998 9994 0
66959 4 12 0 12 9997 9989 9997 9989 0
35520 4 13 0 13 9997 9990 9997 9990 0
13880 4 14 0 14 9997 9991 9997 9991 0
40623 4 16 0 16 9996 9986 9996 9986 0
77367 4 17 0 17 9996 9987 9996 9987 0
9178 4 18 0 18 9996 9988 9996 9988 0
4215 4 20 0 20 9995 9983 9995 9983 0
52469 4 21 0 21 9995 9984 9995 9984 0
87787 4 22 0 22 9995 9985 9995 9985 0
43986 4 24 0 24 9994 9980 9994 9980 0
87090 4 25 0 25 9994 9981 9994 9981 0
80206 4 26 0 26 9994 9982 9994 9982 0
32860 4 28 0 28 9993 9977 9993 9977 0
19373 4 29 0 29 9993 9978 9993 9978 0
46348 4 30 0 30 9993 9979 9993 9979 0
16962 4 32 0 32 9992 9974 9992 9974 0
83615 4 33 0 33 9992 9975 9992 9975 0
10804 4 34 0 34 9992 9976 9992 9976 0
46765 4 36 0 36 9991 9971 9991 9971 0
55007 4 37 0 37 9991 9972 9991 9972 0
8430 4 38 0 38 9991 9973 9991 9973 0
631 4 40 0 40 9990 9968 9990 9968 0
45919 4 41 0 41 9990 9969 9990 9969 0
77043 4 42 0 42 9990 9970 9990 9970 0
8517 4 44 0 44 9989 9965 9989 9965 0
52520 4 45 0 45 9989 9966 9989 9966 0
50193 4 46 0 46 9989 9967 9989 9967 0
73875 4 48 0 48 9988 9962 9988 9962 0
94726 4 49 0 49 9988 9963 9988 9963 0
17340 4 50 0 50 9988 9964 9988 9964 0
16568 4 52 0 52 9987 9959 9987 9959 0
31832 4 53 0 53 9987 9960 9987 9960 0
45622 4 54 0 54 9987 9961 9987 9961 0
55662 4 56 0 56 9986 9956 9986 9956 0
62185 4 57 0 57 9986 9957 9986 9957 0
33117 4 58 0 58 9986 9958 9986 9958 0
98141 4 60 0 60 9985 9953 9985 9953 0
87068 4 61 0 61 9985 9954 9985 9954 0
14177 4 62 0 62 9985 9955 9985 9955 0
26914 4 64 0 64 9984 9950 9984 9950 0
25898 4 65 0 65 9984 9951 9984 9951 0
70536 4 66 0 66 9984 9952 9984 9952 0
57117 4 68 0 68 9983 9947 9983 9947 0
70924 4 69 0 69 9983 9948 9983 9948 0
7693 4 70 0 70 9983 9949 9983 9949 0
32472 4 72 0 72 9982 9944 9982 9944 0
93538 4 73 0 73 9982 9945 9982 9945 0
87458 4 74 0 74 9982 9946 9982 9946 0
29307 4 76 0 76 9981 9941 9981 9941 0
34006 4 77 0 77 9981 9942 9981 9942 0
97110 4 78 0 78 9981 9943 9981 9943 0
76210 4 80 0 80 9980 9938 9980 9938 0
91182 4 81 0 81 9980 9939 9980 9939 0
57616 4 82 0 82 9980 9940 9980 9940 0
98245 4 84 0 84 9979 9935 9979 9935 0
37130 4 85 0 85 9979 9936 9979 9936 0
86466 4 86 0 86 9979 9937 9979 9937 0
71769 4 88 0 88 9978 9932 9978 9932 0
75005 4 89 0 89 9978 9933 9978 9933 0
89311 4 90 0 90 9978 9934 9978 9934 0
18361 4 92 0 92 9977 9929 9977 9929 0
83718 4 93 0 93 9977 9930 9977 9930 0
19986 4 94 0 94 9977 9931 9977 9931 0
17801 4 96 0 96 9976 9926 9976 9926 0
29400 4 97 0 97 9976 9927 9976 9927 0
50035 4 98 0 98 9976 9928 9976 9928 0
39643 4 100 0 100 9975 9923 9975 9923 0
45637 4 101 0 101 9975 9924 9975 9924 0
18504 4 102 0 102 9975 9925 9975 9925 0
41692 4 104 0 104 9974 9920 9974 9920 0
20947 4 105 0 105 9974 9921 9974 9921 0
34962 4 106 0 106 9974 9922 9974 9922 0
70134 4 108 0 108 9973 9917 9973 9917 0
84868 4 109 0 109 9973 9918 9973 9918 0
36633 4 110 0 110 9973 9919 9973 9919 0
14292 4 112 0 112 9972 9914 9972 9914 0
55091 4 113 0 113 9972 9915 9972 9915 0
2929 4 114 0 114 9972 9916 9972 9916 0
16272 4 116 0 116 9971 9911 9971 9911 0
21621 4 117 0 117 9971 9912 9971 9912 0
90772 4 118 0 118 9971 9913 9971 9913 0
26157 4 120 0 120 9970 9908 9970 9908 0
21759 4 121 0 121 9970 9909 9970 9909 0
60319 4 122 0 122 9970 9910 9970 9910 0
10611 4 124 0 124 9969 9905 9969 9905 0
50887 4 125 0 125 9969 9906 9969 9906 0
3091 4 126 0 126 9969 9907 9969 9907 0
5891 4 128 0 128 9968 9902 9968 9902 0
85516 4 129 0 129 9968 9903 9968 9903 0
79088 4 130 0 130 9968 9904 9968 9904 0
96824 4 132 0 132 9967 9899 9967 9899 0
77909 4 133 0 133 9967 9900 9967 9900 0
84065 4 134 0 134 9967 9901 9967 9901 0
42687 4 136 0 136 9966 9896 9966 9896 0
10628 4 137 0 137 9966 9897 9966 9897 0
2541 4 138 0 138 9966 9898 9966 9898 0
22487 4 140 0 140 9965 9893 9965 9893 0
14797 4 141 0 141 9965 9894 9965 9894 0
24940 4 142 0 142 9965 9895 9965 9895 0
70279 4 144 0 144 9964 9890 9964 9890 0
86743 4 145 0 145 9964 9891 9964 9891 0
48794 4 146 0 146 9964 9892 9964 9892 0
3053 4 148 0 148 9963 9887 9963 9887 0
51844 4 149 0 149 9963 9888 9963 9888 0
81998 4 150 0 150 9963 9889 9963 9889 0
85062 4 152 0 152 9962 9884 9962 9884 0
43524 4 153 0 153 9962 9885 9962 9885 0
76551 4 154 0 154 9962 9886 9962 9886 0
27981 4 156 0 156 9961 9881 9961 9881 0
36761 4 157 0 157 9961 9882 9961 9882 0
67414 4 158 0 158 9961 9883 9961 9883 0
25945 4 160 0 160 9960 9878 9960 9878 0
86633 4 161 0 161 9960 9879 9960 9879 0
55803 4 162 0 162 9960 9880 9960 9880 0
58505 4 164 0 164 9959 9875 9959 9875 0
23878 4 165 0 165 9959 9876 9959 9876 0
26044 4 166 0 166 9959 9877 9959 9877 0
62620 4 168 0 168 9958 9872 9958 9872 0
55433 4 169 0 169 9958 9873 9958 9873 0
49310 4 170 0 170 9958 9874 9958 9874 0
30210 4 172 0 172 9957 9869 9957 9869 0
174 4 173 0 173 9957 9870 9957 9870 0
62020 4 174 0 174 9957 9871 9957 9871 0
56085 4 176 0 176 9956 9866 9956 9866 0
50045 4 177 0 177 9956 9867 9956 9867 0
73798 4 178 0 178 9956 9868 9956 9868 0
6638 4 180 0 180 9955 9863 9955 9863 0
31170 4 181 0 181 9955 9864 9955 9864 0
76242 4 182 0 182 9955 9865 9955 9865 0
50334 4 184 0 184 9954 9860 9954 9860 0
63422 4 185 0 185 9954 9861 9954 9861 0
1892 4 186 0 186 9954 9862 9954 9862 0
56394 4 188 0 188 9953 9857 9953 9857 0
9494 4 189 0 189 9953 9858 9953 9858 0
55631 4 190 0 190 9953 9859 9953 9859 0
120 4 192 0 192 9952 9854 9952 9854 0
28146 4 193 0 193 9952 9855 9952 9855 0
25775 4 194 0 194 9952 9856 9952 9856 0
11808 4 196 0 196 9951 9851 9951 9851 0
60164 4 197 0 197 9951 9852 9951 9852 0
31419 4 198 0 198 9951 9853 9951 9853 0
