150
75927 4 0 0 0 9998 10000 9998 10000 0
58556 4 1 0 1 9999 9999 9999 9999 0
30872 4 2 0 2 10000 9998 10000 9998 0
88270 4 3 0 3 9995 9997 9995 9997 0
52508 4 4 0 4 9996 9996 9996 9996 0
76597 4 5 0 5 9997 9995 9997 9995 0
43003 4 6 0 6 9992 9994 9992 9994 0
75562 4 7 0 7 9993 9993 9993 9993 0
98708 4 8 0 8 9994 9992 9994 9992 0
28060 4 9 0 9 9989 9991 9989 9991 0
72026 4 10 0 10 9990 9990 9990 9990 0
65090 4 11 0 11 9991 9989 9991 9989 0
65579 4 12 0 12 9986 9988 9986 9988 0
41711 4 13 0 13 9987 9987 9987 9987 0
98984 4 14 0 14 9988 9986 9988 9986 0
28105 4 15 0 15 9983 9985 9983 9985 0
18560 4 16 0 16 9984 9984 9984 9984 0
53051 4 17 0 17 9985 9983 9985 9983 0
69998 4 18 0 18 9980 9982 9980 9982 0
47625 4 19 0 19 9981 9981 9981 9981 0
40133 4 20 0 20 9982 9980 9982 9980 0
59365 4 21 0 21 9977 9979 9977 9979 0
37545 4 22 0 22 9978 9978 9978 9978 0
4257 4 23 0 23 9979 9977 9979 9977 0
95713 4 24 0 24 9974 9976 9974 9976 0
10341 4 25 0 25 9975 9975 9975 9975 0
91594 4 26 0 26 9976 9974 9976 9974 0
76290 4 27 0 27 9971 9973 9971 9973 0
11310 4 28 0 28 9972 9972 9972 9972 0
17798 4 29 0 29 9973 9971 9973 9971 0
43029 4 30 0 30 9968 9970 9968 9970 0
72465 4 31 0 31 9969 9969 9969 9969 0
24571 4 32 0 32 9970 9968 9970 9968 0
7848 4 33 0 33 9965 9967 9965 9967 0
48066 4 34 0 34 9966 9966 9966 9966 0
70857 4 35 0 35 9967 9965 9967 9965 0
67786 4 36 0 36 9962 9964 9962 9964 0
96318 4 37 0 37 9963 9963 9963 9963 0
34240 4 38 0 38 9964 9962 9964 9962 0
15766 4 39 0 39 9959 9961 9959 9961 0
71219 4 40 0 40 9960 9960 9960 9960 0
94289 4 41 0 41 9961 9959 9961 9959 0
40013 4 42 0 42 9956 9958 9956 9958 0
99706 4 43 0 43 9957 9957 9957 9957 0
82272 4 44 0 44 9958 9956 9958 9956 0
282 4 45 0 45 9953 9955 9953 9955 0
49087 4 46 0 46 9954 9954 9954 9954 0
37611 4 47 0 47 9955 9953 9955 9953 0
44879 4 48 0 48 9950 9952 9950 9952 0
12652 4 49 0 49 9951 9951 9951 9951 0
63390 4 50 0 50 9952 9950 9952 9950 0
62835 4 51 0 51 9947 9949 9947 9949 0
11347 4 52 0 52 9948 9948 9948 9948 0
63752 4 53 0 53 9949 9947 9949 9947 0
15367 4 54 0 54 9944 9946 9944 9946 0
65039 4 55 0 55 9945 9945 9945 9945 0
16915 4 56 0 56 9946 9944 9946 9944 0
91590 4 57 0 57 9941 9943 9941 9943 0
87499 4 58 0 58 9942 9942 9942 9942 0
18577 4 59 0 59 9943 9941 9943 9941 0
586 4 60 0 60 9938 9940 9938 9940 0
147 4 61 0 61 9939 9939 9939 9939 0
83149 4 62 0 62 9940 9938 9940 9938 0
26143 4 63 0 63 9935 9937 9935 9937 0
69701 4 64 0 64 9936 9936 9936 9936 0
97133 4 65 0 65 9937 9935 9937 9935 0
53160 4 66 0 66 9932 9934 9932 9934 0
33585 4 67 0 67 9933 9933 9933 9933 0
24136 4 68 0 68 9934 9932 9934 9932 0
44649 4 69 0 69 9929 9931 9929 9931 0
30599 4 70 0 70 9930 9930 9930 9930 0
61462 4 71 0 71 9931 9929 9931 9929 0
84073 4 72 0 72 9926 9928 9926 9928 0
59598 4 73 0 73 9927 9927 9927 9927 0
3115 4 74 0 74 9928 9926 9928 9926 0
12784 4 75 0 75 9923 9925 9923 9925 0
86484 4 76 0 76 9924 9924 9924 9924 0
90648 4 77 0 77 9925 9923 9925 9923 0
41065 4 78 0 78 9920 9922 9920 9922 0
17075 4 79 0 79 9921 9921 9921 9921 0
86213 4 80 0 80 9922 9920 9922 9920 0
80309 4 81 0 81 9917 9919 9917 9919 0
95081 4 82 0 82 9918 9918 9918 9918 0
96234 4 83 0 83 9919 9917 9919 9917 0
27953 4 84 0 84 9914 9916 9914 9916 0
70379 4 85 0 85 9915 9915 9915 9915 0
83752 4 86 0 86 9916 9914 9916 9914 0
93970 4 87 0 87 9911 9913 9911 9913 0
64637 4 88 0 88 9912 9912 9912 9912 0
97584 4 89 0 89 9913 9911 9913 9911 0
12023 4 90 0 90 9908 9910 9908 9910 0
49182 4 91 0 91 9909 9909 9909 9909 0
65381 4 92 0 92 9910 9908 9910 9908 0
65329 4 93 0 93 9905 9907 9905 9907 0
98265 4 94 0 94 9906 9906 9906 9906 0
81 4 95 0 95 9907 9905 9907 9905 0
16375 4 96 0 96 9902 9904 9902 9904 0
82252 4 97 0 97 9903 9903 9903 9903 0
76553 4 98 0 98 9904 9902 9904 9902 0
62535 4 99 0 99 9899 9901 9899 9901 0
94453 4 100 0 100 9900 9900 9900 9900 0
96405 4 101 0 101 9901 9899 9901 9899 0
16434 4 102 0 102 9896 9898 9896 9898 0
43788 4 103 0 103 9897 9897 9897 9897 0
54199 4 104 0 104 9898 9896 9898 9896 0
48117 4 105 0 105 9893 9895 9893 9895 0
46613 4 106 0 106 9894 9894 9894 9894 0
48707 4 107 0 107 9895 9893 9895 9893 0
64263 4 108 0 108 9890 9892 9890 9892 0
29254 4 109 0 109 9891 9891 9891 9891 0
17927 4 110 0 110 9892 9890 9892 9890 0
95456 4 111 0 111 9887 9889 9887 9889 0
55363 4 112 0 112 9888 9888 9888 9888 0
64728 4 113 0 113 9889 9887 9889 9887 0
98704 4 114 0 114 9884 9886 9884 9886 0
93902 4 115 0 115 9885 9885 9885 9885 0
72414 4 116 0 116 9886 9884 9886 9884 0
22800 4 117 0 117 9881 9883 9881 9883 0
36908 4 118 0 118 9882 9882 9882 9882 0
46091 4 119 0 119 9883 9881 9883 9881 0
95103 4 120 0 120 9878 9880 9878 9880 0
30980 4 121 0 121 9879 9879 9879 9879 0
3950 4 122 0 122 9880 9878 9880 9878 0
85831 4 123 0 123 9875 9877 9875 9877 0
14240 4 124 0 124 9876 9876 9876 9876 0
15904 4 125 0 125 9877 9875 9877 9875 0
76377 4 126 0 126 9872 9874 9872 9874 0
6441 4 127 0 127 9873 9873 9873 9873 0
40112 4 128 0 128 9874 9872 9874 9872 0
49315 4 129 0 129 9869 9871 9869 9871 0
36773 4 130 0 130 9870 9870 9870 9870 0
84458 4 131 0 131 9871 9869 9871 9869 0
21042 4 132 0 132 9866 9868 9866 9868 0
12515 4 133 0 133 9867 9867 9867 9867 0
71232 4 134 0 134 9868 9866 9868 9866 0
12567 4 135 0 135 9863 9865 9863 9865 0
92124 4 136 0 136 9864 9864 9864 9864 0
79397 4 137 0 137 9865 9863 9865 9863 0
37194 4 138 0 138 9860 9862 9860 9862 0
88819 4 139 0 139 9861 9861 9861 9861 0
82329 4 140 0 140 9862 9860 9862 9860 0
68646 4 141 0 141 9857 9859 9857 9859 0
58839 4 142 0 142 9858 9858 9858 9858 0
47443 4 143 0 143 9859 9857 9859 9857 0
76327 4 144 0 144 9854 9856 9854 9856 0
68373 4 145 0 145 9855 9855 9855 9855 0
83185 4 146 0 146 9856 9854 9856 9854 0
58528 4 147 0 147 9851 9853 9851 9853 0
32826 4 148 0 148 9852 9852 9852 9852 0
69910 4 149 0 149 9853 9851 9853 9851 0
