150
36513 4 1 0 1 10000 9925 10000 9925 0
25221 4 2 0 2 10000 9926 10000 9926 0
51048 4 3 0 3 10000 9927 10000 9927 0
72709 4 4 0 4 10000 9928 10000 9928 0
49882 4 5 0 5 10000 9929 10000 9929 0
23496 4 6 0 6 10000 9930 10000 9930 0
7060 4 7 0 7 10000 9931 10000 9931 0
22130 4 8 0 8 10000 9932 10000 9932 0
76675 4 9 0 9 10000 9933 10000 9933 0
95652 4 10 0 10 10000 9934 10000 9934 0
46762 4 11 0 11 10000 9935 10000 9935 0
1149 4 12 0 12 10000 9936 10000 9936 0
53832 4 13 0 13 10000 9937 10000 9937 0
16675 4 14 0 14 10000 9938 10000 9938 0
52538 4 15 0 15 10000 9939 10000 9939 0
84546 4 16 0 16 10000 9940 10000 9940 0
10334 4 17 0 17 10000 9941 10000 9941 0
725 4 18 0 18 10000 9942 10000 9942 0
47800 4 19 0 19 10000 9943 10000 9943 0
90947 4 20 0 20 10000 9944 10000 9944 0
72696 4 21 0 21 10000 9945 10000 9945 0
79756 4 22 0 22 10000 9946 10000 9946 0
22972 4 23 0 23 10000 9947 10000 9947 0
99525 4 24 0 24 10000 9948 10000 9948 0
65683 4 25 0 25 10000 9949 10000 9949 0
45089 4 26 0 26 10000 9950 10000 9950 0
23618 4 27 0 27 10000 9951 10000 9951 0
87441 4 28 0 28 10000 9952 10000 9952 0
75659 4 29 0 29 10000 9953 10000 9953 0
8909 4 30 0 30 10000 9954 10000 9954 0
52491 4 31 0 31 10000 9955 10000 9955 0
65396 4 32 0 32 10000 9956 10000 9956 0
80835 4 33 0 33 10000 9957 10000 9957 0
42833 4 34 0 34 10000 9958 10000 9958 0
31387 4 35 0 35 10000 9959 10000 9959 0
49887 4 36 0 36 10000 9960 10000 9960 0
17634 4 37 0 37 10000 9961 10000 9961 0
51759 4 38 0 38 10000 9962 10000 9962 0
17785 4 39 0 39 10000 9963 10000 9963 0
91015 4 40 0 40 10000 9964 10000 9964 0
58961 4 41 0 41 10000 9965 10000 9965 0
37966 4 42 0 42 10000 9966 10000 9966 0
82961 4 43 0 43 10000 9967 10000 9967 0
12582 4 44 0 44 10000 9968 10000 9968 0
94750 4 45 0 45 10000 9969 10000 9969 0
86393 4 46 0 46 10000 9970 10000 9970 0
76469 4 47 0 47 10000 9971 10000 9971 0
27832 4 48 0 48 10000 9972 10000 9972 0
22619 4 49 0 49 10000 9973 10000 9973 0
86209 4 50 0 50 10000 9974 10000 9974 0
58744 4 51 0 51 10000 9975 10000 9975 0
60448 4 52 0 52 10000 9976 10000 9976 0
19551 4 53 0 53 10000 9977 10000 9977 0
44695 4 54 0 54 10000 9978 10000 9978 0
93426 4 55 0 55 10000 9979 10000 9979 0
37248 4 56 0 56 10000 9980 10000 9980 0
55972 4 57 0 57 10000 9981 10000 9981 0
45683 4 58 0 58 10000 9982 10000 9982 0
68127 4 59 0 59 10000 9983 10000 9983 0
26660 4 60 0 60 10000 9984 10000 9984 0
67911 4 61 0 61 10000 9985 10000 9985 0
13168 4 62 0 62 10000 9986 10000 9986 0
88576 4 63 0 63 10000 9987 10000 9987 0
37304 4 64 0 64 10000 9988 10000 9988 0
68652 4 65 0 65 10000 9989 10000 9989 0
4589 4 66 0 66 10000 9990 10000 9990 0
34072 4 67 0 67 10000 9991 10000 9991 0
91341 4 68 0 68 10000 9992 10000 9992 0
25016 4 69 0 69 10000 9993 10000 9993 0
25773 4 70 0 70 10000 9994 10000 9994 0
25871 4 71 0 71 10000 9995 10000 9995 0
53433 4 72 0 72 10000 9996 10000 9996 0
75477 4 73 0 73 10000 9997 10000 9997 0
696 4 74 0 74 10000 9998 10000 9998 0
96115 4 75 0 75 10000 9999 10000 9999 0
29843 4 76 0 76 1 78 1 78 0
92977 4 77 0 77 1 79 1 79 0
1912 4 80 0 80 1 82 1 82 0
56083 4 81 0 81 1 83 1 83 0
23931 4 84 0 84 1 86 1 86 0
87903 4 85 0 85 1 87 1 87 0
81789 4 88 0 88 1 90 1 90 0
97282 4 89 0 89 1 91 1 91 0
48144 4 92 0 92 1 94 1 94 0
14068 4 93 0 93 1 95 1 95 0
86521 4 96 0 96 1 98 1 98 0
986 4 97 0 97 1 99 1 99 0
55992 4 100 0 100 1 102 1 102 0
9675 4 101 0 101 1 103 1 103 0
3493 4 104 0 104 1 106 1 106 0
3734 4 105 0 105 1 107 1 107 0
28572 4 108 0 108 1 110 1 110 0
32418 4 109 0 109 1 111 1 111 0
59130 4 112 0 112 1 114 1 114 0
19766 4 113 0 113 1 115 1 115 0
10248 4 116 0 116 1 118 1 118 0
37659 4 117 0 117 1 119 1 119 0
55161 4 120 0 120 1 122 1 122 0
83615 4 121 0 121 1 123 1 123 0
83728 4 124 0 124 1 126 1 126 0
27292 4 125 0 125 1 127 1 127 0
15428 4 128 0 128 1 130 1 130 0
43577 4 129 0 129 1 131 1 131 0
14374 4 132 0 132 1 134 1 134 0
12655 4 133 0 133 1 135 1 135 0
71298 4 136 0 136 1 138 1 138 0
4175 4 137 0 137 1 139 1 139 0
18533 4 140 0 140 1 142 1 142 0
28867 4 141 0 141 1 143 1 143 0
74079 4 144 0 144 1 146 1 146 0
47826 4 145 0 145 1 147 1 147 0
86569 4 148 0 148 1 150 1 150 0
57769 4 149 0 149 1 151 1 151 0
57129 4 152 0 152 1 154 1 154 0
76087 4 153 0 153 1 155 1 155 0
75156 4 156 0 156 1 158 1 158 0
77079 4 157 0 157 1 159 1 159 0
64660 4 160 0 160 1 162 1 162 0
39636 4 161 0 161 1 163 1 163 0
94539 4 164 0 164 1 166 1 166 0
31753 4 165 0 165 1 167 1 167 0
18487 4 168 0 168 1 170 1 170 0
85735 4 169 0 169 1 171 1 171 0
6295 4 172 0 172 1 174 1 174 0
58331 4 173 0 173 1 175 1 175 0
46701 4 176 0 176 1 178 1 178 0
74319 4 177 0 177 1 179 1 179 0
4421 4 180 0 180 1 182 1 182 0
29808 4 181 0 181 1 183 1 183 0
82294 4 184 0 184 1 186 1 186 0
43697 4 185 0 185 1 187 1 187 0
11622 4 188 0 188 1 190 1 190 0
38830 4 189 0 189 1 191 1 191 0
1587 4 192 0 192 1 194 1 194 0
63668 4 193 0 193 1 195 1 195 0
83536 4 196 0 196 1 198 1 198 0
1408 4 197 0 197 1 199 1 199 0
50381 4 200 0 200 1 202 1 202 0
85445 4 201 0 201 1 203 1 203 0
24635 4 204 0 204 1 206 1 206 0
87474 4 205 0 205 1 207 1 207 0
78606 4 208 0 208 1 210 1 210 0
56564 4 209 0 209 1 211 1 211 0
21764 4 212 0 212 1 214 1 214 0
65465 4 213 0 213 1 215 1 215 0
80422 4 216 0 216 1 218 1 218 0
55605 4 217 0 217 1 219 1 219 0
31757 4 220 0 220 1 222 1 222 0
43913 4 221 0 221 1 223 1 223 0
45320 4 224 0 224 1 10000 1 10000 0
