150
23462 4 1 0 1 10000 9945 10000 9945 0
74532 4 2 0 2 10000 9946 10000 9946 0
89619 4 3 0 3 10000 9947 10000 9947 0
33318 4 4 0 4 10000 9948 10000 9948 0
62524 4 5 0 5 10000 9949 10000 9949 0
87482 4 6 0 6 10000 9950 10000 9950 0
74282 4 7 0 7 10000 9951 10000 9951 0
45866 4 8 0 8 10000 9952 10000 9952 0
56047 4 9 0 9 10000 9953 10000 9953 0
76671 4 10 0 10 10000 9954 10000 9954 0
56413 4 11 0 11 10000 9955 10000 9955 0
80243 4 12 0 12 10000 9956 10000 9956 0
30812 4 13 0 13 10000 9957 10000 9957 0
86308 4 14 0 14 10000 9958 10000 9958 0
2454 4 15 0 15 10000 9959 10000 9959 0
10507 4 16 0 16 10000 9960 10000 9960 0
33398 4 17 0 17 10000 9961 10000 9961 0
72716 4 18 0 18 10000 9962 10000 9962 0
23313 4 19 0 19 10000 9963 10000 9963 0
69807 4 20 0 20 10000 9964 10000 9964 0
79428 4 21 0 21 10000 9965 10000 9965 0
76622 4 22 0 22 10000 9966 10000 9966 0
7647 4 23 0 23 10000 9967 10000 9967 0
92400 4 24 0 24 10000 9968 10000 9968 0
34816 4 25 0 25 10000 9969 10000 9969 0
30039 4 26 0 26 10000 9970 10000 9970 0
60131 4 27 0 27 10000 9971 10000 9971 0
6582 4 28 0 28 10000 9972 10000 9972 0
50009 4 29 0 29 10000 9973 10000 9973 0
56965 4 30 0 30 10000 9974 10000 9974 0
82008 4 31 0 31 10000 9975 10000 9975 0
36504 4 32 0 32 10000 9976 10000 9976 0
50418 4 33 0 33 10000 9977 10000 9977 0
59245 4 34 0 34 10000 9978 10000 9978 0
8040 4 35 0 35 10000 9979 10000 9979 0
37541 4 36 0 36 10000 9980 10000 9980 0
23457 4 37 0 37 10000 9981 10000 9981 0
94965 4 38 0 38 10000 9982 10000 9982 0
1846 4 39 0 39 10000 9983 10000 9983 0
15902 4 40 0 40 10000 9984 10000 9984 0
66832 4 41 0 41 10000 9985 10000 9985 0
92987 4 42 0 42 10000 9986 10000 9986 0
77142 4 43 0 43 10000 9987 10000 9987 0
41721 4 44 0 44 10000 9988 10000 9988 0
74208 4 45 0 45 10000 9989 10000 9989 0
86028 4 46 0 46 10000 9990 10000 9990 0
55152 4 47 0 47 10000 9991 10000 9991 0
85376 4 48 0 48 10000 9992 10000 9992 0
94337 4 49 0 49 10000 9993 10000 9993 0
85934 4 50 0 50 10000 9994 10000 9994 0
32608 4 51 0 51 10000 9995 10000 9995 0
26576 4 52 0 52 10000 9996 10000 9996 0
16251 4 53 0 53 10000 9997 10000 9997 0
71639 4 54 0 54 10000 9998 10000 9998 0
56761 4 55 0 55 10000 9999 10000 9999 0
18715 4 56 0 56 1 59 1 59 0
82313 4 58 0 58 1 61 1 61 0
28147 4 60 0 60 1 63 1 63 0
97501 4 62 0 62 1 65 1 65 0
83206 4 64 0 64 1 67 1 67 0
13593 4 66 0 66 1 69 1 69 0
82434 4 68 0 68 1 71 1 71 0
76614 4 70 0 70 1 73 1 73 0
15531 4 72 0 72 1 75 1 75 0
10285 4 74 0 74 1 77 1 77 0
85943 4 76 0 76 1 79 1 79 0
60769 4 78 0 78 1 81 1 81 0
89880 4 80 0 80 1 83 1 83 0
6972 4 82 0 82 1 85 1 85 0
8730 4 84 0 84 1 87 1 87 0
39694 4 86 0 86 1 89 1 89 0
22223 4 88 0 88 1 91 1 91 0
94865 4 90 0 90 1 93 1 93 0
57383 4 92 0 92 1 95 1 95 0
48289 4 94 0 94 1 97 1 97 0
30052 4 96 0 96 1 99 1 99 0
8683 4 98 0 98 1 101 1 101 0
25997 4 100 0 100 1 103 1 103 0
71492 4 102 0 102 1 105 1 105 0
37410 4 104 0 104 1 107 1 107 0
52764 4 106 0 106 1 109 1 109 0
58032 4 108 0 108 1 111 1 111 0
61331 4 110 0 110 1 113 1 113 0
20358 4 112 0 112 1 115 1 115 0
49899 4 114 0 114 1 117 1 117 0
84232 4 116 0 116 1 119 1 119 0
44062 4 118 0 118 1 121 1 121 0
35458 4 120 0 120 1 123 1 123 0
42578 4 122 0 122 1 125 1 125 0
42816 4 124 0 124 1 127 1 127 0
68330 4 126 0 126 1 129 1 129 0
84636 4 128 0 128 1 131 1 131 0
41888 4 130 0 130 1 133 1 133 0
3159 4 132 0 132 1 135 1 135 0
75761 4 134 0 134 1 137 1 137 0
70668 4 136 0 136 1 139 1 139 0
17047 4 138 0 138 1 141 1 141 0
25314 4 140 0 140 1 143 1 143 0
38621 4 142 0 142 1 145 1 145 0
81569 4 144 0 144 1 147 1 147 0
11983 4 146 0 146 1 149 1 149 0
51432 4 148 0 148 1 151 1 151 0
19889 4 150 0 150 1 153 1 153 0
52829 4 152 0 152 1 155 1 155 0
79250 4 154 0 154 1 157 1 157 0
53765 4 156 0 156 1 159 1 159 0
2336 4 158 0 158 1 161 1 161 0
48404 4 160 0 160 1 163 1 163 0
33278 4 162 0 162 1 165 1 165 0
80487 4 164 0 164 1 167 1 167 0
65460 4 166 0 166 1 169 1 169 0
96338 4 168 0 168 1 171 1 171 0
47590 4 170 0 170 1 173 1 173 0
30068 4 172 0 172 1 175 1 175 0
34024 4 174 0 174 1 177 1 177 0
82514 4 176 0 176 1 179 1 179 0
25457 4 178 0 178 1 181 1 181 0
28866 4 180 0 180 1 183 1 183 0
44814 4 182 0 182 1 185 1 185 0
33575 4 184 0 184 1 187 1 187 0
8538 4 186 0 186 1 189 1 189 0
85694 4 188 0 188 1 191 1 191 0
1195 4 190 0 190 1 193 1 193 0
95927 4 192 0 192 1 195 1 195 0
26126 4 194 0 194 1 197 1 197 0
58150 4 196 0 196 1 199 1 199 0
55542 4 198 0 198 1 201 1 201 0
70330 4 200 0 200 1 203 1 203 0
64049 4 202 0 202 1 205 1 205 0
32783 4 204 0 204 1 207 1 207 0
62076 4 206 0 206 1 209 1 209 0
91552 4 208 0 208 1 211 1 211 0
12793 4 210 0 210 1 213 1 213 0
10911 4 212 0 212 1 215 1 215 0
10175 4 214 0 214 1 217 1 217 0
91432 4 216 0 216 1 219 1 219 0
21361 4 218 0 218 1 221 1 221 0
71699 4 220 0 220 1 223 1 223 0
91794 4 222 0 222 1 225 1 225 0
42762 4 224 0 224 1 227 1 227 0
78424 4 226 0 226 1 229 1 229 0
4027 4 228 0 228 1 231 1 231 0
55647 4 230 0 230 1 233 1 233 0
31918 4 232 0 232 1 235 1 235 0
13503 4 234 0 234 1 237 1 237 0
54425 4 236 0 236 1 239 1 239 0
98945 4 238 0 238 1 241 1 241 0
26515 4 240 0 240 1 243 1 243 0
39855 3 247 0 248 1 248 0
72326 4 249 0 249 1 10000 1 10000 0
