16 999999937
25411682 25411681 25411681 25411681 25411681 25411681 25411681 25411681 25411681 25411681 25411681 25411681 25411681 25411681 25411681 25411681
25411681 25411682 25411681 25411681 25411681 25411681 25411681 25411681 25411681 25411681 25411681 25411681 25411681 25411681 25411681 25411681
25411681 25411681 25411682 25411681 25411681 25411681 25411681 25411681 25411681 25411681 25411681 25411681 25411681 25411681 25411681 25411681
25411681 25411681 25411681 25411682 25411681 25411681 25411681 25411681 25411681 25411681 25411681 25411681 25411681 25411681 25411681 25411681
25411681 25411681 25411681 25411681 25411682 25411681 25411681 25411681 25411681 25411681 25411681 25411681 25411681 25411681 25411681 25411681
25411681 25411681 25411681 25411681 25411681 25411682 25411681 25411681 25411681 25411681 25411681 25411681 25411681 25411681 25411681 25411681
25411681 25411681 25411681 25411681 25411681 25411681 25411682 25411681 25411681 25411681 25411681 25411681 25411681 25411681 25411681 25411681
25411681 25411681 25411681 25411681 25411681 25411681 25411681 25411682 25411681 25411681 25411681 25411681 25411681 25411681 25411681 25411681
25411681 25411681 25411681 25411681 25411681 25411681 25411681 25411681 25411682 25411681 25411681 25411681 25411681 25411681 25411681 25411681
25411681 25411681 25411681 25411681 25411681 25411681 25411681 25411681 25411681 25411682 25411681 25411681 25411681 25411681 25411681 25411681
25411681 25411681 25411681 25411681 25411681 25411681 25411681 25411681 25411681 25411681 25411682 25411681 25411681 25411681 25411681 25411681
25411681 25411681 25411681 25411681 25411681 25411681 25411681 25411681 25411681 25411681 25411681 25411682 25411681 25411681 25411681 25411681
25411681 25411681 25411681 25411681 25411681 25411681 25411681 25411681 25411681 25411681 25411681 25411681 25411682 25411681 25411681 25411681
25411681 25411681 25411681 25411681 25411681 25411681 25411681 25411681 25411681 25411681 25411681 25411681 25411681 25411682 25411681 25411681
25411681 25411681 25411681 25411681 25411681 25411681 25411681 25411681 25411681 25411681 25411681 25411681 25411681 25411681 25411682 25411681
25411681 25411681 25411681 25411681 25411681 25411681 25411681 25411681 25411681 25411681 25411681 25411681 25411681 25411681 25411681 25411682
