64 999999937
5042 5041 5041 5041 5041 5041 5041 5041 5041 5041 5041 5041 5041 5041 5041 5041 5041 5041 5041 5041 5041 5041 5041 5041 5041 5041 5041 5041 5041 5041 5041 5041 5041 5041 5041 5041 5041 5041 5041 5041 5041 5041 5041 5041 5041 5041 5041 5041 5041 5041 5041 5041 5041 5041 5041 5041 5041 5041 5041 5041 5041 5041 5041 5041
5041 5042 5041 5041 5041 5041 5041 5041 5041 5041 5041 5041 5041 5041 5041 5041 5041 5041 5041 5041 5041 5041 5041 5041 5041 5041 5041 5041 5041 5041 5041 5041 5041 5041 5041 5041 5041 5041 5041 5041 5041 5041 5041 5041 5041 5041 5041 5041 5041 5041 5041 5041 5041 5041 5041 5041 5041 5041 5041 5041 5041 5041 5041 5041
5041 5041 5042 5041 5041 5041 5041 5041 5041 5041 5041 5041 5041 5041 5041 5041 5041 5041 5041 5041 5041 5041 5041 5041 5041 5041 5041 5041 5041 5041 5041 5041 5041 5041 5041 5041 5041 5041 5041 5041 5041 5041 5041 5041 5041 5041 5041 5041 5041 5041 5041 5041 5041 5041 5041 5041 5041 5041 5041 5041 5041 5041 5041 5041
5041 5041 5041 5042 5041 5041 5041 5041 5041 5041 5041 5041 5041 5041 5041 5041 5041 5041 5041 5041 5041 5041 5041 5041 5041 5041 5041 5041 5041 5041 5041 5041 5041 5041 5041 5041 5041 5041 5041 5041 5041 5041 5041 5041 5041 5041 5041 5041 5041 5041 5041 5041 5041 5041 5041 5041 5041 5041 5041 5041 5041 5041 5041 5041
5041 5041 5041 5041 5042 5041 5041 5041 5041 5041 5041 5041 5041 5041 5041 5041 5041 5041 5041 5041 5041 5041 5041 5041 5041 5041 5041 5041 5041 5041 5041 5041 5041 5041 5041 5041 5041 5041 5041 5041 5041 5041 5041 5041 5041 5041 5041 5041 5041 5041 5041 5041 5041 5041 5041 5041 5041 5041 5041 5041 5041 5041 5041 5041
5041 5041 5041 5041 5041 5042 5041 5041 5041 5041 5041 5041 5041 5041 5041 5041 5041 5041 5041 5041 5041 5041 5041 5041 5041 5041 5041 5041 5041 5041 5041 5041 5041 5041 5041 5041 5041 5041 5041 5041 5041 5041 5041 5041 5041 5041 5041 5041 5041 5041 5041 5041 5041 5041 5041 5041 5041 5041 5041 5041 5041 5041 5041 5041
5041 5041 5041 5041 5041 5041 5042 5041 5041 5041 5041 5041 5041 5041 5041 5041 5041 5041 5041 5041 5041 5041 5041 5041 5041 5041 5041 5041 5041 5041 5041 5041 5041 5041 5041 5041 5041 5041 5041 5041 5041 5041 5041 5041 5041 5041 5041 5041 5041 5041 5041 5041 5041 5041 5041 5041 5041 5041 5041 5041 5041 5041 5041 5041
5041 5041 5041 5041 5041 5041 5041 5042 5041 5041 5041 5041 5041 5041 5041 5041 5041 5041 5041 5041 5041 5041 5041 5041 5041 5041 5041 5041 5041 5041 5041 5041 5041 5041 5041 5041 5041 5041 5041 5041 5041 5041 5041 5041 5041 5041 5041 5041 5041 5041 5041 5041 5041 5041 5041 5041 5041 5041 5041 5041 5041 5041 5041 5041
5041 5041 5041 5041 5041 5041 5041 5041 5042 5041 5041 5041 5041 5041 5041 5041 5041 5041 5041 5041 5041 5041 5041 5041 5041 5041 5041 5041 5041 5041 5041 5041 5041 5041 5041 5041 5041 5041 5041 5041 5041 5041 5041 5041 5041 5041 5041 5041 5041 5041 5041 5041 5041 5041 5041 5041 5041 5041 5041 5041 5041 5041 5041 5041
5041 5041 5041 5041 5041 5041 5041 5041 5041 5042 5041 5041 5041 5041 5041 5041 5041 5041 5041 5041 5041 5041 5041 5041 5041 5041 5041 5041 5041 5041 5041 5041 5041 5041 5041 5041 5041 5041 5041 5041 5041 5041 5041 5041 5041 5041 5041 5041 5041 5041 5041 5041 5041 5041 5041 5041 5041 5041 5041 5041 5041 5041 5041 5041
5041 5041 5041 5041 5041 5041 5041 5041 5041 5041 5042 5041 5041 5041 5041 5041 5041 5041 5041 5041 5041 5041 5041 5041 5041 5041 5041 5041 5041 5041 5041 5041 5041 5041 5041 5041 5041 5041 5041 5041 5041 5041 5041 5041 5041 5041 5041 5041 5041 5041 5041 5041 5041 5041 5041 5041 5041 5041 5041 5041 5041 5041 5041 5041
5041 5041 5041 5041 5041 5041 5041 5041 5041 5041 5041 5042 5041 5041 5041 5041 5041 5041 5041 5041 5041 5041 5041 5041 5041 5041 5041 5041 5041 5041 5041 5041 5041 5041 5041 5041 5041 5041 5041 5041 5041 5041 5041 5041 5041 5041 5041 5041 5041 5041 5041 5041 5041 5041 5041 5041 5041 5041 5041 5041 5041 5041 5041 5041
5041 5041 5041 5041 5041 5041 5041 5041 5041 5041 5041 5041 5042 5041 5041 5041 5041 5041 5041 5041 5041 5041 5041 5041 5041 5041 5041 5041 5041 5041 5041 5041 5041 5041 5041 5041 5041 5041 5041 5041 5041 5041 5041 5041 5041 5041 5041 5041 5041 5041 5041 5041 5041 5041 5041 5041 5041 5041 5041 5041 5041 5041 5041 5041
5041 5041 5041 5041 5041 5041 5041 5041 5041 5041 5041 5041 5041 5042 5041 5041 5041 5041 5041 5041 5041 5041 5041 5041 5041 5041 5041 5041 5041 5041 5041 5041 5041 5041 5041 5041 5041 5041 5041 5041 5041 5041 5041 5041 5041 5041 5041 5041 5041 5041 5041 5041 5041 5041 5041 5041 5041 5041 5041 5041 5041 5041 5041 5041
5041 5041 5041 5041 5041 5041 5041 5041 5041 5041 5041 5041 5041 5041 5042 5041 5041 5041 5041 5041 5041 5041 5041 5041 5041 5041 5041 5041 5041 5041 5041 5041 5041 5041 5041 5041 5041 5041 5041 5041 5041 5041 5041 5041 5041 5041 5041 5041 5041 5041 5041 5041 5041 5041 5041 5041 5041 5041 5041 5041 5041 5041 5041 5041
5041 5041 5041 5041 5041 5041 5041 5041 5041 5041 5041 5041 5041 5041 5041 5042 5041 5041 5041 5041 5041 5041 5041 5041 5041 5041 5041 5041 5041 5041 5041 5041 5041 5041 5041 5041 5041 5041 5041 5041 5041 5041 5041 5041 5041 5041 5041 5041 5041 5041 5041 5041 5041 5041 5041 5041 5041 5041 5041 5041 5041 5041 5041 5041
5041 5041 5041 5041 5041 5041 5041 5041 5041 5041 5041 5041 5041 5041 5041 5041 5042 5041 5041 5041 5041 5041 5041 5041 5041 5041 5041 5041 5041 5041 5041 5041 5041 5041 5041 5041 5041 5041 5041 5041 5041 5041 5041 5041 5041 5041 5041 5041 5041 5041 5041 5041 5041 5041 5041 5041 5041 5041 5041 5041 5041 5041 5041 5041
5041 5041 5041 5041 5041 5041 5041 5041 5041 5041 5041 5041 5041 5041 5041 5041 5041 5042 5041 5041 5041 5041 5041 5041 5041 5041 5041 5041 5041 5041 5041 5041 5041 5041 5041 5041 5041 5041 5041 5041 5041 5041 5041 5041 5041 5041 5041 5041 5041 5041 5041 5041 5041 5041 5041 5041 5041 5041 5041 5041 5041 5041 5041 5041
5041 5041 5041 5041 5041 5041 5041 5041 5041 5041 5041 5041 5041 5041 5041 5041 5041 5041 5042 5041 5041 5041 5041 5041 5041 5041 5041 5041 5041 5041 5041 5041 5041 5041 5041 5041 5041 5041 5041 5041 5041 5041 5041 5041 5041 5041 5041 5041 5041 5041 5041 5041 5041 5041 5041 5041 5041 5041 5041 5041 5041 5041 5041 5041
5041 5041 5041 5041 5041 5041 5041 5041 5041 5041 5041 5041 5041 5041 5041 5041 5041 5041 5041 5042 5041 5041 5041 5041 5041 5041 5041 5041 5041 5041 5041 5041 5041 5041 5041 5041 5041 5041 5041 5041 5041 5041 5041 5041 5041 5041 5041 5041 5041 5041 5041 5041 5041 5041 5041 5041 5041 5041 5041 5041 5041 5041 5041 5041
5041 5041 5041 5041 5041 5041 5041 5041 5041 5041 5041 5041 5041 5041 5041 5041 5041 5041 5041 5041 5042 5041 5041 5041 5041 5041 5041 5041 5041 5041 5041 5041 5041 5041 5041 5041 5041 5041 5041 5041 5041 5041 5041 5041 5041 5041 5041 5041 5041 5041 5041 5041 5041 5041 5041 5041 5041 5041 5041 5041 5041 5041 5041 5041
5041 5041 5041 5041 5041 5041 5041 5041 5041 5041 5041 5041 5041 5041 5041 5041 5041 5041 5041 5041 5041 5042 5041 5041 5041 5041 5041 5041 5041 5041 5041 5041 5041 5041 5041 5041 5041 5041 5041 5041 5041 5041 5041 5041 5041 5041 5041 5041 5041 5041 5041 5041 5041 5041 5041 5041 5041 5041 5041 5041 5041 5041 5041 5041
5041 5041 5041 5041 5041 5041 5041 5041 5041 5041 5041 5041 5041 5041 5041 5041 5041 5041 5041 5041 5041 5041 5042 5041 5041 5041 5041 5041 5041 5041 5041 5041 5041 5041 5041 5041 5041 5041 5041 5041 5041 5041 5041 5041 5041 5041 5041 5041 5041 5041 5041 5041 5041 5041 5041 5041 5041 5041 5041 5041 5041 5041 5041 5041
5041 5041 5041 5041 5041 5041 5041 5041 5041 5041 5041 5041 5041 5041 5041 5041 5041 5041 5041 5041 5041 5041 5041 5042 5041 5041 5041 5041 5041 5041 5041 5041 5041 5041 5041 5041 5041 5041 5041 5041 5041 5041 5041 5041 5041 5041 5041 5041 5041 5041 5041 5041 5041 5041 5041 5041 5041 5041 5041 5041 5041 5041 5041 5041
5041 5041 5041 5041 5041 5041 5041 5041 5041 5041 5041 5041 5041 5041 5041 5041 5041 5041 5041 5041 5041 5041 5041 5041 5042 5041 5041 5041 5041 5041 5041 5041 5041 5041 5041 5041 5041 5041 5041 5041 5041 5041 5041 5041 5041 5041 5041 5041 5041 5041 5041 5041 5041 5041 5041 5041 5041 5041 5041 5041 5041 5041 5041 5041
5041 5041 5041 5041 5041 5041 5041 5041 5041 5041 5041 5041 5041 5041 5041 5041 5041 5041 5041 5041 5041 5041 5041 5041 5041 5042 5041 5041 5041 5041 5041 5041 5041 5041 5041 5041 5041 5041 5041 5041 5041 5041 5041 5041 5041 5041 5041 5041 5041 5041 5041 5041 5041 5041 5041 5041 5041 5041 5041 5041 5041 5041 5041 5041
5041 5041 5041 5041 5041 5041 5041 5041 5041 5041 5041 5041 5041 5041 5041 5041 5041 5041 5041 5041 5041 5041 5041 5041 5041 5041 5042 5041 5041 5041 5041 5041 5041 5041 5041 5041 5041 5041 5041 5041 5041 5041 5041 5041 5041 5041 5041 5041 5041 5041 5041 5041 5041 5041 5041 5041 5041 5041 5041 5041 5041 5041 5041 5041
5041 5041 5041 5041 5041 5041 5041 5041 5041 5041 5041 5041 5041 5041 5041 5041 5041 5041 5041 5041 5041 5041 5041 5041 5041 5041 5041 5042 5041 5041 5041 5041 5041 5041 5041 5041 5041 5041 5041 5041 5041 5041 5041 5041 5041 5041 5041 5041 5041 5041 5041 5041 5041 5041 5041 5041 5041 5041 5041 5041 5041 5041 5041 5041
5041 5041 5041 5041 5041 5041 5041 5041 5041 5041 5041 5041 5041 5041 5041 5041 5041 5041 5041 5041 5041 5041 5041 5041 5041 5041 5041 5041 5042 5041 5041 5041 5041 5041 5041 5041 5041 5041 5041 5041 5041 5041 5041 5041 5041 5041 5041 5041 5041 5041 5041 5041 5041 5041 5041 5041 5041 5041 5041 5041 5041 5041 5041 5041
5041 5041 5041 5041 5041 5041 5041 5041 5041 5041 5041 5041 5041 5041 5041 5041 5041 5041 5041 5041 5041 5041 5041 5041 5041 5041 5041 5041 5041 5042 5041 5041 5041 5041 5041 5041 5041 5041 5041 5041 5041 5041 5041 5041 5041 5041 5041 5041 5041 5041 5041 5041 5041 5041 5041 5041 5041 5041 5041 5041 5041 5041 5041 5041
5041 5041 5041 5041 5041 5041 5041 5041 5041 5041 5041 5041 5041 5041 5041 5041 5041 5041 5041 5041 5041 5041 5041 5041 5041 5041 5041 5041 5041 5041 5042 5041 5041 5041 5041 5041 5041 5041 5041 5041 5041 5041 5041 5041 5041 5041 5041 5041 5041 5041 5041 5041 5041 5041 5041 5041 5041 5041 5041 5041 5041 5041 5041 5041
5041 5041 5041 5041 5041 5041 5041 5041 5041 5041 5041 5041 5041 5041 5041 5041 5041 5041 5041 5041 5041 5041 5041 5041 5041 5041 5041 5041 5041 5041 5041 5042 5041 5041 5041 5041 5041 5041 5041 5041 5041 5041 5041 5041 5041 5041 5041 5041 5041 5041 5041 5041 5041 5041 5041 5041 5041 5041 5041 5041 5041 5041 5041 5041
5041 5041 5041 5041 5041 5041 5041 5041 5041 5041 5041 5041 5041 5041 5041 5041 5041 5041 5041 5041 5041 5041 5041 5041 5041 5041 5041 5041 5041 5041 5041 5041 5042 5041 5041 5041 5041 5041 5041 5041 5041 5041 5041 5041 5041 5041 5041 5041 5041 5041 5041 5041 5041 5041 5041 5041 5041 5041 5041 5041 5041 5041 5041 5041
5041 5041 5041 5041 5041 5041 5041 5041 5041 5041 5041 5041 5041 5041 5041 5041 5041 5041 5041 5041 5041 5041 5041 5041 5041 5041 5041 5041 5041 5041 5041 5041 5041 5042 5041 5041 5041 5041 5041 5041 5041 5041 5041 5041 5041 5041 5041 5041 5041 5041 5041 5041 5041 5041 5041 5041 5041 5041 5041 5041 5041 5041 5041 5041
5041 5041 5041 5041 5041 5041 5041 5041 5041 5041 5041 5041 5041 5041 5041 5041 5041 5041 5041 5041 5041 5041 5041 5041 5041 5041 5041 5041 5041 5041 5041 5041 5041 5041 5042 5041 5041 5041 5041 5041 5041 5041 5041 5041 5041 5041 5041 5041 5041 5041 5041 5041 5041 5041 5041 5041 5041 5041 5041 5041 5041 5041 5041 5041
5041 5041 5041 5041 5041 5041 5041 5041 5041 5041 5041 5041 5041 5041 5041 5041 5041 5041 5041 5041 5041 5041 5041 5041 5041 5041 5041 5041 5041 5041 5041 5041 5041 5041 5041 5042 5041 5041 5041 5041 5041 5041 5041 5041 5041 5041 5041 5041 5041 5041 5041 5041 5041 5041 5041 5041 5041 5041 5041 5041 5041 5041 5041 5041
5041 5041 5041 5041 5041 5041 5041 5041 5041 5041 5041 5041 5041 5041 5041 5041 5041 5041 5041 5041 5041 5041 5041 5041 5041 5041 5041 5041 5041 5041 5041 5041 5041 5041 5041 5041 5042 5041 5041 5041 5041 5041 5041 5041 5041 5041 5041 5041 5041 5041 5041 5041 5041 5041 5041 5041 5041 5041 5041 5041 5041 5041 5041 5041
5041 5041 5041 5041 5041 5041 5041 5041 5041 5041 5041 5041 5041 5041 5041 5041 5041 5041 5041 5041 5041 5041 5041 5041 5041 5041 5041 5041 5041 5041 5041 5041 5041 5041 5041 5041 5041 5042 5041 5041 5041 5041 5041 5041 5041 5041 5041 5041 5041 5041 5041 5041 5041 5041 5041 5041 5041 5041 5041 5041 5041 5041 5041 5041
5041 5041 5041 5041 5041 5041 5041 5041 5041 5041 5041 5041 5041 5041 5041 5041 5041 5041 5041 5041 5041 5041 5041 5041 5041 5041 5041 5041 5041 5041 5041 5041 5041 5041 5041 5041 5041 5041 5042 5041 5041 5041 5041 5041 5041 5041 5041 5041 5041 5041 5041 5041 5041 5041 5041 5041 5041 5041 5041 5041 5041 5041 5041 5041
5041 5041 5041 5041 5041 5041 5041 5041 5041 5041 5041 5041 5041 5041 5041 5041 5041 5041 5041 5041 5041 5041 5041 5041 5041 5041 5041 5041 5041 5041 5041 5041 5041 5041 5041 5041 5041 5041 5041 5042 5041 5041 5041 5041 5041 5041 5041 5041 5041 5041 5041 5041 5041 5041 5041 5041 5041 5041 5041 5041 5041 5041 5041 5041
5041 5041 5041 5041 5041 5041 5041 5041 5041 5041 5041 5041 5041 5041 5041 5041 5041 5041 5041 5041 5041 5041 5041 5041 5041 5041 5041 5041 5041 5041 5041 5041 5041 5041 5041 5041 5041 5041 5041 5041 5042 5041 5041 5041 5041 5041 5041 5041 5041 5041 5041 5041 5041 5041 5041 5041 5041 5041 5041 5041 5041 5041 5041 5041
5041 5041 5041 5041 5041 5041 5041 5041 5041 5041 5041 5041 5041 5041 5041 5041 5041 5041 5041 5041 5041 5041 5041 5041 5041 5041 5041 5041 5041 5041 5041 5041 5041 5041 5041 5041 5041 5041 5041 5041 5041 5042 5041 5041 5041 5041 5041 5041 5041 5041 5041 5041 5041 5041 5041 5041 5041 5041 5041 5041 5041 5041 5041 5041
5041 5041 5041 5041 5041 5041 5041 5041 5041 5041 5041 5041 5041 5041 5041 5041 5041 5041 5041 5041 5041 5041 5041 5041 5041 5041 5041 5041 5041 5041 5041 5041 5041 5041 5041 5041 5041 5041 5041 5041 5041 5041 5042 5041 5041 5041 5041 5041 5041 5041 5041 5041 5041 5041 5041 5041 5041 5041 5041 5041 5041 5041 5041 5041
5041 5041 5041 5041 5041 5041 5041 5041 5041 5041 5041 5041 5041 5041 5041 5041 5041 5041 5041 5041 5041 5041 5041 5041 5041 5041 5041 5041 5041 5041 5041 5041 5041 5041 5041 5041 5041 5041 5041 5041 5041 5041 5041 5042 5041 5041 5041 5041 5041 5041 5041 5041 5041 5041 5041 5041 5041 5041 5041 5041 5041 5041 5041 5041
5041 5041 5041 5041 5041 5041 5041 5041 5041 5041 5041 5041 5041 5041 5041 5041 5041 5041 5041 5041 5041 5041 5041 5041 5041 5041 5041 5041 5041 5041 5041 5041 5041 5041 5041 5041 5041 5041 5041 5041 5041 5041 5041 5041 5042 5041 5041 5041 5041 5041 5041 5041 5041 5041 5041 5041 5041 5041 5041 5041 5041 5041 5041 5041
5041 5041 5041 5041 5041 5041 5041 5041 5041 5041 5041 5041 5041 5041 5041 5041 5041 5041 5041 5041 5041 5041 5041 5041 5041 5041 5041 5041 5041 5041 5041 5041 5041 5041 5041 5041 5041 5041 5041 5041 5041 5041 5041 5041 5041 5042 5041 5041 5041 5041 5041 5041 5041 5041 5041 5041 5041 5041 5041 5041 5041 5041 5041 5041
5041 5041 5041 5041 5041 5041 5041 5041 5041 5041 5041 5041 5041 5041 5041 5041 5041 5041 5041 5041 5041 5041 5041 5041 5041 5041 5041 5041 5041 5041 5041 5041 5041 5041 5041 5041 5041 5041 5041 5041 5041 5041 5041 5041 5041 5041 5042 5041 5041 5041 5041 5041 5041 5041 5041 5041 5041 5041 5041 5041 5041 5041 5041 5041
5041 5041 5041 5041 5041 5041 5041 5041 5041 5041 5041 5041 5041 5041 5041 5041 5041 5041 5041 5041 5041 5041 5041 5041 5041 5041 5041 5041 5041 5041 5041 5041 5041 5041 5041 5041 5041 5041 5041 5041 5041 5041 5041 5041 5041 5041 5041 5042 5041 5041 5041 5041 5041 5041 5041 5041 5041 5041 5041 5041 5041 5041 5041 5041
5041 5041 5041 5041 5041 5041 5041 5041 5041 5041 5041 5041 5041 5041 5041 5041 5041 5041 5041 5041 5041 5041 5041 5041 5041 5041 5041 5041 5041 5041 5041 5041 5041 5041 5041 5041 5041 5041 5041 5041 5041 5041 5041 5041 5041 5041 5041 5041 5042 5041 5041 5041 5041 5041 5041 5041 5041 5041 5041 5041 5041 5041 5041 5041
5041 5041 5041 5041 5041 5041 5041 5041 5041 5041 5041 5041 5041 5041 5041 5041 5041 5041 5041 5041 5041 5041 5041 5041 5041 5041 5041 5041 5041 5041 5041 5041 5041 5041 5041 5041 5041 5041 5041 5041 5041 5041 5041 5041 5041 5041 5041 5041 5041 5042 5041 5041 5041 5041 5041 5041 5041 5041 5041 5041 5041 5041 5041 5041
5041 5041 5041 5041 5041 5041 5041 5041 5041 5041 5041 5041 5041 5041 5041 5041 5041 5041 5041 5041 5041 5041 5041 5041 5041 5041 5041 5041 5041 5041 5041 5041 5041 5041 5041 5041 5041 5041 5041 5041 5041 5041 5041 5041 5041 5041 5041 5041 5041 5041 5042 5041 5041 5041 5041 5041 5041 5041 5041 5041 5041 5041 5041 5041
5041 5041 5041 5041 5041 5041 5041 5041 5041 5041 5041 5041 5041 5041 5041 5041 5041 5041 5041 5041 5041 5041 5041 5041 5041 5041 5041 5041 5041 5041 5041 5041 5041 5041 5041 5041 5041 5041 5041 5041 5041 5041 5041 5041 5041 5041 5041 5041 5041 5041 5041 5042 5041 5041 5041 5041 5041 5041 5041 5041 5041 5041 5041 5041
5041 5041 5041 5041 5041 5041 5041 5041 5041 5041 5041 5041 5041 5041 5041 5041 5041 5041 5041 5041 5041 5041 5041 5041 5041 5041 5041 5041 5041 5041 5041 5041 5041 5041 5041 5041 5041 5041 5041 5041 5041 5041 5041 5041 5041 5041 5041 5041 5041 5041 5041 5041 5042 5041 5041 5041 5041 5041 5041 5041 5041 5041 5041 5041
5041 5041 5041 5041 5041 5041 5041 5041 5041 5041 5041 5041 5041 5041 5041 5041 5041 5041 5041 5041 5041 5041 5041 5041 5041 5041 5041 5041 5041 5041 5041 5041 5041 5041 5041 5041 5041 5041 5041 5041 5041 5041 5041 5041 5041 5041 5041 5041 5041 5041 5041 5041 5041 5042 5041 5041 5041 5041 5041 5041 5041 5041 5041 5041
5041 5041 5041 5041 5041 5041 5041 5041 5041 5041 5041 5041 5041 5041 5041 5041 5041 5041 5041 5041 5041 5041 5041 5041 5041 5041 5041 5041 5041 5041 5041 5041 5041 5041 5041 5041 5041 5041 5041 5041 5041 5041 5041 5041 5041 5041 5041 5041 5041 5041 5041 5041 5041 5041 5042 5041 5041 5041 5041 5041 5041 5041 5041 5041
5041 5041 5041 5041 5041 5041 5041 5041 5041 5041 5041 5041 5041 5041 5041 5041 5041 5041 5041 5041 5041 5041 5041 5041 5041 5041 5041 5041 5041 5041 5041 5041 5041 5041 5041 5041 5041 5041 5041 5041 5041 5041 5041 5041 5041 5041 5041 5041 5041 5041 5041 5041 5041 5041 5041 5042 5041 5041 5041 5041 5041 5041 5041 5041
5041 5041 5041 5041 5041 5041 5041 5041 5041 5041 5041 5041 5041 5041 5041 5041 5041 5041 5041 5041 5041 5041 5041 5041 5041 5041 5041 5041 5041 5041 5041 5041 5041 5041 5041 5041 5041 5041 5041 5041 5041 5041 5041 5041 5041 5041 5041 5041 5041 5041 5041 5041 5041 5041 5041 5041 5042 5041 5041 5041 5041 5041 5041 5041
5041 5041 5041 5041 5041 5041 5041 5041 5041 5041 5041 5041 5041 5041 5041 5041 5041 5041 5041 5041 5041 5041 5041 5041 5041 5041 5041 5041 5041 5041 5041 5041 5041 5041 5041 5041 5041 5041 5041 5041 5041 5041 5041 5041 5041 5041 5041 5041 5041 5041 5041 5041 5041 5041 5041 5041 5041 5042 5041 5041 5041 5041 5041 5041
5041 5041 5041 5041 5041 5041 5041 5041 5041 5041 5041 5041 5041 5041 5041 5041 5041 5041 5041 5041 5041 5041 5041 5041 5041 5041 5041 5041 5041 5041 5041 5041 5041 5041 5041 5041 5041 5041 5041 5041 5041 5041 5041 5041 5041 5041 5041 5041 5041 5041 5041 5041 5041 5041 5041 5041 5041 5041 5042 5041 5041 5041 5041 5041
5041 5041 5041 5041 5041 5041 5041 5041 5041 5041 5041 5041 5041 5041 5041 5041 5041 5041 5041 5041 5041 5041 5041 5041 5041 5041 5041 5041 5041 5041 5041 5041 5041 5041 5041 5041 5041 5041 5041 5041 5041 5041 5041 5041 5041 5041 5041 5041 5041 5041 5041 5041 5041 5041 5041 5041 5041 5041 5041 5042 5041 5041 5041 5041
5041 5041 5041 5041 5041 5041 5041 5041 5041 5041 5041 5041 5041 5041 5041 5041 5041 5041 5041 5041 5041 5041 5041 5041 5041 5041 5041 5041 5041 5041 5041 5041 5041 5041 5041 5041 5041 5041 5041 5041 5041 5041 5041 5041 5041 5041 5041 5041 5041 5041 5041 5041 5041 5041 5041 5041 5041 5041 5041 5041 5042 5041 5041 5041
5041 5041 5041 5041 5041 5041 5041 5041 5041 5041 5041 5041 5041 5041 5041 5041 5041 5041 5041 5041 5041 5041 5041 5041 5041 5041 5041 5041 5041 5041 5041 5041 5041 5041 5041 5041 5041 5041 5041 5041 5041 5041 5041 5041 5041 5041 5041 5041 5041 5041 5041 5041 5041 5041 5041 5041 5041 5041 5041 5041 5041 5042 5041 5041
5041 5041 5041 5041 5041 5041 5041 5041 5041 5041 5041 5041 5041 5041 5041 5041 5041 5041 5041 5041 5041 5041 5041 5041 5041 5041 5041 5041 5041 5041 5041 5041 5041 5041 5041 5041 5041 5041 5041 5041 5041 5041 5041 5041 5041 5041 5041 5041 5041 5041 5041 5041 5041 5041 5041 5041 5041 5041 5041 5041 5041 5041 5042 5041
5041 5041 5041 5041 5041 5041 5041 5041 5041 5041 5041 5041 5041 5041 5041 5041 5041 5041 5041 5041 5041 5041 5041 5041 5041 5041 5041 5041 5041 5041 5041 5041 5041 5041 5041 5041 5041 5041 5041 5041 5041 5041 5041 5041 5041 5041 5041 5041 5041 5041 5041 5041 5041 5041 5041 5041 5041 5041 5041 5041 5041 5041 5041 5042
