13 8055
6093 5123 2200 5350 2496 2581 8948 3978 4923 119 6844 902 7884
9799 7919 1503 8405 5312 860 3950 6579 8295 8467 9957 6065 6780
385 6973 1560 761 5928 6435 402 3265 2294 5971 378 3622 2889
5320 4419 9616 7693 6453 4927 1162 7331 1731 6083 1313 8273 2020
7312 6466 3620 1828 7092 6158 9135 1897 5744 5787 7884 7123 4585
9278 2176 6064 40 8427 151 287 328 4252 552 3028 5701 1050
2084 4487 2997 7273 907 1806 4168 8744 6730 7879 6104 3127 6669
2251 4891 8830 2228 4872 8083 6146 2108 4349 8767 4965 9477 9857
9457 9937 2745 4614 1782 3320 7837 8396 5846 6817 3842 7980 8939
5909 4080 9228 6206 5627 8071 5683 3391 9389 1794 100 6744 7481
5317 2565 3894 1125 9409 9634 9174 4504 9331 9318 2898 1701 9186
6775 5433 1782 2291 9552 7601 937 2450 2972 6662 5908 1750 5675
7539 4889 3626 2198 8074 6611 2448 662 5535 2174 4869 6773 3122
