13 807285
612886 516818 227112 539235 256514 264892 895826 403290 496989 20924 687330 98541 790404
980170 793812 158094 842027 535512 94344 400521 661105 831102 848181 995802 610117 680934
47290 700087 163775 84605 596590 646768 48982 332673 236423 600787 46651 368047 295383
536336 447011 962046 771457 648615 497354 124337 735622 180670 611963 139306 828954 209286
733658 649917 367848 190339 711932 619320 914294 197178 578375 582626 790366 715007 463520
928458 224777 610027 13075 844199 24163 37598 41651 430449 63833 309155 574078 113193
215671 453806 306080 729878 99030 188073 422154 875630 676045 789874 613995 318961 669959
232238 493794 884117 229930 491885 810084 618163 218072 440056 877889 501122 948204 985833
946261 993772 281191 466319 185749 338097 785700 841135 588429 684626 389893 799867 894874
594656 413434 923573 624118 566776 808955 572298 345144 939492 186883 19087 677424 750488
536058 263309 394969 120647 941532 963759 918164 455476 933764 932445 296335 177676 919418
680454 547475 185688 236143 955658 762290 101998 251924 303698 669322 594614 182580 571469
756222 493634 368470 226921 809178 664223 251710 74772 557599 224564 491643 680241 318550
