13 807285
609367059 512426067 220086218 535047078 249755298 258209630 894879492 397866089 492416512 12024060 684487864 90346214 788499030
979990445 791937843 150440786 840590917 531289400 86110953 395071753 658024275 829566857 846801536 995764739 606572723 678033831
38629014 697360749 156173821 76283322 592922877 643557261 40336473 326606965 229481787 597158139 37984538 362302643 288977951
532121038 441984317 961701216 769379766 645420690 492784564 116377351 733219429 173221627 608436151 131481920 827399401 202098391
731237311 646734936 362102154 182978711 709313827 615859959 913515507 189880527 574542560 578831906 788460558 712417116 458643217
927807625 217729751 606481847 4103289 842783259 15292117 28849224 32939286 425271383 55322700 302875001 570206007 105131662
208541631 448840854 299771712 727422749 90839545 180692407 416901567 874500330 673100048 787964544 610486400 312769905 666958698
225259194 489192831 883063651 222930360 487266291 808357627 614692502 210963602 434965816 876779892 496587722 947733804 985704409
945772985 993716242 274657362 461467512 178346781 332080483 783752639 839691546 584687620 681759060 384346680 798048231 893918561
590971379 408101697 922879168 620701449 562838078 807218741 568410152 339191547 938942389 179491398 10170510 674491591 748220168
531840692 256612230 389469061 112653513 941001428 963430540 917420684 450526672 933162115 931830918 289938949 170200515 918685981
677549885 543361856 178285436 229199088 955255441 760129201 93835184 245123321 297368170 666316492 590928685 175149203 567573437
754006314 489031056 362729597 219893762 807444236 661171130 244907735 66361426 553577271 217515550 487021926 677334298 312355113
