66 7
6093 5123 2200 5350 2496 2581 8948 3978 4923 119 6844 902 7884 9799 7919 1503 8405 5312 860 3950 6579 8295 8467 9957 6065 6780 385 6973 1560 761 5928 6435 402 3265 2294 5971 378 3622 2889 5320 4419 9616 7693 6453 4927 1162 7331 1731 6083 1313 8273 2020 7312 6466 3620 1828 7092 6158 9135 1897 5744 5787 7884 7123 4585 9278
2176 6064 40 8427 151 287 328 4252 552 3028 5701 1050 2084 4487 2997 7273 907 1806 4168 8744 6730 7879 6104 3127 6669 2251 4891 8830 2228 4872 8083 6146 2108 4349 8767 4965 9477 9857 9457 9937 2745 4614 1782 3320 7837 8396 5846 6817 3842 7980 8939 5909 4080 9228 6206 5627 8071 5683 3391 9389 1794 100 6744 7481 5317 2565
3894 1125 9409 9634 9174 4504 9331 9318 2898 1701 9186 6775 5433 1782 2291 9552 7601 937 2450 2972 6662 5908 1750 5675 7539 4889 3626 2198 8074 6611 2448 662 5535 2174 4869 6773 3122 654 8547 2680 8698 6511 8206 7894 7145 6533 1650 1442 4780 6499 7985 8970 2743 8268 8293 100 1834 6210 6626 6860 5320 5334 8224 7656 4125 7051
7040 8132 5831 7915 433 189 2821 506 9691 2777 6063 5769 3465 1567 6945 8147 5344 3284 8746 6448 8456 2576 7221 2986 2991 6897 5630 9073 7641 9706 8150 9182 626 5074 2494 5173 6199 3729 9443 3420 7531 6492 5578 270 2803 2466 4007 413 4070 9074 3022 595 2882 7577 3505 2761 7792 424 3579 3100 8690 8717 7402 2992 226 1121
5221 4650 5200 9802 7542 2130 5960 6482 2408 4558 1912 4847 1269 7758 9358 2110 7305 9138 1807 2884 9701 2755 7235 6959 1623 1952 3397 5133 9654 2485 154 522 5431 6907 5249 3194 8898 3487 3518 125 3540 6422 3342 3005 4693 6632 1181 156 4107 1214 3122 1065 6616 7685 7872 125 6371 9983 6513 7724 6018 5165 6870 5456 1117 8332
7293 6753 9085 1133 1828 9569 744 3928 4262 6371 8460 2411 6634 7509 7286 7336 591 7065 6774 3366 3082 4220 8604 4371 6731 5573 6934 1277 3788 9665 8799 3576 8194 9568 1069 4436 6844 2629 2643 9792 656 7178 3830 9066 1607 1088 6117 9394 2231 8977 8445 6324 8746 5052 5155 9378 4726 7667 8934 5761 7156 5748 9221 2618 7014 2112
602 9843 7892 9347 3177 4840 2696 2152 134 567 7826 592 1559 291 2675 8478 7414 6718 7595 531 8352 6855 8892 7012 8972 8070 4189 422 9597 2263 484 3666 2069 2751 3370 3472 4694 3998 8561 2957 3874 2440 3523 4904 897 1132 9069 60 219 6898 2570 6120 6185 7779 3383 7666 5232 5062 8710 3332 7456 8333 2500 2598 7146 9677
4958 4834 7366 2093 976 1635 7377 9032 9592 8377 4488 7700 4082 4767 1020 2404 6733 2456 7389 1987 2811 8356 7967 9688 7905 8044 7345 5572 2964 5458 663 5366 2769 4607 7490 974 7461 4725 7262 1927 8010 2012 4071 1904 9158 3411 4521 3105 4443 4441 6149 2602 5094 2440 379 4253 3444 1691 7918 7274 9809 9003 5542 5324 2188 7378
8632 1298 1889 505 9459 1367 1488 2886 4963 4143 9178 4109 4253 3674 2263 8682 4650 2895 2194 9377 3728 515 3716 8085 5132 63 8252 5034 3444 2245 7868 8874 1315 2937 8528 9783 3751 1260 4685 3503 6348 1514 3392 5810 2197 3419 2986 3609 2067 945 8734 9482 7261 561 7552 2933 7294 3850 7575 3952 874 6358 5115 8093 6691 321
8805 2191 807 2850 2745 4861 1326 4449 7734 4652 8170 1013 5644 5551 3853 5329 8267 791 4233 9404 7595 3624 2621 3229 3768 2052 9770 7291 4961 2986 7818 375 9696 1345 374 4598 6606 7652 1575 3082 9637 3629 9833 1209 3386 8300 3264 5243 4602 5733 6733 191 5606 982 5900 5533 6805 7305 7717 665 939 1080 580 7535 5059 9957
5179 5046 739 7754 2249 4523 4115 9658 7182 4714 9463 4157 4488 2144 3984 1718 1917 9964 8028 4325 4535 7202 510 3879 9837 2400 3227 8791 1971 9872 4371 8902 4264 4768 9371 500 9065 1873 1549 588 8529 9192 7502 2647 6323 3769 9821 7010 3582 4459 2228 9241 8481 4389 6956 9581 2926 4721 4568 9945 6008 8467 2501 5327 1473 1627
1519 2919 2409 6751 7058 1573 6911 3942 4259 1740 109 5293 2432 1348 9330 3357 8234 867 4436 5396 9097 6503 767 9143 2973 7758 7173 7410 917 2114 3330 1785 8312 4414 1355 4186 8812 563 7241 3945 3277 6707 7232 5464 5633 8863 5360 3055 6651 5079 1631 1423 9777 9944 7846 6166 5790 923 4593 4800 9515 720 9291 3178 5022 9570
2873 3133 7387 4108 4986 8073 3618 6676 4817 1816 3059 4048 3812 1692 4428 8950 9062 5738 8073 7752 4142 7254 2688 4034 3949 2459 2834 3737 4972 8210 4385 5081 9594 7718 5530 360 1141 7144 4893 1802 5388 2931 2767 9811 2207 7670 7400 2416 8678 5063 2786 5607 7027 5755 2304 2974 3408 9357 8354 9888 4296 8345 6580 2756 2869 8541
6050 3614 9347 3511 195 6162 9318 1010 6930 7438 3301 786 4960 3324 8090 9790 600 8798 4006 7088 2868 3161 5505 3228 2137 9543 5071 5715 2637 3338 5546 7982 2856 9475 7832 2326 5854 3312 4413 2126 9688 2524 7765 6431 9270 222 4691 5448 586 5966 5808 2573 5759 8062 8201 9376 3303 5546 3379 2761 8799 7337 9737 814 7002 746
9136 369 7510 1465 7366 6383 1570 182 1727 6560 9380 832 1046 1366 9049 7923 3466 4663 9796 8875 6205 6905 5283 8972 7837 4847 7856 7359 5515 3183 5050 8980 1163 8609 7899 6077 1151 6316 762 549 571 7968 1274 1781 9386 1962 77 5196 639 3078 1209 9527 4634 2670 1813 9427 150 2680 2602 6616 8797 7071 1480 3074 1991 6135
5267 2052 2933 9310 3542 8651 3254 5862 7839 476 6668 7119 603 5795 7542 7358 3586 1952 2550 1689 9519 3119 5283 5430 1094 3732 5576 7925 1853 9141 1191 3896 8406 8734 3867 5760 2810 4682 3167 5942 3915 3668 3500 9271 7535 5181 9801 7740 6469 2861 2022 3868 3833 2810 9361 2751 6332 8652 3009 1630 6282 3479 6638 9140 7796 3481
4117 3895 2817 9144 481 2496 7613 9338 2514 1340 4700 4141 5229 8618 8522 5556 3669 2741 1014 9184 3050 2337 8041 6873 3964 4431 3815 2493 3213 1231 3426 4630 9442 884 3190 6553 675 5020 7068 705 3349 9444 1602 2446 1262 2474 6262 5049 1779 6242 5405 5565 1709 2335 4649 2967 4311 9234 6073 9600 1196 8068 3838 516 7899 8860
3428 880 6205 8665 2796 3828 9683 8136 4835 2288 5928 831 4717 3964 6082 7263 8035 898 4280 7946 2436 5756 4970 3458 3237 8472 9673 7707 5422 2347 4200 1736 5279 9666 7377 751 8498 6807 9993 9669 5328 6159 2616 8266 4399 5661 8782 1874 9767 7591 5668 9112 6545 3617 4984 7402 4721 892 4834 3119 7634 7130 5224 5722 6573 4026
2154 7821 1009 5689 9191 9035 196 3879 474 3477 2470 6169 1733 2652 2476 6780 6978 2698 2465 8597 6315 3509 236 6296 6872 3671 1041 3455 9318 4183 1214 2444 7140 5817 3956 4918 5571 3477 4785 509 5599 1397 2272 2350 3369 9781 7441 7354 6778 9891 5005 6940 1763 5390 7628 2663 3579 1981 7949 282 5885 3688 6976 1018 8518 503
6060 4321 7438 6546 2553 5786 8436 3758 9569 1544 7267 7941 7698 5257 4106 730 5397 1920 6821 356 1160 3861 4652 8879 2658 5903 9755 3930 3491 746 9081 9407 2778 9629 6094 211 6758 6875 9874 2172 6719 6020 7794 475 9393 7090 9926 7591 3716 2526 7216 7763 881 7695 4732 6749 8369 3790 7768 7140 3042 5852 6574 14 6268 5346
1128 9824 1644 2487 7577 3987 6791 5792 5912 7571 7718 1454 4673 6087 5936 5240 3876 694 9295 152 9328 6304 2975 7850 5479 3249 377 7734 3982 4794 3953 234 8406 7678 1827 6103 4754 5165 7309 4093 2129 9960 1220 7084 5687 4451 8141 5116 2339 531 7141 4056 2996 2379 9310 66 8369 8545 4237 4203 7727 7847 1412 190 1215 5357
8536 1354 1820 2670 1128 4342 3627 3973 1266 947 3135 8269 5437 9912 9126 474 7150 1104 6293 5161 9207 6211 7969 8024 9723 9295 7085 7503 883 8627 3010 1933 8296 4671 667 4986 2209 9001 7585 3164 4111 3581 5999 5661 4867 9440 2922 1022 3461 5866 1863 9758 6910 9880 9867 6201 4899 7470 6966 8853 2749 9032 5615 7208 1951 2869
9165 9413 2317 4481 5902 321 6673 3284 8866 8694 8369 3813 4119 9452 6385 3896 7910 3807 2787 3110 5030 9216 5437 8974 8990 5578 2839 1549 1073 5192 2799 9728 6519 1856 9755 3824 747 949 9017 8214 2760 5554 8150 9288 1704 912 5799 4334 8550 763 1894 7584 1582 3005 2612 2605 5889 679 7206 8278 4055 5135 8784 9621 6704 1058
2531 6187 3740 6034 3852 4253 2141 8604 7249 4230 7548 1091 6082 1071 499 1523 7239 1838 8930 1894 4273 3017 4289 7847 5812 3211 2526 2774 617 3983 4280 641 8501 7600 9693 6433 4828 5298 5082 6928 5824 854 1027 4450 8426 8224 1160 4593 9621 3136 3150 4232 8769 8775 2118 8700 5805 553 7623 7525 9078 2677 7403 3400 8755 311
567 8703 7594 8210 2687 3042 9624 4925 816 9287 4287 9321 4366 2113 1702 6076 6643 1332 2488 6776 5268 7355 7045 3166 2418 3163 5662 978 6523 1095 683 8886 5710 9167 4049 7516 6476 2555 3514 3079 1002 5389 1880 4628 7369 1834 1349 4363 8152 4823 8319 8269 3370 2771 2951 3700 908 1545 1431 8587 5548 6085 3225 3161 5225 2786
3143 9524 2261 3689 1364 4555 3985 6176 472 8202 9330 1208 3041 947 5949 5649 9843 8485 6962 9773 5185 1650 9155 5763 6740 4246 5700 3514 5919 8255 7284 5926 8329 4278 9099 1529 9185 4091 8578 5593 5609 939 6806 2660 7264 1340 1840 5286 3474 3182 2762 6246 9676 2543 6375 111 8981 8345 712 1098 6636 5808 5591 4466 1422 4102
9432 5489 5484 3077 3398 8343 8853 9675 7485 8932 6929 4759 252 2004 3457 3861 1370 1909 3151 3781 6376 2437 4979 8391 3538 4381 8980 1126 7029 1638 1239 5207 4749 4601 6659 2848 1678 377 5621 5541 5818 48 9137 422 801 1226 3389 6298 8744 433 5604 7847 488 8704 1295 5191 7055 9262 5324 4997 6446 6631 3666 7476 4517 7741
5344 8475 429 5254 2426 356 2037 3798 1597 4950 5838 4296 8453 3121 4529 592 1878 8106 1092 740 8995 6928 2276 6796 2287 5882 2407 1692 4927 4181 4798 1676 2696 7998 1913 8002 9389 6813 5599 230 3084 5217 2023 3932 7533 5085 3312 4021 4543 728 9485 3090 946 9325 8705 5561 5557 5861 6022 4692 1027 4837 6376 2940 3754 1701
6132 823 7383 7893 5679 1448 9795 2555 1526 2747 7694 8102 6423 712 5363 9801 2432 4983 916 2817 8284 9685 7288 2813 6394 7581 4330 7487 390 1420 6673 1521 9203 705 4131 3868 5127 1631 6374 6644 3487 3716 4957 4862 7440 2791 9584 1097 9734 5818 6416 2949 7610 6027 870 1563 5508 4828 6443 9772 1828 9689 8411 3503 2170 5801
8827 6857 7994 7342 9357 9055 5037 8305 8930 5863 6893 9236 9477 2082 7868 9550 9879 431 7044 9562 628 4024 3538 7807 94 8546 6155 3987 7928 9662 1510 6593 3367 3913 6133 3702 6507 4821 7757 2155 5773 6845 3319 1173 8787 1869 720 9616 4665 3975 4111 8565 3851 7820 664 2947 9778 1991 7108 1048 8281 5812 7879 8542 7196 470
5156 4941 8763 5213 3362 4117 6659 2960 7334 4820 6921 6197 7803 2402 6056 1716 2844 3695 5743 3105 4381 8023 6774 9545 5301 1988 1976 5067 6710 1614 6245 8870 694 8686 4840 6700 3578 8705 6719 9773 9989 1972 2469 7848 9088 1312 7131 5769 4278 391 4593 7358 5779 2315 7921 6745 8269 4475 5183 2161 2475 7887 9882 7825 6381 168
9965 3146 9555 1915 4985 7813 680 1676 2032 7159 1440 520 1711 8886 7604 9525 5535 3897 8215 5936 7501 8375 2466 7703 4234 8615 779 2941 2177 345 409 4843 5440 3802 7878 2705 617 6824 3031 4946 537 281 6424 8187 9506 6735 2402 3727 7578 2690 3713 7456 3199 7306 6265 5525 7950 6464 4912 2546 7946 5269 2760 7455 9347 649
9003 7235 9505 2891 5736 6466 9288 4244 140 8281 7119 8648 5241 2905 8775 4236 2920 8774 3616 4539 4105 4639 1664 4968 9298 1209 5863 7428 2057 532 7592 1332 3332 7418 8867 2633 2033 2131 1563 1448 585 1510 4538 240 8116 3166 2642 1914 8206 5993 1612 1202 1338 6705 1463 1381 3086 8171 4072 9548 3175 7093 6568 2878 8219 6469
5638 5196 9791 56 2406 6089 2029 2707 3488 9528 7870 5560 7068 8292 9737 7822 3162 988 6271 7038 4343 3633 3117 720 9969 6051 3896 5294 7558 8990 9780 6857 960 3933 5881 9069 6887 4908 46 596 1519 7897 5128 3188 9636 7586 2024 6059 6300 4736 7548 1437 4548 8403 9608 4369 1800 6962 6388 3558 8068 7064 9413 4959 9010 9665
7455 5052 3167 2056 3286 3906 6984 6103 2643 8326 4896 7319 8648 7590 5167 2848 4042 4750 615 9063 213 5716 9854 3296 424 2622 557 7015 9253 5673 2016 1494 6810 3546 5819 8720 1079 4196 2997 8804 9466 5405 2189 1512 2002 5928 9586 3468 442 7806 2939 791 4002 5036 5625 1436 8788 8073 5450 2165 1002 991 5142 4667 8163 5966
5365 3715 5879 98 524 3208 2721 4896 4955 5856 5045 6755 9531 1248 9977 4956 6239 6331 8527 5089 9 391 1294 1780 5558 8760 414 6338 5540 9227 242 5324 6337 5158 7942 8461 9765 7577 4753 1613 2929 546 7344 9428 5275 7771 2604 8882 9663 7697 3027 999 5961 9125 362 3599 5724 8189 6530 1479 3935 8027 5170 5540 5518 4809
7673 1580 9815 7328 8278 6203 7645 1797 2166 2747 694 2844 4123 594 2932 3365 4566 7920 2948 1144 1208 1827 7235 112 7020 623 8895 3878 5546 9100 7674 7759 2678 3728 1874 7570 748 2064 4833 7996 2032 1647 4389 7073 5326 8304 9773 6818 6334 3271 3480 1786 4795 4695 8881 6406 6459 6490 4922 2071 81 3197 3019 3145 7276 5385
4316 6612 6685 794 472 2253 6539 3497 7775 7326 4976 1162 9180 1172 650 4190 699 6936 4632 7153 6415 3372 1968 3478 7972 5251 2731 7777 2788 1044 628 5578 1371 9415 9076 7149 7606 6119 6693 1307 4369 6570 5500 1124 9935 4954 7494 8351 3518 3824 8260 6196 3990 6947 8324 7145 6260 9036 9453 9973 3636 2444 784 3266 5992 6688
4120 3639 7005 6956 7235 4146 11 4569 6180 3978 8154 3323 458 2550 6972 1207 6088 6311 2547 2411 5026 2119 8156 9224 1962 2484 5146 6958 3145 5650 9937 2743 1941 1035 7493 721 790 9456 5888 544 7576 5140 9519 3153 8602 6550 7646 8806 2371 9146 670 7111 1238 7231 9627 7517 8508 4688 9585 830 5154 9361 4026 2483 9591 7922
9734 6509 3974 4911 8336 8912 1364 4613 894 5862 9321 3442 4878 4384 1896 4418 5105 5966 3029 7283 3533 9242 6645 9587 2413 9148 7354 2235 4490 6447 6128 79 8702 5248 9802 6541 7665 9554 7893 7575 2059 1227 3435 7823 8872 6811 1424 6893 166 9318 8917 3849 4843 8939 5892 1103 4976 8032 7523 8998 945 5658 9114 3683 4163 2006
9766 8020 8707 6131 4482 777 7083 3057 7016 808 6613 5085 3291 8996 2101 490 611 2523 1922 9043 3473 9803 5909 6836 5761 4477 7711 5428 6233 3247 2564 8667 1963 6430 7337 5727 2914 7486 8718 1918 9494 9667 4930 60 9955 3073 2338 9203 7145 2477 4354 429 9708 7478 7547 4302 473 6644 5148 8343 7157 7995 2299 4728 8635 9678
457 7996 4263 1999 4538 2113 848 6267 9700 9809 3478 1169 5819 1713 5554 1487 6630 3714 874 9286 1787 6821 244 9704 3476 82 1275 8756 3082 9762 9208 1988 6978 6261 9527 9504 8511 6904 4995 780 6430 8748 7695 3016 3802 178 9220 8191 4504 6897 5182 8449 1769 5756 9202 2175 4656 1600 6535 1020 7670 7758 6417 8085 9250 1923
8556 4251 3437 7658 5387 7545 6580 5679 1249 7302 8295 4666 7122 6998 3873 645 9278 9577 427 8194 9395 1985 1290 5761 1080 2406 8112 654 6483 1503 1987 9917 1258 4506 221 6226 8846 8852 6394 9567 9743 7351 6873 6476 8318 5245 7139 656 7630 9465 8850 7571 912 287 2601 2383 9253 5667 3148 1954 4752 9787 6816 5577 1050 4474
7194 4442 6323 5382 1334 5249 9689 6536 8566 5757 4208 5224 9341 4132 9433 8825 3898 4100 4442 2906 268 8141 9892 9218 3564 6135 8707 1076 5328 9463 1701 5809 816 7187 9571 2483 2254 4681 8480 8504 7154 2790 2988 2679 7696 9967 3219 514 434 3023 1496 4715 3359 7643 44 8817 7018 3391 4433 9529 8392 4004 1904 9718 6179 757
3968 3086 2708 2796 6323 4439 4694 8704 901 6604 8259 3946 4744 7814 3904 5472 7623 314 3128 5200 4579 1027 2054 9182 464 6765 7122 6582 1567 158 3645 1931 2011 549 8103 4463 1476 5246 3426 1530 2904 1326 1609 1504 9518 2364 3222 7146 37 4280 8937 1701 4250 8711 2680 7441 2183 1895 5497 5533 7413 7902 2957 3804 1292 8702
5231 5515 1629 9397 3213 9697 8102 3727 6448 9409 8413 9400 8495 941 7788 9016 6195 8798 2838 4070 2577 6786 393 3438 5574 1645 8997 1376 7242 6775 8806 4936 8799 465 6391 5377 9361 7163 1468 5023 8134 2594 8356 6531 6224 7677 6203 2988 7170 9060 6218 1189 4854 4584 713 9686 4964 7176 8380 7724 2525 5903 966 7200 2879 7941
5199 1279 2244 5702 9561 7475 8753 6340 4745 2369 4605 821 1149 3474 134 8902 1260 3674 4720 3793 4166 8890 9068 3908 2652 700 8765 175 2657 8977 5980 4981 6008 3767 9908 2080 2337 5316 5001 9742 9422 3360 9336 29 3743 5664 3451 7265 7691 8426 671 3708 7842 4340 9090 650 9964 2186 898 1834 2958 1547 1524 7190 3991 8617
2457 882 7225 1813 7728 632 7923 5687 298 546 6640 9305 3239 9416 3320 4835 1586 2616 1501 7633 4545 1049 5975 2195 4403 5129 7728 1149 617 1795 3637 103 6603 9568 5819 1450 5700 1483 1849 4679 841 3913 7846 1754 8075 1273 8093 6404 6053 6601 9423 3423 5571 2149 8755 7678 5347 4307 4055 2359 1633 8746 4884 641 6787 9483
9990 7205 5293 2488 5437 7639 5581 6547 7604 4804 861 6097 6557 407 9511 8372 669 8917 4826 2972 776 5864 8064 8728 6415 377 6353 9692 8067 7498 5551 3390 8925 2212 9433 6823 6974 8556 5858 9740 8755 9476 3013 2477 824 6552 52 6190 5502 2268 702 311 7434 6026 9254 8225 9487 890 5982 3073 2731 7228 197 5679 5638 6705
7973 1971 6192 4756 731 4909 9240 8964 4568 5051 9270 2544 999 2605 8858 4522 1822 6090 3365 9894 9954 6770 6819 829 8903 7357 7912 2305 9007 2821 4000 8017 2351 2245 6002 3180 9114 4994 4333 3705 4172 6301 1002 6315 1363 1935 308 7822 7200 6368 7602 6602 3659 908 5374 1296 5248 1732 608 7551 4095 8879 4129 4006 3901 3196
3514 2842 8757 2178 2596 5962 8747 9878 8048 8589 2069 5560 6372 5215 9832 9890 2972 419 6467 9954 1850 4382 8350 916 3590 6635 4550 8459 7943 3179 176 4596 6617 3569 4829 9260 1015 9982 9018 6369 1325 7836 9814 4431 9751 7755 3016 563 3424 9769 8736 6646 9238 5588 9954 4314 6895 1491 2581 9399 899 7126 2754 5934 170 5310
7171 8439 9039 8679 2738 7771 7549 1922 5933 6803 7609 2247 4750 7493 7764 8930 9509 6979 9944 5850 3005 2714 9369 7705 1108 5511 4950 447 8196 4129 5567 9100 7442 5490 4759 7861 8000 1939 549 4320 9665 3879 6371 1449 6878 4184 9120 8509 3448 4948 3643 4808 8843 9568 8577 2203 7929 4668 457 76 8755 2989 1033 5649 1233 9186
4412 8829 7720 6564 8737 4344 83 4739 5539 3097 3120 897 336 6709 5377 6555 2159 5992 6635 646 1025 9061 2881 5747 318 4315 3693 6325 3596 4325 7680 3056 5309 4535 1453 1942 2746 1002 850 5127 8345 8421 3321 7794 9818 3819 6976 1387 5056 8825 2977 1857 3042 6635 5513 5182 2038 9223 9658 4134 135 3213 6254 7810 1100 3499
7700 1080 5780 1877 3840 3575 954 2576 5622 6030 2483 7454 4875 4551 259 614 3622 1309 3605 7682 4991 7592 8826 6151 2816 449 7342 8220 2537 1515 6843 9659 3237 4944 2688 701 6852 2797 7602 4468 8164 5346 5953 7943 1239 3228 2666 5261 1099 8442 5625 8198 7097 5753 2497 7682 6967 3877 3096 7236 6592 8525 8251 4898 148 847
6037 577 7930 6270 7751 8800 3985 9404 8019 2861 8661 3147 3376 7450 4931 2400 5395 4575 3473 5526 4380 2542 5913 335 2158 6930 7611 3522 4940 7583 3465 2093 9142 2406 1678 3138 9935 2220 4794 8155 8198 2360 8754 2709 9013 5801 691 5625 2774 6801 1016 2536 7426 422 8046 8306 3522 1633 9731 2430 5541 6721 626 7204 5004 5127
8674 2319 3690 3379 5396 6252 6778 6969 2761 8192 1257 1659 8295 451 4510 7877 6263 2051 3672 7541 5125 8070 803 2022 9246 4683 3568 2925 5759 7203 1019 6027 7800 7688 6409 8996 6780 3126 4128 3493 3246 9576 2115 8101 5692 5558 3176 3118 1330 2575 1438 9683 9872 1753 468 3336 3999 4322 8576 7349 2015 1432 2893 8893 7477 271
972 9556 4902 3163 1694 3623 7549 3478 279 2801 6145 7287 2515 722 7898 2990 5601 8891 3172 4428 2720 2809 2755 5885 1922 2006 4910 9764 293 3030 8833 490 7053 7484 284 2957 8568 5055 2582 519 2673 5546 6221 2100 3465 5189 5271 3273 3532 8409 2615 4761 608 7986 2197 524 1304 5419 2723 8923 6991 2894 2812 7962 8324 9005
706 2297 6667 2913 6290 1782 5305 3781 110 8327 3458 6300 3084 7813 1669 553 19 1310 2516 7887 452 1691 7851 6215 4812 2639 31 7306 6205 3511 132 2143 6863 4522 5659 3916 7330 4232 4500 8352 7711 3828 4109 2366 1498 3197 8168 201 5036 7265 8696 9815 2490 1217 3165 6339 8325 9292 3048 2972 1312 1068 605 3233 490 104
7903 4265 4907 1198 7055 4939 2962 3848 602 3830 4457 2867 5944 6336 8922 3268 5812 1014 3382 5083 2675 1990 6556 524 9138 6339 3067 3296 4712 8133 2965 7984 630 2730 1585 2450 8845 4290 9662 8289 7737 721 1334 1687 7667 5016 9135 8884 2841 3386 5353 855 1155 2128 2060 3675 3187 6139 2993 3176 842 9801 794 2146 2029 8714
7749 7118 8958 5890 5730 4582 6284 9156 5105 3592 2561 7570 1415 7986 4634 6670 1849 6833 1710 5477 1573 8257 4280 4139 4070 3587 3632 7610 2298 7236 1885 8154 6045 4041 2964 7745 4093 2467 418 5354 5455 6856 590 2263 9309 1422 3900 2844 8170 6851 1013 8546 7389 1322 6269 8749 9237 5975 7421 3433 588 2395 4971 8875 6044 9265
6125 6221 9638 77 1852 2701 5642 7252 5106 2977 6656 6377 1135 8884 3338 6588 4533 8434 3251 6086 1490 1565 1786 6873 4959 2605 8226 5198 2349 6524 9354 2149 3717 792 4746 2489 7190 1120 2566 9548 149 675 1765 425 5840 9356 5928 9276 3234 4728 6799 6380 9135 2568 2971 6383 549 9779 6640 3695 3157 5820 2989 268 4559 598
2857 6605 9719 4780 3957 9162 3457 3908 1800 3698 4611 2868 1059 5194 3978 9831 8910 1897 1745 79 8040 5221 7285 8877 9020 2855 1251 7453 9967 7132 1118 1181 9413 4755 9846 2240 2161 6567 3512 2401 2273 5029 5457 2340 2988 7518 5182 3225 188 6420 4014 2789 961 5159 972 1683 9801 3442 9976 7746 1504 3389 9428 7196 6794 6344
2426 7753 7394 3360 6367 4680 6258 4014 3931 9171 7886 9914 1596 6177 1786 4534 3555 6916 9918 7772 612 4383 9030 13 6184 4434 2606 4504 6458 9267 4515 4834 3901 2084 246 4510 8649 9467 9478 5741 8051 9382 4960 4652 1849 5976 9145 458 6002 2382 6498 3412 2406 6620 7421 1854 1572 6430 7475 6971 5851 9190 9931 4072 4574 9230
1777 8086 2508 8143 1763 4805 2243 3318 8212 7691 240 3013 1550 134 5191 2096 1258 6744 7890 1881 3884 3566 6512 4886 340 3759 8375 4424 3637 3596 5868 6502 548 79 7083 990 6170 6789 1704 2668 7353 2583 930 5201 2128 7282 5499 9939 9031 5339 5587 2839 2595 6456 4418 394 720 5312 966 4478 1363 5380 9725 8126 1892 4906
971 9340 7415 6579 3948 6492 7986 2044 6853 5821 4609 3088 1081 7513 8405 8030 9140 4588 9527 6370 1185 3327 9978 6447 5298 3671 4921 1957 7307 719 4143 8551 781 3988 740 7695 3261 7110 9067 8782 397 2551 2975 524 8010 6408 1820 5279 7263 908 7341 3037 4891 4720 7933 6825 5027 8482 2909 2662 9562 4127 1150 9871 7771 4850
6194 4324 4853 9288 1949 3540 4762 734 8147 2077 5769 9912 4539 3831 7224 6480 7971 1007 9069 6499 8332 5902 5238 9157 1968 4509 8677 8758 1194 969 5440 2187 434 5292 5730 6283 227 5924 6614 6972 5097 9258 492 4436 6547 9804 3536 4209 4217 631 3198 6563 9112 4959 148 8762 25 9307 1431 5938 4553 9393 6117 4867 6825 9594
