66 805533277
612886 516818 227112 539235 256514 264892 895826 403290 496989 20924 687330 98541 790404 980170 793812 158094 842027 535512 94344 400521 661105 831102 848181 995802 610117 680934 47290 700087 163775 84605 596590 646768 48982 332673 236423 600787 46651 368047 295383 536336 447011 962046 771457 648615 497354 124337 735622 180670 611963 139306 828954 209286 733658 649917 367848 190339 711932 619320 914294 197178 578375 582626 790366 715007 463520 928458
224777 610027 13075 844199 24163 37598 41651 430449 63833 309155 574078 113193 215671 453806 306080 729878 99030 188073 422154 875630 676045 789874 613995 318961 669959 232238 493794 884117 229930 491885 810084 618163 218072 440056 877889 501122 948204 985833 946261 993772 281191 466319 185749 338097 785700 841135 588429 684626 389893 799867 894874 594656 413434 923573 624118 566776 808955 572298 345144 939492 186883 19087 677424 750488 536058 263309
394969 120647 941532 963759 918164 455476 933764 932445 296335 177676 919418 680454 547475 185688 236143 955658 762290 101998 251924 303698 669322 594614 182580 571469 756222 493634 368470 226921 809178 664223 251710 74772 557599 224564 491643 680241 318550 73964 856094 274721 871062 654326 822254 791321 717122 656497 172683 152013 482771 653157 800403 897961 280950 828445 830903 19081 190839 624453 665761 688890 536309 537681 824050 767800 417939 707864
706777 814969 586961 793485 52103 27887 288659 59280 969435 284302 609948 580794 352502 164465 697341 816462 538691 334614 875806 648061 847027 264388 724666 305012 305558 692561 567047 908204 766321 970943 816754 918986 71176 511933 256277 521741 623427 378615 944885 348072 755420 652483 561861 35899 286895 253487 406206 50119 412472 908280 308601 68133 294699 759989 356419 282701 781237 51211 363783 316299 870228 872957 742610 305649 31600 120239
526538 469909 524411 980388 756456 220238 599680 651454 247778 460806 198637 489441 134916 777868 936394 218248 732985 914677 188187 294940 970470 282179 726040 698746 170023 202601 345784 517791 965760 255345 24413 60844 547321 693581 529305 325667 890820 354719 357796 21513 359907 645474 340305 306952 474192 666325 126169 24638 416131 129472 318528 114655 664730 770657 789166 21576 640462 998404 654488 774528 605444 520989 689875 549832 119797 834787
731822 678299 909369 121392 190299 957294 82855 398380 431517 640466 847496 248067 666557 753217 731096 736103 67768 709262 680362 342716 314586 427302 861766 442294 676159 561368 696205 135663 384525 966896 881006 363489 821076 957223 115129 448712 687330 269707 271017 979466 74186 720434 388701 907527 168389 116963 615304 939989 230197 898681 845945 635837 875802 509763 519980 938418 477448 768839 894459 579991 718220 578766 922893 268621 704188 218457
68786 984475 791172 935349 323997 488794 276254 222406 22456 65376 784606 67797 163619 37981 274204 849256 743799 674824 761726 61798 836800 688422 890218 703929 898178 808818 424218 50962 960129 233353 57091 372420 214161 281707 343134 353162 474242 405343 857488 302172 393032 250888 358251 495068 98010 121325 907754 15089 30825 692667 263836 615581 622056 779936 344416 768768 527570 510730 872182 339327 747943 834903 256894 266601 717270 968006
500487 488125 739030 216539 105823 171160 740182 904126 959645 839222 453889 772175 413639 481520 110192 247350 676352 252479 741338 206065 287704 837129 798589 969162 792425 806183 736937 561239 302810 549946 74845 540872 283535 465680 751357 105683 748446 477351 728742 200117 802873 208499 412505 197870 916582 347192 457142 316822 449423 449231 618450 267025 513949 250923 46725 430580 350442 176756 793780 729903 981156 901211 558306 536755 225953 740232
864486 137726 196312 59197 946451 144582 156569 295100 500891 419695 918629 416337 430614 373164 233383 869431 469885 296032 226595 938282 378540 60189 377402 810257 517667 15375 826806 507971 350371 231635 788780 888524 139430 300181 854232 978523 380857 134054 473375 356261 638151 159221 345274 584850 226830 347969 304989 366751 213993 102775 874594 948728 728599 64771 757501 299743 731897 390630 759782 400750 95749 639122 516036 811054 672150 40977
881620 226293 89156 291519 281195 490870 140543 450034 775483 470140 818720 109565 568413 559189 390984 537200 828370 87543 428646 940949 761717 368229 268823 329081 382535 212527 977245 731622 500710 304992 783880 46295 969905 142481 46168 464799 663759 767377 165236 314546 964088 368767 983496 128941 344640 831607 332598 528697 465181 577263 676370 28052 564608 106413 593766 557429 683411 733001 773815 75069 102247 116148 66630 755762 510461 995834
522381 509201 82351 777459 232018 457312 416953 966202 720829 476256 946850 421119 453821 221628 403904 179390 199100 996509 804675 437701 458561 722844 59658 393555 983880 246933 328939 880267 204455 987371 442258 891237 431705 481611 937713 58702 907356 194772 162671 67446 854246 919985 752513 271434 635740 382635 982272 703811 364077 450968 229963 924826 849564 444092 698454 958529 299085 476928 461819 994642 604452 848117 256965 536993 155078 170360
159663 298435 247908 678149 708540 165020 693983 399790 431183 181546 19942 533623 250127 142748 933637 341793 825083 95107 448764 543847 910609 653537 85164 915141 303719 777861 719899 743370 100057 218612 339096 186052 832761 446520 143447 423955 882332 64900 726621 400076 333897 673720 725803 550569 567315 887377 540272 311847 668236 512415 170755 150195 977949 994516 786612 620186 582879 100572 464243 484764 951949 80464 929817 324048 506814 957433
293852 319630 741168 416242 503190 809087 367680 670703 486425 189141 312272 410246 386851 176794 447973 896030 907056 577764 809113 777269 419605 727914 275491 408866 400418 252810 289941 379461 501810 822654 443696 512671 959855 773895 557162 44829 122253 717045 493953 187701 543019 299599 283348 981282 227845 769124 742436 248518 869029 510800 285170 564735 705498 579429 237452 303888 346889 936373 836993 988934 434859 836088 661203 282257 293435 855429
608636 367314 935368 357061 28436 619701 932455 109279 695858 746178 336266 87025 500643 338543 810810 979204 68589 880941 406088 711531 293345 322410 554675 329062 220887 954801 511599 575470 270473 339946 558713 800068 292125 948062 785271 239650 589181 337323 446462 219800 969177 259234 778609 646394 927675 31114 473963 548959 67213 600352 584651 264162 579782 807978 821742 938257 336487 558667 344015 282782 881044 736134 974016 89853 703000 83065
914392 45758 753366 154333 739050 641609 164714 27231 180316 659197 938608 91648 112838 144558 905830 794275 352598 471228 979843 888599 623958 693401 532619 898194 785761 489400 787570 738344 555596 324532 509556 898971 124385 862194 791912 611362 123209 634984 84623 63568 65766 798677 135427 185652 939183 203571 16764 524065 72442 314198 128948 953196 468299 273765 188771 943295 24012 274727 267000 664705 880853 709813 155778 313804 206406 617087
531042 212483 299791 931679 360087 866337 331630 589977 785900 56282 669930 714542 68935 583417 756490 738251 364455 202597 261787 176513 952350 318172 532667 547244 117578 378933 561681 794416 192789 914980 127146 395168 842065 874617 392312 579901 287590 473131 322935 597896 397112 372610 355984 927767 755831 522494 980297 776083 650177 292699 209559 392400 388970 287567 936714 281791 636569 866475 307269 170631 631614 353869 666916 914868 781661 354047
417155 395125 288298 915185 56778 256523 763510 934428 258268 141909 474862 419462 527273 863143 853610 559677 372684 280750 109632 919181 311408 240775 805888 690169 401907 448265 387164 256211 327485 131157 348632 467983 944802 96709 325269 658463 76075 506536 709544 79057 340978 944917 167903 251561 134255 254268 629648 509440 185486 627718 544723 560590 178462 240568 469814 303161 436335 924194 610920 960374 127675 808616 389470 60329 791911 887106
348801 96308 623993 867716 286186 388427 968633 815377 488245 235857 596516 91526 476575 401937 611863 728799 805339 98147 433303 796486 250553 579482 501631 351777 329911 848616 967618 772831 546437 241763 425312 181131 532278 966954 740132 83535 851220 683661 999336 967300 537098 619457 268348 828204 445022 570143 879325 194812 976983 761360 570807 912024 657714 367526 503012 742602 477002 97570 488201 318199 765618 715641 526763 576176 660485 408092
222629 784160 109173 572914 919891 904429 28541 393532 56151 353715 253944 620448 180902 271991 254541 681029 700557 276472 253449 861009 634878 356842 32527 633000 690106 372887 112300 351497 932443 423634 129437 251291 716619 585601 401106 496436 561184 353732 483300 59608 563993 147549 234294 242009 342988 978391 746443 737857 680825 989256 505091 696835 183864 543275 764961 273081 363846 205472 796832 37103 592255 374589 700381 109996 853239 58980
609628 437300 746150 657766 262148 582524 845044 381560 957384 162151 729285 796064 771932 530084 416000 81518 543916 199408 685040 44439 124133 391764 470123 888976 272507 594049 975764 398604 355060 83098 909008 941324 284471 963295 612975 30032 678817 690421 987530 224370 674972 605718 781412 56206 939899 711677 992743 761380 377388 259477 724147 778372 96407 771670 478064 677940 838473 384729 778926 716684 310552 588995 660582 10553 630276 538881
120931 982641 172080 255547 759955 404246 682089 583084 594964 759401 773969 153207 472153 612322 597320 528422 393252 77907 930232 24235 933457 633851 303937 787024 552082 331135 46531 775515 403771 484174 400902 32295 842057 769920 190237 613877 480213 520921 733389 414722 220106 996038 130018 711093 572665 450185 815801 516140 240880 61743 716796 411078 306034 244841 931724 15702 838413 855849 429040 425583 774822 786669 149052 27962 129548 539980
854945 143349 189548 273699 120939 439361 368526 402878 134647 102977 319812 828546 547933 991297 913429 56113 717606 118571 632770 520550 921465 624629 798759 804224 972616 930168 711200 752645 96617 864045 307397 200649 831180 471988 75285 503172 228032 901011 760788 322639 416554 363987 603614 570139 491459 944566 298701 110441 352106 590447 193777 976061 693886 988118 986833 623638 494601 749320 699416 886391 281531 904153 565543 723355 202504 293413
917320 941905 238753 453183 593996 40929 670373 334599 887640 870641 838424 386960 417278 945735 641887 395240 792963 386349 285362 317288 507599 922322 547925 898402 900009 561864 290434 162685 115438 523659 286502 973146 655085 193115 975734 388100 83136 103220 902680 823048 282661 559477 816718 929534 177963 99546 583743 438618 856397 84742 196865 760694 165956 306920 268023 267331 592730 76410 723177 829405 410933 517988 879544 962482 673448 114013
259964 622213 379752 607038 390836 430558 221280 861763 727493 428353 757110 117267 611799 115279 58601 160072 726431 191240 893998 196837 432578 308077 434130 786731 585037 327299 259476 284058 70300 403796 433300 72639 851479 762222 969666 646569 487601 534179 512745 695607 586269 93804 110879 450106 844128 824047 124138 464309 962504 319948 321301 428530 878040 878699 219069 871195 584402 63993 764561 754759 908691 274453 742691 346031 876719 39991
65384 871495 761629 822726 275429 310624 962804 497175 90035 929398 433905 932813 441791 218539 177769 611178 667383 141166 255734 680594 531143 737985 707261 322921 248803 322604 570215 106082 655537 117636 76869 889621 574938 917552 410375 753948 650818 262334 357336 314292 108410 543181 195465 467715 739353 190858 142806 441516 816896 487019 833522 828514 343105 283714 301554 375807 99160 162247 150907 860037 558910 612141 328725 322393 526931 285195
320587 952918 233232 374684 144287 460550 404007 621091 55959 821894 933618 128811 310503 103041 598661 568934 984523 849953 699033 977569 522975 172629 916334 580221 677066 429934 573968 357400 595698 827112 730900 596398 834424 433068 910777 160678 919332 414490 859100 563377 564980 102219 683590 272702 728952 141912 191442 532911 353369 324461 282811 628064 967930 261150 640871 20109 899112 836018 79707 117960 666739 584650 563207 451643 150029 415589
943778 553097 552530 314010 345881 835818 886357 967880 750802 894238 695789 480768 34101 207705 351708 391779 144886 198282 321347 383827 640976 250647 502492 840579 359726 443271 898939 120713 705692 171444 131923 525111 479736 465045 668951 291344 175384 46465 566106 558238 585651 13940 914541 50994 88501 130606 344989 633196 875609 52036 564500 786751 57545 871668 137494 523505 708249 926938 536679 504297 647896 666213 372438 749927 456752 776227
538718 848933 51677 529813 249548 44420 211036 385464 167375 499620 587667 434809 846745 318441 457942 67854 195260 812325 117405 82478 900478 695640 234657 682595 235732 592036 247697 176803 497334 423407 484631 175219 276324 801694 198749 802036 939486 684287 563997 31946 314701 526079 209655 398777 755622 513006 337329 407619 459291 81335 949009 315382 102917 933211 871679 560231 559760 589910 605882 474060 110940 488425 640900 300499 381142 177729
616745 90669 740738 791231 571847 152685 979728 262313 160330 281347 771542 811999 645567 79661 540609 980310 250152 502881 99933 288295 829979 968804 731339 287934 642728 760317 438195 751028 47782 149846 670384 159899 921048 78977 418507 392450 517171 170730 640782 667478 354667 377324 500346 490883 746430 285690 958817 117896 973711 585699 644907 301338 763228 606387 95353 164024 554908 487538 647569 977457 190312 969208 842630 356231 224229 583925
883854 688606 801323 736690 936355 906397 508294 832115 894059 590123 692168 924368 948260 215453 788800 955477 988013 51863 707159 956685 71417 407889 359695 782790 18424 855963 619089 404217 794776 966561 158804 662403 342800 396887 616866 376014 653978 486836 777797 222648 581237 687417 338031 125394 879848 194350 80550 962017 471415 403011 416552 857901 390780 783998 74979 301158 978053 206430 713447 112961 829742 585041 789877 855545 722181 55744
520062 498719 877492 525751 342297 417100 668976 302450 735873 486751 694918 623231 782387 247154 609259 179167 290934 375287 578178 316809 443293 804182 680368 954946 534421 206138 204923 511200 674012 169134 627960 888114 77907 869829 488765 673013 363692 871768 674906 977564 999001 204558 253807 786791 909657 139171 715793 580793 433098 47889 464265 738228 581792 238539 794081 677473 828571 452621 522746 223287 254374 790681 988355 784518 641495 25834
996600 320882 955946 198873 503087 783312 76508 175265 210518 718569 151817 60673 178664 889635 762622 952943 557586 395351 823127 597357 752425 839016 253534 772453 428693 862790 86393 300590 224867 43341 49662 489035 548165 385851 789806 277209 70342 685375 309457 499216 62341 37001 645712 820421 951051 676490 247194 378503 760079 275676 377033 747978 326161 733077 629963 556611 796926 649670 495883 261460 796532 531250 282637 747905 935299 73454
901286 726026 950978 295628 577571 649825 929494 429727 22990 829666 714526 866039 528441 296964 878687 428897 298468 878615 367470 458959 415906 468802 174088 501430 930518 128942 590114 745191 212962 61903 761471 141154 339284 744160 887814 270040 210636 220341 164045 152623 67078 158733 458870 32890 813339 322917 270919 198829 822254 602997 168872 128295 141751 673520 154127 145981 314956 818833 412601 955297 323727 711959 659960 294305 823546 650206
567832 523979 979349 14713 247604 612534 210251 277389 354752 953298 788988 560045 709556 830773 973949 784274 322440 107021 630521 706560 439522 369141 318033 80476 997003 608749 395192 533758 758035 899981 978227 688632 104236 398894 591947 907751 691629 495487 13701 68189 159715 791647 517259 325069 963952 760821 209700 609508 633440 478465 757119 151511 459793 841792 961206 442050 187558 698972 642092 361697 808609 709092 941852 500580 901904 966817
747886 509802 323022 212932 334725 396188 701192 613929 271079 834144 494284 734374 866043 761277 521122 291351 409649 479854 70085 907192 30271 575504 985570 335710 51148 268994 64382 704218 926060 571294 208908 157190 683947 360556 585723 873198 116041 424953 306173 881504 947137 544747 226044 158982 207557 596581 959024 352845 52941 782604 300407 87519 405707 508193 566559 151424 879962 809126 549168 223714 108483 107358 518718 471648 818006 600290
540798 377293 591686 18879 61121 327084 278809 494327 500161 589472 509078 678519 953528 132867 997786 500198 627397 636444 854057 513459 10036 47924 137366 185538 559930 877169 50137 637167 558141 923486 33111 536678 637131 520217 796120 847572 976747 759961 480079 168952 299431 63261 736850 943401 531821 779214 267140 889277 966653 771859 309134 108188 599846 913392 45009 365733 576367 820632 656251 155731 399079 804507 521498 558063 555884 485686
769498 165765 981695 735252 829434 623767 766685 187188 223754 281371 77882 290999 417689 67989 299675 342629 461564 793922 301303 122487 128875 190193 726039 20304 704797 70885 890518 393410 558739 910875 769582 778030 274534 378545 194835 759278 83232 213648 488027 801425 210538 172356 444066 709997 536891 831993 977521 684788 636764 333242 353965 186095 484249 474407 889175 643968 649204 652255 496886 214387 17203 325961 308290 320791 730138 542796
436785 664322 671587 87882 55909 232398 657118 355625 779591 735118 502259 124322 918839 125269 73531 424376 78412 696441 468150 717906 644784 343293 204182 353827 799066 529515 279762 779805 285415 112625 71364 561855 145021 942121 908443 717536 762788 615505 672359 138637 442121 660163 554141 120503 993616 499999 751720 836604 357715 388110 827640 623082 404482 697551 833969 717136 629466 904483 945831 997364 369421 251356 86842 332748 602881 671869
417387 369706 703281 698398 726037 420022 10285 461925 621556 403289 817140 338416 54538 261849 700007 128741 612378 634516 261564 248081 507185 219089 817376 923147 203542 255335 519081 698635 320769 569026 993771 281000 201449 111680 751649 80623 87457 946114 592598 63014 759853 518431 952343 321598 861564 658173 766781 881719 244140 915450 75574 713766 131865 725709 963107 753976 852201 473692 958927 91387 519835 936751 408117 255161 959521 794126
973644 654141 402959 495829 835198 892256 144306 466208 97711 590036 932734 350180 492564 443569 197077 446905 514981 600307 309263 730869 359194 924945 667573 959083 248304 915624 737867 230667 454101 647997 616360 16998 871473 529156 980424 657277 768693 955848 791288 759756 213176 130696 349487 784289 888283 684019 150272 692210 25596 932434 892731 390515 489034 894899 592946 118441 502232 805014 754627 900736 102845 569797 912283 374111 421702 207945
976850 803842 871879 616687 453318 86114 710996 312081 704404 89207 664411 513051 335230 900562 217328 57723 69732 259116 199565 905246 353319 980525 594704 686514 580016 452757 773196 546980 626781 330900 263191 867949 203661 646256 736195 576677 297933 750904 873059 199215 949895 967033 497712 15109 995553 313639 240837 921034 717176 254649 440579 51622 971139 750143 756937 435469 56068 667500 519305 835902 718292 801418 236920 477683 864763 968149
54481 801451 431615 207263 458843 218578 93158 630196 970342 981159 353815 125009 585714 178890 559544 156552 666166 377136 95731 929348 186210 685006 33320 970722 353633 17319 135461 876767 314556 976497 921588 206112 700557 629549 953176 950865 852479 693237 504088 86408 646309 875981 771649 307975 385851 26759 922805 820783 455496 692614 522671 846396 184473 579514 920964 224695 470544 167713 656709 110181 769199 777930 645042 810313 925707 199685
856965 430346 349768 767994 542975 756784 661147 571838 132951 732662 831076 471462 714872 702604 392894 73082 928486 958088 51457 821055 940130 205823 137011 579994 116183 247525 812929 73929 651508 158095 206068 991873 133799 455684 31083 626073 885690 886273 642755 957154 974565 737594 690204 650881 833355 528880 716510 74130 765191 947081 886124 759356 99565 37597 266877 245243 926001 570685 321086 202746 480051 978919 684560 561729 113180 452454
722042 449317 635728 542494 141367 529295 969266 656809 857933 579638 426115 526811 934766 418616 943909 883620 395443 415471 449350 297100 35686 815805 989356 922538 362333 617069 871895 115735 537094 946862 177719 584795 90049 721288 957506 255181 232461 472979 849392 851770 718086 285599 305260 274597 771720 996797 328092 60078 52136 308740 157404 476322 341991 766537 13480 882807 704602 345194 448444 953401 840670 405861 197789 972121 621410 84133
402381 314982 277519 286215 635689 448979 474311 871657 98426 663567 827569 400177 479276 783444 396048 551353 764488 40297 319132 524391 462926 110920 212727 918954 55115 679482 714871 661374 164466 24818 370349 200479 208447 63545 812090 451395 155364 528965 348674 160715 296929 140546 168615 158194 952267 243383 328455 717220 12829 433302 894709 177740 430290 872283 274686 746515 225472 196907 553827 557466 743685 792170 302197 386087 137175 871402
527483 555682 170614 940268 327574 970016 811996 378444 648070 941487 842841 940594 850960 102387 780872 902572 623020 880943 290390 412428 264502 681532 48102 349796 561467 172114 900660 145530 726776 680523 881723 498231 881027 55243 642420 541927 936764 718912 154583 506890 815151 266240 837189 656351 625863 769908 623820 305261 719587 906950 625324 126929 490109 463346 79760 968973 501066 720201 839526 774499 259386 594116 104876 722596 294389 796040
524355 135903 231530 574187 956514 749856 876517 637413 479310 243917 465466 90476 123058 353407 22387 891278 133962 373202 476890 384973 421967 890045 907735 396413 271915 78560 877657 26457 272450 898713 601670 502683 604489 382405 990978 215256 240767 535929 504748 974520 942806 342053 934259 12064 380031 570400 351075 729002 771297 844102 75652 376554 786196 439243 909842 73587 996523 225795 98168 190840 302290 162421 160143 721613 404643 863046
252578 96555 725090 188848 774878 71738 794264 572668 38705 63265 667094 931217 330090 942149 338175 488245 166338 268352 157885 765506 459540 113073 601257 226667 445415 517390 774897 123011 70328 187063 369505 19391 663471 957255 585805 152838 573975 156080 192357 472793 92509 396911 786574 182965 809322 135254 811105 643736 608990 663242 942897 348312 561226 222078 876667 769931 538989 435971 410972 242931 170941 875747 493074 72660 681704 948862
999079 723142 533671 255733 547889 766148 562200 657924 762659 485229 94443 613338 658844 49516 951557 838710 75448 892695 487315 303633 86051 590218 808251 873977 644788 46535 638661 969541 808529 752093 559219 345027 893489 228310 943841 685241 700238 856954 589649 974299 876711 948145 307734 254621 90810 658400 14304 622493 554383 233856 78750 40004 745782 606237 926121 824128 949193 97381 601933 313627 279745 725337 28631 571928 567845 673507
799215 204502 622734 480463 81574 495587 924756 897397 461832 509646 927741 261248 108182 267330 886911 457278 189674 612595 342573 989513 995445 680028 684853 91325 891330 738114 793116 237575 901651 288735 405540 803603 242129 231622 603882 324215 912272 504015 438506 376307 422564 633537 108474 634902 144177 200941 39654 784258 722629 640162 762435 663347 371693 99092 541687 137533 529170 180752 69437 757429 414903 889008 418316 406090 395735 325810
357320 290783 876919 224983 266373 599890 875879 987911 806667 860282 214155 560068 640591 525884 983363 989171 303695 50700 650004 995451 192504 443412 836544 99935 364860 666620 460049 847373 796239 324159 26616 464598 664868 362826 487615 926680 109738 998248 902777 640241 140440 785578 981632 448179 975372 777613 307963 64951 348441 977124 874836 667721 924510 562863 995492 436657 692348 156896 264899 940540 98216 715224 282059 597178 26029 535353
719732 845402 904830 869133 280453 779191 757185 199606 597073 683274 763161 231832 479873 751670 778444 894028 951378 700682 994485 588838 306955 278103 937520 772653 118964 555284 499658 53491 821274 418282 560799 910820 746536 553170 480761 788146 801855 201251 63512 437270 966871 393572 640452 152692 690733 423700 912810 852306 350836 499481 370188 485540 885434 957264 859029 227496 794807 471733 54453 16722 876659 305325 111544 568912 131288 919395
446296 884047 774105 659555 874942 439573 17388 478780 558010 316029 318284 97992 42483 673962 541923 658729 223050 602910 666574 73143 110718 907020 294625 578582 40660 436755 375097 635895 365531 437750 770181 311953 535176 458510 153124 201598 281292 108421 93413 517229 836067 843542 338239 781460 982052 387556 700418 146640 510167 883631 304142 193188 310573 666624 555391 522682 211136 923017 966206 418750 22514 327505 628874 783017 118176 355889
772114 116192 581881 195159 389683 363363 103678 264375 566284 606665 255187 747788 492261 460091 34784 70027 368104 138897 366413 770408 503743 761439 883710 618625 288147 53651 736654 823682 260520 159249 687238 966245 329939 499081 275538 78612 688098 286287 762426 451855 818091 538848 599049 796181 131916 329010 273309 530436 118082 845628 566583 821453 712344 579234 256579 770402 699537 393334 315924 726142 662319 853908 826750 494470 23798 93085
607329 66348 794932 630463 777161 881186 404029 941024 803712 292690 867388 320943 343695 747364 497758 246924 543782 462508 353335 556733 443211 261091 595120 42391 223038 695847 763333 358196 498609 760529 352511 216599 914984 247517 175409 320120 993561 229137 484183 817213 821510 243031 876625 277584 902228 583993 77621 566505 284022 683091 109809 260408 744994 50991 806465 832225 358179 171000 973369 249960 558202 675088 71191 722961 504965 517211
868622 238965 374781 343964 543841 628662 680762 699693 282773 820879 133696 173551 831071 53808 456098 789731 629710 212409 373046 756404 516958 808830 88712 209494 925333 473149 362732 298981 579784 722924 110103 606327 782022 770954 644211 900608 680994 318873 418222 355230 330824 958069 218769 811895 573207 559869 323858 318160 140901 264334 151646 968627 987336 182831 55564 339751 405420 437467 858973 737404 208850 151085 295820 890345 750067 36019
105520 956068 494925 322600 177046 368116 757217 353839 36780 286700 618048 731198 258318 80711 791775 305447 564152 890202 323493 447936 278667 287451 282153 592295 199618 207955 495675 976705 38142 309416 884461 57738 708038 750691 37262 302166 858120 510082 265016 60556 274023 558704 625620 217277 352518 523331 531442 333454 359156 842435 268315 480885 69430 800452 226814 61038 138367 546098 279009 893360 701881 295931 287783 798124 833929 901429
79116 236745 669757 297830 632419 185756 534864 383825 20047 834294 351827 633435 314709 783301 174537 63996 11015 138952 258437 790711 53949 176721 787125 625002 486001 270647 12184 733128 623986 357049 22210 221473 689179 457265 569924 397207 735471 428531 455080 836795 773221 388421 416320 243607 157616 325956 818497 29113 508136 729085 870875 981701 255891 129714 322764 637268 834085 929935 311216 303651 139131 115000 69059 329514 57759 19417
792236 431791 495429 127824 708200 498584 302659 390428 68764 388685 450825 293242 598192 636972 893256 333001 585041 109607 344312 512827 274236 206355 658782 61070 914634 637263 313099 335781 476029 815026 302950 800271 71544 279673 166244 251880 885636 434281 966574 830462 775851 80609 141330 176302 768917 506177 914365 889450 290665 344636 539603 93902 123598 220055 213306 373301 324984 617421 305690 323856 92635 980347 87817 221787 210257 872579
777041 714515 896802 592836 576889 463184 631880 916454 515019 365102 262926 759300 149413 800503 468299 670090 192410 686229 178623 551844 165070 827308 433302 419323 412430 364566 369009 763212 236913 726201 195943 817165 608141 409604 302899 776619 414734 253574 50595 539687 549706 688532 67631 233430 931545 150101 395633 291012 818695 687971 109506 855946 741305 140162 630339 876076 924400 601203 744529 349327 67380 246429 501697 888582 608021 927217
616090 625620 964181 16818 192688 276763 568240 727751 515120 304106 668741 641022 121661 889500 339924 661923 458334 844897 331259 612173 156802 164228 186156 690237 500511 267302 824303 524233 241903 655614 936042 222130 377430 87675 479457 255805 721618 120128 263371 955224 23902 76004 184086 51241 587793 936227 596546 928280 329622 477664 682855 641322 914378 263618 303578 641614 63529 978151 667071 375298 321991 585864 305296 35749 460919 68372
292285 663681 972220 482767 401301 916987 351690 396356 187471 375552 466067 293317 114070 523789 403332 983299 892016 197083 182099 16976 805828 526464 731015 888781 902905 292038 133132 747716 996765 715821 119938 126156 941887 480301 984805 231157 223250 659849 357169 247089 234391 507429 549910 241013 305201 754090 522624 328753 27762 645351 406921 285534 104362 520332 105441 175907 980333 350271 997708 776687 158145 344981 943350 722174 682325 637813
249539 777442 741841 342053 640104 472852 629297 406860 398702 917930 790526 991483 167320 621259 186089 458473 361379 694468 991962 779229 69770 443448 903941 10478 621909 448511 267359 455468 649098 927441 456548 488129 395697 215650 33499 456070 866220 947186 948290 578031 806971 938779 500637 470161 192334 601321 915279 54567 603940 245148 653030 347247 247595 665161 744510 192869 164913 646274 749881 699943 588928 919765 993244 412634 462347 923767
185254 810374 257720 816073 183886 485310 231445 337955 822829 771251 32963 307677 162701 22454 523531 216890 133791 677390 791008 195575 394060 362539 654427 493330 42873 381606 839008 447537 369538 365483 590597 653433 63476 16999 711055 107267 620559 681869 177990 273518 737728 265076 101271 524556 220042 730729 554021 994004 903996 538172 562738 290502 266276 648920 446900 48181 80460 535547 104899 452895 144184 542288 972808 814396 196619 495264
105387 934626 743935 661071 400365 652492 800441 211647 688263 585968 465872 315177 116259 753636 842032 804800 914811 463767 953194 640385 126537 338843 997894 648017 534125 372901 496810 203093 733205 80358 419706 856424 86555 404362 82463 771689 332298 713654 907552 879370 48484 261940 303947 61127 802814 644122 189476 532257 728828 99159 736570 310106 493773 476888 795211 685443 507292 849650 297411 272954 956614 418133 123080 987304 779180 489726
622921 437636 490011 929530 202315 359967 481022 81878 816450 215010 580786 991296 458957 388813 724999 651255 798980 108989 907791 653120 834805 593969 528203 916494 204163 455991 868970 876947 127514 105173 548200 225850 52142 533544 576970 631705 31686 596150 664573 700022 514191 926512 57949 448723 657880 980647 359542 426243 427036 71730 326074 659519 912051 500523 23780 877350 11639 931404 150981 597537 460314 939909 615330 491461 685485 959790
