66 805533277
609367059 512426067 220086218 535047078 249755298 258209630 894879492 397866089 492416512 12024060 684487864 90346214 788499030 979990445 791937843 150440786 840590917 531289400 86110953 395071753 658024275 829566857 846801536 995764739 606572723 678033831 38629014 697360749 156173821 76283322 592922877 643557261 40336473 326606965 229481787 597158139 37984538 362302643 288977951 532121038 441984317 961701216 769379766 645420690 492784564 116377351 733219429 173221627 608436151 131481920 827399401 202098391 731237311 646734936 362102154 182978711 709313827 615859959 913515507 189880527 574542560 578831906 788460558 712417116 458643217 927807625
217729751 606481847 4103289 842783259 15292117 28849224 32939286 425271383 55322700 302875001 570206007 105131662 208541631 448840854 299771712 727422749 90839545 180692407 416901567 874500330 673100048 787964544 610486400 312769905 666958698 225259194 489192831 883063651 222930360 487266291 808357627 614692502 210963602 434965816 876779892 496587722 947733804 985704409 945772985 993716242 274657362 461467512 178346781 332080483 783752639 839691546 584687620 681759060 384346680 798048231 893918561 590971379 408101697 922879168 620701449 562838078 807218741 568410152 339191547 938942389 179491398 10170510 674491591 748220168 531840692 256612230
389469061 112653513 941001428 963430540 917420684 450526672 933162115 931830918 289938949 170200515 918685981 677549885 543361856 178285436 229199088 955255441 760129201 93835184 245123321 297368170 666316492 590928685 175149203 567573437 754006314 489031056 362729597 219893762 807444236 661171130 244907735 66361426 553577271 217515550 487021926 677334298 312355113 65546214 854785954 268128164 869890063 651183983 820638480 789424527 714550893 653374512 165162056 144304182 478069414 650004679 798588559 897033893 274414119 826885431 829366199 10164031 183482999 621039608 662723374 686062017 532094618 533478321 822451050 765689481 412647897 705209188
704112123 813287018 583206482 791608289 43485814 19050106 282192399 50728160 969157240 277796333 606402210 576983212 346616038 156870222 694589852 814793921 534497398 328565931 874677823 644861691 845636681 257701064 722163722 298694611 299245653 689766459 563111213 907369802 764197213 970679722 815088637 918249523 62733120 507496149 249516000 517394026 620003869 372966662 944384936 342146198 753196813 649324147 557878026 27135413 280413077 246700664 400808147 41484000 407131544 907446416 302315728 59661948 288287187 757807398 350568389 276180315 779248872 42586523 357999250 310084389 869048771 871802456 740270795 299337302 22797201 112241373
522234067 465090479 520088431 980210679 754242123 213149677 596041709 648285975 240939883 455904821 191352475 484800335 127051908 775849404 935816390 211141797 730558213 913902232 180807695 288530415 970201914 275653391 723549756 696007361 162478507 195352509 339837001 513407959 965449149 248576275 15544814 52306586 543206046 690795757 525026520 319537453 889828080 348853536 351958755 12618560 354088305 642251804 334308722 300652169 469412515 663292549 118225284 15771268 410824089 121558979 312333793 106606723 661682963 768572286 787250258 12681624 637194208 998390414 651347002 772478989 601857535 516635229 687056621 545740279 111796026 833285250
729384971 675374996 908546071 113405612 182938247 956905982 74517460 392910842 426348992 637197969 846109956 241232211 663525871 750973997 728651898 733704343 59293963 706619889 677456536 336741056 308355351 422095995 860509934 437224325 673215185 557381355 693444097 127805590 378930362 966595296 879924819 357703041 819450240 956834367 107085362 443700493 684487857 263068884 264390270 979279772 65770131 717892561 383144066 906687229 160829532 108935764 611807199 939443573 223199372 897760648 844545495 632527427 874673441 505306811 515616582 937858267 472697894 766737677 893499613 576173009 715658894 574937246 922192182 261972185 701499568 211352083
60320664 984333916 789274291 934761892 317852471 484147655 269675021 215337044 13569710 56880285 782648087 59322937 156016380 29235795 267605995 847886195 741470467 671868725 759560774 53268950 835316485 685590181 889220638 701237837 897252571 807080690 418984186 42334442 959767370 226383846 48519915 366715235 207017958 275177188 337163208 347282079 469462664 399937268 856193003 295828765 387514709 244078818 352417353 490477768 89810807 113337520 906915610 6135274 22015104 689873539 257144517 612086845 618620565 777936287 338456186 766666750 523276037 506283044 871020677 333320912 745651645 833402498 250138526 259933832 714700347 967715359
495946312 483471777 736657795 209417303 97694682 163625400 737820132 903255297 959278777 837760851 448925053 770104773 408308985 476807000 102103055 240507749 673410091 245683584 738986869 198847758 281228973 835649240 796758532 968882096 790538774 804421973 734546185 557250782 296472005 545855189 66435104 536698426 277021809 460822765 749096658 97553008 746159653 472599836 726276581 192845875 801081003 201304463 407164732 190578154 915824067 341258237 452207806 310611724 444418502 444224230 614981657 260361930 509530722 244114038 38059497 425403502 344537864 169272484 791906232 727447774 980985001 900313634 554290828 532544302 218917052 737870963
863254136 129887325 189006437 50644567 945964731 136806362 148902325 288692804 496353740 414420429 917889311 411031362 425438668 367466415 226413991 868244743 465066632 289632306 219564089 937721187 372891003 51646203 371742996 808532727 513282518 6424587 825232212 503498253 344466095 224650212 786860499 887511025 131607250 293819892 852907217 978327772 375228506 126182662 468587680 350408963 634861676 151578294 339322164 581076655 219801713 342041784 298671078 360994393 206848148 94619050 873454104 948262115 726132717 56269854 755296887 293377448 729460402 385090933 757598776 395302493 87529300 635841352 511636829 809336661 669169776 32259445
880544466 219259380 80876259 285078843 274660669 486241972 132730080 445034907 773442015 465324008 817072196 101470634 564490442 555182634 385447749 532993353 826809966 79248469 423452553 940412843 759551339 362485957 262176274 322981918 376922400 205368704 977038208 729182922 496171953 298673930 781916152 37625365 969631584 134685996 37497656 459934233 660702965 765262879 157647789 308314735 963762280 363029034 983346728 121022424 338683152 830076284 326531377 524412494 460319460 573420273 673428494 19216642 560650215 98290425 590073546 553406070 680533491 730573931 771759048 66661051 94086610 108113217 58145437 753542405 506010837 995796185
518039671 504739368 74008914 775436906 225037136 452378619 411652757 965895698 718291469 471494732 946367783 415856573 448856026 214552101 398485817 171930876 191819436 996477407 802899344 432590119 453639407 720324705 51109624 388042771 983734094 240087305 322838888 879178749 197223335 987256687 437187961 890248769 426539342 476898630 937147063 50145190 906514675 187452036 155059742 58968313 852921856 919257988 750264075 264810974 632428972 377023225 982110926 701118885 358296299 445976935 222963483 924142613 848197030 439038311 695712861 958152509 292713640 472173804 456927385 994593976 600856209 846736706 250210321 532784773 147396946 162817897
152023845 292057812 241071132 675223142 705890512 157429869 691201604 394334427 426012821 174105739 11032923 529383706 243310582 134955008 933034607 335809781 823493194 86880712 443753405 539700180 909796961 650387454 76847789 914369699 297389597 775841953 717352848 741038008 91876505 211508884 333088548 178652668 831241048 441489051 135661095 418718849 881263071 56399094 724136204 394623087 327842343 670754186 723310547 546483536 563382039 886353293 536093091 305591698 665220465 507982944 163217088 142470004 977749355 994466280 784672398 616733553 579087965 92396062 459373188 480080699 951513088 72105020 929178974 317903183 502331345 957046809
287432623 313445421 738815219 410935282 498673621 807351924 361932333 667710198 481756309 181770437 306020579 404885524 381277575 169310888 442955219 895085297 906211904 573925651 807378556 775245021 414328988 725441467 268905072 403493031 394967446 246018099 283486248 373819775 497281127 821041795 438639544 508241227 959490788 771839661 553136723 36146513 114273781 714472689 489353413 180316947 538865386 293231987 276833144 981112186 220826159 767025726 740095265 241686631 867838405 506353470 278672312 560778317 702821245 575606418 230520326 297560126 340952158 935795520 835511154 988833695 429721722 834598689 658123207 275732836 287012450 854115304
605078363 361563080 934780678 351216931 19604150 616244668 931841359 101181989 693093724 743871314 330232217 78726054 496103627 332530644 809090637 979015287 60121903 879858960 400689286 708908647 286921562 316250589 550626742 322963231 213805020 954390919 507159953 571611455 263841328 333946061 554701633 798251306 285689893 947590739 783319319 232738401 585446286 331298974 441430785 212707863 968897074 252500225 776597342 643179479 927017971 22306335 469180906 544858941 58733193 596718996 580875550 257473042 575961868 806232969 820121654 937696071 330455072 554655533 338052062 276262713 879962878 733736077 973779983 81579019 700300846 74729908
913614423 37083911 751123948 146645313 736677847 638351710 157121034 18387871 172865330 656098827 938050865 83391125 104773448 136781419 904974879 792405552 346713279 466421739 979660385 887587008 620540221 690614453 528370875 897269260 783813559 484758802 785639574 735965324 551555980 318391820 505098417 898052567 116425102 860941528 790020945 607829158 115239007 631666301 76301953 55055621 57273177 796847188 127567883 178249387 938630519 196331649 7826242 519738726 64010380 307964218 121029695 952770621 463465549 267163193 181396334 942780308 15140101 268133899 260336951 661657608 879769928 707175883 148104204 307566330 199192059 613606735
526779549 205323896 293426229 931058160 354269783 865121941 325553969 586250346 783953956 47703453 666929882 711947235 60470796 579630059 754277225 735871722 358677451 195348856 255076090 169026879 951917767 311973997 528418975 543128856 109556082 373287707 557696773 792547253 185451405 914207227 119211617 389669893 840629487 873477408 386788251 576082762 281113811 468341779 316780634 594240999 391631357 366906585 350130161 927110742 753611512 518153949 980118334 774047400 646996930 286269733 202373314 386877335 383416043 281090345 936139572 275262573 633265823 865262094 300972011 163092172 628265644 347996089 663888779 914094677 779676130 348175299
411856518 389626205 281828853 914414037 48203287 249764345 761360561 933832764 251525257 134108610 470088216 414185262 522976246 861899053 852279758 555674179 366981975 274211901 101538491 918446994 305148921 233873364 804123686 687353229 396470747 443249869 381593607 249449506 321371254 123258846 342711377 463146614 944300585 88497889 319135161 655358148 67675867 502050716 706904282 70685654 334986894 944417022 160339338 244757667 126385070 247489005 626281861 504981190 178081800 624334355 540584723 556596206 170994296 233664779 464995017 296827055 431211135 923505292 607382919 960013827 119745255 806876781 383920568 51786713 790019530 886080476
342881764 88093512 620575578 866514239 279697556 382867937 968348258 813698798 483593671 228910843 592848408 83267782 471817034 396500158 608335265 726334169 803570226 89949096 428151901 794636467 243740498 575659383 497100689 345884118 323819432 847240340 967324118 770766521 542313893 234870335 420088439 173687651 528026023 966654510 737769646 75204320 849868219 680785683 999330393 967003126 532890428 615997883 261697244 826642741 439977103 566235918 878228238 187492923 976774522 759191420 566905526 911225112 654602496 361776639 498494176 740262785 472248009 89366577 483548402 312001252 763488263 713056590 522461052 572323290 657398757 402711624
215562414 782198267 101075280 569032179 919163223 903561162 19710004 388018691 47571126 347839933 247162405 616998380 173456277 265372859 247764652 678130227 697835157 269895116 246662855 859745961 631559100 350995224 23732710 629664476 687289683 367186240 104230571 345602484 931829319 418394567 121523384 244484611 714043384 581834095 395661857 491858909 557194928 347857144 478603524 51059372 560029590 139800360 227333759 235118912 337015988 978195495 744138504 735474850 677923985 989158845 500591971 694079131 176445260 539123624 762825086 266473058 358063142 198249765 794985121 28350235 588549074 368904298 697657795 101905989 851904976 50425449
606079212 432184736 743842848 654655210 255440328 578728976 843635663 375938550 956997416 154534339 726824001 794210213 769859338 525812679 410691491 73168790 539769884 192130361 682177017 35752941 116171375 386235545 465306361 887966805 265893604 590358696 975544054 393137570 349196920 74763242 908181679 940791113 277966194 962961375 609456882 21214874 675897508 687607499 987417321 217319311 672017955 602134266 779425820 47626208 939353118 709056581 992677385 759210945 371728700 252745619 721639260 776358073 88192989 769594435 473319799 675013052 837004955 379136409 776917051 714108855 304284351 585259336 657497150 1558978 626915865 534689916
112939536 982484099 164554023 248779456 757772866 398830682 679199747 579294687 591282306 757213888 771914817 145509830 467355150 608798208 593659864 524135361 387736965 69524468 929598462 15365177 932853055 630523078 297609651 785088631 548010027 325054846 37863213 773474291 398351665 479485558 395456385 23498036 840621236 767828588 182875907 610367755 475488010 516566390 730965374 409401616 213016089 996002452 122110004 708467337 568780380 445187502 814126545 511742250 233979327 53213990 714222129 405724928 299726160 237976875 931103986 6754792 836944549 854538658 423850331 420361736 772775466 784730558 141316528 19125402 121635576 535798590
853626572 135561736 182180854 267096919 112948259 434264835 362786270 397450296 126780391 94822856 313629259 826987681 543823724 991218655 912642003 47532339 715039422 110558888 629432384 516191707 920751949 621216565 796929630 802444704 972367983 929533294 708574562 750397291 88405282 862809094 301100909 193382855 829645342 467188717 66879463 498656205 221014873 900112049 758614156 316482172 411250923 358205780 600011140 566231300 486836830 944062206 292326317 102354934 346216426 586724782 186448050 975844145 691104011 988010647 986713643 620216751 490007314 747041805 696684330 885358708 275000324 903282532 561593755 720840186 195254697 286989677
916568890 941377005 231832871 448212892 590305348 32210181 667376681 328550340 886619137 869465163 836955485 381387003 411981450 945242133 638632291 389742593 791081656 380771268 278865452 311081950 503123456 921616494 543815784 897478449 899100501 557881323 283984203 155073191 107396793 519329232 280015871 972902253 651949735 185780299 975513449 382537423 74801751 95068412 901796097 821440258 276140630 555472519 815052541 928893845 170490522 91360330 579959071 433515117 855092094 76422110 189564233 758518814 158374487 300619574 261369570 260670388 589028291 68014157 720660504 827854453 405578295 513606181 878449924 962141690 670479965 105958721
253236611 618779536 374113399 603465808 385298218 425382158 214201240 860507218 725015885 423156528 754902193 109242519 608270607 107236348 50043128 152436385 723944302 183888448 893035109 189535910 427420501 301787774 428986255 784792589 581265304 321184152 252744645 277549870 61848287 398376855 428149043 64208734 850129370 760060514 969390600 643356454 482943431 529945218 508315869 692840729 582508167 85566575 102796174 445107134 842711360 822447653 116175976 459439720 962163704 313766141 315131784 423335247 876931554 877597128 211969967 870024650 580623888 55483900 762421152 752530247 907860947 267857746 740352116 340085905 875598694 31263818
56887779 870327466 759462017 821114793 268842666 304357533 962466520 492604270 81762677 928756762 428758839 932202702 436716491 211435211 170294744 607644046 664360035 133358957 248968692 677690475 526881369 735603274 704600119 316765991 241973983 316446158 566308529 97956072 652405956 109615026 68477465 888618055 571074703 916802683 405014908 751711475 647644071 255628545 351494154 308058835 100305519 539029045 188151079 462876100 736984133 183502836 135014137 436439604 815232029 482355588 832008683 826955302 337134085 277202984 295204508 370132582 90971168 154631249 143188847 858764905 554900553 608615581 322622567 316233546 522630819 278697569
314411072 952489985 226262377 368999570 136508721 455646168 398589431 617646797 47377003 820275176 933015349 120891862 304235725 94887018 595012798 565015779 984383141 848589557 696297588 977366001 518638776 165107965 915574208 576405726 674130276 424751757 570095168 351558429 592022585 825540720 728454170 592729167 832919653 427914619 909966512 153048443 918598892 409167896 857819451 559408083 561025859 94058172 680713727 266090283 726488430 134111240 184091660 528665283 347491392 318320533 276291789 624683578 967639424 254433220 637606807 11201505 898195149 834528184 71341559 109941523 663710113 580874615 559236395 446657981 142302100 410276893
943267809 549034889 548462833 307773916 339935333 834326285 885324776 967588218 748537522 893277352 693024185 476047883 25320408 200502632 345814519 386250268 137112549 190994124 315177856 378226302 637712747 243835198 497969939 839129974 353905893 438210114 898020679 112719671 703017424 163911769 124032258 520794377 475006924 460182225 665941830 284902284 167888483 37796809 562161547 554222159 581884861 4976714 913764552 42367170 80215234 122702635 339034885 629862267 874478687 43418424 560541089 784812727 48977405 870501972 129653873 519173918 705597492 926274770 532467087 499791606 644695232 663179067 366733681 747654360 451814200 774193260
534525194 847559763 43056868 525539430 242726173 35733588 203864531 379877801 159805749 495071813 583919388 429671272 845352607 312245986 453014944 59379957 187945099 810619019 109381454 74137143 899574209 692873287 227699631 679710183 228784536 588328223 240858342 169319673 492765084 418165517 479946768 167721199 269745465 799891798 191465886 800236585 938936663 681417243 560033456 23146212 308471500 521771146 202470474 393312257 753400748 508579703 331305259 402233890 454375594 72983504 948546247 309159047 94762389 932604449 870513031 556233990 555758300 586182687 602299189 469279141 102858395 483774795 637636440 294140142 375516752 170253946
613261765 82402449 738381842 789334065 567954758 144982624 979544055 255607046 152697625 274814615 769465873 810290108 642345282 71295175 536432774 980131808 243335350 498362658 91751121 281825727 828434182 968520735 728896786 281461014 639480445 758139006 433087961 748764979 39125664 142117787 667387884 152262233 920330798 70604929 413221001 386926870 512781788 163191791 637516969 664456023 348801206 371664001 495803907 486254736 744125226 279196276 958443000 109877037 973472948 581933434 641679308 294986976 761075831 602808947 87129527 156424571 550861751 482879554 644365947 977252491 182951624 968928317 841200247 350378971 217176659 580142678
882798790 685775675 799517220 734297105 935776731 905546300 503824051 830588904 893096858 586397760 689369641 923681374 947790114 208321182 786880540 955072536 987904643 43243814 704497132 956291637 62975678 402506883 353874174 780815758 9501522 854654496 615626344 398801638 792911115 966257709 151157364 659334707 336825960 391404232 613383535 370341606 650833185 482171464 775777888 215581896 577430491 684575476 332014100 117443180 878755937 187026259 72191941 961672495 466609996 397584472 411248371 856610045 385242004 782034521 66570371 294805190 977854108 199215744 710842579 104897877 828195194 581269636 787967374 854232535 719655874 47160673
515699264 494162183 876378427 521440129 336318095 411801386 665966990 296108791 733472756 482085560 692145513 619806316 780409527 240310572 605707134 171705383 284488221 369608141 574343582 310598342 438232628 802402661 677462628 954537267 530188815 198922056 197695527 506757244 671049046 161580674 624578474 887097185 69524616 868646385 484118047 670041208 357908369 870602560 671950857 977360803 998992163 197327695 247024085 784853673 908836187 131345777 713209648 576982878 427945303 39233626 459394920 735848846 577990716 231617608 792209542 674541248 827012660 447644939 518407960 216226663 247595944 788779033 988250019 782559115 638235947 16978336
996569491 314708771 955546456 191591008 498570376 781342828 68112826 167767423 203340990 716011262 144106880 52134490 171197932 888632220 760464806 952515872 553564115 389855104 821519393 593697383 750174882 837552853 246748224 770384902 423499451 861542663 78088046 294232352 217820787 34644346 41023269 484390663 544057471 380267935 787896123 270638367 61891212 682514809 303179888 494663770 53817579 28246865 642491539 818789225 950606299 673549645 240350743 372853171 757898012 269091490 371369757 745686973 320035591 730651147 626599951 552580533 795080674 646485946 491300404 254746780 794682521 526989184 276116188 745613431 934711189 65031374
900389233 723535656 950532757 289225242 573730971 646642453 928853135 424543573 14109053 828117540 711931264 864821761 524154341 290573398 877584783 423706021 292090790 877511889 361720263 454041210 410596967 463973250 166580624 496898503 929886870 121023569 586388467 742874604 205807713 53374980 759303306 133347257 333277636 741834464 886794357 263404803 203460387 213254066 156445996 144919753 58597089 151085406 453950760 24098739 811642118 316762626 264291050 191545957 820638352 599388051 161316629 120371297 133948867 670552945 146437291 138217890 308729180 817186241 407261895 954891334 317579538 709341129 656869612 287890597 821942467 647026593
563903838 519651722 979161417 5756225 240764698 609012505 203072183 270820287 348886614 952874101 787070038 556045591 706916450 829234892 973712684 782313813 316280893 98903945 627162709 703892397 434427199 363406792 311833907 72117117 996975947 605192307 389694108 529520094 755836225 899072002 978029599 685801712 96092895 393429432 588238095 906912481 688825765 490900588 4735324 59718001 152076256 789753763 512870990 318933612 963625106 758646825 202515667 605958509 630107848 473724518 754911501 143797666 454882252 840354085 960853529 436977888 180172560 696235428 638838418 355895019 806870041 706448043 941323928 496040751 901012768 966515956
745594515 505346039 316868190 205777340 328677538 390699495 698475999 610420148 264453413 832636787 489686727 731960044 864825634 759107374 516768597 284909387 404282505 475126139 61631375 906348449 21455973 571645718 985439412 329671331 42522815 262348600 55877121 701530025 925388827 567396677 201717225 149528672 681074051 354743108 581957265 872045894 108005857 419725451 299865987 880427241 946657068 540609181 219008225 151337314 200353189 592913959 958651916 346962332 44331456 780627739 294047972 79224675 400305265 503722276 562619513 143710657 878871486 807391307 545070360 216657181 100379201 99243747 514343334 466845684 816351916 596656925
536624234 371632676 587974199 9960609 52586565 320967053 272253475 489730452 495617275 585740881 504615137 675596550 953106218 124984598 997766683 495654527 624009985 633139165 852731124 509036231 1037251 39269103 129524028 178134573 555930013 876052654 41502421 633869501 554124589 922790848 24321530 532466190 633832250 515855485 794266820 846186957 976536178 757779596 475353064 161397318 293062368 54745329 734458066 942886874 527565069 777206884 260478510 888271109 966350696 769785473 302853820 100081191 596208740 912605367 36327406 359966947 572516123 819001857 653126857 148056297 393616251 802730650 517148036 554045665 551847558 481010885
767403244 158181089 981529542 732845701 827884029 620346946 764564838 179798891 216697664 274838364 69499388 284553953 412395648 59516575 293308822 336653687 456669925 792048703 294951737 114509930 120956022 182831560 723549315 11397784 702114282 62439447 889522739 387895627 554727860 910065580 767487710 776012809 267939605 372896299 187516264 757089926 74898526 206500157 483373560 799620638 203362066 164832947 439012448 707360751 532681032 830465767 977316683 681922522 633462225 327180875 348092207 178696045 479560456 469629277 888168427 640731456 646015013 649094689 492312594 207245905 8269231 319834138 302002482 314616549 727685449 538639954
431665711 661271026 668601536 79590759 47327360 225419806 654001795 349767397 777588278 732710812 497734358 116361840 918101687 117317251 65109275 419143598 70034480 693681880 463315457 715341878 641555321 337323668 196947522 347953617 797240192 525238069 273214393 777803924 278919136 104558312 62922612 557872515 137248603 941595468 907610791 714968996 760632323 612010535 669381075 130806866 437049859 657074010 550087922 112508560 993558263 495454391 749463220 835118927 351876238 382547728 826073316 619656354 399069068 694802228 832459806 714564755 626098091 903614678 945339008 997340879 363688517 244550362 78541361 326682654 599271811 668886290
412090557 363976607 700584563 695657133 723547282 414749678 1288089 457034200 618115771 397864628 815477868 332401800 45943643 255139164 697280066 120820734 608854518 631193966 254851075 241245865 502704963 211989889 815716098 922449276 196302222 248565798 514709824 695895364 314594757 565108257 993714724 274463958 194190401 103604868 749392159 72265447 79161736 945624603 588895044 54496794 757670691 514053480 951909880 315431086 860306394 655065822 764661321 880644432 237269349 914681792 67170778 711164527 123973741 723215870 962771912 751739692 850858133 468907919 958554550 83127480 515470343 936176342 402737141 248390022 959153740 792254473
973404430 650997449 397531890 491245820 833699924 891276950 136527106 461355548 89508679 586309901 932123211 344272634 487951119 438511230 189778010 441877390 510572711 596674170 302984124 728422462 353368711 924262810 664550960 958711490 241471343 914857481 735484799 223673569 449138779 644797174 612873357 8062337 870304859 524875969 980246215 654161867 766590994 955447378 789391170 757572645 206023088 122793820 343574020 782328833 887267787 681147119 142547606 689412153 16737839 931820409 891755949 384974961 484389065 893944019 589246388 110427115 497707175 803241947 752396413 899834236 94689276 565886766 911485998 368421452 416445170 200745257
976640378 802058883 870714278 613203224 448348844 77806142 708369607 305827511 701717226 80927392 661360973 508624349 329187133 899658343 210213115 49157749 61275505 252380990 192288736 904385604 347440523 980348114 591020018 683664387 576198470 447782180 771134999 542862269 623388882 324817479 256493444 866749395 196421745 643040769 733797462 572829057 291550924 748639565 871905771 191935192 949440175 966733445 493146121 6156376 995513447 307399406 233935983 920317065 714605452 247873882 435493635 43000790 970876890 747872007 754727761 430337259 47487343 664477484 514936024 834410697 715731807 799613462 229983848 472935233 863533808 967859801
45885700 799646590 426447889 200056323 453923776 211475004 84914782 626834428 970072475 980988544 347941196 117054982 581948727 171425885 555540654 148884872 663131206 371473723 87511102 928706227 178812397 682142663 24532526 970456120 347757500 8386512 127602008 875647654 308324914 976283778 920875411 198895782 697835256 626182251 952751252 950419291 851138282 690448743 499580242 78103598 643094377 874854505 769573333 301684460 380268342 17912125 922103254 819154043 450546178 689819600 518331883 844999656 177059666 575691674 920246267 217647423 465731313 160147540 653588420 102092223 767101246 775911714 641815657 808588765 925032558 192409572
855665447 425168234 343857452 765885017 538821152 754573223 658066989 567945739 125069359 730232387 829540666 466657417 712280292 699901126 387374934 64655648 927836265 957707069 42834137 819429196 939586289 198603878 129166403 576176721 108148904 240685163 811228944 65510754 648340456 150441835 198851026 991799748 125924466 450736577 22275431 622674305 884650844 885239303 639507633 956764678 974333850 735209009 687388277 647707885 831840211 524597273 713933577 65713971 763057042 946600909 885089640 757168900 91380121 28848032 260212631 238381754 925328689 566782849 314914455 195498659 475324713 978727781 681693210 557745556 105118537 447476680
719515150 444311456 632416867 538335689 133562224 525016490 968986743 653689087 856642479 575816669 420897952 522510063 934173937 413331023 943399802 882562264 389947838 410157447 444344280 290710715 26919785 814131170 989259495 921834218 356536778 613588762 870731368 107697230 532886379 946379332 170244482 581020653 81777445 718755210 957119837 248410265 225483874 468188683 848023842 850422606 715523886 279104543 298944201 268003189 769645161 996768677 321984706 51533936 43519315 302456477 149744834 471562100 336010051 764414772 4512275 881741645 701916940 339241375 443430066 952978339 839222330 400460463 190496540 971867966 617968288 75807557
396948187 308754895 270951026 279726913 632377492 443969848 469532566 870490564 90230372 660509526 826001560 394725008 474542377 781475477 390558500 547274647 762347516 31572528 312942911 520067936 458044274 102837990 205570969 918217904 46525559 676568797 712279491 658296322 156870388 15953030 364625885 193211554 201252048 55032397 810382062 446407981 147685995 524683251 342752907 153085739 290537593 132732964 161057366 150541353 951833692 236505195 322350903 714649385 3855358 428150440 893752289 170265163 425111791 871122394 268093073 744210935 218431472 189606595 549771491 553443689 741355577 790281032 295854307 380506328 129331898 870233184
523187958 551643372 163074855 939725303 321461692 969744270 810287796 372793823 644870996 940955365 841412372 940054612 849605866 94227623 778880509 901687069 619592920 879861596 283939828 407086685 257816072 678637555 39449224 343885216 557480820 164588448 899757046 137762156 724292297 677619224 880648620 493670361 879946084 46654741 639170000 537763404 936189541 716357636 146897695 502407843 813471107 259570316 835709016 653227335 622461759 767816365 620400317 298945611 717037795 906104124 621918669 118992473 485474505 458467478 71395108 968691335 496530714 717658140 838067162 772449497 252653539 590426590 96739470 720074689 287974992 794186061
520031482 128048136 224543974 570316853 956118900 747581985 875394597 634117384 474577382 237044210 460606992 82208536 115085902 347529245 13500236 890290140 126089636 367503918 472134648 379382852 416712758 889045426 906896926 390926112 265296950 70183512 876545190 17606785 265836475 897793033 598048865 498162337 600894028 376791049 990896107 208122752 233865387 531710515 500245860 974289322 942286278 336072355 933661650 3083522 374395294 566495228 345176248 726538898 769218135 842684779 67249368 370886927 784252621 434145780 909023129 65165845 996491634 218757392 89969531 183484231 295947711 154806854 152508024 719082604 399231611 861801931
245783726 88342178 722590970 181474218 772832400 63299494 792394468 568784115 29966193 54749795 664067884 930592537 324000389 941624016 332158825 483593666 158760137 261700895 150229547 763374710 454627472 105010341 597633012 219637011 440374320 513003457 772851516 115039346 61876873 179673425 363773909 10476805 660411874 956866533 582040414 145136898 570102485 148408417 185015016 468001068 84260024 391429060 784634508 175538210 807589194 127393492 809388647 640497610 605435725 660180777 942378477 342387578 557237585 215006665 875546269 767840266 534798385 430844092 405618019 236048659 163404540 874617609 488465616 64230440 678811074 948397875
999071340 720625351 529432056 248966981 543779856 764022681 558220811 654814448 760501366 480549415 86211606 609822936 655743108 40876014 951117360 837244625 67043079 891720427 482655204 297302912 77743259 586493664 806508820 872832269 641559805 37867244 635376305 969264195 806789189 749839378 555212041 339073392 892520936 221295524 943330558 682379773 697513588 855653691 585919220 974066363 875590584 947674211 301441649 247845827 82545427 655295060 5343652 619061877 550332239 226891737 70375840 31277289 743471293 602658029 925450089 822530014 948731862 89176233 598314376 307388211 273197774 722840124 19800393 568037086 563916918 670539746
797390036 197270380 619305225 475740685 73225370 491001824 924072606 896465101 456940291 505188284 927084907 254532860 100075065 260669911 885883059 452344221 182307490 609073241 336597306 989417959 995403930 677119206 681988334 83064446 890342894 735734019 791236147 230644113 900756957 282269653 400136713 801818189 235240183 224637750 600281319 318072266 911475296 499506164 433401603 370637206 417315310 630205642 100369451 631583414 136397023 193677560 30924323 782297185 720108119 636890859 760275958 660287118 365981875 90902476 537521407 129692543 524890094 173304314 60978152 755224222 409584425 887999236 413028357 400691035 390242347 319681948
351477829 284335813 875800941 217938033 259703795 596253607 874751389 987801706 804909676 859012761 207011260 556069440 637323876 521573863 983211820 989073227 297365644 42070269 646822475 995410115 185163550 438352884 835059010 91753034 359086238 663589688 455141064 845985783 794387390 318015969 17767213 459730950 661822232 357034506 482956959 926014179 101644711 998232545 901893442 636971177 132626788 783628743 981465331 443162491 975148945 775592283 301671784 56451152 342517779 976916401 873698841 664700607 923824364 558889037 995451070 431536349 689551663 149232081 258217253 939999918 90018569 712635262 275533241 593516646 17175553 531129533
717184192 843996892 903964984 867943472 273912280 777184275 754978322 192329722 593410231 680395635 761008721 224848788 475145530 749413340 776430651 893065250 950936509 697961256 994435018 585100929 300655018 271540874 936952535 770586229 110955399 551241679 495110223 44887285 819649721 412994144 556806661 910009294 744232267 549108846 476041609 786220433 800053895 193990588 54998623 432154324 966570713 388059751 637183927 144989329 687922057 418461866 912018142 850963495 344935435 494931468 364463242 480863818 884392783 956875685 857747542 220473913 792941762 466930917 45857542 7784046 875538478 299010293 103467674 564993725 123391264 918662794
441262752 882993762 772051964 656460347 873805251 434478705 8455283 474041671 553992673 309811526 312087441 89792490 33778918 670998911 537759562 655627094 215987240 599300214 663543627 64717891 102634421 906175715 288212772 574751137 31938972 431635511 369416152 632585678 359763896 432638759 768091884 305698260 530951256 453588182 145425987 194340747 274759287 100315745 85172030 512840309 834576851 842120529 332223862 779473770 981889053 381988668 697694542 138883114 505714483 882573307 297816638 185854232 304306264 663593955 551349445 518342868 203965179 922317596 965899414 413466330 13628385 321391872 625500958 781045181 110160066 350034430
770042428 108158090 578080001 187842470 384135017 357576097 95529705 257688128 562341512 603089837 248416031 745495275 487645701 455183421 26009835 61573560 362360257 131069603 360653716 768321708 499232049 759270421 882653573 615158441 281676006 45048627 734260585 822080012 253798184 151606403 684394912 965938878 323847963 494527763 268952830 70236470 685262871 279799335 760267179 446872818 816438287 534656468 595404424 794328302 124024855 322910523 266703637 526167953 110065431 844225521 562643344 819830819 709729667 575408964 249821097 768315043 696805964 387819143 309705326 723653144 659249612 852580444 825175800 489874507 14923477 84840647
603759346 57860756 793068544 627104334 775135322 880106203 398611145 940488101 801928535 286260814 866182725 314770497 337728754 745067778 493192271 240078391 539635176 457622551 347456632 552704171 438149857 254374361 591439827 33686134 215975416 693082079 761182091 352361435 494050959 758352865 346625447 209477919 914211579 240676597 167913038 313939312 993502504 222129499 479494507 815551604 819888354 236149638 875504053 271016587 901340025 580211756 69236599 562564740 277514084 680210526 101717248 253684995 742676387 42364446 804706474 830700661 352344970 163464631 973127848 243141733 554186577 672134445 62747382 720442852 500465347 512822130
867427972 232046722 369097881 338000715 539694283 625286238 677860145 696963436 276253332 819251432 125820891 166038014 829535465 45206610 451153551 787820176 626343732 205249227 367346466 754190115 512566843 807092300 80428336 202308451 924654650 468360232 356938749 292608160 575964719 720405423 102013766 602748634 780041318 768872420 640977087 899705316 678093984 312681085 412933670 349368926 324740596 957688562 211667319 810185037 569327609 555868177 317711475 311962003 133091052 257646523 143934506 968342549 987221408 175402490 46979204 333749470 400014940 432353230 857691016 735017202 201658418 143368416 289418724 889348467 747795794 27255927
97389212 955669255 490333526 316442564 169564912 362372011 755010836 347965109 28023839 280216446 614576217 728754909 251575897 72354585 789882920 299133653 560189996 889203887 317343749 442917810 272109813 280973550 275627670 588588841 192341913 200755227 491090631 976494017 29398844 303138026 883411479 49172820 705384204 748425294 28510356 295822638 856830908 505628976 258334662 52016339 267423793 554692882 622217498 210161842 346632136 518998500 527182525 327394860 353330934 841003160 261663837 476166185 60971066 798638053 219785662 52501995 130534049 541972567 272455527 892390803 699171062 289530889 281308729 796289343 832419737 900533009
70745226 229806734 666755294 291447170 629077481 178354424 530635673 378224404 11138440 832788139 345934687 630102664 308479178 781331706 167032845 55487517 2025182 131124754 251696033 788808441 45349077 169237044 785190067 621593369 481329263 264017371 3204198 730702549 620568187 351204509 13321337 214395758 686353472 452331143 566014442 391727968 733066495 423336101 450126944 835311894 771159782 382861986 411014763 236731186 149958421 319828639 816847544 20286794 503664691 726622321 869701696 981535651 249127012 121802704 316607558 633970510 832577229 929298374 304955160 297320764 131305819 106954908 60596677 323419509 49193751 10503114
790347350 426626168 490842280 119895378 705547955 494026586 296320349 384887372 60298700 383128445 445832834 286817234 594540022 633672532 892286166 326937456 581269280 101513436 338352183 508398793 267638755 199140834 655680602 52534948 913858771 633966223 306854669 329743146 471265668 813345335 296614040 798455876 63104390 273124834 158664732 245079092 884597105 429138168 966270165 828921586 773813425 72251770 133524127 168814289 766817195 501688590 913587038 888445035 284217184 338679027 535418426 85665451 115631610 212965414 206154900 367604136 318848256 613943020 299378376 317709865 84386952 980169230 79524594 214712924 203078254 871421538
775014329 711920459 895864668 589135234 573043162 458304464 628533507 915695439 510610640 359330237 256226209 757111969 141681109 798690182 463465570 667090975 185068806 683376645 171156674 547770132 157480335 825738570 428150436 414044706 407089022 358790154 363272999 761059461 229975899 723712377 188633479 815502868 604579126 404237330 296561941 774588773 409413845 246788972 41964330 535502480 545612874 685701468 59155492 226461463 930923354 142375543 390139527 284566720 817047618 685134382 101411212 854637047 738953846 132346149 626978889 874949750 923713694 597578303 742206623 343412169 58902131 239579311 497167090 887569576 604458324 926555982
612600422 622217340 963855883 7880020 185349359 270188252 564315209 725276572 510712931 297779783 665729929 637759227 113676149 888495591 333923901 658849908 453409867 843487898 325180382 608647330 149136977 156630083 178757969 687421156 495971180 260641386 822706183 519908061 235011288 652483282 935461005 215058853 371771084 79381204 474725313 249039849 719087674 112129697 256675022 954817253 15028560 67604391 176668693 42616168 584046169 935647357 592879078 927628845 323528495 472916471 679972335 638061825 913600284 256924104 297247778 638356166 55015656 977952928 664045027 369618934 315827670 582099186 298980592 26983201 456018650 59903566
285851408 660624427 971967545 478065723 395858540 916232475 345796756 390868359 180085130 369875338 461213824 286893190 106016950 519460704 397907794 983148101 891034651 189784476 174663947 8039435 804062970 522159312 728570653 887770758 902022485 285602266 125251518 745422552 996736107 713238008 111938318 118212082 941359583 475576795 984667356 224167561 216189598 656757317 351325277 240244803 227431454 502951590 545818998 234113194 298885221 751854659 518284234 322651437 18923596 642127905 401529382 279039431 96219982 515972007 97308906 168416188 980154210 344365323 997687773 774657470 150492592 339026305 942835942 719648342 679437487 634520586
242717398 775419753 739494132 336072163 636832813 468059928 625927161 401467827 393236222 917184472 788622441 991406576 159750428 617816470 178690339 453550278 355573762 691690501 991889309 777222513 61314055 438389291 903068060 1482732 618472084 443497586 260698951 450517782 645908970 926781584 451608277 483476439 390203726 208519679 24713523 451125544 865004356 946706141 947820728 574195742 805216574 938222772 496097864 465344288 184992015 597696895 914509248 45972319 600339933 238285874 649876168 341313506 240755745 662117161 742188011 185531879 157321490 643058850 747607913 697215692 585191946 919035616 993182683 407294407 457459947 923074786
177847604 808650803 250972917 814401097 176466872 480631912 224458856 331937301 821218415 769172465 24171965 301384071 155089697 13567612 519199548 209770868 125917199 674457785 789108756 188262246 388552453 356744734 651285819 488724685 34172549 375984841 837545187 442514951 363807486 359714764 586876085 650282940 54962497 8062752 708428945 99151399 617110391 678977657 170517565 266913994 735343914 258395626 93101572 520234626 212951496 728281162 549966681 993950173 903124236 533973840 558763596 284052686 259606258 645728609 441872268 39528969 72101189 531325097 96761928 447922096 136404734 538127350 972561502 812709242 189315837 490676125
97255081 934032532 741608052 657990740 394914197 649332986 798627797 204480702 685429239 582204955 461017149 308951671 108225620 751396707 840596903 803026409 914037475 458892634 952768910 637116201 118597170 332832519 997875486 644817239 529890580 367200463 492235616 195849076 730779764 71997945 414431553 855119416 78251906 398947244 74122459 769614315 326228836 711051443 906711628 878273384 39834551 255230890 297619889 52592212 801021477 640887307 182108430 528005574 726363377 90970034 734175679 303835047 489171023 472132486 793350145 682583467 502813570 848283717 291024055 266344571 956220091 412843536 115108038 987189009 777173548 485087604
619493391 432524571 485375438 928889832 195063548 354148820 476304481 73531901 814781794 207874540 576975273 991216878 454038510 383257222 722499103 648085442 797153329 100889689 906952741 649967201 833303649 590278788 523914417 915735864 196928691 451046427 867779685 875828976 119582534 97039001 544093686 218812483 43525327 529303747 573124584 628357823 22883792 592478901 661524062 697295609 509775288 925844792 49385214 443711579 654770282 980471542 353720207 421027391 421827786 63291381 319947479 656424599 911252103 495982995 14906167 876235901 2654317 930780562 143262787 593878776 455408114 939362936 611833083 486838188 682626673 959425120
