139 609 369
111 16
73 13
27 42
108 66
37 59
10 109
10 56
58 108
44 66
25 130
73 8
103 94
113 74
124 97
125 65
35 120
29 93
20 138
10 7
42 123
7 113
87 110
18 106
84 126
16 81
64 132
108 112
65 87
70 38
37 50
72 66
115 98
57 136
2 94
40 119
125 66
133 101
54 15
88 54
114 50
126 59
84 119
8 35
116 60
7 11
49 14
55 36
81 66
98 122
79 91
107 108
139 58
122 43
120 57
4 7
41 90
24 44
94 4
112 72
129 97
134 107
27 70
46 124
79 71
130 78
124 120
132 68
67 11
71 86
79 48
67 114
80 77
64 3
82 24
77 96
84 132
3 52
77 94
28 134
101 32
42 28
70 43
80 6
19 93
136 129
47 36
73 123
92 91
22 87
20 89
128 98
134 23
4 116
22 26
127 94
59 24
88 59
114 11
101 79
5 9
46 135
4 1
131 80
83 63
73 134
54 19
42 53
95 91
30 62
112 48
64 13
95 119
7 75
40 134
36 1
113 67
73 113
68 23
22 73
100 44
139 102
129 122
116 6
131 51
22 4
5 76
14 106
8 46
46 82
101 69
33 114
97 67
59 80
2 81
38 22
102 51
104 26
133 104
15 44
132 113
122 110
76 83
38 128
67 112
10 13
58 17
64 36
65 132
104 84
70 24
47 24
51 7
28 71
24 123
78 58
80 8
8 22
45 111
59 13
53 60
63 73
90 67
101 4
58 114
35 86
31 41
27 64
89 134
99 26
132 10
62 78
47 124
88 70
68 58
129 81
97 104
14 100
38 94
124 27
33 82
59 123
63 81
113 32
61 116
19 51
113 72
40 105
21 10
62 3
76 131
96 123
113 15
87 65
89 128
71 35
57 3
60 80
98 81
69 138
52 38
18 89
101 113
114 7
121 61
54 122
56 109
19 43
66 46
125 109
43 77
128 125
45 2
116 9
13 77
109 55
7 38
79 106
30 48
40 98
61 27
69 73
28 38
102 80
7 133
52 139
62 2
3 86
100 29
125 131
51 110
55 97
126 123
131 40
64 113
134 109
25 93
18 42
125 47
1 56
85 116
67 135
25 35
17 29
51 98
28 127
28 9
13 28
85 67
106 85
33 60
33 6
75 88
23 117
21 137
12 94
93 101
62 104
43 56
113 127
82 127
85 102
26 138
128 86
60 119
4 62
116 10
8 131
56 67
13 103
54 106
70 57
12 63
36 97
122 32
35 138
72 3
133 10
89 95
6 44
23 91
59 109
97 57
125 85
58 92
9 138
83 110
13 40
75 30
101 39
46 103
131 71
114 32
92 58
96 68
64 60
96 55
100 115
102 90
51 3
36 20
60 109
10 121
68 122
63 73
64 5
12 34
55 8
96 85
118 80
139 112
16 60
97 2
81 73
107 105
55 93
135 76
69 20
44 34
46 127
117 123
105 46
88 11
78 16
78 106
116 90
56 55
104 78
56 26
138 28
42 59
84 95
66 133
111 32
115 139
113 42
123 66
8 14
88 51
34 118
108 138
116 67
130 66
84 111
110 49
110 83
11 31
1 92
78 99
80 22
118 11
40 64
131 56
99 23
48 82
77 104
5 135
38 90
22 23
83 93
41 15
69 60
110 133
100 133
46 82
132 136
89 13
137 82
14 52
37 14
99 54
57 6
73 42
96 93
126 88
14 89
15 64
126 15
68 29
128 88
15 112
122 104
17 134
122 13
38 56
98 17
60 25
112 71
79 82
83 14
19 116
46 104
96 60
72 105
47 90
101 24
93 132
53 13
48 103
117 103
2 95
1 31
105 89
110 11
136 130
76 98
138 94
98 5
13 116
139 125
36 125
93 88
33 18
88 99
72 63
72 41
91 134
54 58
121 4
21 94
55 28
22 63
67 98
69 139
100 74
34 113
70 60
121 81
123 109
43 89
39 94
64 83
97 10
53 3
133 112
27 16
120 10
61 123
87 25
47 39
95 52
81 91
12 31
36 83
51 82
77 23
110 11
118 129
49 61
69 16
76 32
25 45
136 1
72 16
57 119
134 133
25 78
133 79
58 117
86 12
92 11
7 80
38 91
75 15
22 107
98 7
56 66
112 42
80 116
79 36
49 50
50 76
78 39
94 62
65 36
29 21
133 84
39 112
66 87
7 122
130 104
77 4
131 98
15 113
92 85
84 62
82 70
97 54
138 41
97 20
96 12
128 121
46 50
101 53
7 97
114 91
53 78
137 117
19 98
59 5
59 114
109 105
9 73
120 76
137 33
84 95
103 63
63 10
49 121
114 33
40 53
56 38
101 67
118 13
108 34
98 121
89 16
32 103
112 22
17 110
121 71
119 135
8 130
59 118
89 124
39 125
47 24
106 20
31 4
60 116
75 15
123 134
113 23
59 15
91 94
59 43
110 81
14 33
81 40
10 17
47 90
26 127
25 26
131 57
3 11
138 136
63 94
41 18
32 6
115 87
51 92
45 129
52 5
65 1
132 70
128 50
50 37
118 51
58 8
108 26
16 57
76 63
68 77
10 18
133 106
78 96
35 23
58 117
122 54
12 73
100 56
113 66
87 102
67 136
77 89
130 9
85 67
102 89
98 14
115 20
9 99
31 98
83 2
113 139
81 3
109 66
70 90
112 102
26 67
12 130
10 121
66 115
73 25
133 83
97 38
48 135
122 44
50 93
64 82
24 89
64 128
48 103
58 78
117 55
3 82
109 83
117 88
59 39
17 81
14 98
37 31
50 114
109 114
4 23
113 99
94 33
118 14
128 46
49 60
128 87
78 61
138 94
4 32
1 78
132 58
84 122
39 101
126 94
44 135
59 98
128 120
57 122
108 15
52 30
25 104
128 49
137 118
17 56
87 57
130 56
89 33
76 17
40 73
17 38
84 39
74 35
59 23
92 136
13 109
73 57
46 75
5 81
92 19
110 137
115 136
114 71
33 93
82 46
124 2
127 107
65 128
73 115
42 129
124 56
44 87
124 23
74 109
36 10
1 65
20 81
62 124
132 79
82 137
81 118
124 36
116 42
58 87
41 52
75 58
87 94
92 100
49 58
117 67
50 93
44 53
30 107
106 30
67 60
126 125
54 68
119 33
97 108
123 40
45 96
138 72
124 35
50 72
71 92
99 76
93 105
4 123
102 121
70 52
39 56
72 92
66 54
34 133
67 81
17 107
10 89
76 122
88 22
71 59
109 133
80 46
118 85
31 84
79 18
44 92
82 24
29 124
58 35
58 85
40 129
10 56
57 12
106 138
18 120
136 120
69 86
41 97
128 119
115 21
116 76
72 80
45 72
17 74
103 136
14 122
94 85
42 20
104 9
82 92
20 74
55 92
48 50
107 81
33 139
90 83
61 24
11 81
85 64
61 99
119 30
40 103
47 79
63 107
100 22
126 6
58 26
91 40
39 18
48 39
114 132
53 44
41 8
7 132
3 94
130 43
99 138
84 11
71 26
86 1
87 27
26 116
6 114
18 128
37 88
111 36
35 92
78 89
118 97
103 84
55 1
69 17
72 84
102 90
29 96
26 15
88 71
13 136
104 50
79 109
134 129
4 22
49 12
75 78
95 43
49 115
39 80
117 113
98 33
63 22
123 88
84 42
123 98
32 3
130 50
125 34
100 53
84 6
52 99
86 26
133 131
88 25
98 115
77 8
20 106
75 58
4 69
103 12
45 18
72 1
7 136
129 105
49 67
69 30
50 55
131 138
43 60
7 21
23 13
28 112
99 50
93 118
73 120
15 1
81 1
113 46
59 6
15 91
100 1
120 23
113 63
68 78
38 16
137 135
103 69
5 122
57 66
65 109
32 99
125 48
11 46
129 95
10 22
4 41
125 95
84 15
137 38
137 136
22 98
1 128
8 104
3 4
44 48
126 118
23 104
24 107
136 69
98 17
73 91
8 109
36 29
83 28
38 126
57 124
137 75
129 114
31 63
30 10
22 14
82 30
129 65
102 58
61 88
22 95
102 92
35 136
11 51
79 93
47 109
41 91
41 14
40 93
94 30
101 12
21 27
21 34
124 2
20 105
129 67
115 38
96 16
91 61
91 1
86 114
36 84
51 75
29 94
61 125
83 58
96 16
17 130
67 42
29 25
114 18
76 101
89 117
36 30
78 104
110 120
70 2
23 101
32 123
53 72
28 112
126 14
20 52
61 27
51 115
52 28
41 59
115 83
13 35
61 19
135 129
6 67
70 30
139 14
112 60
127 52
23 74
108 52
64 85
80 51
99 3
52 89
43 124
119 35
98 101
93 124
107 39
94 115
60 14
83 20
95 127
49 119
40 7
97 29
6 55
55 128
15 135
33 73
47 11
79 12
8 113
62 50
84 128
65 16
64 108
59 10
6 89
99 89
78 80
76 84
114 99
93 62
30 119
