859 313 327
433 646
815 250
397 685
226 275
392 641
586 375
12 200
260 218
181 683
548 748
43 205
293 773
595 274
326 726
304 246
616 318
477 19
528 121
633 378
510 248
632 469
349 162
611 654
400 422
777 462
319 789
731 831
780 348
804 256
729 344
215 501
417 832
588 582
523 371
392 466
632 101
503 222
553 291
147 759
574 824
246 309
486 393
613 218
737 713
267 856
87 567
241 586
659 848
420 170
380 746
167 582
493 222
11 411
855 617
250 788
111 745
473 845
16 87
591 587
546 198
73 809
154 795
777 785
782 689
476 105
312 393
1 8
118 673
150 852
443 60
818 416
609 69
133 688
515 272
704 735
780 687
760 586
332 533
472 619
341 452
320 168
189 688
326 520
419 281
30 446
551 760
523 111
85 385
248 609
142 222
680 558
624 83
580 640
615 673
386 48
522 659
650 739
648 111
91 313
433 397
169 167
182 257
844 514
24 830
669 68
659 438
637 284
803 180
194 787
332 74
428 158
16 329
126 283
576 507
90 282
650 527
585 366
170 215
285 796
723 652
224 216
105 616
298 436
806 626
228 1
331 104
52 556
286 426
59 524
780 835
261 768
739 367
624 282
528 3
219 307
88 77
757 85
239 308
236 133
576 77
136 45
479 35
300 606
474 525
385 831
439 677
546 735
479 502
825 574
223 382
777 491
548 123
516 1
111 200
138 391
835 385
388 658
264 805
501 52
546 127
332 682
830 744
539 833
266 637
819 655
406 242
515 387
167 253
183 824
473 161
297 698
309 469
759 430
375 242
697 347
53 469
609 119
703 815
167 814
770 288
97 477
373 115
496 229
268 260
799 600
140 224
366 590
532 371
435 10
391 175
214 7
723 36
230 644
299 806
716 653
309 738
455 639
26 499
242 722
296 201
433 671
781 776
571 184
58 136
339 434
59 642
249 269
334 252
747 708
241 291
826 362
438 773
339 105
819 799
107 720
726 575
255 858
221 602
210 447
386 646
776 724
636 490
261 674
780 242
379 435
793 231
689 117
573 546
567 236
574 300
149 14
762 367
157 591
23 602
144 576
363 454
725 820
456 748
377 138
670 102
825 159
473 636
720 374
534 192
665 572
858 736
188 511
250 316
515 631
769 42
464 388
600 627
479 94
859 480
107 668
577 699
174 64
90 250
405 407
297 244
334 379
287 669
383 180
355 511
158 340
525 662
52 50
16 687
725 786
498 249
632 479
372 327
348 807
587 731
759 478
486 90
554 515
82 299
12 255
4 45
326 86
541 492
802 568
393 252
858 204
196 370
822 487
128 656
595 827
326 390
311 127
81 678
646 576
143 372
428 169
843 317
538 621
213 135
831 658
858 596
831 163
827 500
47 626
288 690
616 764
398 369
204 650
405 707
814 413
677 309
699 151
522 418
726 107
132 87
424 538
522 382
420 194
262 311
794 480
186 773
845 434
385 111
315 130
387 95
271 56
795 443
398 479
451 597
179 435
272 345
166 571
772 612
371 787
483 101
44 134
472 539
223 168
457 755
355 82
573 590
825 100
491 75
445 758
271 274
402 101
710 423
645 854
744 41
652 345
415 490
57 214
110 800
568 230
100 19
562 548
37 546
308 851
154 475
727 841
491 724
780 300
563 183
154 176
676 406
381 337
447 90
790 163
249 734
836 161
740 420
398 416
518 720
11 729
805 801
790 563
509 73
236 780
299 240
466 299
512 46
652 76
574 480
510 224
574 150
722 748
818 18
150 297
401 330
704 470
723 827
480 305
28 750
721 756
286 477
495 167
686 312
111 4
302 53
22 389
791 427
601 203
798 302
7 830
580 343
214 517
712 309
501 3
489 738
582 537
790 32
542 251
195 746
111 286
286 804
388 769
204 490
583 73
55 497
180 555
471 362
49 653
795 859
787 642
620 341
262 648
549 378
476 312
44 410
498 516
151 430
259 678
194 727
816 568
654 540
23 99
496 84
548 589
682 211
708 600
828 496
759 532
668 191
748 364
222 344
297 782
442 592
772 227
607 34
523 508
789 52
461 87
12 433
701 635
206 58
693 622
744 308
702 87
593 633
181 483
205 823
590 525
5 511
526 367
511 449
226 7
687 241
402 71
175 483
846 637
244 572
203 321
796 609
58 584
123 856
551 270
572 232
645 452
543 58
841 44
688 287
196 591
354 538
48 547
592 406
676 662
174 33
635 261
737 622
545 522
756 167
804 353
18 616
805 215
604 87
714 792
516 855
164 632
278 404
494 386
144 511
712 782
797 416
717 240
809 408
602 533
92 541
383 587
597 490
593 397
697 815
171 377
740 74
741 246
753 291
107 748
114 472
492 416
231 247
289 655
239 34
416 23
744 536
470 711
336 546
572 635
621 510
574 263
372 358
207 616
743 782
752 700
36 496
601 361
700 97
316 55
387 617
397 135
848 773
739 43
201 208
759 242
548 547
511 516
569 232
191 190
494 208
169 416
519 85
732 501
721 805
631 298
14 666
94 21
292 484
339 367
111 675
839 186
114 357
643 207
747 746
783 380
254 484
678 298
148 582
248 135
719 228
645 824
505 49
124 596
779 263
17 518
566 79
663 736
169 845
800 624
617 431
406 351
835 503
428 393
268 186
614 765
146 843
578 411
413 673
587 6
66 628
513 628
610 235
199 627
592 352
630 407
776 359
656 813
14 675
638 193
709 652
672 196
376 250
321 488
368 804
624 373
784 585
200 597
591 824
248 304
561 143
312 416
495 562
401 214
258 609
598 289
702 709
613 435
9 399
392 302
388 594
26 514
358 398
676 491
321 190
277 728
600 624
94 425
720 8
238 392
1 788
724 590
705 5
355 480
324 637
337 79
356 397
428 328
798 9
668 538
327 230
719 295
508 255
826 62
634 693
