987 638 673
198 450
848 866
320 830
603 105
196 815
54 536
385 412
392 837
901 519
551 533
31 620
444 195
357 751
130 485
446 92
927 580
914 65
453 133
780 259
108 476
499 363
418 340
64 62
936 16
360 150
629 774
882 411
306 239
218 269
883 132
470 209
239 127
514 144
505 488
566 477
2 648
238 709
48 356
848 980
298 7
801 337
410 302
776 452
67 771
523 914
215 193
147 178
117 5
790 519
848 753
428 383
663 91
765 446
921 741
914 87
829 349
682 792
418 813
727 632
903 174
70 235
118 793
162 429
231 71
972 779
702 484
962 819
567 255
339 210
896 663
678 113
458 80
276 411
345 180
838 75
453 93
246 45
340 706
169 781
964 784
410 81
370 937
825 156
472 38
516 931
942 570
944 769
289 460
337 406
388 78
75 194
818 66
68 659
260 883
269 646
573 543
591 936
568 397
559 556
498 56
586 760
751 859
255 29
704 246
641 300
558 727
919 658
509 914
165 695
388 754
766 525
433 317
366 285
198 957
329 968
437 925
290 180
159 703
507 662
44 266
442 223
248 342
83 155
829 81
213 21
648 382
69 119
579 864
43 126
815 538
491 523
67 690
370 69
53 662
175 479
571 422
844 655
923 194
764 355
845 683
717 584
691 266
96 673
676 555
350 179
449 774
305 623
576 570
148 861
583 209
185 692
67 35
216 899
779 242
687 805
154 36
447 755
247 561
914 370
400 647
350 92
235 519
879 289
959 147
20 550
705 249
22 15
638 494
777 928
669 541
343 144
131 615
957 540
829 857
614 253
416 446
565 277
366 315
903 765
330 686
94 632
974 18
981 101
350 849
657 468
340 118
945 270
66 706
208 578
353 533
448 742
457 595
528 464
845 215
365 121
540 737
207 536
227 287
939 367
674 939
929 802
181 404
294 828
525 467
358 293
104 879
762 111
879 294
200 533
495 204
275 890
314 316
612 30
23 427
578 716
176 682
642 183
941 147
535 113
529 235
566 84
948 667
603 207
96 835
599 717
610 288
460 654
423 888
906 942
849 86
490 774
692 682
715 685
527 206
894 862
554 357
831 979
902 687
923 893
406 749
792 88
638 872
77 807
873 724
676 628
585 807
332 901
533 642
744 278
517 231
17 70
197 363
431 372
460 533
201 477
561 572
921 308
241 653
655 952
786 381
316 700
530 616
43 347
603 592
245 163
878 65
735 276
923 639
823 962
839 367
39 879
945 417
764 343
129 704
823 433
938 441
823 31
378 336
693 738
812 743
312 432
751 347
314 441
286 911
90 643
605 504
306 512
921 56
241 344
515 770
5 178
750 958
350 543
68 778
150 525
258 164
42 712
462 436
867 483
221 878
691 696
852 41
233 951
568 111
268 93
152 578
525 89
304 615
144 861
516 594
944 750
639 880
777 776
687 619
341 807
255 499
861 394
603 660
268 906
943 872
866 778
343 312
847 873
958 231
686 80
126 529
683 752
668 839
657 617
305 148
657 780
465 688
801 265
797 481
959 80
166 151
274 791
16 572
717 930
283 326
777 733
146 911
225 583
459 484
923 510
930 21
431 474
710 981
518 710
66 146
857 195
919 967
305 859
951 35
883 664
351 626
976 99
456 395
463 809
783 800
503 536
708 162
597 968
922 481
710 358
395 750
563 347
722 787
549 805
975 757
477 796
10 892
185 583
794 474
624 983
228 127
902 834
24 634
47 139
958 134
508 467
138 647
138 406
423 520
127 278
152 829
307 923
804 343
810 244
682 973
133 426
935 875
392 24
527 230
654 699
314 125
154 754
875 967
552 675
653 243
388 247
360 850
693 201
560 196
37 309
822 900
686 161
899 497
826 27
686 107
498 229
905 910
862 147
288 931
243 369
76 491
136 847
279 307
156 362
45 807
214 829
855 803
776 715
846 589
652 580
260 647
111 659
224 165
109 649
198 417
422 76
565 664
788 923
854 723
148 888
366 705
264 847
605 14
425 220
610 241
162 621
904 582
262 527
392 320
741 325
875 352
419 881
49 958
165 202
94 598
294 605
979 136
34 747
143 833
167 36
193 576
195 15
166 932
298 857
244 343
268 293
473 217
507 826
122 622
431 833
382 865
122 86
482 328
233 681
373 428
340 383
768 583
274 756
524 170
66 181
284 851
615 387
70 350
663 676
116 588
769 318
938 852
137 449
820 767
866 536
212 618
729 124
928 86
440 12
910 510
404 627
603 115
129 178
915 409
763 339
869 334
393 238
742 265
949 516
147 516
220 789
495 635
338 65
677 862
140 704
392 390
598 500
745 416
884 939
917 813
822 215
536 788
942 54
764 808
108 523
482 867
761 282
476 892
906 367
506 188
916 569
594 564
586 858
404 492
30 750
923 353
6 254
816 327
137 764
247 193
779 942
94 664
331 360
363 543
128 375
219 539
111 295
436 116
4 244
695 792
458 376
661 910
570 212
621 185
803 586
632 102
215 922
497 529
965 129
672 656
565 864
50 207
383 841
751 922
167 54
781 18
903 645
538 665
104 588
985 103
94 897
356 159
372 466
861 977
549 922
986 553
430 485
472 111
86 89
404 126
490 462
137 893
578 814
498 272
447 422
670 136
65 583
687 803
648 587
226 399
709 433
502 959
360 150
92 98
414 446
793 625
721 618
578 40
112 542
416 448
281 685
39 693
219 88
36 698
641 888
629 90
566 986
367 573
83 162
735 619
517 174
711 795
199 878
789 775
905 396
893 548
776 208
619 933
917 185
420 702
434 583
132 608
887 754
66 734
760 744
733 376
488 371
585 514
434 317
110 350
447 618
121 980
145 18
786 119
150 285
414 570
673 862
409 240
218 441
339 805
159 433
753 14
848 471
561 657
864 793
451 352
171 672
609 77
302 675
552 666
678 215
98 196
925 454
957 596
321 721
883 37
275 247
293 874
978 729
612 132
42 736
269 199
486 375
273 943
761 424
208 109
673 488
653 912
978 879
460 606
206 56
273 6
801 126
492 465
616 275
672 158
142 9
734 742
268 143
762 155
321 472
738 487
426 527
363 128
208 967
745 23
708 154
307 361
358 662
844 688
689 512
408 144
447 506
612 451
860 237
32 207
312 424
555 722
495 638
249 465
116 558
7 703
904 663
286 643
877 874
570 964
132 2
325 32
486 707
830 700
347 375
875 505
351 420
588 127
397 366
745 205
508 375
241 955
710 153
553 319
869 878
338 401
508 511
138 302
662 744
240 884
466 876
630 258
968 19
546 798
11 593
146 613
718 129
737 105
931 742
538 903
916 584
487 312
675 484
372 16
490 102
828 985
105 249
654 257
395 374
745 808
663 556
261 577
34 340
47 73
231 80
878 502
975 714
193 870
392 727
397 344
721 520
365 260
106 284
450 585
340 337
561 808
525 24
54 502
455 980
731 648
718 501
509 916
692 755
469 697
759 68
967 194
462 290
835 420
162 539
533 835
182 758
800 131
209 237
962 216
110 4
502 728
205 557
216 814
675 368
545 297
747 590
224 426
29 263
352 674
591 637
268 135
131 440
284 858
15 722
780 913
762 480
251 614
345 930
327 194
322 323
987 159
351 303
314 472
95 394
451 671
500 235
771 159
168 565
51 607
464 19
912 839
785 547
978 432
388 688
326 903
160 507
73 39
941 930
854 83
10 211
951 274
603 901
483 77
133 796
253 693
680 800
624 345
316 240
358 633
1 545
39 609
155 744
316 796
291 766
407 607
350 566
109 178
845 898
370 150
747 337
225 635
443 853
770 118
441 344
109 454
938 740
114 550
258 151
499 48
896 123
71 206
808 909
90 276
681 212
985 291
711 931
875 899
633 287
666 351
405 933
838 250
660 228
682 805
33 352
574 684
349 194
912 542
791 926
186 877
826 959
154 937
233 232
728 907
647 253
679 872
757 904
419 385
180 876
322 725
397 11
340 860
173 207
130 51
47 227
942 397
116 247
825 423
754 643
69 378
310 735
878 703
654 945
485 603
731 57
471 389
216 29
519 722
928 790
769 25
980 970
650 476
879 343
809 762
232 198
611 264
852 366
253 419
848 386
883 963
198 379
879 958
152 485
144 283
953 272
932 266
75 674
343 53
737 630
936 753
435 419
842 683
24 616
99 135
666 152
653 698
954 276
347 109
748 698
57 293
771 321
444 610
835 364
6 392
119 116
33 382
747 924
300 622
808 163
874 544
240 560
940 513
492 308
306 687
760 105
227 546
311 854
281 823
502 782
258 535
84 896
470 661
925 822
56 607
137 270
871 966
155 233
644 470
411 799
764 118
924 570
159 576
579 414
844 588
978 105
570 688
582 749
285 918
909 548
439 975
258 942
435 71
560 268
334 556
874 666
373 827
959 470
565 678
302 563
806 60
764 68
899 958
731 562
801 566
435 240
933 380
716 495
312 623
324 562
851 16
488 810
354 88
834 335
625 212
723 298
972 935
325 392
31 972
474 248
920 770
521 453
494 410
676 871
832 154
964 925
869 926
654 78
563 16
554 22
381 25
262 743
239 175
500 61
748 424
485 160
865 693
169 924
917 847
914 887
83 914
239 386
81 450
881 373
32 477
284 268
57 278
609 422
663 366
125 306
174 499
809 415
943 428
971 766
377 747
689 608
808 852
709 746
64 870
643 56
740 963
920 714
592 785
740 166
102 584
391 598
921 923
620 978
110 673
940 679
957 611
317 847
764 261
750 246
57 699
61 883
226 808
367 541
369 651
531 530
617 412
535 788
506 366
811 735
399 409
397 783
241 552
121 122
253 203
295 969
118 331
920 882
244 423
415 821
342 699
502 611
501 402
651 566
740 394
166 396
609 365
264 974
744 758
629 667
678 466
457 512
503 707
266 292
776 775
287 743
782 695
205 507
18 600
185 844
467 930
55 77
287 268
445 640
484 393
964 377
511 267
438 21
79 188
105 751
67 684
615 803
258 770
276 896
629 75
285 704
691 906
379 489
234 92
588 421
711 986
563 341
758 720
973 802
841 140
624 526
611 422
48 808
932 408
665 151
112 836
581 243
446 368
337 725
969 534
583 981
141 434
12 30
239 907
856 612
51 467
726 535
213 727
69 698
72 36
464 923
187 454
555 221
833 835
887 809
408 434
69 27
21 378
454 985
85 717
191 559
853 772
745 100
97 694
196 586
973 759
400 973
767 963
214 766
639 25
721 122
732 211
872 391
842 968
837 857
632 305
98 231
60 407
724 919
679 253
406 154
325 958
74 291
388 101
568 190
721 205
370 782
50 120
873 169
358 241
936 639
472 133
411 804
248 147
335 493
837 974
953 348
595 744
986 979
59 589
458 614
692 758
206 251
572 471
320 978
125 920
906 455
712 348
222 690
497 281
361 224
336 385
488 456
922 917
8 580
914 757
297 533
380 464
124 298
872 282
11 722
429 876
458 593
822 817
39 5
724 469
1 234
633 10
595 472
769 137
779 675
748 674
211 175
961 21
229 125
782 556
952 425
656 522
43 329
363 883
614 178
106 332
264 642
978 37
64 210
625 203
451 271
611 524
879 900
632 136
982 558
790 839
782 148
118 358
439 371
548 562
750 455
688 803
847 154
533 448
745 242
638 474
365 560
588 659
166 285
408 872
380 894
713 501
115 105
823 504
512 724
855 252
357 205
227 405
907 335
150 444
448 566
422 121
254 308
465 662
216 129
632 391
394 13
770 676
116 383
382 24
984 510
778 664
431 87
420 794
17 881
297 934
827 530
871 652
731 580
422 43
758 875
870 348
89 161
851 658
421 862
542 831
443 581
25 118
185 284
437 487
850 452
96 503
263 338
701 324
349 554
646 443
402 572
835 267
830 624
726 831
90 142
120 765
97 585
118 33
828 532
343 270
244 735
894 267
534 197
436 404
346 529
436 842
118 694
684 182
235 126
314 539
85 642
