411 342 19
398 160
346 20
138 119
67 393
81 349
37 292
67 281
54 206
117 111
80 324
348 131
191 255
61 181
96 194
265 129
331 299
284 147
356 52
8 308
136 303
152 223
395 279
266 356
252 317
332 210
297 186
284 11
117 76
387 103
398 64
339 217
92 233
355 251
387 251
114 399
125 234
232 185
73 240
203 400
291 227
279 75
334 119
213 160
315 275
378 346
336 85
364 219
335 299
198 46
366 116
321 268
171 151
247 134
232 360
215 122
337 347
273 339
264 10
54 108
218 275
151 174
346 200
399 33
196 100
186 53
221 215
175 277
249 37
313 159
21 239
101 307
127 241
145 272
211 246
294 258
368 356
252 253
360 333
209 194
407 176
225 79
81 273
177 44
339 397
221 50
158 206
234 285
166 407
107 335
17 344
124 155
11 337
123 262
6 375
254 36
76 404
411 8
296 17
382 119
120 126
346 177
91 354
387 156
303 201
99 9
316 328
135 223
404 44
54 161
174 15
25 165
107 400
46 320
82 107
254 159
156 330
250 359
243 284
105 37
61 191
243 310
50 49
42 187
203 34
105 315
25 232
375 306
214 294
194 257
94 172
221 65
306 386
221 322
168 247
215 324
319 9
293 368
223 22
44 32
392 166
64 282
33 188
379 37
158 354
363 156
262 52
233 240
156 28
58 62
114 232
81 230
363 195
24 287
218 179
406 296
41 64
248 207
363 159
108 13
303 381
138 322
264 389
305 31
170 272
48 317
132 367
126 282
40 370
252 26
323 139
136 257
315 360
103 104
327 90
235 249
212 255
349 13
382 10
57 404
297 61
224 326
228 307
147 91
359 277
111 323
263 144
296 192
366 360
335 264
274 289
134 277
302 66
103 403
188 193
108 213
351 56
203 160
3 350
66 363
347 50
104 275
96 367
196 248
385 253
411 64
302 36
182 88
83 234
126 341
208 319
396 351
337 130
136 223
277 390
214 346
365 203
409 322
182 297
386 402
128 364
104 195
95 229
203 280
273 88
4 221
19 357
289 11
329 6
91 64
233 284
283 244
68 249
338 301
336 110
115 36
396 186
224 83
228 243
286 384
84 216
270 317
279 172
349 105
14 2
182 163
106 226
301 142
171 8
14 264
297 181
375 169
89 53
301 203
195 357
261 331
403 50
410 324
410 300
34 4
112 248
243 402
282 193
32 275
27 196
296 89
317 205
333 291
350 99
274 102
88 132
49 380
263 118
301 19
118 226
100 226
389 247
269 246
398 411
349 141
332 2
180 3
71 221
24 108
196 197
95 246
246 194
99 285
173 235
252 357
77 6
230 271
257 216
351 179
79 217
325 332
262 334
80 228
124 293
249 294
55 56
342 138
73 169
212 96
372 253
355 168
388 111
289 170
389 122
253 396
305 222
244 95
309 345
326 330
385 14
309 75
129 287
202 230
378 359
115 24
57 173
334 290
174 272
71 179
205 163
105 325
393 62
253 352
220 321
369 200
283 94
187 215
320 47
127 22
217 243
83 121
272 39
259 84
62 44
320 170
273 252
223 279
181 207
131 211
109 1
148 282
148 360
118 62
204 313
385 166
42 187
315 169
390 82
383 296
146 398
229 167
366 112
179 231
11 256
143 205
175 64
308 109
