539 666 978
92 272
412 432
87 427
55 249
243 412
246 39
68 31
251 379
89 432
107 73
204 482
454 41
364 442
530 349
293 451
97 457
514 157
205 375
330 401
365 155
33 143
5 355
492 15
302 466
260 394
344 30
279 526
143 422
440 294
25 149
350 522
63 211
210 376
173 348
370 235
275 513
418 252
256 426
220 533
127 285
79 442
373 1
239 212
148 77
77 430
207 340
497 220
140 391
394 352
27 203
388 525
31 366
122 464
60 507
118 126
390 92
485 423
189 422
349 56
242 313
228 333
219 498
379 528
483 296
20 25
299 524
515 300
310 285
461 84
455 485
263 325
285 77
22 249
47 192
256 89
311 266
336 334
368 420
52 303
398 121
309 325
310 475
191 387
145 478
305 175
496 330
33 478
369 290
433 290
377 88
389 500
426 206
344 133
202 303
411 252
54 82
184 352
176 141
386 25
232 526
340 245
87 259
332 353
61 71
514 430
282 330
502 290
240 216
196 326
211 365
136 335
420 174
295 9
31 309
212 192
101 21
268 361
60 85
385 107
44 182
333 318
274 64
321 488
169 258
196 506
521 287
453 403
455 38
365 64
71 303
465 252
442 239
150 113
91 4
360 404
528 84
442 535
245 82
117 72
347 201
250 148
479 422
487 227
449 59
282 452
414 245
202 82
211 53
443 140
404 443
355 373
89 18
240 317
34 246
89 22
285 249
220 536
62 532
219 107
307 21
91 280
42 390
44 455
306 337
268 102
521 91
61 146
531 116
49 460
251 315
57 322
278 262
232 319
330 329
376 363
170 75
142 225
486 331
340 252
418 471
357 270
153 294
335 535
511 522
351 431
465 260
219 509
391 43
22 470
352 79
215 302
73 501
325 318
105 52
138 135
347 455
434 394
527 19
110 349
476 69
389 483
104 97
512 128
42 360
209 461
10 508
279 250
217 411
444 502
87 521
167 537
230 97
451 398
281 459
284 437
259 451
436 2
171 309
296 106
81 299
340 488
370 204
323 86
286 255
421 397
212 352
9 47
78 106
166 184
18 399
293 254
254 428
527 161
370 236
275 449
20 297
134 372
418 519
358 106
134 151
14 394
488 326
384 435
161 84
349 496
464 400
481 425
375 353
220 269
340 466
39 114
198 391
243 179
245 23
93 518
313 77
102 427
351 426
263 206
246 158
431 256
494 117
456 171
472 466
70 437
450 476
389 90
321 46
512 74
129 272
101 93
138 25
175 80
419 380
133 375
51 9
83 14
209 385
504 396
125 121
304 371
49 256
4 153
211 273
519 527
538 328
204 167
15 200
283 122
111 341
434 80
460 290
537 105
404 335
269 522
486 480
72 502
73 305
144 21
66 467
452 377
1 467
139 401
316 535
277 319
201 193
295 140
269 158
422 450
520 167
409 388
378 401
19 536
249 57
77 281
131 410
300 117
436 23
518 185
490 294
441 496
278 195
398 402
217 327
108 224
337 390
252 266
69 454
251 93
482 34
157 8
4 359
328 183
101 224
248 486
179 273
526 102
344 170
507 321
134 93
401 210
322 497
245 157
10 514
402 139
150 438
274 521
291 477
263 404
292 333
116 533
104 146
99 58
486 68
100 441
219 459
190 446
55 470
438 128
236 419
254 209
205 106
323 215
27 29
66 139
267 412
417 380
60 336
206 346
269 184
366 465
86 225
68 94
125 68
19 220
44 265
132 170
304 100
303 375
134 299
182 163
500 271
340 525
397 534
34 373
49 485
280 329
443 371
261 473
288 158
61 221
357 311
166 363
241 250
503 21
130 386
418 529
138 404
180 186
68 532
199 213
366 444
448 277
58 328
257 190
462 152
185 382
70 463
524 440
356 4
76 227
340 99
536 274
7 250
468 336
79 364
498 104
158 101
291 14
418 98
460 370
414 517
272 111
129 154
205 166
123 159
78 514
378 391
221 2
422 187
340 54
363 532
344 318
185 266
291 90
496 3
238 240
386 292
146 476
315 33
149 230
349 521
373 112
283 376
535 420
19 128
307 363
340 155
538 124
539 520
175 202
480 289
316 301
442 474
46 48
194 358
386 522
153 30
102 388
212 410
167 280
466 127
137 74
431 321
284 113
501 199
339 111
438 190
397 539
232 58
421 535
291 132
171 174
524 305
444 292
1 228
195 115
226 493
532 459
394 436
379 431
346 91
77 506
234 40
313 54
515 80
65 437
339 448
150 344
135 50
425 482
378 466
239 87
528 228
138 410
242 446
443 1
282 458
179 391
98 532
336 174
49 266
401 36
458 77
415 516
406 169
400 454
336 314
54 226
325 278
270 54
492 371
95 470
366 294
264 389
445 56
530 255
287 339
253 423
20 169
116 141
519 92
168 429
404 253
412 190
349 487
439 21
76 306
523 419
404 205
97 104
422 381
332 425
300 321
130 302
43 202
307 449
10 504
314 323
231 315
156 465
196 450
422 383
180 530
177 372
321 217
314 315
532 91
152 54
12 101
20 367
67 426
105 116
308 482
292 111
449 301
41 424
47 16
378 496
510 298
254 113
344 293
473 339
18 226
448 513
38 86
219 102
256 80
303 205
389 531
71 113
246 517
451 146
391 113
319 125
280 136
265 372
248 21
116 5
236 178
3 469
272 467
323 395
82 375
12 64
354 346
272 423
238 127
223 515
34 370
328 72
157 65
270 117
10 319
452 521
500 102
434 411
390 222
537 152
151 422
496 431
299 92
236 478
248 183
17 147
434 116
22 6
81 74
291 521
72 283
527 204
133 269
323 167
458 49
124 62
386 534
19 446
491 347
289 163
226 36
46 36
192 504
146 295
500 382
480 168
191 477
318 297
371 219
213 410
72 395
492 341
336 177
196 453
481 358
170 240
297 483
277 128
64 469
533 387
25 143
305 107
521 181
10 78
222 403
297 512
4 428
475 414
334 271
85 341
138 287
445 169
489 341
274 360
228 372
511 103
433 117
137 529
123 9
375 30
298 376
215 119
132 231
461 260
51 83
484 501
198 99
275 417
29 518
79 13
72 470
93 364
318 76
330 249
499 27
79 469
445 407
143 235
138 220
514 119
412 270
398 335
35 203
317 293
105 4
6 523
523 224
92 408
70 512
360 215
69 498
295 515
123 286
23 96
123 11
335 342
399 197
271 241
228 73
66 524
30 397
214 120
524 153
163 235
365 384
78 453
414 305
266 258
318 344
444 114
43 293
47 403
227 117
488 349
495 141
539 329
186 463
94 465
534 295
502 125
295 397
498 535
253 289
113 511
90 433
406 348
526 516
221 500
7 78
169 375
499 41
339 218
266 21
470 167
71 79
1 146
194 185
272 338
523 31
163 396
308 169
474 64
18 2
359 527
365 450
141 472
271 417
512 193
204 148
234 361
531 397
4 315
537 451
490 181
250 270
155 343
101 356
43 38
407 382
274 95
128 491
479 440
497 449
420 114
439 324
338 375
413 267
470 516
450 70
138 355
52 484
228 1
302 493
526 148
273 460
105 357
412 50
28 471
513 337
20 238
439 355
185 150
444 229
245 324
188 113
172 26
251 15
453 511
7 255
519 180
156 432
31 209
116 158
109 485
24 477
9 34
355 35
16 320
121 131
410 333
459 303
294 258
351 343
110 492
336 270
186 123
228 340
161 461
419 254
244 57
271 459
123 402
308 267
491 42
356 293
93 16
446 299
116 244
522 60
344 85
84 436
50 531
3 455
369 231
124 100
418 317
61 230
125 58
85 476
49 446
200 74
394 23
515 62
81 139
526 498
23 80
341 77
325 211
226 415
91 363
78 387
52 182
537 186
183 266
367 74
327 157
465 264
472 412
4 411
257 382
326 158
447 335
172 491
209 326
220 289
538 493
93 498
74 282
328 398
10 310
378 43
476 126
225 10
344 308
484 303
99 379
122 321
469 406
304 223
206 438
1 283
202 472
228 28
509 132
24 174
405 367
494 414
334 453
69 489
15 74
531 511
335 67
20 275
373 58
217 121
29 325
334 117
59 60
213 217
307 539
499 170
513 87
54 252
158 51
252 326
65 216
394 463
470 339
247 203
363 36
161 381
306 381
209 538
388 303
158 95
241 534
19 51
237 510
31 286
59 130
446 531
77 296
30 419
434 232
49 113
29 469
38 131
515 17
509 314
492 205
277 375
56 533
325 355
525 267
453 257
27 117
282 15
399 78
363 474
196 144
221 339
487 227
273 409
314 75
28 502
313 280
191 166
489 72
455 133
514 297
35 423
250 471
9 308
428 289
286 231
444 310
526 106
136 179
533 287
373 135
365 288
520 298
366 106
533 469
192 495
354 380
12 282
153 528
530 94
290 81
229 125
302 9
85 249
44 441
22 298
421 333
335 202
297 419
536 401
362 492
314 468
50 189
37 53
10 173
384 75
130 401
442 508
65 55
150 529
77 341
314 88
465 66
263 333
407 312
47 189
447 424
473 286
89 169
83 358
514 271
326 43
503 283
154 53
15 168
3 444
513 216
75 56
440 146
200 335
299 522
244 316
229 40
271 24
291 76
486 151
198 189
345 133
10 318
22 143
7 283
99 338
96 192
340 400
307 390
169 433
37 347
239 95
187 160
337 52
201 129
309 533
440 351
532 112
349 475
282 369
209 476
80 335
431 449
297 131
34 156
325 221
216 527
53 507
56 306
54 345
363 436
461 395
282 80
81 90
222 414
130 480
341 292
277 279
30 225
232 536
411 72
294 478
280 187
472 364
45 303
325 374
457 143
86 192
105 182
465 456
302 6
254 3
495 471
396 320
226 519
181 168
195 262
192 349
488 175
165 245
343 461
459 491
335 47
359 281
202 191
18 272
511 416
273 399
65 155
2 250
123 227
482 52
122 495
141 361
406 156
16 271
168 210
261 530
336 174
223 180
420 151
35 483
64 153
8 39
433 91
484 260
138 531
116 417
312 57
411 403
213 376
20 147
403 498
332 475
11 444
7 176
452 504
213 503
262 157
180 69
192 81
173 23
259 37
60 33
516 144
40 518
92 294
312 365
292 149
421 163
314 48
219 468
322 144
448 408
195 149
312 175
7 182
4 428
514 137
47 170
197 456
318 463
451 454
482 203
434 271
268 235
306 78
91 169
336 415
81 444
480 366
373 265
57 435
355 337
360 465
59 432
515 102
25 433
97 250
487 363
124 407
444 487
131 65
222 308
364 412
420 310
270 323
264 457
468 503
409 301
515 326
406 477
246 193
218 437
406 83
512 208
172 370
241 144
473 413
235 502
406 307
319 405
170 499
7 139
279 499
256 342
52 176
281 389
291 346
296 414
315 272
164 55
465 272
70 235
538 437
325 283
499 130
122 470
136 280
480 523
529 498
214 217
165 416
23 250
130 24
352 209
159 164
189 172
211 25
244 229
465 20
455 155
335 286
55 313
219 34
205 503
435 311
513 32
420 19
224 2
373 389
317 33
214 367
442 133
149 322
285 438
148 462
304 209
30 4
113 197
340 363
404 194
467 162
121 335
162 174
80 416
219 310
166 116
104 332
121 51
256 23
376 168
187 355
24 499
496 290
255 475
486 279
361 65
503 51
44 207
60 364
276 495
348 334
159 388
99 193
154 361
493 467
137 438
252 538
344 298
294 503
130 447
227 149
159 113
76 282
319 370
121 111
266 252
302 226
42 319
41 395
499 157
252 179
1 20
355 502
209 139
428 352
260 425
484 73
390 289
47 490
271 379
331 361
125 292
381 396
250 43
474 30
335 198
79 370
455 42
340 224
474 501
457 538
469 445
359 259
337 37
22 171
349 149
67 152
21 358
446 29
530 395
67 285
66 139
364 170
117 450
207 454
285 392
263 328
70 136
536 67
38 277
103 373
405 433
443 358
459 433
414 467
367 413
12 182
172 279
324 297
384 145
161 432
286 501
109 241
46 118
50 35
474 267
266 311
14 211
225 23
225 442
73 428
448 1
374 208
379 305
222 219
468 120
539 192
222 267
101 265
493 408
232 82
118 146
228 289
311 49
151 349
391 401
214 46
11 368
536 157
189 407
476 497
263 140
189 518
395 304
158 51
22 331
11 338
497 171
227 165
429 128
54 5
79 277
525 163
86 209
205 7
299 516
262 33
376 185
414 307
50 468
149 527
34 424
484 40
66 458
86 537
332 309
156 419
11 178
268 9
146 147
433 419
19 195
432 374
465 72
262 318
25 479
367 99
183 352
420 98
54 197
533 155
456 435
460 107
329 476
357 284
339 486
380 392
258 50
112 103
283 327
389 147
355 93
252 133
499 164
477 539
514 83
100 30
363 335
265 427
481 113
143 396
20 370
110 364
363 279
156 440
304 2
522 326
8 261
481 389
247 414
10 455
164 437
14 268
417 140
163 268
481 257
301 109
384 231
215 515
477 125
315 431
524 522
456 389
22 374
467 122
472 130
198 303
153 120
484 476
20 431
176 289
135 392
221 27
275 320
178 491
493 163
499 446
356 98
180 188
149 25
145 349
527 254
83 93
10 148
84 122
410 283
197 368
265 29
299 12
221 485
112 435
90 67
57 367
378 77
39 423
112 455
161 342
104 509
239 384
134 229
478 14
248 432
10 136
297 416
529 450
407 460
204 510
232 515
15 411
441 249
187 416
367 409
88 268
349 334
133 334
498 3
372 469
25 90
329 66
182 280
349 300
81 370
433 77
482 38
171 88
327 211
406 204
336 269
22 84
21 331
91 226
246 295
325 429
207 471
118 487
404 459
447 248
256 476
495 145
58 323
425 313
175 280
405 521
323 224
180 431
433 48
167 47
486 149
295 35
494 462
301 209
480 167
398 157
206 363
345 418
437 23
27 224
312 328
219 192
156 25
242 236
508 478
403 493
38 334
73 388
324 420
288 437
391 33
494 405
116 376
219 66
145 61
515 356
484 310
78 131
370 138
397 468
371 390
493 531
477 336
331 79
72 498
285 203
402 242
277 112
460 207
236 247
397 206
291 168
100 404
433 448
488 510
421 414
194 321
48 391
96 187
385 357
99 105
396 214
224 57
101 89
206 312
124 366
364 355
368 382
234 440
86 285
151 114
168 394
242 205
139 339
279 121
232 528
399 539
512 227
159 446
184 30
56 332
305 391
240 257
501 328
234 296
273 45
221 522
140 67
176 401
77 66
52 79
404 294
256 55
329 286
526 284
379 344
237 492
167 525
68 383
279 44
230 278
456 450
401 287
373 299
481 40
25 177
328 432
297 195
371 117
539 260
439 221
202 372
531 521
210 530
248 150
62 129
130 537
282 190
110 377
95 220
38 298
404 84
493 271
339 101
525 421
58 437
329 82
481 299
371 398
495 296
388 375
31 119
103 452
92 172
259 39
215 288
507 473
518 403
271 183
408 485
139 508
358 182
463 176
76 187
249 495
466 323
274 122
164 237
502 332
141 431
470 409
