259 752 943
57 49
41 29
53 157
170 236
142 72
221 4
108 111
128 105
182 166
247 162
37 45
177 123
96 169
230 176
53 88
250 75
15 41
174 9
105 5
229 135
132 239
167 153
127 77
10 205
228 194
61 57
245 243
250 220
137 19
52 17
62 131
166 133
233 231
160 45
94 113
210 59
168 156
41 194
79 139
213 252
208 21
30 91
13 259
179 12
220 186
179 49
78 24
230 9
171 208
79 127
4 247
123 136
173 215
156 225
84 47
195 140
125 102
256 248
208 231
193 50
120 249
232 123
111 67
161 96
122 171
65 210
206 96
45 75
55 166
58 98
141 220
225 20
185 82
206 200
46 74
15 100
162 155
134 240
156 35
93 73
165 65
219 106
57 231
221 18
167 99
78 133
20 252
111 254
119 223
196 26
13 53
227 75
240 26
17 67
117 111
210 164
195 178
115 214
17 2
92 15
7 62
110 69
227 190
120 176
257 82
253 238
231 26
175 207
115 223
175 21
238 75
13 238
105 11
35 138
190 136
53 77
33 120
213 226
93 86
225 197
100 67
88 259
78 76
19 128
96 183
162 127
128 16
126 48
64 144
235 159
36 239
66 61
163 134
183 51
186 99
166 227
148 92
47 162
95 202
51 109
63 150
137 113
173 224
197 247
188 97
239 179
67 57
53 111
85 244
15 31
93 74
25 48
69 34
182 221
88 51
116 171
13 158
187 66
133 213
105 145
102 27
80 113
65 21
208 5
256 135
117 159
62 26
72 232
181 216
167 189
32 144
238 136
185 214
14 84
135 69
149 106
33 58
133 57
94 79
145 91
68 135
87 50
57 236
193 227
80 23
123 248
15 2
175 230
148 45
124 182
31 213
95 33
173 84
57 100
43 54
116 236
101 130
56 2
141 134
55 193
165 97
122 76
190 139
77 252
152 125
190 69
245 123
197 22
8 176
206 96
71 245
158 174
144 121
253 103
222 46
252 69
197 36
220 94
105 3
215 74
147 256
76 245
180 10
83 104
211 129
181 173
11 199
146 235
177 46
198 131
4 72
126 244
111 86
96 122
178 185
85 18
189 60
222 95
64 188
115 37
104 52
214 258
100 192
8 193
205 109
195 241
259 194
170 32
108 131
157 146
16 20
14 34
85 113
13 33
130 215
205 58
144 194
148 174
63 184
47 74
32 144
35 116
216 210
71 138
167 79
207 113
102 256
243 174
242 78
102 150
200 74
103 107
109 143
161 8
120 11
92 225
228 22
29 146
10 166
40 201
201 206
99 157
77 147
171 137
152 51
249 207
116 248
51 100
235 222
6 15
71 62
140 76
176 2
181 27
193 203
160 165
222 48
137 195
85 196
32 185
206 59
162 58
188 80
220 6
92 208
183 61
215 29
186 125
249 134
132 222
103 146
254 91
87 206
99 168
81 242
89 82
233 259
25 180
64 145
151 99
75 232
184 47
97 29
254 131
238 129
91 61
17 22
41 45
170 119
19 1
53 147
40 20
243 151
151 162
53 184
252 70
208 165
201 182
125 81
51 34
17 8
176 5
54 84
73 4
78 34
141 8
135 115
221 24
162 107
105 34
31 155
203 103
134 66
122 166
90 211
116 246
122 223
170 110
199 110
194 245
156 11
217 110
188 256
127 111
19 80
76 175
133 76
166 44
198 102
5 162
84 63
218 171
240 31
42 247
259 100
174 191
254 79
137 182
210 92
15 64
215 41
128 11
105 146
173 139
152 22
140 30
219 86
223 214
35 193
154 199
3 160
129 19
26 89
118 135
175 239
82 49
23 176
18 189
123 210
26 227
24 37
244 220
139 205
91 240
147 139
97 125
159 168
119 43
14 218
149 55
57 259
60 108
14 90
161 144
156 145
63 27
22 164
188 20
247 177
157 165
156 243
175 235
68 41
27 231
51 255
59 172
132 29
242 53
110 121
111 246
192 168
163 111
99 125
136 88
253 158
186 36
28 173
254 250
217 89
203 116
33 162
77 154
71 109
89 117
150 254
99 140
164 181
49 57
191 153
239 37
45 207
194 223
165 162
86 65
108 195
146 199
191 145
242 188
209 162
171 180
36 184
118 251
258 204
195 58
248 65
58 116
41 1
98 10
21 216
6 106
249 213
106 249
198 3
160 219
57 124
223 49
34 14
244 227
167 39
13 91
93 74
87 30
207 170
218 18
217 189
158 31
39 230
116 226
145 84
164 133
156 259
257 22
222 92
154 235
127 232
138 234
117 76
115 53
45 111
156 159
101 170
73 174
107 59
97 205
213 131
232 88
197 106
61 25
100 150
76 81
256 240
205 221
98 244
258 157
87 112
244 96
158 134
99 93
230 12
25 141
79 76
130 116
213 230
247 142
180 240
87 148
160 66
179 136
193 126
234 61
200 228
222 162
4 194
111 173
101 115
205 187
233 132
236 41
24 225
115 233
112 84
232 230
52 88
246 1
23 43
153 93
118 42
191 152
145 74
136 210
146 233
43 188
62 21
55 160
103 235
93 48
175 86
16 162
107 159
122 228
25 58
200 15
170 202
202 188
128 110
106 102
47 110
49 178
75 189
220 4
17 121
177 258
35 72
29 219
71 100
140 122
84 225
99 56
183 233
32 153
238 140
88 43
99 33
248 64
78 85
222 30
223 82
101 130
176 5
158 25
104 25
197 237
110 253
216 251
129 183
26 142
95 139
182 28
46 249
191 28
164 203
58 10
252 11
6 215
181 134
156 253
68 109
158 163
4 56
120 232
125 63
39 218
197 26
154 252
193 204
78 99
143 4
98 105
86 186
228 189
241 178
87 147
238 94
79 167
139 229
202 259
4 258
191 236
1 121
67 91
45 29
132 82
103 118
196 168
63 46
126 175
154 256
98 65
77 15
84 236
177 41
178 121
123 160
28 79
153 112
215 45
104 28
237 88
95 160
4 161
104 129
46 18
108 101
98 210
37 26
5 74
248 32
229 220
8 19
31 58
2 54
113 199
51 26
50 111
111 3
89 207
105 187
209 187
6 233
55 170
46 128
175 30
119 51
259 192
199 33
139 160
21 72
259 225
221 38
77 190
236 72
169 61
103 213
57 13
83 210
143 146
39 108
239 158
72 107
38 169
106 79
230 67
233 59
88 15
111 240
235 31
184 3
207 90
27 156
138 144
46 176
6 232
29 87
107 147
166 140
96 109
4 87
58 7
214 118
222 55
208 202
62 212
57 64
46 32
161 219
77 178
211 160
22 210
227 17
70 158
172 77
165 237
142 80
45 88
132 103
198 207
105 133
25 96
222 123
53 232
149 153
208 172
42 60
6 224
3 90
184 236
25 30
87 204
121 77
215 118
10 175
247 132
217 222
99 140
195 43
242 220
85 73
235 142
91 9
219 230
6 217
149 218
171 121
94 68
182 225
203 239
64 101
179 101
67 43
149 144
49 64
17 202
150 178
86 213
53 51
57 116
127 254
224 90
109 95
214 29
186 205
82 24
69 214
207 226
226 79
171 201
155 38
21 212
1 30
140 242
108 120
68 77
195 238
11 26
210 181
42 7
18 11
160 170
193 69
61 12
155 210
90 201
131 140
259 250
5 76
101 152
118 131
246 238
217 30
34 47
60 112
27 149
168 63
177 110
158 72
256 44
99 14
87 225
120 26
241 77
41 15
99 43
251 234
129 241
195 253
173 131
224 23
146 240
95 157
45 229
207 50
235 51
200 162
215 12
218 137
242 206
161 100
167 61
207 84
48 78
220 56
207 3
170 107
236 2
238 237
27 237
29 12
209 63
22 210
111 183
16 163
186 180
189 6
102 143
30 89
16 44
128 81
154 80
195 181
76 206
66 180
182 10
126 40
125 93
219 195
159 121
111 124
107 76
45 88
5 15
208 243
180 113
46 71
149 247
218 125
172 247
208 18
155 67
95 20
232 16
83 126
157 232
77 76
119 68
249 61
105 122
250 257
49 108
81 93
244 14
1 208
247 258
62 134
2 63
163 20
29 105
80 161
227 214
95 200
159 4
22 113
180 213
72 209
53 207
246 95
184 231
50 120
108 165
103 114
223 38
138 95
232 174
72 169
198 87
183 70
140 204
154 21
159 93
20 174
95 14
175 249
52 89
110 15
63 65
75 12
130 32
189 201
249 109
257 90
63 258
82 248
190 121
172 75
165 37
72 10
205 151
87 73
7 152
34 163
197 166
199 129
211 40
161 192
26 108
257 124
103 64
169 45
90 184
90 91
32 137
1 253
113 231
125 169
146 134
189 106
143 216
217 105
20 11
14 171
101 148
128 4
222 78
188 185
14 173
183 175
164 188
2 173
141 131
62 40
143 134
4 61
25 242
241 127
57 189
91 25
126 18
243 195
25 217
12 193
205 140
215 104
213 234
17 249
153 124
78 179
209 155
186 126
87 96
23 124
26 125
100 249
92 255
61 223
148 198
157 249
236 210
36 42
236 112
13 199
86 148
247 22
75 50
109 218
248 124
94 164
108 180
146 41
251 218
8 241
86 91
5 110
37 102
126 157
224 97
26 165
113 118
224 100
108 119
217 177
131 93
5 53
252 118
113 26
213 173
99 139
98 69
82 96
228 38
219 54
230 253
75 38
94 179
166 244
113 153
218 99
179 142
222 164
21 163
36 244
47 30
24 116
67 242
205 11
52 241
130 240
70 67
42 201
101 88
222 216
170 60
149 18
62 141
23 226
62 59
165 238
207 101
121 185
25 44
201 75
131 105
80 99
6 181
93 224
198 70
203 72
40 102
44 39
47 236
181 147
27 219
203 205
12 259
161 102
163 76
208 10
47 48
11 91
237 233
174 123
242 197
232 49
116 200
131 161
246 144
235 60
68 137
82 151
189 69
192 34
20 114
233 63
146 164
227 189
130 168
157 95
175 253
95 133
142 29
254 16
132 147
136 147
232 81
242 35
190 36
174 20
39 208
51 106
109 6
62 159
135 180
194 208
174 218
215 188
130 171
166 228
3 17
139 185
199 227
61 222
94 193
106 32
143 162
192 59
221 12
235 228
197 72
154 74
75 118
77 1
76 204
57 137
183 2
159 189
125 170
68 206
236 59
127 39
240 96
25 29
41 101
147 4
108 34
88 117
106 175
81 188
213 144
150 67
43 57
113 111
247 171
230 183
92 68
236 68
26 223
89 129
222 197
69 94
209 164
166 243
69 42
21 97
246 168
135 7
81 87
220 242
25 120
84 174
64 222
136 155
98 70
140 41
182 74
174 180
100 122
55 63
239 25
84 215
164 250
172 25
103 256
124 223
2 81
6 161
146 58
18 60
139 55
138 29
171 53
228 26
71 85
75 129
170 158
68 241
150 69
134 14
23 28
31 184
229 150
161 212
197 102
20 136
113 205
213 53
171 26
24 176
243 138
207 80
76 114
3 14
103 43
140 100
113 208
238 199
215 179
133 25
97 183
121 206
127 180
169 37
173 34
173 161
55 106
69 257
25 3
18 199
73 53
155 97
16 190
67 174
173 99
210 24
75 159
179 132
235 75
45 122
259 219
83 49
77 164
170 187
212 28
146 85
257 18
54 169
231 241
97 2
163 238
76 221
173 17
223 132
73 237
129 142
47 38
23 141
246 253
71 41
20 80
13 154
191 151
86 182
11 157
144 180
200 247
216 170
29 147
167 166
220 76
159 5
117 259
215 105
76 144
250 157
213 232
198 231
152 195
225 221
104 62
51 63
211 179
29 220
24 87
86 173
107 69
185 210
71 114
253 4
65 226
242 48
215 52
36 18
49 240
57 220
198 236
204 182
41 30
247 135
233 158
232 250
108 246
228 114
141 158
35 66
94 203
88 98
105 240
144 50
185 29
89 92
234 134
13 72
255 224
148 255
126 15
225 127
3 101
95 106
133 205
183 40
219 126
109 76
33 178
166 28
216 189
173 132
6 99
14 185
207 210
180 54
163 134
175 27
50 142
81 51
211 175
117 186
110 256
164 249
169 248
176 179
37 27
115 98
188 105
31 247
229 156
100 249
56 225
90 92
5 237
130 1
8 30
155 231
81 195
179 147
162 55
149 100
146 95
68 85
101 146
42 92
120 75
180 45
171 22
32 43
101 33
148 124
144 109
64 132
227 2
219 87
18 191
184 141
115 152
170 87
244 178
108 151
253 158
11 13
204 238
85 136
15 144
217 147
181 51
104 252
62 9
90 100
222 118
212 5
53 181
122 97
45 38
23 133
11 207
199 90
28 15
55 163
241 141
115 130
169 246
148 100
68 11
178 132
86 33
241 142
124 192
62 241
145 86
63 129
214 6
8 141
133 124
170 153
231 60
204 207
219 104
114 233
48 113
244 99
256 15
38 229
83 50
171 19
245 7
92 109
177 201
20 76
38 62
163 174
188 98
67 175
9 246
68 60
144 131
161 124
117 160
163 242
97 117
149 168
63 236
109 105
200 203
181 108
61 137
126 27
156 167
176 111
112 166
156 18
194 40
212 164
78 70
115 65
128 171
219 211
186 231
199 24
246 132
248 46
107 65
209 112
157 64
126 245
7 162
238 209
158 181
252 31
259 129
159 79
100 131
62 256
159 5
18 17
186 163
75 246
102 231
241 254
229 228
129 125
227 258
18 106
183 249
208 170
236 131
82 13
255 23
214 152
163 156
237 3
42 24
81 55
35 219
219 49
121 191
65 222
91 202
197 132
205 10
39 131
242 186
48 42
119 195
188 165
126 122
176 242
161 141
243 139
253 184
203 230
246 53
102 124
75 239
53 84
218 205
87 165
113 252
117 2
246 226
113 29
63 126
74 201
216 172
34 205
77 21
38 133
59 132
209 151
242 51
104 233
46 119
80 13
58 182
83 23
84 209
63 85
157 128
212 148
185 112
123 154
127 203
241 239
23 4
227 37
196 227
142 126
81 46
92 236
190 138
68 65
66 35
63 133
43 194
111 91
7 137
91 188
106 116
125 214
232 172
56 96
232 147
209 201
47 60
151 41
177 84
113 36
237 172
172 87
26 152
253 117
84 143
84 29
158 196
211 193
76 111
152 89
123 184
37 80
88 234
164 76
70 98
205 202
238 89
60 108
184 226
10 41
26 81
127 220
91 12
94 165
84 143
124 26
82 236
47 247
67 110
97 30
192 237
171 150
242 134
132 69
54 231
32 209
21 134
94 6
159 129
95 235
74 170
38 63
13 165
98 133
159 103
149 172
95 114
169 201
15 39
228 114
103 54
61 218
24 185
18 207
258 107
248 22
184 88
164 218
65 103
246 81
16 163
87 49
149 214
89 166
91 123
117 43
68 78
69 38
49 60
251 243
67 12
12 27
170 136
254 58
247 44
253 77
242 162
53 136
117 39
215 131
46 259
188 51
183 230
85 61
101 134
253 249
251 11
157 10
14 32
218 71
118 139
170 181
11 14
136 220
36 245
257 216
142 229
48 33
115 6
205 118
226 26
11 69
137 60
187 195
157 235
137 4
63 175
251 123
58 108
118 257
16 219
107 74
162 231
30 91
191 23
232 105
27 236
32 253
93 184
210 259
230 71
15 132
44 129
213 15
178 165
237 255
160 104
48 103
94 152
2 56
231 127
46 102
48 159
68 150
254 88
56 223
35 224
234 57
29 67
82 199
47 147
166 100
52 157
205 124
