387 464 281
236 238
313 175
306 246
233 376
5 291
20 68
10 362
182 255
289 288
187 203
158 90
160 294
230 19
49 319
275 92
76 368
254 235
170 279
141 162
299 280
105 278
165 178
187 245
256 387
1 210
115 2
129 383
110 203
145 24
378 29
335 369
204 236
234 186
231 177
246 223
132 319
301 356
156 161
344 92
208 118
261 266
380 283
137 161
264 306
378 111
135 12
101 321
320 251
120 128
223 111
165 310
288 186
194 322
358 38
16 131
36 345
22 42
92 258
129 168
114 88
29 232
68 91
231 308
32 24
154 372
381 74
47 244
205 44
330 264
384 339
356 70
53 360
334 370
271 7
83 341
31 376
50 26
28 234
89 373
36 354
84 241
115 148
180 376
54 285
123 59
372 302
34 179
315 95
130 218
244 70
177 186
17 117
135 255
18 95
121 334
29 232
265 150
241 176
103 286
124 54
177 117
196 111
307 46
197 97
236 4
268 85
305 258
290 311
103 111
304 158
351 60
190 287
26 146
56 195
341 146
171 317
127 41
334 367
308 7
323 344
289 109
313 384
34 326
383 291
45 44
201 54
171 351
36 78
254 123
260 5
170 215
42 163
339 93
131 371
27 305
81 234
131 28
202 23
206 338
283 104
271 384
237 281
25 379
75 218
62 103
9 369
367 24
335 112
208 72
316 205
125 160
100 166
363 85
359 252
227 46
32 325
303 359
104 280
357 386
261 157
295 198
164 219
222 290
95 66
3 220
153 133
156 320
367 137
309 308
365 99
124 13
209 199
364 136
218 189
207 28
241 80
325 255
35 126
310 296
100 247
5 383
30 172
366 379
16 288
287 213
373 32
197 67
80 93
314 113
164 46
139 225
285 80
381 194
280 319
114 91
27 140
39 315
318 277
260 292
294 254
89 170
78 337
35 114
132 147
162 211
151 350
277 7
289 174
162 311
314 289
349 312
39 316
364 267
135 309
11 316
197 121
332 131
265 364
276 8
70 277
139 150
127 154
140 106
315 260
249 63
304 191
346 219
266 324
132 141
82 292
55 124
368 350
260 150
340 263
199 118
167 61
10 106
261 50
72 164
56 193
119 7
16 154
243 98
163 250
94 310
352 275
82 257
218 382
144 344
288 251
339 341
320 181
230 348
353 268
384 297
229 47
77 180
232 223
260 370
370 256
317 272
326 190
257 242
157 271
168 34
334 37
100 304
59 315
188 144
116 325
110 75
25 344
186 98
316 6
90 206
379 156
222 269
2 242
299 114
28 70
4 231
338 349
366 40
347 46
30 261
26 384
145 172
33 94
90 361
32 179
241 296
362 365
274 364
17 83
274 121
126 2
228 328
227 327
185 262
230 276
168 263
330 70
235 167
334 87
96 311
21 380
34 46
154 334
89 71
126 231
314 312
346 304
185 313
42 276
123 26
119 229
75 51
42 4
126 277
149 50
363 136
280 158
75 127
143 259
233 299
146 132
292 157
114 272
47 26
130 84
313 72
317 197
279 273
298 34
22 117
257 291
78 303
355 134
27 107
7 16
320 132
370 72
198 299
72 15
191 104
179 296
337 61
280 16
286 188
160 236
224 379
330 186
381 262
40 277
35 251
71 280
103 172
134 346
259 203
144 160
244 137
10 376
251 383
169 297
155 222
13 65
239 202
222 32
254 60
126 191
142 115
317 170
45 303
114 355
220 319
216 273
355 325
78 240
248 181
277 66
313 7
347 342
40 183
141 260
281 48
270 331
310 194
96 372
327 234
170 84
261 145
17 290
355 289
25 257
27 240
174 15
49 82
303 296
125 30
55 312
266 259
23 9
308 142
187 386
296 64
312 198
361 211
95 102
300 360
242 90
275 241
89 219
192 377
271 105
32 354
133 102
261 235
131 221
177 234
340 160
300 385
336 39
121 31
254 199
190 219
43 88
270 305
243 304
332 335
317 211
40 195
385 222
134 17
245 98
176 205
103 216
260 198
95 55
81 44
300 100
125 124
375 331
256 190
82 384
222 242
15 380
123 382
42 331
47 71
54 350
90 153
52 19
162 2
92 116
11 150
143 220
358 38
230 370
311 1
286 380
164 28
360 281
57 283
291 327
116 122
311 323
177 53
375 89
241 47
315 117
299 184
216 349
49 112
345 143
55 225
257 137
82 354
296 44
313 97
241 24
351 194
98 50
68 310
240 207
86 89
164 231
170 161
294 310
229 235
287 298
74 234
367 294
289 35
209 219
213 387
242 372
210 331
285 91
228 344
20 374
283 307
267 357
286 230
141 293
197 71
206 30
313 185
284 60
18 126
121 86
328 280
322 91
240 248
191 356
194 157
47 117
99 285
190 316
158 170
330 105
7 221
138 235
381 125
312 274
343 232
385 204
72 368
147 59
89 86
207 245
195 369
33 266
99 210
340 288
56 57
217 273
346 263
380 215
140 254
50 51
264 265
65 50
116 120
70 40
142 201
382 276
155 381
184 9
87 177
295 133
317 308
201 280
32 38
282 237
89 142
43 109
315 138
92 136
360 32
68 363
316 373
309 285
10 80
203 159
342 386
129 205
104 140
100 132
115 226
299 361
183 74
357 275
286 300
85 309
10 135
144 373
39 168
239 184
357 359
259 253
31 357
2 343
187 202
185 24
357 358
378 120
261 383
56 360
21 97
336 151
384 313
380 165
120 343
236 138
322 142
75 70
51 43
195 387
1 377
293 93
292 364
4 305
335 25
258 122
368 193
326 275
264 360
349 40
311 208
229 341
361 50
86 105
242 179
82 351
308 194
96 277
320 38
147 376
85 92
122 265
24 52
316 37
248 101
148 269
98 95
240 174
8 183
120 32
342 164
222 167
355 316
91 363
381 190
362 367
123 33
174 18
87 161
165 209
339 352
201 309
307 297
197 196
165 207
340 132
355 33
314 354
185 360
205 102
221 6
116 106
29 132
265 232
95 350
368 167
55 102
107 348
140 148
116 245
371 35
81 41
260 171
39 370
126 365
213 366
256 231
152 75
232 346
255 66
104 74
69 85
43 355
285 112
360 220
32 300
245 379
299 256
138 224
362 161
154 266
232 262
33 353
314 140
228 101
63 311
360 276
61 199
351 385
71 148
190 125
131 102
147 118
35 63
269 112
96 327
20 201
353 234
138 144
185 124
376 230
208 284
88 268
205 33
99 3
315 80
235 287
72 225
33 133
281 330
176 53
90 123
170 22
88 39
206 177
155 334
123 202
40 17
303 296
34 164
385 179
341 182
258 338
385 369
355 139
214 186
15 283
112 182
324 286
147 319
178 33
32 268
200 117
333 236
71 275
233 81
119 233
340 113
383 4
19 207
248 14
328 127
75 155
16 337
171 16
134 184
245 264
