515 789 246
48 507
509 303
154 450
424 437
30 385
114 111
7 203
469 25
269 108
133 236
109 190
270 149
376 27
252 249
271 49
134 451
358 508
187 265
247 245
170 168
138 69
349 323
304 426
349 126
264 210
389 263
64 171
356 294
231 205
134 148
383 147
198 359
240 379
278 169
73 465
34 129
21 281
252 381
445 502
277 151
419 429
384 74
322 311
488 244
124 145
488 196
418 299
79 332
131 179
56 98
6 85
128 315
376 435
101 294
137 438
371 221
201 465
305 119
319 163
207 206
480 121
423 28
41 168
344 33
474 238
47 253
515 429
21 383
387 352
82 340
315 155
88 71
509 466
255 21
185 434
225 115
405 437
513 238
107 64
3 83
200 98
100 310
398 385
452 358
471 73
440 251
297 47
466 44
390 426
152 168
439 361
57 382
313 38
38 492
11 300
434 25
490 419
195 119
460 505
258 316
364 435
146 134
399 186
6 37
121 161
46 498
428 66
79 48
283 91
489 153
355 76
401 245
254 435
54 454
410 123
280 293
56 104
417 345
397 125
56 242
447 301
67 181
295 501
404 5
132 276
42 193
217 292
334 370
370 186
500 300
260 288
64 113
465 514
236 76
486 403
448 171
14 241
188 502
396 71
396 459
212 469
176 422
86 214
436 344
30 490
450 505
189 77
170 216
502 355
71 56
83 297
222 504
467 294
396 225
88 31
405 188
57 308
136 218
309 308
202 356
48 16
305 15
111 49
148 199
386 179
313 44
410 182
264 433
332 195
76 40
504 497
415 52
390 157
297 82
364 380
102 17
313 51
1 398
389 275
35 290
430 168
498 299
380 60
419 329
188 101
434 158
183 484
231 192
224 322
467 379
161 283
375 51
253 213
420 111
515 274
494 341
105 299
317 399
118 174
193 510
108 50
234 428
387 333
449 154
102 118
447 241
109 241
83 435
495 137
22 41
124 453
208 340
443 484
326 263
122 294
501 79
8 158
503 388
60 286
430 55
111 166
432 103
228 459
277 515
415 18
358 230
171 447
452 137
81 135
12 457
260 101
493 380
275 157
330 503
317 284
267 308
422 502
515 170
480 242
411 34
480 131
198 218
379 149
25 371
476 180
450 481
69 258
20 341
226 468
511 103
166 47
285 398
376 345
320 292
415 368
317 81
76 308
137 388
14 250
204 500
61 481
226 454
201 497
300 16
514 433
228 347
237 10
278 292
364 258
159 70
194 201
214 341
483 99
126 52
295 214
118 12
64 212
42 117
467 153
143 426
341 63
18 86
354 307
357 207
114 465
421 6
504 324
108 5
277 387
411 188
323 293
489 84
309 122
327 215
278 61
325 314
445 79
335 214
481 188
234 491
210 356
128 209
275 509
333 107
372 103
170 103
310 122
427 292
187 30
123 456
14 392
483 262
204 515
293 115
344 129
467 404
12 310
507 344
277 460
462 246
251 496
495 445
374 352
336 425
497 191
170 477
332 128
41 387
158 369
434 49
309 165
449 375
300 391
122 133
198 174
128 300
6 93
157 69
305 184
374 42
370 401
247 360
333 316
50 496
504 69
123 456
236 216
505 410
169 229
424 402
341 386
106 213
487 259
161 227
70 159
393 66
213 45
389 257
249 473
329 412
377 383
259 413
354 364
264 176
151 28
477 401
281 326
370 445
45 158
496 41
127 312
102 416
209 145
504 21
388 494
485 184
133 448
251 184
219 275
350 378
432 354
85 433
344 386
434 413
444 136
363 296
423 89
186 221
231 243
5 169
120 470
237 60
514 365
344 303
349 509
132 356
94 147
473 452
87 73
418 126
213 135
279 117
219 125
38 389
143 97
477 90
430 248
104 160
372 71
264 453
28 98
312 378
500 388
171 59
215 147
396 377
188 181
346 228
318 380
378 173
300 355
121 56
277 382
505 313
129 21
513 122
493 459
237 37
488 216
180 151
481 282
466 326
143 131
186 124
112 370
124 136
44 336
211 2
40 196
32 195
219 59
207 136
8 333
142 310
492 459
225 438
195 400
471 10
476 197
159 299
182 155
30 34
302 448
405 292
323 110
92 254
495 2
51 390
408 158
385 479
465 178
503 55
45 140
319 376
238 226
254 112
281 38
65 447
14 20
14 505
281 309
336 99
88 174
298 438
436 48
115 79
188 160
501 308
356 303
313 14
288 66
312 50
225 366
506 492
21 28
288 41
27 49
187 442
432 195
82 28
307 155
45 215
363 82
444 471
465 462
444 369
254 481
359 311
154 12
144 2
409 160
414 44
372 78
485 119
228 515
347 238
57 155
87 156
257 513
418 429
408 497
436 104
127 316
275 61
245 83
68 82
293 272
304 224
57 462
91 268
249 82
308 514
149 360
161 128
442 356
457 433
467 459
248 25
96 226
453 429
351 182
304 429
189 97
148 300
191 207
171 467
423 164
35 368
170 293
113 246
453 354
243 96
257 123
333 427
307 318
427 506
215 182
178 204
337 156
288 423
450 279
313 324
368 133
328 361
236 33
159 373
261 440
83 446
179 514
76 429
363 147
342 383
421 512
179 291
461 290
287 515
513 39
214 185
103 137
264 158
262 58
321 195
365 113
48 226
247 7
487 471
294 408
283 307
354 222
481 285
448 296
293 330
188 457
27 126
304 60
21 169
371 6
264 413
79 126
268 440
360 293
168 24
85 354
52 356
291 214
179 232
22 197
6 437
365 54
228 343
488 130
404 116
42 201
188 366
244 508
360 415
178 266
95 196
51 217
504 129
515 142
2 88
191 169
434 310
406 418
30 226
40 381
428 157
100 116
178 61
244 276
100 350
137 153
440 226
136 318
265 478
163 502
484 318
49 277
54 457
193 211
137 140
231 147
83 153
370 75
81 330
368 167
53 332
410 307
240 276
470 251
178 311
219 291
135 7
50 188
451 467
409 172
78 462
473 154
364 408
330 432
242 183
334 103
455 306
369 389
119 431
408 128
232 337
505 436
157 57
394 78
332 402
157 416
316 230
20 502
19 417
296 123
79 470
177 296
378 41
381 211
53 315
424 220
414 283
442 500
127 398
113 3
207 29
100 104
201 6
311 218
66 501
342 208
360 13
396 369
503 343
135 411
253 98
377 129
209 390
38 272
43 348
345 98
442 460
457 75
151 376
349 413
459 46
210 276
41 89
227 391
465 338
47 285
8 149
267 154
82 319
282 458
21 75
341 100
34 358
450 142
159 46
395 131
213 311
266 394
224 384
385 268
486 188
484 414
459 256
411 292
376 12
287 467
247 365
96 12
147 112
384 400
4 155
316 357
405 415
514 347
98 31
71 17
68 106
329 477
326 200
289 167
193 345
276 9
38 489
403 147
106 505
173 145
473 292
356 231
178 382
316 70
459 218
424 209
179 308
444 429
69 358
406 78
416 206
287 387
300 387
357 125
412 322
245 448
346 83
288 171
36 43
89 506
270 441
225 262
469 78
308 7
276 78
104 514
323 98
346 426
176 472
324 507
302 471
316 236
26 259
253 153
314 333
223 246
312 160
33 307
236 364
117 391
460 60
48 399
486 60
298 394
508 44
387 29
55 236
107 452
284 469
335 404
186 447
85 92
504 311
79 47
506 282
313 469
351 483
70 26
101 392
400 508
97 55
53 257
355 379
80 203
367 457
449 508
291 171
235 457
457 399
508 68
511 160
503 79
359 449
460 267
105 65
449 329
509 124
58 205
124 180
457 238
143 72
76 375
343 30
450 208
267 304
404 438
148 447
117 459
192 484
224 219
438 297
15 393
296 269
94 509
64 475
497 42
388 91
136 29
401 90
257 415
198 216
37 24
274 228
467 48
143 123
383 480
445 173
433 9
81 485
455 489
113 104
331 166
166 19
247 496
221 90
386 301
253 342
330 143
159 334
492 463
17 253
33 110
397 274
122 424
296 427
494 217
229 322
47 86
97 28
1 410
305 153
487 131
186 32
82 454
255 286
502 324
495 302
55 455
184 289
247 99
271 361
510 44
422 420
320 234
216 319
1 10
444 277
232 319
202 192
366 481
102 352
138 54
493 331
498 426
241 204
34 261
176 63
422 138
488 417
229 428
409 182
116 177
238 289
146 510
118 488
214 47
400 165
345 307
319 482
156 98
423 330
144 336
395 303
284 134
218 331
340 85
240 168
317 39
340 2
148 138
286 176
359 410
197 162
338 416
167 257
188 195
495 191
370 35
504 446
308 267
474 394
79 181
381 136
37 154
144 489
448 227
388 143
207 449
55 232
189 58
402 157
236 402
333 46
451 194
474 211
274 347
134 96
109 375
354 157
272 214
277 328
509 37
202 309
370 483
25 107
340 381
368 3
239 127
356 243
247 434
40 464
351 368
24 338
408 218
9 13
501 207
266 72
432 403
26 85
350 223
259 298
232 121
38 335
146 222
415 148
349 381
459 240
428 219
433 304
404 456
218 85
269 188
365 462
243 371
80 457
16 444
314 173
466 511
149 28
346 183
401 497
358 256
480 478
402 505
260 277
498 377
439 99
497 53
493 439
352 148
219 376
82 511
172 157
154 5
343 428
231 502
27 495
487 29
14 447
55 68
386 58
96 268
76 391
233 393
73 164
114 282
420 174
188 504
94 50
226 404
50 275
135 420
178 419
310 68
268 130
354 287
235 122
222 143
225 3
13 336
409 25
368 383
