939 493 204
529 578
937 353
668 336
407 606
504 554
4 314
625 4
619 166
154 385
646 791
62 564
797 612
344 875
809 711
62 664
678 100
19 543
511 9
714 635
255 286
887 30
761 224
857 552
864 31
75 54
332 322
507 938
347 818
855 101
338 94
506 533
938 647
760 209
931 503
844 282
314 511
319 142
80 276
288 39
102 404
569 571
485 348
482 527
111 847
76 125
744 591
143 288
760 246
267 158
608 3
47 174
385 177
936 489
77 766
235 21
52 152
624 398
621 163
314 907
133 307
573 730
680 11
330 547
212 647
928 53
888 358
933 578
2 253
199 784
922 250
779 773
324 307
628 400
108 653
84 191
123 430
937 322
559 437
423 466
902 781
488 601
499 764
186 829
249 10
202 472
139 899
934 709
773 336
667 40
607 645
642 491
830 877
517 340
269 278
55 112
144 131
684 685
504 242
324 794
459 368
863 235
288 123
274 271
619 922
836 615
231 627
554 300
718 567
550 859
106 882
77 547
88 169
721 39
578 828
294 217
44 229
255 14
820 46
471 300
914 247
20 156
221 825
644 414
770 448
781 774
755 129
605 254
55 893
226 302
424 359
265 700
17 502
57 110
62 304
302 202
741 817
15 107
67 104
237 108
819 95
13 934
922 433
582 305
200 766
507 215
110 915
77 938
287 825
468 301
845 732
862 871
121 926
481 500
472 15
201 213
507 64
216 248
546 753
823 247
27 385
312 480
417 180
519 108
599 262
533 377
618 413
238 897
632 56
246 796
113 315
854 367
77 308
927 597
930 609
880 125
221 657
878 137
61 35
538 37
669 554
877 540
836 185
928 44
519 593
876 301
567 534
687 240
294 225
48 318
809 322
654 902
680 339
215 892
266 550
531 345
915 811
287 508
248 722
777 354
387 544
424 476
308 760
282 246
420 264
918 262
670 739
58 644
156 189
345 46
715 278
641 523
416 780
915 848
121 378
667 673
200 746
74 147
808 885
760 359
895 182
99 102
127 455
118 318
385 265
557 81
396 409
312 622
878 416
594 108
439 230
553 174
8 394
825 442
654 798
625 583
895 806
887 877
405 114
738 765
538 836
634 380
737 208
664 95
903 464
753 261
423 894
148 342
920 475
626 152
260 24
722 141
790 70
65 811
845 724
777 273
139 673
492 933
748 734
338 889
225 443
110 574
388 150
157 166
933 724
925 223
18 853
612 758
24 768
209 92
576 800
632 400
529 18
181 530
150 857
564 452
799 485
916 369
830 846
543 676
40 98
223 454
469 922
614 510
811 250
611 383
935 214
532 864
569 417
602 55
534 427
500 605
548 793
372 502
452 618
389 110
337 358
149 205
742 142
10 626
224 172
881 411
320 435
769 893
374 437
710 432
368 840
619 45
702 426
559 336
496 396
489 377
224 515
310 22
528 38
18 537
4 270
623 262
759 64
182 222
614 380
573 603
308 347
297 163
752 238
378 822
596 546
588 634
373 664
518 500
193 599
483 368
674 550
502 280
548 208
323 862
139 272
216 444
425 69
716 768
612 696
290 195
569 645
251 130
281 504
209 366
770 139
365 486
569 611
770 250
283 232
925 461
129 488
815 786
168 586
451 878
225 176
251 727
362 412
537 852
814 103
104 757
306 518
412 375
895 472
16 792
814 525
465 256
186 719
61 939
555 772
759 892
440 728
223 847
765 11
449 491
281 918
58 117
477 687
691 893
174 314
720 870
140 458
152 469
251 66
758 70
909 662
510 702
128 897
710 475
187 676
519 699
411 87
433 519
362 243
3 764
707 762
519 632
562 779
829 321
541 441
855 375
611 502
580 513
365 258
605 620
480 214
79 870
611 587
690 858
666 265
869 776
590 336
924 703
921 790
44 867
379 623
285 794
427 501
728 790
126 47
50 78
178 712
888 450
542 448
492 353
811 841
451 250
798 55
184 2
836 475
10 851
86 645
725 131
715 712
820 24
419 6
351 210
425 207
382 500
633 174
867 252
284 267
26 433
802 104
762 301
207 86
142 715
33 370
327 618
217 507
267 199
843 317
643 439
395 513
561 584
546 621
99 832
471 774
444 836
719 592
576 204
278 76
542 600
409 713
652 317
688 161
23 760
183 913
681 17
48 381
109 536
898 757
117 36
115 679
885 835
695 414
703 631
609 6
178 794
534 316
301 555
164 402
315 874
329 419
420 372
798 395
629 147
860 756
659 720
640 150
236 650
6 138
571 64
371 745
122 223
524 717
81 597
640 13
369 643
383 392
22 391
925 647
39 140
191 352
232 799
662 64
30 207
882 783
645 491
279 142
402 740
518 521
339 927
441 470
300 246
702 424
367 200
865 676
672 751
346 348
449 919
103 401
247 852
829 260
479 394
819 855
447 171
484 318
238 709
441 247
789 90
581 376
221 633
695 154
356 647
174 263
110 620
450 525
67 261
180 623
344 924
377 514
686 190
494 135
214 275
194 80
179 695
655 846
83 293
766 457
61 530
836 568
912 609
507 164
176 217
440 473
607 891
443 758
341 901
663 793
175 414
530 41
322 35
557 554
249 764
938 660
447 493
387 935
45 653
339 639
526 732
299 358
600 714
83 784
506 153
256 220
407 528
729 287
749 564
561 345
54 270
417 251
2 420
572 405
98 732
632 24
318 511
674 584
758 235
115 376
314 382
592 927
271 748
704 289
165 411
593 664
247 858
896 875
927 45
845 508
884 436
274 655
105 807
394 776
464 277
843 747
159 873
798 227
124 264
543 751
306 866
415 607
28 263
294 763
175 897
263 418
300 208
808 700
93 16
265 710
714 79
382 185
825 163
148 750
490 657
253 639
478 714
313 869
761 328
133 350
525 57
341 932
200 627
688 605
907 284
823 533
41 847
329 861
7 900
191 279
638 359
70 570
879 80
732 860
222 764
614 692
87 145
350 254
413 166
824 280
469 181
576 867
785 243
114 803
338 15
86 145
608 300
399 264
769 552
511 473
328 51
281 910
922 658
229 864
113 502
801 294
389 691
931 576
818 191
669 468
522 176
154 151
224 330
543 515
43 165
707 709
698 376
845 263
538 194
648 295
199 551
716 641
831 300
666 689
759 507
35 322
244 284
583 630
552 336
719 73
673 437
680 839
706 563
649 204
295 102
416 666
23 716
