518 442 197
97 47
278 17
467 158
66 483
351 83
123 285
219 513
187 380
75 304
352 367
144 264
190 384
115 307
92 11
158 473
157 120
286 140
144 325
4 27
206 167
269 45
360 390
259 320
101 123
483 150
233 449
118 300
165 199
50 32
188 150
276 144
466 241
152 150
136 417
55 433
136 70
85 288
70 62
124 198
89 53
221 75
482 251
504 111
53 335
87 340
341 223
199 378
65 371
140 378
318 383
232 70
133 442
409 192
360 249
416 488
333 215
406 227
464 203
397 328
149 229
248 151
300 63
442 338
106 115
216 104
243 503
104 277
430 350
508 387
376 409
389 190
285 333
1 441
278 386
246 485
47 393
98 207
360 30
100 119
156 427
126 318
16 472
376 310
249 162
442 59
339 392
355 434
102 247
339 358
498 426
513 151
505 455
134 292
339 224
215 75
44 213
510 127
245 115
208 378
443 360
13 206
486 365
366 225
497 14
110 62
376 315
62 452
164 14
350 448
169 338
23 88
262 512
349 377
185 252
407 456
237 73
503 408
479 462
311 346
311 360
478 349
175 69
278 518
425 131
258 262
163 123
285 83
309 151
216 14
166 322
121 306
255 354
450 498
2 286
304 505
60 265
14 479
433 394
300 123
456 394
83 186
36 2
382 84
205 140
83 268
482 295
234 220
489 235
30 177
339 389
176 222
464 11
392 276
383 48
374 179
175 269
332 347
69 248
106 64
270 379
182 185
68 221
331 157
369 21
384 495
497 397
48 44
96 274
397 398
290 22
468 324
367 201
391 163
97 504
285 417
111 245
258 441
461 179
259 174
256 384
30 78
187 398
340 86
450 286
472 196
25 136
253 471
19 278
188 470
165 457
339 469
367 9
118 209
464 198
59 69
221 178
493 105
333 116
2 458
509 366
289 328
403 391
465 478
423 440
404 229
42 269
406 240
98 171
216 407
393 464
487 206
48 143
477 439
52 405
182 452
38 170
176 362
119 438
174 475
277 303
414 9
366 376
176 78
228 179
427 310
92 11
275 214
64 95
150 422
275 476
5 405
83 275
264 363
48 411
306 481
10 71
40 479
63 443
122 321
203 386
191 411
299 37
483 135
92 108
400 330
208 471
382 186
144 420
70 4
228 56
185 79
293 326
350 33
132 377
496 80
37 333
210 198
271 330
38 218
136 463
263 38
3 103
162 87
265 497
448 459
417 266
5 491
154 103
207 377
502 106
460 3
136 42
29 109
251 198
361 314
34 424
305 163
463 32
119 274
339 10
480 6
66 214
305 348
133 475
170 485
483 140
211 319
275 96
489 199
69 518
306 360
364 197
197 123
310 244
507 336
481 443
68 292
159 512
168 184
517 226
515 324
242 356
506 62
426 197
121 444
453 404
32 135
289 489
501 424
142 447
181 334
106 125
235 500
185 14
300 405
195 320
372 269
121 469
157 180
111 335
39 210
320 506
255 52
362 75
448 67
337 21
433 290
230 467
304 210
7 64
133 280
51 336
488 464
262 397
282 57
481 485
329 505
451 271
107 278
511 261
518 10
295 462
286 26
439 347
358 498
335 355
446 70
323 267
224 376
416 170
188 359
39 216
311 477
182 450
220 193
237 40
141 246
264 95
449 499
196 268
347 307
397 500
248 198
490 385
150 251
458 253
176 336
333 390
82 370
314 455
430 461
254 27
35 432
65 516
414 124
155 389
183 466
388 450
433 352
85 412
6 479
282 435
2 49
119 423
485 21
263 304
59 57
436 87
178 276
276 144
123 321
429 458
9 475
25 281
291 122
76 7
273 292
84 104
452 96
24 200
200 440
321 24
28 485
361 139
504 440
174 87
102 262
85 453
159 291
366 61
301 348
219 256
486 498
257 64
325 486
471 322
111 104
502 458
345 462
471 364
42 219
101 405
300 304
465 495
92 44
43 275
151 11
73 138
475 257
72 232
474 215
136 101
185 176
106 148
220 83
316 476
450 274
111 506
498 114
357 366
437 160
49 283
176 204
461 94
52 90
319 145
131 94
263 459
264 453
291 386
470 367
458 335
477 492
392 296
208 396
46 298
294 507
6 351
277 387
414 12
11 396
163 218
272 1
209 237
230 278
107 54
279 514
250 369
98 4
123 79
296 496
295 25
377 513
27 342
248 343
208 184
457 362
378 24
272 15
82 426
363 133
186 258
325 482
116 88
182 3
386 342
449 309
93 43
357 349
400 463
208 36
321 410
102 66
21 128
295 173
370 200
279 326
403 17
187 125
403 226
126 70
81 433
250 177
32 251
188 311
189 475
488 427
54 102
348 456
101 116
310 380
129 115
264 160
427 422
517 477
370 157
408 149
196 268
477 188
319 47
436 126
121 53
318 400
257 89
288 488
474 459
39 406
447 398
44 280
91 79
459 492
213 399
188 351
330 78
338 518
456 507
381 333
380 439
89 139
276 346
513 93
420 149
237 5
288 480
119 196
506 34
278 92
83 361
15 499
220 403
278 390
144 189
347 491
71 257
401 15
356 243
364 422
424 346
461 384
154 290
353 139
443 191
30 337
165 37
136 503
118 309
66 462
136 322
481 452
433 96
444 158
281 218
509 487
185 449
173 266
7 464
365 307
211 275
51 280
129 472
171 229
89 324
372 215
476 71
493 400
227 129
506 369
164 14
308 390
353 233
167 192
114 202
489 302
88 131
137 451
237 66
496 369
184 284
287 244
174 193
375 386
320 22
371 1
188 34
239 166
208 106
77 429
16 174
312 60
17 81
292 299
401 380
168 425
249 137
371 436
138 460
471 325
75 191
368 317
506 83
132 423
494 324
349 501
429 169
62 398
440 44
164 405
234 517
130 460
130 418
357 464
441 125
207 259
179 418
307 392
405 424
129 280
513 158
232 504
