646 155 154
569 125
160 100
383 456
328 363
153 461
180 196
338 77
91 370
611 55
198 188
639 383
36 101
236 356
108 203
446 94
57 517
289 384
352 538
300 125
216 496
455 252
372 420
321 506
619 1
525 259
181 381
130 281
452 204
76 387
38 408
492 64
47 440
444 149
180 447
61 466
590 147
79 604
377 639
348 442
537 381
193 616
630 39
197 137
146 21
379 276
470 642
589 110
582 233
398 513
210 322
303 47
161 130
310 309
65 602
253 474
56 59
447 113
84 456
228 492
252 383
370 60
236 443
298 295
121 571
105 322
268 96
425 124
429 431
528 443
401 420
269 569
538 395
2 199
426 266
147 346
396 281
324 345
349 556
418 232
306 152
38 83
371 99
437 37
219 382
230 209
88 427
405 285
21 171
503 594
342 181
426 393
601 370
439 205
396 86
549 640
269 421
582 612
237 33
349 302
466 471
201 518
218 172
612 646
503 98
312 484
408 528
137 423
222 303
279 633
462 233
467 42
333 592
215 493
569 484
450 54
27 287
5 519
49 496
158 576
295 439
55 642
380 146
244 441
215 374
149 324
619 335
431 285
143 635
528 290
624 323
319 66
81 523
346 238
340 445
83 98
376 198
593 643
202 346
102 178
356 96
500 318
575 35
78 540
587 162
283 319
404 399
386 182
487 121
81 333
112 645
17 59
554 491
222 81
156 376
153 428
398 611
86 71
386 202
394 499
33 387
34 182
571 400
461 22
459 179
376 171
149 546
239 148
274 375
630 359
612 172
274 451
538 187
154 259
162 615
52 18
624 31
180 52
178 25
535 134
232 457
264 401
193 52
582 85
361 369
475 455
553 278
379 304
103 40
54 137
615 477
512 621
390 246
483 216
14 21
606 262
567 58
101 363
117 170
429 467
40 586
627 644
79 123
285 322
298 434
107 436
440 339
493 634
305 461
47 413
479 353
15 127
74 263
367 454
374 429
611 40
67 516
110 277
495 359
626 387
114 95
368 603
616 26
348 437
292 341
325 199
57 305
81 316
329 118
398 354
499 546
528 364
437 18
286 79
568 552
286 515
432 466
637 491
565 213
378 627
244 332
242 500
243 396
288 274
329 318
350 267
17 482
531 352
607 577
306 146
588 175
434 151
545 407
26 52
299 378
153 1
459 560
264 503
477 195
418 361
554 111
596 4
158 267
578 533
79 151
490 82
613 151
447 406
187 448
446 14
73 625
9 506
457 632
322 635
643 530
154 636
337 568
466 476
636 614
247 112
526 388
187 524
208 558
643 518
212 514
624 637
106 547
389 533
301 19
347 207
332 271
139 320
505 254
516 551
323 77
2 579
24 483
478 185
601 491
501 83
314 528
528 314
522 154
528 439
519 417
245 545
501 377
61 354
448 169
390 27
