70 479 501
37 62
1 46
13 17
38 47
28 15
63 5
61 34
49 66
32 59
3 41
58 28
23 62
41 64
20 5
14 41
10 37
51 32
65 46
61 8
15 19
16 44
31 42
19 46
66 25
26 58
60 5
19 18
69 53
20 40
45 27
24 41
32 23
57 56
62 10
49 19
66 55
13 10
36 35
68 69
33 44
47 27
46 70
51 18
66 27
32 45
43 61
10 63
4 9
56 4
52 3
42 27
1 59
7 8
7 40
36 26
68 7
26 68
47 28
22 3
12 24
28 12
48 27
64 65
51 45
43 46
19 4
63 29
59 68
17 38
58 31
54 9
50 24
65 4
54 58
69 42
3 24
8 31
51 68
28 29
63 37
8 9
46 21
25 11
48 63
68 54
43 57
3 59
69 14
57 46
31 55
25 9
15 38
6 50
65 31
6 70
26 70
54 40
70 37
34 49
16 28
44 2
46 39
51 5
25 55
4 60
1 65
56 64
3 61
29 2
6 64
17 31
24 67
12 59
22 18
28 15
40 38
19 21
68 45
32 19
50 45
4 52
4 42
6 12
21 23
70 26
36 25
68 58
47 16
56 51
31 30
12 50
19 5
66 48
58 30
37 49
58 68
50 17
66 61
30 18
50 20
43 2
62 67
9 37
13 66
36 54
46 32
2 19
29 19
23 41
38 61
62 29
51 4
49 41
5 2
9 6
29 41
17 42
16 3
3 45
8 31
24 20
12 5
23 14
44 64
61 47
17 18
6 60
52 39
25 43
9 42
4 54
44 22
56 37
11 51
10 19
23 15
63 60
25 23
54 36
46 48
37 16
59 19
50 37
29 64
40 26
52 18
14 21
67 12
12 58
2 3
18 63
39 5
56 59
60 38
63 41
27 19
69 4
70 38
26 34
11 17
31 19
27 34
26 15
51 64
40 67
67 38
45 49
52 68
61 35
59 6
28 21
5 18
49 9
21 28
14 16
8 37
13 69
34 18
51 49
37 66
69 70
26 11
15 62
46 54
39 4
22 33
53 47
39 49
28 23
37 42
29 16
44 57
68 9
32 39
47 54
29 18
12 30
58 62
67 10
65 23
32 52
23 27
48 35
14 31
24 31
18 6
50 47
37 8
12 40
11 39
29 53
49 41
46 31
65 30
51 14
1 33
60 69
31 39
15 68
28 5
9 55
29 64
39 17
34 20
30 8
5 55
67 10
36 46
66 59
62 1
11 42
61 45
60 1
59 50
50 40
41 24
47 8
8 58
58 69
41 37
50 56
51 3
62 43
67 20
30 55
14 23
36 44
53 55
70 15
70 53
43 54
22 32
51 47
24 53
33 54
39 12
34 17
68 34
67 60
45 19
3 21
41 9
33 67
66 59
1 40
61 54
50 7
2 61
62 60
70 20
65 12
9 67
47 57
46 5
30 59
48 39
55 39
41 57
22 17
33 16
61 38
36 65
27 44
29 31
67 44
14 24
12 41
27 26
69 56
55 42
70 65
25 31
18 67
50 20
20 6
48 37
58 41
32 51
24 65
68 66
33 50
55 33
10 43
25 38
52 41
34 30
26 39
34 12
25 14
40 42
67 58
59 14
22 11
56 55
8 19
62 66
47 61
21 63
20 14
39 59
38 55
43 32
2 58
26 29
70 35
41 42
52 26
2 34
27 18
1 43
25 16
65 33
29 30
43 20
34 12
5 49
41 59
13 60
19 61
59 49
13 32
70 13
63 58
49 46
13 25
25 38
53 15
36 43
56 37
27 62
44 56
1 43
70 27
43 15
16 28
14 29
21 49
22 61
20 42
51 10
37 15
40 64
61 20
13 66
53 14
44 19
63 33
66 17
13 58
59 44
51 48
24 70
3 4
45 40
38 60
39 54
28 63
3 63
41 54
18 50
46 16
70 42
65 23
49 6
11 30
61 17
64 45
57 50
9 16
67 25
54 21
29 39
53 28
65 16
15 48
20 11
51 66
69 55
48 52
29 36
49 39
6 66
2 3
17 63
39 44
69 27
70 30
8 58
41 67
3 18
26 46
64 10
68 10
31 34
46 23
16 35
39 60
29 30
43 2
17 56
18 62
66 10
12 66
56 61
31 60
52 28
1 44
16 43
12 42
4 64
53 33
64 55
49 22
14 51
30 8
36 60
21 9
58 50
45 63
59 54
58 39
39 68
39 9
58 10
17 48
58 49
12 24
12 18
11 63
4 18
47 29
69 2
7 13
36 10
59 28
30 40
42 15
28 52
6 66
30 12
51 58
62 1
38 60
10 32
7 23
22 54
6 13
67 13
42 26
43 31
1 36
36 60
8 16
48 50
39 49
42 7
33 8
53 19
50 67
34 42
31 23
40 59
31 23
13 63
50 10
55 68
33 49
30 58
30 51
11 58
36 68
4 58
58 25
42 70
35 70
58 33
70 27
47 48
8 63
5 21
43 50
40 59
57 40
29 10
8 54
18 27
39 49
5 48
41 55
61 67
13 68
25 49
56 2
12 2
30 59
53 7
21 48
16 4
29 21
43 31
19 56
29 31
43 12
39 9
44 32
38 2
38 64
9 42
40 21
2 19
45 31
1 63
64 61
2 58
32 43
57 48
13 31
15 58
17 3
54 19
65 17
6 45
4 27
40 45
33 38
32 62
16 41
26 50
24 19
25 61
33 64
67 56
18 6
13 18
25 46
19 31
5 21
55 6
43 6
9 21
9 53
58 35
35 28
58 32
1 52
40 27
49 59
63 52
41 54
64 23
57 54
43 33
44 36
41 11
43 32
41 1
52 31
51 53
10 20
37 26
18 68
25 64
42 63
32 38
63 39
7 27
33 35
59 43
30 22
4 3
4 24
52 55
60 70
43 35
65 59
56 9
23 50
46 8
18 45
44 51
14 64
43 25
30 50
23 14
19 66
58 69
15 68
66 8
69 63
29 25
1 34
52 15
53 6
18 48
12 41
41 43
62 2
5 59
13 4
34 37
57 39
59 8
46 2
70 29
10 7
28 31
11 30
45 16
26 57
16 39
13 28
17 60
67 23
52 39
2 7
3 62
50 65
60 24
65 61
36 29
27 44
18 13
8 15
23 46
33 32
47 38
25 20
9 13
37 16
10 33
9 34
21 37
68 61
9 40
48 23
43 35
41 39
5 21
38 32
11 10
46 58
56 24
44 34
27 60
65 28
39 10
13 55
14 28
63 55
24 32
37 8
59 47
43 18
32 20
62 4
16 27
44 21
41 32
59 62
50 15
15 34
66 40
28 10
12 46
43 63
23 34
46 43
36 13
17 46
33 13
54 9
4 39
3 32
35 5
69 20
60 66
2 5
20 64
70 4
6 38
27 67
65 13
38 26
56 59
58 5
17 18
15 48
44 7
63 62
11 24
2 55
41 3
49 41
32 9
58 20
60 22
41 20
57 58
68 33
30 15
17 36
47 2
37 25
65 59
21 48
59 30
69 65
45 10
62 31
43 10
1 29
26 35
20 24
65 40
12 59
1 8
49 18
13 1
60 13
63 27
54 37
41 59
32 56
61 17
30 34
10 28
53 38
70 59
66 67
62 55
58 16
20 47
44 57
35 41
22 42
67 54
48 9
45 61
33 55
45 43
3 56
45 47
28 23
9 62
11 37
13 67
52 59
3 29
70 59
69 47
44 11
4 70
52 4
16 64
17 24
68 7
51 67
40 65
41 56
26 54
9 12
63 2
5 38
9 37
27 2
55 18
14 19
39 69
23 4
63 35
46 41
24 31
39 30
45 7
42 43
54 10
48 51
49 11
14 10
39 55
34 17
38 41
60 22
3 33
65 36
56 62
26 41
41 47
45 9
25 1
24 65
21 31
38 44
2 67
41 36
35 36
12 29
7 21
67 18
32 18
18 13
6 16
61 27
27 6
50 12
23 70
15 13
67 35
42 40
54 56
64 12
67 2
11 44
70 58
10 4
17 58
22 41
67 48
47 13
8 46
16 68
11 3
63 19
33 30
10 62
45 20
8 12
46 25
45 12
23 13
17 53
2 70
29 21
33 70
44 35
42 15
37 20
36 18
50 2
53 15
57 68
48 16
17 15
69 19
35 58
53 54
18 35
49 14
65 27
23 38
61 26
6 9
12 56
55 49
60 5
58 65
2 14
41 19
4 22
50 58
25 9
69 14
54 18
21 15
41 17
64 3
34 53
16 34
62 21
70 9
69 34
44 12
31 42
43 58
56 11
23 18
36 9
5 37
30 35
65 18
37 22
69 27
9 16
33 56
48 51
1 19
62 19
57 5
52 45
33 64
34 30
29 50
7 60
31 21
14 5
53 55
1 31
5 46
67 58
21 40
28 26
70 37
23 44
9 60
44 52
37 20
59 11
16 50
8 31
16 26
70 24
9 2
22 20
41 70
63 21
48 5
50 54
19 29
38 64
7 29
