1000 123 877
428 873
281 545
518 855
558 121
871 133
478 197
699 14
784 984
711 390
524 985
862 686
102 835
887 196
2 488
354 355
972 630
798 236
829 588
128 147
640 421
716 202
567 967
941 619
460 24
967 555
714 765
623 954
495 327
849 329
904 912
614 439
268 940
618 195
373 585
679 848
976 153
624 938
788 291
548 959
407 325
76 107
122 727
625 339
824 438
835 892
878 122
32 699
751 37
423 715
375 34
56 590
890 471
601 991
620 873
933 925
538 889
32 166
905 616
594 438
33 433
11 181
701 488
798 549
15 37
879 866
891 573
854 976
566 36
595 116
615 875
653 105
893 602
590 759
583 56
829 979
250 331
567 151
254 235
580 845
667 600
521 852
429 544
228 642
107 923
664 449
643 456
815 512
534 531
313 502
165 618
931 932
798 993
509 561
216 407
791 963
791 566
420 788
501 960
765 1
529 372
389 270
509 86
213 83
964 641
348 639
551 367
727 989
666 455
155 679
948 679
45 420
540 393
863 255
176 950
564 193
15 829
932 148
381 521
332 721
555 258
965 48
884 287
284 362
248 571
620 843
278 733
712 333
424 297
610 682
744 687
17 40
408 608
555 88
688 982
660 285
956 714
620 653
474 380
545 38
454 905
821 499
163 46
153 933
604 273
22 377
828 557
34 107
444 864
115 102
909 685
237 705
886 157
606 362
244 36
949 506
746 52
373 143
728 532
280 440
79 261
527 746
234 88
832 464
22 823
906 365
712 923
66 165
468 485
27 96
306 787
205 128
532 372
642 261
879 854
661 169
701 531
713 86
513 276
558 125
261 421
533 197
599 656
41 471
514 583
650 232
79 760
378 867
302 945
590 977
723 439
743 936
371 317
903 153
17 435
428 931
917 893
336 117
23 261
686 970
659 62
897 353
874 101
925 754
659 638
737 578
576 106
209 503
913 100
231 921
198 793
637 854
948 618
394 286
513 580
83 379
77 312
604 985
826 301
868 275
973 654
317 122
510 106
705 842
990 153
576 485
140 724
752 279
448 592
306 806
35 157
755 401
519 712
981 943
541 362
32 665
248 28
663 500
334 62
971 645
233 255
424 759
991 205
527 722
967 794
508 239
477 575
832 189
982 975
828 311
473 966
620 757
316 5
807 549
857 347
533 888
422 962
980 243
133 320
923 155
187 729
581 464
247 996
535 377
632 351
545 555
567 221
60 340
90 256
873 591
552 960
719 826
818 767
347 699
95 544
851 217
689 575
398 955
950 423
216 530
20 353
11 2
930 871
197 36
649 568
703 388
832 721
936 591
438 746
856 673
210 7
42 90
617 493
130 923
609 778
997 379
151 533
321 739
788 710
974 618
987 981
105 451
493 35
634 573
143 141
616 878
777 84
619 921
910 409
678 629
594 807
216 171
708 42
321 711
664 924
652 141
319 297
855 194
615 946
275 780
507 585
834 480
736 18
691 754
312 466
990 327
912 468
180 35
413 486
561 373
339 749
120 380
938 585
693 854
652 809
804 944
916 690
624 493
180 144
648 714
148 540
373 419
200 282
777 379
731 932
409 388
693 122
111 907
433 787
855 106
1000 249
276 740
225 152
752 528
636 907
52 713
298 160
427 478
442 430
494 372
568 990
961 619
717 608
480 305
719 582
16 227
727 202
744 416
898 20
305 418
294 548
217 641
391 339
586 324
819 70
460 138
142 851
35 357
626 68
64 729
265 15
597 298
271 898
584 755
686 895
662 751
800 498
107 971
474 642
54 879
43 326
388 219
188 543
646 925
879 21
299 576
141 196
415 731
425 561
730 799
49 212
256 13
237 891
581 842
584 908
356 222
293 428
753 685
711 26
813 817
418 644
982 36
562 457
672 979
728 209
17 949
649 806
944 504
834 254
420 39
812 557
787 283
948 201
218 85
202 761
955 495
595 89
620 676
490 749
598 192
979 606
235 957
930 273
427 571
19 214
566 220
726 414
164 232
133 786
707 889
613 455
312 872
217 299
519 53
651 946
973 652
536 84
751 536
703 789
74 119
711 808
686 869
115 353
792 176
317 229
547 876
381 609
884 448
110 463
331 86
199 532
202 482
233 945
415 114
953 799
328 397
64 695
542 726
77 358
61 999
121 33
82 408
956 424
214 268
794 599
39 645
741 608
325 276
746 337
150 709
282 811
975 251
436 637
701 87
878 184
333 54
667 237
901 319
111 665
757 745
996 781
31 995
983 564
521 404
485 22
778 50
685 843
786 867
616 254
330 384
328 560
743 145
209 680
606 521
592 833
526 105
693 388
733 458
962 784
749 334
42 961
319 379
564 600
415 22
940 157
31 410
309 940
937 589
152 236
836 75
494 638
562 158
424 730
954 952
517 821
663 272
670 990
902 641
288 19
429 333
315 437
649 986
916 83
169 916
325 910
702 958
624 37
443 798
500 511
752 428
809 407
343 351
658 956
18 978
927 483
173 905
947 930
323 182
305 995
240 105
838 142
803 875
546 582
260 325
190 357
449 850
708 586
665 875
448 897
772 23
330 874
209 282
453 782
523 56
175 763
860 693
60 4
984 455
194 400
41 524
428 870
176 262
799 299
551 673
413 69
316 587
579 651
53 81
521 923
892 473
467 116
604 114
693 736
640 449
789 99
801 537
540 136
132 257
975 623
891 102
519 835
362 43
297 905
182 62
709 430
150 53
530 753
244 516
326 962
56 831
546 566
1 877
732 27
48 443
757 82
443 817
815 853
952 68
630 671
509 564
581 368
56 816
794 317
626 484
256 517
297 458
195 886
764 646
391 238
127 801
122 873
499 271
416 868
791 70
157 500
956 393
980 944
555 746
429 119
98 970
119 78
307 821
714 376
490 207
830 509
837 867
360 455
424 668
679 867
764 682
906 628
495 175
850 741
957 26
328 70
7 206
1 395
359 487
193 760
594 994
738 395
383 452
792 513
522 740
141 962
396 700
582 36
824 257
860 980
91 276
777 644
210 31
145 639
654 836
550 576
338 131
275 134
266 434
706 549
74 287
898 247
201 12
501 70
928 948
168 180
508 844
788 437
701 295
974 971
21 365
561 755
293 586
749 505
752 269
991 395
682 507
976 272
353 165
743 548
708 854
695 283
461 75
9 205
522 599
48 883
288 82
30 372
490 830
817 150
26 898
527 885
531 900
196 553
278 599
133 515
635 650
784 193
441 468
774 810
770 543
656 95
105 794
263 804
585 885
205 91
849 191
833 351
871 881
856 474
713 162
348 660
937 539
286 206
207 788
822 400
214 131
910 649
482 722
870 463
786 253
164 817
327 44
554 411
199 442
223 744
959 37
512 231
15 391
29 86
975 919
479 819
10 98
887 4
392 143
32 617
1 445
548 757
191 694
175 840
776 491
329 983
259 643
616 953
587 105
954 69
23 340
832 552
799 640
312 697
876 306
419 10
87 934
610 410
47 188
342 30
261 125
597 329
303 832
583 542
755 724
957 254
650 490
915 371
451 303
463 931
522 476
613 308
995 48
316 539
866 934
25 296
258 843
971 25
950 796
59 5
436 701
723 244
732 371
506 216
930 558
825 754
276 812
105 916
269 374
393 78
817 371
13 163
775 732
33 229
829 517
887 735
776 476
432 948
465 50
35 121
694 582
486 832
729 302
290 588
198 508
180 957
36 550
70 747
43 837
120 636
766 745
418 282
281 337
702 435
519 46
250 588
935 322
147 901
725 285
310 334
941 628
461 589
363 287
92 543
473 27
80 334
391 749
897 395
29 837
664 740
145 125
300 709
592 702
411 448
515 212
985 780
416 883
224 500
505 977
64 975
567 147
101 579
252 681
134 404
449 918
780 493
578 628
865 879
358 420
217 66
496 770
491 703
467 581
44 263
35 748
607 899
193 177
106 447
162 555
907 70
716 91
566 905
171 900
761 718
871 870
547 784
74 584
972 733
225 595
714 210
405 542
801 873
971 206
330 155
5 630
221 532
842 112
602 133
362 330
712 413
360 621
325 224
607 356
626 284
34 232
96 419
944 593
956 629
770 675
96 83
228 85
611 328
328 864
646 182
56 656
669 326
273 602
68 576
960 827
955 976
26 772
186 289
892 263
812 518
138 978
58 112
240 772
236 184
410 250
629 226
210 857
957 894
412 527
210 533
974 940
997 165
501 323
322 912
160 170
685 176
425 43
333 621
639 103
427 379
680 515
323 589
700 547
536 598
735 303
334 293
55 315
585 68
558 495
271 631
717 357
935 452
229 555
842 731
74 376
265 135
173 957
756 148
778 555
448 192
552 853
391 592
137 478
604 601
893 112
98 374
621 424
800 602
311 472
967 233
474 322
295 968
392 754
605 507
723 152
792 569
633 236
488 762
905 952
199 27
860 818
615 597
139 841
990 435
336 883
249 342
133 149
153 185
589 301
67 967
828 366
179 666
602 503
637 200
162 119
14 257
971 536
58 732
297 850
461 972
881 230
139 402
742 566
681 352
357 716
363 578
369 819
155 917
131 844
897 305
70 788
73 140
