987 127 873
718 404
283 469
241 879
560 979
860 328
90 367
616 880
223 134
600 91
903 124
556 407
119 166
894 264
493 648
888 677
532 641
751 779
412 690
901 617
403 489
373 237
280 295
155 120
405 694
277 551
358 262
244 821
859 971
959 185
810 854
280 409
678 771
540 919
648 339
295 769
573 236
23 504
721 63
141 678
287 109
100 916
427 915
427 466
105 509
353 881
235 441
631 557
602 660
725 419
984 407
865 693
556 737
34 341
616 905
26 760
617 788
909 691
430 594
732 443
59 106
684 327
310 485
291 444
40 84
170 775
907 883
16 115
566 132
530 470
488 386
213 171
68 466
859 836
784 778
224 43
765 71
150 146
8 746
397 526
472 238
860 574
288 146
702 559
841 947
908 537
68 160
165 586
817 42
609 63
354 478
251 192
566 287
728 667
524 475
611 371
424 678
680 68
348 237
297 334
320 180
942 315
821 787
981 926
480 319
649 568
24 720
795 289
523 234
922 598
482 875
55 416
202 726
858 206
262 108
605 583
297 119
910 13
554 68
289 506
655 607
951 828
340 242
564 960
316 326
469 546
261 312
943 95
515 761
72 977
470 895
237 360
806 52
777 397
275 434
561 935
441 388
864 225
82 128
752 346
871 356
657 898
632 584
145 195
679 624
495 628
482 251
314 238
326 86
897 60
345 844
604 620
550 928
133 350
210 393
950 102
859 114
187 536
561 208
233 385
436 661
595 349
453 82
622 614
767 358
633 187
815 431
549 585
895 340
517 31
158 334
490 349
777 68
849 356
224 943
639 122
403 6
760 549
194 236
193 551
208 127
428 702
711 767
579 222
16 702
59 169
352 137
925 915
633 435
80 95
785 418
594 494
558 563
465 950
835 772
56 89
354 832
882 165
801 653
844 588
335 111
257 646
34 294
630 945
414 941
886 906
130 91
44 163
365 890
891 433
752 194
497 74
164 340
379 361
708 718
374 780
611 818
863 370
405 471
860 625
671 111
254 24
859 701
657 825
66 406
481 973
968 456
165 253
779 363
857 134
953 419
249 913
620 673
642 177
959 118
524 100
57 552
288 652
182 647
611 755
189 940
52 291
242 77
275 720
223 987
677 74
505 828
668 574
968 860
297 479
817 624
786 511
413 728
624 409
757 133
187 461
96 747
726 534
686 533
491 440
265 356
391 163
823 283
274 90
222 414
466 301
691 413
517 557
845 254
697 983
369 101
911 438
404 956
371 667
839 763
721 564
733 383
115 679
688 747
96 974
285 560
894 792
773 821
425 303
452 386
525 286
294 49
204 94
200 179
798 68
987 226
132 525
591 463
356 374
344 679
390 662
667 901
824 971
760 138
646 691
621 391
90 839
598 561
494 944
877 870
853 144
484 725
113 206
335 580
449 916
946 419
301 213
886 369
875 332
933 166
718 609
61 9
373 816
506 484
950 2
215 387
669 224
626 931
121 386
482 872
346 611
885 141
814 501
576 827
510 272
444 704
807 676
663 56
208 534
738 518
626 100
212 234
895 894
134 887
822 775
475 663
783 210
285 340
473 908
766 617
758 959
10 858
131 6
940 894
441 890
917 737
460 19
355 559
67 479
296 882
911 556
23 665
676 827
282 130
554 849
568 347
336 883
650 202
485 897
91 413
44 720
489 485
491 160
47 272
547 5
775 440
71 808
624 495
428 411
527 603
116 272
431 882
502 64
405 634
572 808
913 165
2 704
418 350
442 145
96 195
980 406
944 114
731 95
347 213
514 46
143 209
801 90
683 625
915 980
42 559
168 683
80 718
143 335
804 675
802 974
909 790
452 972
409 895
893 18
863 556
961 642
663 674
514 612
521 286
769 400
798 228
753 12
63 976
179 586
603 930
786 368
620 129
546 398
340 571
840 605
198 143
144 244
904 178
373 745
666 222
965 827
608 362
85 778
393 459
681 156
518 417
118 967
28 531
227 790
852 792
13 284
440 837
120 559
828 604
824 632
481 407
560 635
412 827
684 653
2 820
817 581
634 492
46 278
953 570
39 726
123 640
228 787
47 969
288 781
550 30
878 526
740 509
949 128
317 649
701 848
748 938
58 497
722 661
359 93
214 935
258 193
769 717
874 240
535 755
261 641
969 353
805 504
748 621
181 163
93 667
850 235
723 691
405 254
732 339
966 496
515 167
221 94
57 191
340 653
609 657
431 308
33 326
141 220
104 725
132 425
136 983
942 986
10 871
576 834
246 500
60 585
426 657
178 546
338 914
885 412
39 224
361 523
374 517
868 897
200 949
379 737
317 535
323 512
783 638
953 511
450 967
355 918
771 892
297 399
422 33
754 337
310 858
951 376
209 525
563 946
621 392
648 716
497 52
799 570
717 494
710 11
201 890
754 124
586 787
583 289
851 666
673 677
101 855
647 562
798 765
814 374
122 484
676 305
547 332
132 65
491 896
66 48
434 99
961 235
51 656
394 216
596 449
263 195
311 285
124 550
362 238
198 493
455 925
512 162
205 536
343 318
640 621
417 462
762 621
376 288
791 784
682 898
559 625
860 294
697 3
952 644
637 698
138 411
312 507
351 227
412 483
735 33
877 472
866 351
568 662
400 456
548 833
18 558
735 807
819 153
667 376
476 158
895 673
143 543
622 114
953 244
984 669
616 369
519 978
664 953
964 299
393 395
342 566
505 537
269 585
472 875
509 400
169 306
248 403
940 542
203 213
318 703
712 440
409 123
938 345
461 107
784 730
908 445
923 113
675 929
501 704
62 719
538 20
802 336
311 973
751 576
773 480
734 746
696 373
911 5
366 337
722 971
593 108
31 379
288 568
791 14
935 821
289 215
247 487
398 596
283 789
616 92
451 283
53 129
712 309
439 135
599 949
905 514
965 89
394 433
150 19
602 599
790 867
828 361
534 173
423 543
326 466
74 313
977 298
879 392
920 334
146 812
590 430
248 3
528 897
929 154
936 855
491 104
585 462
733 295
526 196
568 478
869 36
712 977
448 646
773 359
366 643
392 334
570 107
921 353
359 17
39 315
527 420
621 636
170 760
16 605
310 960
482 336
966 739
836 1
380 595
968 181
935 473
807 509
252 658
921 712
96 475
560 703
888 939
511 190
219 897
880 207
744 885
933 839
933 564
368 254
151 53
666 313
590 20
553 449
39 319
528 546
920 488
701 961
241 821
436 368
582 46
221 909
940 727
87 473
63 914
515 314
570 4
104 208
691 7
799 23
459 804
556 600
592 305
345 533
822 414
312 835
917 485
14 672
465 64
361 493
845 219
263 201
245 667
943 536
13 77
837 882
346 7
206 839
136 501
108 129
632 38
211 781
310 58
910 538
722 384
524 346
341 801
346 696
111 140
81 877
635 107
719 456
312 697
224 437
262 270
132 373
783 775
246 423
386 143
383 501
289 378
260 793
211 753
27 774
734 836
110 363
205 887
249 50
748 830
227 23
23 796
302 811
831 394
420 458
940 514
186 270
23 676
80 598
523 813
743 376
298 128
608 196
859 734
751 848
803 887
668 19
95 486
403 742
960 320
870 160
221 338
26 585
815 282
945 318
756 528
803 138
131 904
553 403
600 693
489 963
868 895
551 84
903 431
674 6
514 443
493 491
382 594
316 334
874 648
5 215
443 768
824 152
438 479
283 472
843 553
285 860
691 312
565 200
804 653
457 267
484 907
49 176
300 783
490 7
84 465
783 594
508 470
190 234
400 731
615 555
804 897
700 108
883 710
482 597
619 435
648 610
926 87
424 705
287 403
429 499
151 757
632 188
672 409
438 667
911 56
123 407
502 766
150 47
869 475
425 801
704 74
226 881
464 853
207 607
25 449
932 280
32 961
588 457
419 716
309 370
268 858
726 345
604 91
40 516
708 595
628 128
70 678
436 845
814 693
33 834
907 947
272 673
671 941
27 694
760 950
929 226
503 635
927 548
463 358
702 793
929 658
431 5
265 154
550 533
162 789
784 163
341 171
761 984
366 635
956 658
432 244
101 264
488 669
260 55
616 478
572 957
60 871
367 12
82 411
523 392
169 119
865 425
742 540
93 586
115 26
331 588
412 153
36 350
422 367
654 242
599 825
396 556
156 756
690 967
666 250
373 867
809 637
563 429
557 376
854 59
930 828
214 292
216 263
155 233
132 693
661 50
384 712
601 471
216 816
895 220
404 760
349 669
590 436
961 321
971 606
294 173
260 492
841 375
333 315
518 187
330 515
803 117
713 358
537 357
799 764
223 472
786 132
832 88
798 576
240 124
445 719
202 889
241 14
302 76
484 424
365 582
360 522
923 522
487 676
146 70
186 683
369 229
674 422
175 259
171 447
736 332
492 191
890 634
812 596
617 368
607 604
61 336
536 499
122 785
132 212
226 140
500 969
761 564
934 34
866 65
548 847
709 735
653 917
846 569
630 363
440 322
464 554
230 835
133 390
235 443
644 246
543 442
16 816
463 877
482 201
680 717
527 821
204 659
560 204
478 574
587 10
141 931
677 684
817 327
594 46
