1000 39 959
853 287
479 91
444 63
609 854
402 112
38 950
694 282
467 353
765 317
763 298
632 994
257 277
842 781
77 741
329 300
437 827
144 465
104 870
375 513
572 480
587 370
418 771
285 550
288 981
29 762
446 363
645 796
815 322
28 554
773 107
588 752
270 592
695 90
217 28
431 118
515 934
681 621
508 566
385 115
952 124
956 759
118 764
252 852
742 530
812 404
313 381
845 118
608 95
495 672
656 657
827 491
643 199
954 421
524 3
463 761
408 379
814 927
261 525
178 386
511 969
447 396
305 625
969 933
289 275
258 756
819 974
841 807
3 312
872 300
523 637
836 100
771 298
340 455
942 638
22 863
398 850
52 992
480 538
630 136
87 758
551 878
300 519
390 727
945 531
810 21
559 397
535 107
652 972
167 385
995 546
718 658
649 547
267 946
98 491
424 952
996 234
544 174
867 922
696 907
249 871
728 938
465 520
491 665
569 183
28 612
946 655
697 265
115 100
565 461
741 890
548 156
360 566
300 625
46 73
142 323
505 412
310 785
733 957
526 237
809 796
916 702
520 523
21 387
297 224
531 888
980 954
558 640
639 269
633 149
548 411
684 748
583 204
599 615
271 156
986 999
460 156
250 431
804 278
776 875
581 164
509 421
739 438
708 949
148 438
324 822
90 676
929 577
94 278
915 44
262 755
170 328
674 497
553 562
982 505
427 348
773 753
943 445
173 192
276 853
883 552
166 700
894 471
497 457
411 114
412 814
310 616
201 512
68 148
948 500
87 656
656 578
306 162
43 882
923 117
770 86
436 764
704 66
25 740
304 131
334 557
846 811
149 280
620 773
261 577
834 786
84 502
154 447
66 299
241 554
387 661
725 509
923 531
873 843
457 534
305 379
943 54
555 950
121 718
372 762
621 814
337 685
217 601
396 169
292 461
636 954
63 218
970 201
936 963
372 881
955 322
444 466
597 740
114 371
69 282
939 870
242 522
7 418
515 217
688 931
96 277
128 375
747 161
47 941
496 334
506 182
423 643
673 879
771 734
672 527
121 163
954 759
234 241
221 889
762 707
560 901
172 328
327 320
868 274
726 600
549 701
937 526
624 696
217 457
202 626
224 728
852 540
96 469
704 328
535 194
655 251
295 787
663 761
362 379
640 99
374 210
505 292
436 897
866 771
254 802
52 462
35 18
571 589
362 481
468 590
555 144
309 400
258 948
478 318
881 742
995 105
464 340
270 495
957 443
437 7
489 961
206 712
413 155
325 477
464 362
127 304
759 695
873 86
713 980
671 654
907 657
601 270
127 534
57 25
310 548
994 255
89 770
581 700
716 590
571 463
305 194
954 85
680 937
563 359
186 480
702 233
360 186
311 134
860 960
704 390
600 609
937 632
53 351
999 90
721 828
501 122
946 619
726 563
588 240
541 203
97 630
408 342
13 662
317 133
786 845
887 996
148 136
102 427
711 267
849 600
337 137
678 194
220 434
977 874
690 264
724 654
768 139
70 824
931 101
728 873
661 376
72 687
184 79
233 781
306 370
839 526
283 893
486 294
414 105
210 486
769 999
928 471
430 394
810 355
626 886
909 502
788 672
679 428
684 829
319 782
81 84
693 823
13 444
439 449
55 95
288 966
725 746
682 264
968 906
119 908
807 905
946 775
40 784
998 526
188 163
885 43
720 412
808 847
864 549
550 169
136 265
81 894
323 451
912 106
790 931
906 115
750 886
648 210
247 148
266 90
51 183
119 204
667 334
933 600
611 184
905 868
307 895
193 488
547 480
259 787
328 13
187 471
948 378
336 792
194 304
910 734
598 363
51 505
425 250
7 607
134 401
448 180
730 697
539 199
528 943
312 579
336 434
321 658
761 704
711 622
397 344
423 740
883 667
149 675
675 108
280 351
534 420
404 946
23 539
863 457
424 1000
313 236
873 335
952 824
159 760
895 837
433 568
547 797
174 239
251 601
218 871
125 263
637 506
30 741
628 882
820 945
801 912
191 978
845 529
203 301
311 557
495 334
888 479
676 461
350 337
631 601
157 367
457 29
802 419
300 940
556 698
366 915
317 940
774 26
495 250
567 478
840 860
2 612
628 835
535 907
965 529
591 293
98 42
640 168
585 927
625 447
87 364
833 781
299 833
412 379
644 677
884 863
687 826
257 266
133 565
369 579
855 208
129 649
110 588
159 540
939 248
229 141
865 113
838 955
796 302
955 18
197 516
851 209
487 555
228 301
312 472
639 31
144 800
227 389
411 214
840 162
929 613
180 526
319 764
390 736
76 248
660 706
542 695
607 977
80 946
26 257
927 689
602 450
930 967
792 743
668 525
553 850
926 252
632 778
533 61
103 201
928 318
81 760
144 902
502 594
992 704
421 875
897 197
742 655
300 171
398 422
634 955
943 370
392 73
933 111
939 581
565 554
789 176
215 104
879 955
447 942
202 822
680 508
874 92
804 421
174 807
249 398
250 449
144 380
466 876
382 470
927 569
539 165
242 454
829 468
406 243
147 903
284 223
595 284
795 469
89 336
792 685
195 388
779 438
293 672
871 771
640 514
458 221
121 36
995 146
711 228
37 526
297 40
543 750
290 351
334 958
286 176
973 870
719 739
987 522
670 610
981 410
314 473
677 969
415 29
224 249
764 95
737 556
761 108
574 907
417 549
109 552
390 967
89 241
816 316
610 720
222 724
297 31
600 446
773 670
497 717
326 647
328 768
679 122
579 817
399 36
221 591
168 845
545 37
436 166
297 662
823 55
645 428
995 849
341 548
536 373
115 159
881 364
534 345
336 156
99 281
486 295
440 97
634 725
910 485
114 993
356 471
602 377
729 836
988 790
442 364
117 100
763 159
801 166
195 108
195 525
601 372
831 267
503 636
535 773
131 585
924 593
925 625
605 178
906 331
202 703
645 151
622 51
215 128
159 693
591 71
779 797
339 25
763 627
574 402
434 21
235 246
93 569
896 409
273 588
473 194
786 636
718 960
18 187
218 544
178 341
498 988
964 312
594 224
415 576
42 565
396 755
901 900
765 719
815 726
476 55
491 925
937 847
741 858
45 634
262 605
820 35
751 470
52 585
58 215
844 329
341 184
63 164
326 913
671 572
808 750
316 92
973 252
201 140
214 510
762 801
791 33
773 139
695 683
665 967
233 714
560 923
758 116
850 613
89 577
57 397
476 579
287 941
381 429
64 336
596 777
488 549
622 752
243 612
301 21
741 462
515 878
103 875
777 528
990 19
935 264
351 557
237 607
727 139
637 219
950 541
635 736
965 377
387 710
766 667
368 567
750 881
829 970
424 326
861 729
672 352
454 602
556 710
483 250
642 627
827 396
615 840
505 636
801 691
278 608
648 667
466 398
427 299
382 628
642 360
948 840
642 934
216 198
273 514
952 352
95 439
468 429
799 225
443 768
175 678
867 932
380 638
33 585
791 12
559 738
396 674
251 276
222 320
359 501
432 441
61 918
470 606
32 737
489 259
708 499
696 942
892 234
347 549
660 838
463 288
747 491
893 872
275 204
260 611
730 159
853 754
164 882
974 868
607 118
597 423
244 206
235 254
695 144
833 397
516 670
801 894
360 37
972 210
877 84
532 445
233 801
128 603
667 396
383 109
203 237
873 911
775 484
58 394
873 142
745 346
183 452
474 986
556 799
896 447
529 895
719 924
982 890
250 280
961 608
497 36
286 177
665 265
107 807
556 822
165 422
121 151
738 300
965 118
60 295
931 744
635 825
134 448
652 52
290 718
599 995
490 710
977 582
110 876
479 848
775 898
506 662
211 789
23 632
842 57
988 120
321 608
246 579
572 38
655 216
22 378
722 935
932 914
602 15
313 429
685 500
587 200
348 850
907 915
629 449
567 356
406 386
1 359
845 3
748 478
886 537
554 866
511 354
656 326
668 803
966 322
99 651
890 611
307 240
151 302
269 942
765 885
48 150
844 235
889 452
70 351
308 422
169 582
25 658
795 506
115 712
286 332
92 477
446 13
423 46
997 640
709 161
66 899
930 707
576 896
778 645
347 333
399 793
901 199
519 3
676 499
108 748
157 712
959 346
505 414
423 52
43 743
99 663
545 669
763 741
251 409
146 391
317 788
970 868
524 391
368 483
938 167
752 427
168 803
821 360
940 518
306 347
318 648
101 583
282 920
288 353
158 142
76 121
585 901
883 589
532 882
522 225
453 483
806 37
175 67
277 465
489 549
403 484
268 127
210 624
502 266
951 394
228 919
334 245
865 992
816 358
519 792
48 697
135 820
446 70
978 561
846 802
568 664
888 314
903 236
981 684
924 354
235 30
560 809
168 79
756 884
901 166
827 528
935 741
410 818
694 856
604 21
639 672
650 481
988 11
800 223
106 428
574 90
711 879
948 64
588 728
593 467
764 63
952 258
647 822
864 447
759 105
386 883
534 151
844 869
94 431
957 460
893 802
333 646
591 697
873 593
365 238
13 397
976 774
152 475
508 101
133 930
221 719
859 80
225 927
