1000 387 613
602 428
586 901
440 124
579 88
71 572
462 476
717 221
816 69
708 785
494 817
356 912
264 355
729 626
248 232
147 803
380 239
727 402
753 334
154 426
873 647
61 380
190 310
690 925
252 406
224 37
768 982
620 871
134 410
743 236
519 477
81 721
180 969
424 557
529 56
170 719
456 935
630 347
492 49
504 403
339 312
473 466
373 931
672 449
465 551
74 648
461 360
968 839
868 813
249 743
132 453
441 545
567 721
106 251
3 833
466 717
379 831
207 121
345 606
357 845
691 840
122 894
534 700
220 441
224 675
723 284
165 798
933 449
738 686
200 885
87 596
776 428
106 169
283 566
178 618
413 863
681 921
862 349
996 981
360 300
296 737
356 414
875 889
958 221
730 459
243 827
204 228
899 969
602 720
722 558
386 653
310 970
646 607
168 864
562 777
420 158
687 262
533 139
364 205
431 864
438 466
93 486
293 239
528 892
398 395
103 284
665 206
359 466
350 79
177 131
403 954
198 35
315 323
408 644
73 279
619 197
121 31
180 262
771 228
726 71
545 668
424 34
195 498
605 177
504 297
34 770
970 325
745 414
405 992
252 908
286 525
278 13
158 364
649 348
194 727
21 848
978 90
822 320
665 766
554 967
150 730
563 382
985 432
85 466
348 576
814 990
800 39
186 955
84 94
27 961
294 429
605 732
794 152
735 151
695 848
224 104
73 517
136 307
296 809
557 552
791 681
124 95
567 692
453 419
279 557
549 963
695 119
76 941
244 334
969 483
27 12
956 385
280 84
125 105
273 834
543 445
719 127
883 554
980 635
903 807
834 931
443 39
347 321
609 744
91 822
251 558
473 91
60 376
193 758
913 775
402 746
173 6
596 201
845 275
120 547
111 637
276 61
532 485
376 618
94 912
946 585
199 112
845 674
750 528
597 26
525 172
585 708
234 445
484 874
11 410
233 849
646 590
328 384
612 477
443 390
604 340
484 419
292 62
439 194
721 606
228 709
108 205
878 922
94 463
695 302
380 998
500 691
318 75
993 679
279 954
400 198
357 554
637 595
986 181
619 49
817 181
355 408
142 207
469 180
819 493
50 516
620 645
295 897
334 568
4 872
218 753
905 467
845 309
533 783
504 454
74 908
396 293
174 409
150 100
111 496
258 427
768 3
544 546
786 151
480 405
224 253
820 223
652 644
454 565
608 772
173 462
787 118
835 571
531 76
323 984
579 345
23 763
392 904
598 565
387 657
411 365
35 980
927 599
581 24
116 994
288 480
912 204
384 505
177 72
895 632
992 320
26 649
401 842
190 358
508 833
726 567
695 948
754 508
173 653
737 760
464 550
412 201
350 221
230 923
312 235
420 409
704 187
558 2
960 893
389 892
569 79
136 488
235 630
431 667
668 893
32 564
915 172
128 287
149 482
866 104
189 669
647 419
947 890
34 946
155 190
156 955
881 195
237 744
826 577
234 25
590 838
879 739
395 190
103 847
890 624
118 864
368 647
882 930
216 429
829 804
232 525
585 749
521 540
560 734
293 889
614 249
989 350
923 397
644 987
531 795
583 550
32 117
918 140
58 210
686 886
78 182
752 204
862 661
722 820
148 427
39 364
898 798
331 685
860 881
49 37
337 224
851 688
369 276
864 315
618 853
283 524
77 762
21 22
426 432
959 989
423 140
696 103
774 22
724 453
179 416
525 213
759 334
271 90
254 533
526 483
249 573
260 20
734 592
794 583
655 457
633 487
815 534
249 956
555 838
207 148
872 843
925 815
178 10
203 672
343 522
855 903
348 444
869 717
354 135
203 290
451 793
886 261
696 742
538 586
367 368
293 374
182 707
174 206
366 793
840 600
999 82
750 895
605 521
233 378
410 44
744 466
807 645
589 610
601 38
198 31
772 354
141 940
843 360
866 816
975 384
457 52
541 273
781 978
897 119
579 109
132 553
26 881
569 122
571 688
572 635
280 535
321 995
261 612
675 662
861 528
450 217
434 332
845 130
575 197
694 10
522 154
831 640
55 495
682 950
191 673
458 742
947 566
418 972
385 844
228 935
252 171
668 197
178 159
142 344
789 176
446 899
708 99
886 299
6 813
800 119
564 296
806 440
481 495
701 884
846 505
714 369
258 996
870 310
77 783
592 386
810 750
483 216
102 222
939 287
603 35
849 252
470 889
985 297
54 518
794 329
624 99
465 541
145 791
589 81
951 372
201 215
453 261
484 660
939 157
223 187
804 678
540 243
342 992
558 868
355 562
144 873
216 353
570 847
423 408
899 1
15 102
567 533
936 90
343 375
161 562
770 862
720 909
166 126
520 923
658 714
538 654
446 246
889 945
283 460
606 879
975 342
822 641
558 903
154 210
819 470
712 675
839 484
7 490
609 581
441 491
625 872
728 409
40 390
78 983
902 398
620 60
332 928
104 510
453 628
416 213
624 267
268 928
101 833
450 805
394 216
8 859
262 315
289 356
70 835
162 231
851 156
524 916
269 46
577 736
136 412
124 420
942 680
191 726
146 38
884 922
628 459
103 641
482 283
558 661
580 102
693 559
745 682
636 454
846 944
125 289
146 906
531 366
972 833
378 480
932 369
262 380
87 493
111 698
810 313
822 793
83 407
4 441
569 709
293 804
275 960
264 704
882 283
345 207
974 784
734 252
912 794
79 274
28 74
291 861
73 896
425 39
377 417
182 612
323 938
291 687
851 533
865 665
920 621
807 568
698 673
284 428
476 954
467 469
946 993
585 726
420 274
135 554
950 548
129 519
185 754
192 267
888 209
362 389
994 242
192 736
694 653
286 233
634 561
514 458
754 627
623 143
423 689
745 711
456 792
480 255
498 857
657 161
14 23
334 916
992 115
876 377
738 621
515 494
513 824
72 161
809 445
90 11
268 154
717 65
630 516
80 249
304 784
953 420
569 751
67 374
294 652
151 430
890 541
739 118
923 485
489 973
700 701
731 480
505 470
545 56
634 839
683 346
243 705
432 262
955 559
859 793
386 198
30 172
766 14
716 913
814 984
71 673
831 884
103 834
653 389
380 106
806 378
189 102
210 92
646 165
867 226
512 59
363 622
170 482
344 484
983 520
590 644
312 822
271 867
768 440
620 258
32 648
742 937
617 501
383 139
278 570
98 19
171 384
672 318
153 155
920 951
711 234
846 662
599 601
866 966
24 735
702 737
396 510
449 967
539 252
424 575
412 992
507 220
433 356
180 10
84 395
686 488
791 677
282 96
66 466
580 713
482 64
160 726
352 820
231 967
690 297
302 604
297 891
257 383
556 732
175 893
595 59
558 120
410 383
134 142
666 859
452 687
630 444
924 692
466 628
312 522
195 260
791 539
417 38
156 625
398 293
833 701
941 975
378 620
631 807
280 691
165 524
793 443
224 1000
589 959
809 700
677 91
573 201
788 198
538 297
196 549
180 895
734 576
48 138
981 987
708 16
448 400
318 451
2 497
86 70
553 229
650 42
658 720
888 686
615 114
376 210
561 725
343 228
465 428
513 871
383 896
611 274
946 266
471 513
53 776
813 983
261 130
906 246
962 646
80 791
458 657
553 543
630 150
558 358
289 368
894 561
830 52
251 496
460 735
842 593
489 771
313 370
638 589
898 207
114 920
378 6
705 85
88 96
512 812
813 604
955 418
335 519
906 688
557 372
345 515
793 792
414 152
200 417
389 524
248 278
578 95
78 35
27 199
193 314
530 815
344 838
384 819
415 919
831 635
902 635
107 984
453 894
32 819
186 404
310 988
322 293
414 646
966 789
982 671
294 792
534 865
358 759
38 698
245 44
53 364
655 956
709 304
8 909
81 586
481 811
850 18
460 409
218 346
292 343
355 617
169 520
109 857
490 13
68 120
110 295
318 470
244 936
12 371
703 191
368 988
5 537
914 6
432 997
723 539
673 754
365 964
841 447
861 562
524 374
540 764
368 655
823 334
426 889
95 537
424 973
478 572
140 928
181 620
991 839
514 616
626 460
697 624
106 833
405 205
356 929
438 92
994 101
64 643
979 248
214 871
882 65
477 708
988 623
173 41
735 555
130 650
988 421
306 806
727 577
886 145
637 49
149 277
377 127
685 686
11 249
299 612
144 846
578 448
90 147
196 489
406 783
381 960
233 627
983 277
896 103
868 131
4 793
319 903
115 960
222 414
307 169
756 116
986 525
111 764
739 714
843 251
86 815
82 910
181 51
864 75
55 800
271 16
326 911
401 761
819 956
274 435
522 208
220 337
646 87
484 773
658 375
878 575
210 739
91 694
291 434
489 887
390 956
627 750
650 977
334 681
63 553
70 556
794 436
386 284
107 25
170 284
4 846
917 806
616 846
381 477
375 356
145 342
859 357
655 830
200 891
202 100
407 826
412 815
911 988
348 54
790 57
172 806
837 516
156 82
729 716
155 118
16 810
270 834
774 731
647 432
294 629
737 905
12 550
526 180
84 565
973 869
257 112
168 623
108 599
708 361
20 446
522 783
524 25
750 83
185 293
76 495
