1000 250 750
366 467
250 923
324 58
775 614
278 402
136 653
453 557
369 27
358 729
392 287
420 936
634 80
81 768
159 469
872 467
499 1
874 157
300 942
250 716
406 246
401 786
975 984
270 377
576 780
100 273
546 717
256 933
181 434
857 929
562 948
671 496
940 228
88 424
213 724
499 284
97 706
924 909
43 551
762 948
842 900
373 749
865 21
654 134
207 421
861 242
889 892
371 629
330 48
615 890
158 190
292 668
816 406
195 211
866 641
111 928
27 637
104 143
707 813
939 233
126 657
232 685
404 458
216 23
601 291
835 911
970 884
90 288
72 852
218 784
98 648
534 554
855 447
664 480
527 103
825 967
763 33
212 776
5 438
263 152
200 388
711 826
258 834
65 538
880 552
392 838
857 468
497 471
594 972
227 563
596 682
900 955
41 550
691 910
919 527
296 49
915 538
438 507
936 758
823 73
661 353
594 723
998 873
673 188
881 821
911 785
365 606
839 477
404 131
383 442
625 265
733 335
18 820
504 249
722 25
547 512
800 21
435 986
556 945
169 91
211 762
37 271
636 677
211 557
323 109
945 296
26 79
900 192
867 639
301 783
250 397
552 139
376 157
888 837
39 720
700 169
467 679
441 64
111 509
641 698
528 743
960 979
248 562
120 784
406 864
520 586
100 371
595 621
810 591
191 113
568 852
892 82
797 396
255 474
497 157
807 84
194 848
910 727
826 237
743 911
2 190
211 256
412 221
210 418
849 140
19 236
987 246
776 193
213 314
27 604
706 501
897 509
280 339
770 456
718 464
216 160
543 496
643 866
490 275
454 887
930 103
786 677
31 12
351 822
494 767
839 445
412 179
863 473
925 182
548 656
437 346
195 741
868 942
274 449
486 345
951 707
665 599
461 791
33 85
64 19
267 417
536 165
666 43
695 920
987 14
870 605
111 708
420 400
310 781
494 8
460 585
832 8
144 328
788 999
354 604
370 932
202 153
614 856
248 931
133 912
918 132
350 555
238 91
617 940
157 291
427 470
296 540
633 127
431 678
409 223
183 999
521 87
56 176
556 310
244 158
554 942
856 132
139 400
882 353
668 397
50 632
483 617
477 409
53 459
922 346
193 54
658 618
605 957
186 845
482 866
72 647
704 405
692 704
79 511
5 279
209 66
273 212
14 193
943 462
946 653
584 690
23 680
633 318
169 776
170 286
271 311
690 999
816 141
634 113
662 751
621 526
206 973
489 897
545 590
194 314
93 793
867 435
59 983
659 614
340 585
911 386
782 431
820 963
821 359
111 667
347 399
825 985
30 957
92 442
525 104
261 822
778 331
670 691
323 837
381 353
701 323
497 819
157 133
706 189
476 462
575 866
967 935
727 290
695 282
319 946
536 596
91 55
350 151
796 802
709 697
179 946
322 357
121 133
644 850
924 707
725 305
654 745
270 417
473 506
323 277
60 455
424 107
152 863
855 811
815 917
64 110
450 152
480 72
661 705
51 176
124 623
2 297
477 679
223 49
494 223
449 703
480 591
878 590
966 690
516 852
925 799
146 815
835 723
438 455
739 697
999 185
860 506
86 961
741 347
681 764
206 422
841 912
696 213
458 201
119 487
1 853
137 694
609 967
603 943
792 284
383 615
640 133
819 230
271 617
253 41
466 962
750 437
568 710
251 863
56 42
971 777
159 141
716 26
6 417
716 869
497 436
836 790
38 524
721 319
285 812
923 590
97 579
686 326
1 502
603 701
612 819
469 664
15 266
75 274
268 688
623 965
730 246
958 621
106 963
357 145
192 348
858 141
280 363
154 361
55 295
502 312
839 389
530 993
564 392
28 77
651 328
27 315
273 177
279 320
825 315
689 242
49 247
56 893
530 620
475 596
724 653
323 578
937 858
704 685
197 785
817 909
772 607
548 149
180 479
301 687
287 105
505 595
888 67
431 773
389 775
369 719
78 2
900 277
614 457
72 841
893 983
826 852
34 849
209 900
18 691
708 558
742 3
919 410
246 548
59 604
673 710
104 2
134 916
80 836
712 336
174 906
452 730
460 477
169 823
379 515
409 474
613 897
383 741
718 374
104 340
508 673
341 443
271 326
323 927
807 311
682 531
313 445
886 410
204 780
768 719
799 743
81 372
2 53
758 577
121 736
143 759
654 174
852 102
631 502
27 826
146 536
947 570
37 431
378 331
411 757
443 889
602 960
308 797
246 278
369 580
588 935
800 195
824 488
204 741
960 56
887 720
151 399
116 448
212 414
642 813
187 479
478 461
539 4
653 927
824 354
127 12
540 173
902 794
428 816
649 716
624 911
341 804
728 632
662 735
647 769
32 519
180 924
925 134
360 74
10 912
89 401
790 82
883 688
68 636
193 183
675 639
890 104
395 952
849 836
722 737
943 221
728 529
440 204
828 611
859 199
243 234
818 785
865 995
948 588
556 379
322 950
504 672
49 497
884 413
374 412
300 471
773 353
33 799
332 386
285 603
655 752
617 62
338 60
463 413
546 609
765 698
809 44
210 492
494 842
108 274
508 30
480 486
256 687
665 781
829 790
890 188
594 21
382 630
510 46
938 934
47 414
595 235
945 311
243 406
818 560
5 760
136 510
773 861
398 176
783 869
366 481
160 960
103 674
210 107
361 540
647 207
774 636
317 548
576 348
706 768
661 943
429 531
730 811
734 182
72 37
929 839
825 624
372 535
959 287
737 486
382 635
539 787
777 931
930 904
555 199
29 582
511 468
581 843
631 44
207 692
69 516
961 65
563 11
459 133
830 865
57 389
743 255
1000 525
117 519
779 883
535 411
76 704
40 777
981 898
735 131
571 680
755 724
100 869
31 888
988 12
994 174
925 408
70 543
740 69
146 389
342 390
900 794
197 673
197 451
746 772
947 87
356 336
524 387
409 269
355 997
629 631
455 857
849 398
458 673
278 119
541 112
60 757
789 299
803 551
964 643
159 270
105 113
13 504
78 979
549 276
283 549
479 749
298 967
399 602
363 3
512 710
741 216
835 738
528 322
233 194
747 320
395 512
802 349
690 721
585 257
98 175
801 55
128 334
887 47
478 32
209 214
390 201
661 42
742 168
199 751
777 766
758 455
529 260
417 556
922 493
381 347
465 419
719 60
610 821
158 815
804 906
982 186
979 245
284 857
359 183
481 698
529 751
559 774
328 257
20 990
299 274
614 138
7 981
475 86
530 318
732 690
223 108
645 694
969 183
781 74
827 538
151 162
614 169
225 271
525 923
159 48
854 601
585 430
573 237
320 385
21 795
520 387
687 755
807 928
546 91
779 971
28 686
715 536
291 360
929 130
869 446
45 347
872 822
952 815
440 400
150 153
355 575
400 534
612 607
311 117
13 61
405 597
7 835
565 224
752 347
134 787
226 341
447 544
152 975
567 127
155 7
296 701
438 749
570 599
193 596
464 98
399 592
75 884
493 792
544 320
817 663
740 751
308 783
379 867
890 862
248 425
610 491
948 388
905 663
763 206
731 772
263 338
939 672
780 369
134 582
5 697
895 99
886 830
513 205
460 640
255 659
479 586
163 637
128 185
434 909
744 794
17 133
163 379
187 386
23 243
313 915
299 913
470 290
869 706
736 478
893 65
468 589
746 27
321 11
748 92
912 719
79 452
110 588
694 857
718 615
960 485
338 83
493 694
735 88
519 729
345 941
19 601
755 561
521 233
956 704
668 838
251 578
520 173
186 16
327 609
91 65
508 701
857 70
317 192
247 175
190 335
477 306
411 568
535 728
54 283
559 279
513 267
31 460
135 941
978 499
72 704
956 488
766 318
773 702
250 474
774 345
687 257
618 73
528 645
499 605
21 537
395 209
890 107
280 436
616 605
133 425
22 978
930 358
947 293
591 405
692 150
815 812
383 214
301 409
344 726
406 965
660 883
748 838
579 902
509 5
686 682
833 136
253 60
915 198
837 244
68 641
548 49
455 623
322 435
69 319
435 304
440 978
1000 709
713 545
195 5
590 870
173 557
229 368
762 424
658 677
331 655
705 502
896 299
362 420
780 847
166 908
197 219
908 644
526 389
179 472
526 391
12 461
294 941
952 400
12 176
496 347
182 240
592 634
501 983
349 36
531 159
587 79
109 724
36 823
996 935
605 945
997 193
694 496
512 112
647 688
788 205
762 607
115 87
628 3
231 58
755 299
854 764
226 304
617 269
218 439
78 332
501 756
249 689
316 743
460 20
301 878
420 738
700 359
196 694
504 329
921 197
922 465
970 901
967 424
650 102
729 350
396 780
103 121
274 567
88 130
911 346
366 283
736 151
304 744
301 8
791 861
995 434
477 141
960 841
782 63
318 570
544 551
843 641
982 558
973 95
250 594
761 217
31 439
506 215
314 110
839 719
915 24
749 734
503 281
102 360
613 397
593 897
150 691
332 719
313 576
294 317
307 955
283 405
40 592
37 254
753 961
881 451
78 100
161 650
33 771
446 411
72 697
400 947
94 234
503 688
446 264
851 521
375 75
648 376
661 881
370 644
