1000 300 687
340 378
485 810
774 318
592 19
26 166
769 695
761 855
793 555
159 358
884 553
937 773
657 633
85 503
95 973
981 212
387 140
196 258
568 606
265 353
505 140
507 312
436 36
475 988
382 562
627 285
541 868
806 375
828 432
967 587
89 685
47 202
941 270
642 18
376 228
407 429
563 635
628 22
383 55
47 423
663 415
386 465
626 903
709 111
490 981
452 347
812 749
934 220
934 308
531 318
463 231
400 597
780 388
826 318
579 910
926 515
972 371
842 948
859 739
442 412
481 449
313 764
923 329
680 144
425 424
509 403
43 332
728 136
840 758
212 936
255 557
9 549
897 581
607 586
533 320
396 658
158 514
158 188
289 898
33 892
301 836
457 140
501 867
264 687
163 475
22 384
457 398
319 342
722 927
285 865
738 799
361 238
705 532
260 176
976 722
986 879
720 314
858 538
418 568
784 799
532 922
581 16
803 824
165 565
504 507
863 675
570 442
62 758
389 919
986 370
410 10
838 155
111 269
927 429
356 234
547 692
761 892
951 229
159 554
8 12
379 353
486 822
465 732
387 355
914 150
345 168
907 701
228 211
826 965
42 543
980 383
815 934
139 698
42 12
635 716
45 77
412 800
201 700
257 981
635 783
973 437
919 930
224 866
324 447
103 752
375 362
248 729
24 18
230 638
906 120
453 879
340 264
306 114
350 484
250 99
705 562
53 1000
126 299
177 743
820 912
945 802
397 415
616 186
959 583
556 497
372 92
411 220
226 883
24 708
393 151
817 775
316 358
504 682
207 510
692 959
327 886
622 737
440 287
80 849
768 616
375 810
537 275
593 222
184 720
76 290
496 289
961 879
387 901
275 587
817 43
927 374
874 790
159 188
858 849
708 556
667 450
72 275
881 994
670 901
351 396
104 557
395 174
812 511
468 412
340 941
982 566
541 376
219 491
208 514
431 57
844 803
621 676
67 538
86 640
770 463
746 814
189 785
967 631
247 774
225 138
404 864
768 687
233 190
449 21
79 249
303 83
435 781
149 299
896 420
850 406
15 364
895 387
176 466
838 151
605 705
331 893
215 360
345 767
656 592
523 561
746 268
204 919
830 411
39 14
158 903
805 42
74 732
428 453
515 863
858 887
798 712
473 364
163 293
643 83
61 670
815 50
868 477
956 555
646 510
864 905
612 605
201 872
725 994
595 885
241 68
615 245
728 135
807 889
820 799
580 757
873 189
844 383
897 629
601 345
145 463
544 583
248 204
863 410
852 900
754 229
904 644
130 127
653 617
585 714
56 278
480 811
264 964
24 702
719 412
881 720
454 998
97 475
212 618
848 663
558 179
529 206
335 737
650 609
827 924
29 902
81 825
497 813
796 959
160 137
833 621
319 384
601 687
48 420
374 390
325 499
794 639
84 901
302 542
339 63
66 130
377 186
142 709
74 541
833 196
901 664
363 287
151 456
455 840
574 216
110 787
503 392
51 191
934 829
764 255
901 370
234 76
778 557
628 535
30 762
244 444
308 643
385 731
887 595
992 684
8 198
399 88
919 222
44 934
629 427
963 221
317 366
696 577
6 594
792 794
887 763
819 700
163 971
702 589
809 931
6 950
173 989
387 193
336 407
126 530
48 765
528 435
448 743
499 82
970 721
166 277
607 2
425 997
69 174
816 733
881 327
700 677
848 234
980 191
182 229
984 414
391 125
868 419
656 797
219 409
420 408
192 689
697 235
856 932
248 258
828 12
444 741
19 784
825 71
500 666
745 148
65 801
532 548
599 836
309 870
354 676
661 620
687 985
86 294
53 441
31 176
159 268
577 698
564 610
128 360
102 472
372 438
29 292
169 267
738 937
523 729
249 248
387 989
477 849
869 73
670 424
939 441
60 524
578 673
493 45
209 114
237 439
373 999
182 504
394 212
183 588
792 936
882 862
5 274
237 978
2 546
475 319
787 902
541 625
346 603
452 141
705 63
303 837
184 697
152 854
779 112
172 952
278 385
481 316
433 542
708 595
673 483
623 938
703 165
63 227
895 270
243 499
200 37
979 45
468 444
312 176
625 188
78 32
664 1
279 7
751 584
272 919
833 48
634 326
959 535
334 903
228 498
971 720
600 720
8 442
852 959
687 132
121 853
156 577
301 308
676 84
360 145
508 238
506 781
943 10
808 777
140 708
978 548
443 797
264 906
862 986
617 767
150 316
744 893
608 60
500 144
450 671
543 113
839 276
8 585
475 670
691 910
133 407
181 660
47 434
297 832
519 427
311 980
424 235
379 639
691 213
448 414
970 537
138 733
656 678
76 249
71 929
267 57
812 611
600 675
115 976
562 854
970 998
629 961
638 493
311 935
109 281
768 311
268 83
741 481
333 516
854 212
60 289
768 497
510 7
673 937
756 990
4 905
580 713
368 758
145 90
417 272
885 713
479 330
984 188
483 209
74 804
399 482
485 230
977 883
102 482
166 148
292 934
394 524
679 188
522 679
770 950
487 450
493 233
116 290
134 87
476 402
896 561
703 725
2 885
358 279
719 320
66 743
797 755
53 764
616 225
429 843
704 50
654 856
413 628
326 894
492 868
261 628
48 25
74 786
899 858
1 258
356 664
656 556
710 344
557 807
160 118
976 781
92 518
289 279
741 612
178 100
619 989
172 838
827 264
688 671
113 731
845 735
712 733
69 198
686 881
997 603
957 721
318 337
636 839
725 125
439 897
288 251
434 470
312 958
651 572
277 993
349 818
247 544
627 457
523 780
64 691
872 459
103 419
346 604
880 324
220 773
297 468
523 67
343 23
124 822
311 56
269 339
146 38
841 481
423 489
393 51
136 804
746 572
675 99
298 424
613 405
530 487
374 152
273 804
377 706
96 744
681 603
833 788
767 13
32 412
118 925
813 879
623 661
943 253
880 820
565 566
58 306
132 493
494 711
916 63
239 680
83 838
157 982
694 857
444 418
24 395
116 595
831 206
595 33
892 874
442 427
253 888
351 41
398 73
188 720
887 105
937 227
676 184
253 551
959 156
60 868
624 620
314 291
79 479
936 397
257 107
16 64
14 679
134 187
177 181
807 198
316 401
725 297
264 19
575 255
242 638
769 723
134 218
774 383
373 652
42 999
874 937
203 162
931 629
359 502
802 756
482 953
137 591
408 476
155 619
690 131
395 634
506 709
558 664
312 382
524 452
411 676
652 689
631 69
28 66
374 284
755 330
678 118
649 810
800 206
295 80
685 187
703 364
55 632
538 861
645 243
675 806
59 181
524 14
623 806
454 924
652 49
468 987
636 757
76 968
103 158
927 610
299 288
274 199
838 223
443 838
882 425
428 640
405 776
134 753
789 744
979 860
767 52
471 787
242 394
771 599
933 179
771 678
806 212
634 672
993 957
715 674
801 434
318 616
739 905
599 770
990 420
426 74
230 440
842 656
647 834
855 753
341 477
609 574
830 986
348 738
83 387
706 955
820 577
978 665
501 492
775 988
623 940
70 622
93 386
758 470
877 28
624 601
541 433
591 746
661 222
806 343
1000 911
313 59
349 926
826 10
260 901
890 288
992 306
653 312
460 628
571 40
15 268
463 796
308 695
82 723
564 931
886 409
755 834
608 147
647 156
970 56
139 752
160 588
25 434
710 624
936 801
921 323
236 553
316 690
92 71
901 713
63 451
586 604
903 395
345 833
348 728
281 163
40 792
480 27
847 848
335 455
967 530
645 179
480 628
951 133
363 829
960 385
113 171
336 497
913 825
244 199
654 240
560 136
933 323
575 684
402 336
817 857
444 796
401 345
706 193
795 379
889 246
174 756
641 559
607 217
671 55
466 802
307 264
202 65
211 526
585 224
813 26
201 105
73 381
634 827
694 247
935 76
459 57
134 368
539 272
459 943
260 546
787 173
820 808
263 859
737 184
329 474
512 721
438 805
514 536
663 517
595 634
599 133
589 771
603 327
706 539
594 771
517 868
545 676
938 212
537 327
158 428
674 746
402 100
797 84
398 267
940 653
218 439
34 358
153 369
449 909
330 291
241 77
836 812
995 195
858 604
875 668
668 143
236 354
286 801
206 853
187 921
460 503
55 547
252 549
742 539
255 57
802 449
813 91
278 405
801 122
177 601
583 649
862 454
399 621
34 712
88 318
5 393
41 701
915 54
172 325
43 791
768 70
916 318
806 862
129 297
104 45
583 386
54 494
980 764
600 195
620 583
878 803
938 370
995 434
883 933
790 476
499 646
45 40
427 271
496 847
677 83
362 55
428 587
929 966
475 525
216 586
654 715
154 635
258 720
526 575
355 22
41 402
77 76
243 732
3 759
984 608
543 860
52 750
344 814
778 679
1 763
688 462
800 222
793 843
995 176
517 967
158 315
865 7
189 69
580 523
214 795
87 649
391 85
467 117
630 576
730 673
263 530
227 177
254 633
821 738
631 763
319 312
615 476
199 405
200 346
433 87
