1000 850 149
58 51
518 53
431 748
86 874
540 394
494 855
663 231
483 394
743 311
452 315
364 622
96 449
294 489
491 130
130 650
846 688
813 659
907 376
146 171
604 296
451 360
491 754
40 54
190 280
178 861
724 138
831 833
272 40
255 986
5 196
581 864
600 734
931 989
664 373
618 596
565 667
555 921
16 135
748 705
138 627
959 684
297 49
171 86
4 451
806 91
889 549
163 993
663 477
1 493
998 21
620 919
87 67
392 708
558 114
39 86
251 771
639 946
957 603
802 120
27 707
252 108
504 400
897 50
988 259
82 735
970 325
796 290
132 68
733 557
271 193
208 778
516 575
690 805
520 633
844 886
177 418
93 118
576 111
593 116
229 734
35 76
236 260
561 239
750 354
427 168
892 382
109 480
325 373
559 42
518 736
313 255
843 177
502 853
925 259
868 104
345 972
989 515
429 28
476 184
312 448
543 23
42 92
623 959
657 695
318 961
109 36
656 332
417 2
109 357
786 82
562 807
567 713
722 81
828 11
801 746
63 988
817 730
652 590
82 643
374 697
183 711
656 916
947 930
988 989
71 894
494 412
823 418
588 934
249 553
958 288
700 238
612 328
616 774
878 438
800 501
389 213
330 498
872 951
677 772
115 357
89 53
315 870
768 638
286 733
658 757
415 478
950 774
202 222
215 602
113 672
157 315
976 530
556 165
211 903
79 358
620 751
336 714
125 466
938 154
653 935
107 32
526 418
273 776
620 949
475 58
77 395
237 875
841 783
775 911
953 469
970 930
972 296
747 28
128 238
670 157
887 73
245 482
80 661
178 314
469 288
544 638
652 499
679 619
1 283
644 53
607 973
66 159
658 210
417 990
972 694
137 49
628 344
320 413
464 975
781 381
329 757
131 87
561 406
304 984
901 602
713 709
858 957
923 317
674 685
32 348
950 289
130 597
969 263
232 399
93 759
308 54
540 966
428 16
557 471
705 199
689 930
172 476
619 772
494 454
192 735
843 106
869 895
769 15
797 85
751 898
562 254
602 650
306 204
610 16
580 315
167 81
944 402
266 168
643 14
811 693
723 926
489 694
828 1000
146 119
655 367
85 970
436 693
43 701
818 343
404 689
780 856
2 53
685 336
87 68
607 811
751 686
126 790
946 935
134 162
834 290
480 430
426 648
388 623
140 233
912 112
347 985
916 675
135 872
657 488
260 161
629 778
516 49
240 99
752 82
773 205
481 678
415 269
936 75
126 339
660 705
865 172
107 791
301 447
780 793
464 514
334 588
788 384
145 426
23 940
949 178
822 820
569 117
835 763
749 781
398 39
975 91
277 697
892 988
710 108
633 165
106 791
88 698
690 894
521 253
755 906
79 842
194 483
806 140
950 627
314 794
102 106
800 666
853 497
181 205
149 171
211 697
249 448
534 339
283 653
124 809
295 834
216 146
358 715
597 836
922 886
690 409
266 798
533 240
514 988
368 65
377 460
465 546
105 871
284 687
138 680
305 837
126 122
416 350
88 154
85 112
642 432
610 641
141 676
621 5
928 856
816 811
550 894
145 196
384 71
322 929
39 464
622 297
88 351
668 949
520 87
477 825
1000 673
715 83
931 480
95 245
281 287
798 976
840 697
571 678
314 657
657 15
534 7
518 759
679 848
530 512
566 204
65 868
21 891
957 767
516 980
450 486
263 46
120 978
902 885
930 63
285 898
701 52
729 106
559 868
336 156
430 523
466 259
209 160
754 919
345 732
845 41
943 34
193 585
609 843
178 640
980 328
509 88
646 103
746 190
229 743
520 49
907 808
707 598
655 262
736 567
164 104
997 670
425 959
23 251
507 132
584 475
11 417
537 205
353 561
100 145
722 929
237 641
521 797
417 185
651 78
109 604
546 610
83 438
10 875
268 139
534 367
176 899
295 645
847 696
391 210
59 673
986 269
177 487
460 252
660 617
89 201
950 62
358 919
389 444
701 14
961 128
136 135
130 137
546 353
709 494
732 954
284 108
207 30
581 904
359 923
586 642
221 822
634 211
647 455
88 988
571 632
673 126
395 664
502 345
215 63
651 561
841 546
560 804
822 100
57 354
686 44
820 309
886 181
651 133
742 673
911 821
710 433
59 488
541 726
34 860
874 763
470 369
585 463
216 332
420 802
393 13
252 168
623 695
226 851
151 993
861 797
880 203
711 399
735 914
367 456
522 790
946 866
710 205
399 668
727 563
549 286
622 35
638 253
589 638
616 110
65 787
349 400
824 872
894 553
429 509
365 259
223 724
539 207
885 480
100 980
167 45
77 354
469 947
934 760
945 634
829 500
278 277
699 689
455 911
483 404
237 288
908 386
387 19
988 187
743 92
237 44
803 476
980 966
122 150
289 710
21 500
4 356
544 777
635 504
718 662
209 267
975 978
534 794
568 309
841 14
798 306
370 572
728 376
364 911
29 676
17 330
152 454
285 174
220 782
868 276
719 945
704 905
588 606
188 598
699 515
80 198
520 508
186 687
779 227
511 147
242 668
783 655
110 227
427 465
632 117
739 207
860 757
251 173
147 198
118 103
7 496
558 34
231 495
941 269
69 295
585 80
623 316
250 680
492 782
52 447
136 969
687 979
407 76
156 32
543 98
237 522
244 298
625 854
566 488
168 513
118 925
767 644
897 534
344 197
306 986
514 168
55 854
745 636
681 247
609 321
970 624
428 61
850 577
210 969
75 887
275 847
989 731
510 634
23 399
257 223
2 734
633 360
482 732
574 2
246 284
313 56
428 643
544 488
821 312
358 451
914 451
189 36
766 310
198 940
473 531
259 780
218 783
483 876
562 54
643 112
833 885
506 172
731 718
977 919
892 631
707 955
488 288
790 841
182 77
477 480
287 764
754 636
850 306
112 535
203 779
794 733
609 998
77 458
312 917
898 263
893 438
238 565
531 55
264 954
461 980
398 711
277 533
184 872
823 245
932 92
633 818
629 142
627 16
872 470
306 590
948 977
368 959
236 353
795 687
872 592
715 535
849 894
213 70
499 356
670 664
593 633
148 53
484 225
104 307
956 234
875 521
594 122
967 336
884 763
702 779
892 66
914 536
612 853
925 686
376 274
978 657
879 486
238 167
898 942
327 766
9 130
148 988
571 722
559 646
420 618
20 661
958 232
497 103
569 213
720 393
664 618
696 616
864 436
231 338
335 536
867 570
214 66
772 871
804 909
86 307
664 843
461 771
67 726
354 724
593 136
857 97
837 663
780 614
34 150
992 994
18 929
752 461
398 495
832 338
218 398
777 90
309 565
586 521
874 923
961 218
383 58
911 308
49 688
721 142
243 707
201 361
380 434
1 439
27 571
990 119
487 588
996 714
331 52
269 297
506 579
185 97
253 715
588 64
775 546
142 502
835 79
805 582
780 189
471 169
449 631
702 680
174 106
824 432
99 266
821 554
5 982
60 145
507 430
654 567
246 744
503 626
466 283
805 907
643 432
529 302
561 445
269 162
98 225
93 675
910 396
430 203
853 36
562 184
335 964
62 293
657 368
52 595
485 292
254 492
890 275
843 353
294 554
113 810
915 785
34 357
993 948
663 412
723 118
339 274
69 245
448 634
353 697
272 106
917 293
612 52
654 680
464 419
992 60
28 803
101 33
737 481
406 817
921 216
651 171
858 421
407 111
541 527
43 952
579 774
340 525
501 389
527 316
3 998
476 211
260 643
731 354
301 144
684 454
174 442
569 806
356 386
258 249
990 724
667 60
909 742
578 362
465 880
140 408
111 50
462 777
304 8
284 811
891 897
397 717
964 772
261 612
506 817
377 385
3 974
520 754
944 511
480 159
975 869
340 824
464 260
225 584
244 807
419 139
204 372
451 247
206 11
261 156
83 59
932 1000
93 865
452 625
803 895
34 969
437 99
125 166
273 52
637 316
287 472
370 824
582 739
151 510
246 50
561 380
123 432
134 203
355 977
494 598
399 977
230 439
901 347
876 900
253 992
425 850
783 662
884 271
242 90
312 212
47 980
922 66
114 746
500 64
571 795
108 456
323 88
439 765
105 958
933 113
447 863
266 552
331 857
231 986
357 104
424 25
371 733
640 78
794 445
37 371
925 302
571 730
991 476
424 83
781 792
381 649
349 459
742 805
405 21
995 971
82 978
613 559
173 931
14 294
119 834
777 41
442 520
799 320
250 614
520 296
570 468
729 113
537 402
608 479
553 783
200 904
438 363
689 512
481 670
206 617
380 987
754 199
671 291
738 409
103 642
611 207
658 99
577 479
659 265
448 444
29 988
854 974
510 954
217 471
666 950
297 809
970 821
538 651
633 49
966 354
476 718
490 51
148 519
784 995
581 798
606 441
76 335
206 898
71 947
385 35
59 142
623 40
526 930
874 841
348 681
411 95
789 355
833 44
611 92
392 982
396 719
376 187
248 20
951 475
482 658
998 953
86 49
381 920
552 656
721 543
157 86
7 549
729 362
195 49
424 450
59 786
656 548
269 576
950 57
91 743
179 727
354 404
