950 576 424
789 576
404 731
608 949
773 89
732 945
590 256
653 2
656 44
852 427
582 17
136 238
179 678
47 253
178 426
540 582
205 130
205 443
166 10
170 136
483 606
292 577
535 765
291 197
222 574
178 832
651 291
302 666
450 600
86 708
480 462
262 269
565 711
7 403
110 890
696 262
395 53
456 650
348 360
745 191
513 75
228 667
195 821
927 623
882 405
804 17
795 583
679 294
116 433
550 685
799 934
255 948
370 264
645 590
432 746
908 936
525 852
819 140
242 416
672 810
500 240
389 714
862 919
556 236
203 300
607 642
190 755
676 830
249 779
120 898
41 1
77 60
62 627
460 496
418 923
470 301
188 159
74 568
244 836
778 574
537 520
705 839
520 374
774 709
160 39
410 458
279 944
241 419
748 135
375 784
265 649
134 903
81 450
189 844
427 899
368 769
573 827
867 428
78 538
40 190
719 868
509 946
152 928
239 705
782 428
494 323
743 280
836 462
95 402
128 310
166 37
431 669
132 586
639 228
472 134
477 892
526 708
20 604
760 542
311 774
668 753
267 945
655 807
894 563
646 7
821 42
701 58
478 642
649 103
42 808
165 502
816 940
816 66
350 743
314 325
761 867
58 833
611 502
177 460
661 432
288 504
799 308
282 825
928 172
351 564
495 88
617 281
363 896
677 507
827 917
883 111
204 175
140 777
446 18
905 791
929 871
595 258
894 113
159 276
601 59
733 32
735 550
152 768
51 469
297 921
550 410
902 923
84 580
169 63
281 181
402 83
81 778
77 61
701 758
487 856
515 96
531 596
211 846
666 512
948 50
634 41
870 573
832 120
845 745
400 30
258 600
486 670
18 258
694 920
229 340
408 79
946 947
571 719
226 267
850 266
674 364
364 134
688 819
419 253
911 96
186 802
223 504
745 54
773 261
569 623
559 286
207 161
705 449
40 754
320 197
584 717
483 189
613 947
862 268
709 21
394 751
948 572
808 337
734 710
743 853
534 790
224 742
585 497
291 641
800 950
78 162
854 129
693 554
658 61
375 745
131 785
328 759
145 404
321 26
347 11
881 116
29 539
235 562
145 375
329 679
673 393
222 228
763 709
675 703
354 83
693 22
533 242
415 840
613 132
665 890
363 728
126 181
92 599
821 363
545 787
753 435
280 570
413 607
299 579
744 736
806 933
310 149
38 552
790 364
750 110
563 326
257 407
507 606
231 617
398 404
937 876
784 758
673 61
821 78
887 348
485 853
651 794
747 272
876 292
563 516
382 29
515 35
501 191
243 214
450 718
924 73
586 662
457 612
603 859
474 41
860 569
112 680
557 440
143 22
229 293
940 4
565 179
485 529
860 529
805 928
430 913
761 285
628 642
116 53
680 53
896 305
194 15
577 200
242 854
240 117
73 358
535 574
416 50
716 723
770 884
79 325
850 272
898 816
543 67
244 684
833 680
452 130
572 164
871 13
551 484
309 460
865 171
51 361
633 447
947 17
670 921
446 569
555 308
313 527
859 559
352 287
876 369
107 135
870 407
88 505
345 669
126 934
268 347
854 226
794 346
415 662
180 362
849 590
14 47
210 561
134 784
507 229
573 931
4 544
237 797
501 123
307 923
70 203
275 236
716 663
810 761
550 684
471 419
392 293
829 666
663 380
298 933
322 648
720 394
812 71
390 221
132 432
366 886
485 20
11 832
628 449
356 805
763 779
299 807
810 947
943 918
462 829
684 99
327 314
3 374
740 842
420 858
706 61
66 507
523 179
900 310
715 482
837 321
230 359
949 659
381 600
238 815
395 931
371 221
862 123
239 299
618 360
411 100
832 160
587 4
295 573
240 160
355 202
466 586
863 185
376 786
817 257
948 862
381 90
918 30
734 539
699 684
408 873
82 555
407 281
839 448
267 946
91 469
788 666
589 517
519 183
830 835
641 736
822 41
496 778
938 603
683 877
739 694
728 103
574 866
160 554
794 898
410 875
83 785
869 785
326 63
128 107
824 579
108 842
729 919
384 23
398 707
919 160
633 879
670 645
788 639
199 556
666 683
488 704
220 465
162 405
816 486
346 638
769 374
611 83
705 827
910 781
142 265
866 503
862 441
243 36
695 421
947 894
297 50
579 939
33 285
873 551
314 358
474 818
864 793
91 854
729 606
135 494
416 325
693 646
882 915
314 910
664 730
461 56
164 913
582 66
566 402
619 53
837 758
453 293
662 25
729 873
125 503
690 411
250 375
430 295
609 930
484 532
296 104
105 42
89 178
681 786
724 643
601 263
444 28
42 925
30 36
604 691
51 526
291 676
897 198
907 205
860 96
25 864
840 165
872 484
634 705
300 173
517 114
728 498
936 783
154 60
390 217
16 294
14 722
820 625
71 287
845 501
625 763
430 540
890 348
277 426
667 547
222 930
892 787
37 315
674 178
440 350
228 427
483 920
379 531
605 395
610 401
29 661
781 944
545 532
363 859
491 600
40 761
361 229
125 850
235 97
909 30
764 870
581 412
240 104
201 11
724 918
617 903
529 409
445 526
858 891
74 860
259 746
644 324
663 18
150 712
826 475
482 880
137 553
283 717
276 719
186 379
771 655
901 148
432 727
400 461
901 12
382 872
219 434
877 351
134 706
394 319
786 897
618 595
511 526
40 439
817 548
794 548
352 284
935 97
171 845
924 465
725 194
365 316
604 211
933 898
359 742
315 77
334 754
692 30
839 451
532 859
170 514
21 510
123 611
547 744
267 140
241 599
229 290
556 22
468 871
781 375
825 941
882 243
166 790
474 247
82 589
455 262
389 270
741 788
667 148
402 176
844 612
691 931
623 199
2 795
830 322
37 550
259 15
722 530
349 552
374 340
475 512
252 836
405 725
509 14
105 236
418 373
58 35
701 839
202 293
293 54
57 309
235 748
465 337
914 96
308 906
906 323
197 518
581 85
741 286
728 116
849 93
694 867
867 701
107 22
645 302
37 595
913 518
938 397
400 626
587 745
362 843
143 588
547 670
436 573
915 110
36 329
517 394
168 795
797 290
656 758
468 294
116 447
725 941
604 406
143 797
424 914
137 804
501 166
78 309
250 334
58 613
362 757
481 473
298 863
161 4
718 385
247 119
411 394
486 910
324 447
46 930
880 536
279 34
86 641
165 717
474 643
529 4
40 753
746 577
271 262
16 146
772 723
284 567
123 235
65 661
687 197
47 440
315 554
567 663
262 61
10 630
560 638
443 698
891 487
257 72
861 919
706 599
4 281
809 799
912 230
369 353
50 535
261 143
444 370
30 409
734 386
612 25
538 516
784 327
708 894
446 213
945 680
469 335
752 649
249 522
169 337
362 347
122 320
641 11
424 689
156 89
13 133
308 765
200 371
252 464
886 911
268 117
101 674
372 40
682 653
332 316
487 537
346 546
87 801
387 817
343 767
437 84
755 940
773 794
659 2
564 11
670 111
216 831
910 87
907 81
437 523
927 866
657 711
341 384
480 946
85 335
310 65
921 372
436 508
75 798
642 301
499 324
213 585
636 825
294 465
702 146
441 669
216 426
138 669
119 415
412 507
421 199
88 732
212 940
226 657
287 789
772 108
948 149
871 627
357 464
34 906
349 710
656 902
828 150
373 264
544 513
525 666
478 32
799 814
169 201
424 882
225 564
748 473
156 283
12 502
925 494
634 881
728 356
917 215
296 208
22 224
147 633
948 35
485 614
196 450
173 931
753 575
401 13
693 795
471 364
253 306
37 40
310 803
345 170
634 16
359 732
712 390
663 265
112 428
809 717
337 679
438 307
226 263
500 553
738 499
151 367
349 283
318 351
942 604
376 89
647 74
202 78
862 29
755 609
15 924
918 762
524 69
846 232
827 658
408 757
195 501
820 942
715 829
873 841
788 845
631 22
253 416
751 219
465 543
300 342
488 687
512 421
789 895
437 463
554 24
434 172
94 707
880 23
525 138
642 337
634 338
118 396
677 941
166 303
477 868
117 534
95 805
556 169
768 682
657 648
808 92
688 913
408 62
815 604
874 303
668 710
415 547
382 372
95 930
166 220
164 70
134 138
811 245
806 584
7 769
894 936
374 389
175 735
557 629
120 700
16 12
622 300
588 7
64 528
581 293
315 662
387 871
469 484
202 628
390 354
397 523
656 272
582 752
441 485
564 781
62 182
761 763
391 293
654 38
232 109
505 770
723 460
685 206
893 837
82 943
413 664
187 922
123 356
276 732
114 528
375 130
416 567
409 510
681 768
252 719
763 212
589 887
22 56
105 465
484 2
167 110
196 674
383 337
869 201
480 588
323 170
653 342
196 483
388 465
476 477
291 609
237 333
745 163
729 326
192 580
871 497
372 935
501 23
219 132
932 424
235 43
865 535
427 552
813 105
886 567
63 618
779 140
472 708
130 331
756 844
738 664
492 189
470 34
762 839
245 855
254 459
826 774
59 500
192 326
292 51
820 395
743 90
608 171
568 307
274 781
900 922
510 90
796 5
71 57
98 639
32 755
152 517
683 487
