991 375 625
794 676
123 234
265 671
617 278
942 91
362 105
261 574
61 461
665 322
92 783
140 297
397 424
473 327
939 877
611 129
131 661
333 378
836 797
166 387
719 625
144 355
145 17
389 740
804 514
650 744
631 635
711 748
780 293
488 395
863 430
229 990
306 415
94 6
887 27
288 378
153 214
816 629
612 396
457 508
439 950
599 609
582 860
60 838
589 647
379 116
798 662
403 139
281 431
831 512
393 166
948 339
144 439
215 330
276 952
219 685
273 809
135 479
675 602
625 611
540 864
483 760
754 84
659 813
913 848
722 808
781 643
938 235
640 359
278 675
74 932
892 374
235 407
419 909
382 190
971 990
733 217
856 47
319 517
483 729
664 834
304 355
233 669
380 165
735 753
657 763
335 537
784 310
227 208
606 363
143 337
500 618
508 391
118 61
712 872
470 549
920 251
9 159
902 641
513 156
399 716
453 545
721 470
106 450
84 241
768 715
872 713
365 140
973 807
949 370
833 39
552 48
476 364
896 976
563 559
335 467
957 495
564 427
794 975
981 82
51 958
550 827
331 901
811 767
885 85
605 116
349 421
891 288
783 558
928 317
756 883
558 440
269 384
253 452
501 318
755 264
101 57
777 482
693 912
188 929
588 926
134 21
381 231
839 783
727 446
124 492
229 618
478 793
873 157
237 616
681 115
389 118
33 671
682 643
908 857
47 131
550 654
862 279
691 264
807 833
987 377
846 408
326 558
822 378
756 565
5 237
911 888
319 670
133 238
514 645
513 418
986 266
952 852
325 872
879 460
446 909
402 81
191 316
630 952
740 831
749 396
191 377
182 129
817 984
251 184
12 838
564 562
213 568
879 7
482 119
557 217
216 699
241 778
252 275
772 906
476 766
136 55
516 987
910 785
479 581
131 677
692 581
158 178
206 514
431 349
202 77
795 117
373 80
19 526
418 176
880 101
871 984
54 700
689 695
167 324
156 930
618 130
466 709
873 977
262 128
57 350
556 158
3 630
705 151
41 257
739 203
367 606
48 706
747 873
421 340
79 420
519 478
921 119
82 378
512 114
396 445
306 403
142 290
836 183
160 747
587 740
155 879
349 69
298 665
92 944
313 224
159 563
30 567
108 671
655 982
756 957
611 855
631 106
914 44
54 393
895 198
764 603
535 683
555 617
663 865
950 152
140 291
795 424
674 284
483 572
474 848
628 969
366 697
943 877
150 250
17 783
963 201
237 852
928 62
767 639
108 279
40 155
361 761
126 301
735 116
640 126
945 21
562 548
901 963
624 953
542 704
579 825
225 113
933 602
971 451
47 185
301 844
328 107
325 501
966 704
357 967
586 725
245 784
639 887
428 314
949 330
511 302
359 199
817 863
59 613
503 931
884 418
495 650
42 425
871 559
192 878
69 632
146 560
671 229
972 618
458 826
138 123
620 454
991 902
647 104
877 516
723 430
672 456
71 739
246 960
249 221
328 678
431 294
664 872
608 816
356 814
130 757
288 77
246 553
50 81
38 438
128 758
118 301
407 738
788 315
943 208
527 715
220 108
361 102
695 235
873 546
714 717
667 162
931 618
520 977
652 552
569 854
564 581
183 702
848 447
879 593
460 219
525 734
980 599
621 975
884 713
245 569
48 807
652 990
749 971
131 288
462 401
415 727
605 306
961 975
159 403
18 161
403 983
192 572
854 54
501 262
843 560
513 577
75 723
402 874
840 859
306 669
211 197
184 978
254 276
70 471
170 661
808 815
630 764
417 409
242 161
906 463
138 694
294 214
648 984
516 14
319 281
926 694
32 594
3 879
292 765
371 114
447 11
487 863
866 41
734 759
308 500
1 27
100 129
353 208
256 129
499 775
191 295
471 303
656 181
218 314
623 953
772 171
313 664
498 422
698 502
171 65
502 670
435 94
971 938
970 629
643 29
224 332
656 589
55 667
171 369
428 584
380 844
476 168
600 769
293 755
793 592
876 137
559 772
405 886
139 377
54 330
28 498
471 245
696 604
426 441
294 50
746 531
972 734
851 635
22 142
831 52
893 304
817 166
362 530
368 208
933 896
572 600
757 830
852 67
783 423
664 462
108 120
495 707
268 773
167 418
314 891
136 798
616 293
492 425
491 351
747 69
354 24
889 595
786 825
68 25
410 505
71 521
296 602
327 79
191 811
793 159
872 191
365 948
115 855
543 435
319 861
801 6
309 70
931 37
562 231
60 863
619 48
305 398
135 418
268 826
242 767
750 133
304 525
525 940
947 593
683 72
737 17
75 562
661 607
282 676
653 777
751 34
475 374
514 90
130 141
440 40
688 35
786 325
578 87
544 684
621 426
580 978
21 597
781 538
945 918
666 121
424 116
391 769
538 810
596 586
15 795
538 591
897 586
181 354
708 142
780 778
554 188
328 824
925 565
406 207
600 825
350 466
310 538
505 270
56 879
901 385
471 686
205 869
553 887
528 616
599 327
807 258
781 888
889 718
215 804
918 516
123 398
971 859
588 384
595 739
94 804
226 948
666 582
328 538
124 463
908 669
502 475
816 745
11 925
20 58
619 83
589 729
40 326
507 95
554 841
462 95
187 669
67 218
238 681
687 447
343 479
623 774
830 501
843 782
403 347
493 661
695 29
222 357
569 859
587 654
137 448
40 638
334 914
405 499
204 578
552 714
824 470
258 370
422 873
240 24
809 479
331 223
590 434
96 788
106 792
105 197
215 121
900 744
603 552
52 896
678 991
963 722
850 584
798 711
780 896
265 882
23 947
653 801
710 149
6 776
833 841
448 748
160 365
64 513
420 96
934 440
166 811
48 898
753 290
850 485
354 557
916 968
288 108
60 765
983 561
408 165
939 361
22 772
152 777
210 266
927 358
274 683
634 98
943 290
60 96
78 307
836 649
47 776
725 898
950 979
419 697
621 842
737 37
823 185
587 830
283 174
73 788
933 665
657 218
221 534
983 938
292 154
297 443
922 639
182 680
130 155
263 18
850 298
671 692
787 408
912 105
412 480
244 27
212 898
604 833
482 252
941 253
85 418
589 809
469 876
541 591
335 838
29 715
134 262
191 943
982 538
942 948
336 218
414 717
852 528
837 1
178 164
583 61
528 403
694 530
2 210
761 379
925 416
120 522
50 55
244 135
160 518
120 980
149 581
130 383
474 353
404 504
836 623
583 247
132 808
94 779
600 757
179 298
560 442
351 261
487 652
12 219
861 617
81 408
71 861
344 129
742 180
327 902
111 551
778 549
404 794
810 178
241 702
94 294
499 399
584 3
50 905
782 351
264 808
389 82
610 226
780 682
448 651
854 123
779 968
619 435
419 417
235 805
816 480
801 903
574 213
195 645
134 837
828 594
510 744
539 321
404 384
742 278
864 611
272 796
855 25
883 724
112 965
648 30
660 603
140 304
925 835
681 675
599 540
527 695
396 415
200 120
363 471
250 201
934 94
100 12
816 655
202 569
485 133
694 436
28 504
393 120
272 673
962 192
276 839
880 168
11 680
731 804
792 211
290 219
718 420
971 626
603 316
648 370
390 471
80 603
186 114
43 425
590 308
50 320
401 793
693 854
910 559
268 106
991 958
407 496
569 489
530 976
322 428
411 403
261 863
558 822
788 127
884 736
446 19
970 865
915 897
565 491
414 886
134 321
892 141
311 916
52 917
157 572
449 570
832 668
210 505
618 518
140 403
99 744
508 661
374 711
712 420
436 745
781 347
417 642
372 537
723 216
37 390
381 668
126 955
325 209
505 300
928 871
832 799
142 104
60 491
716 754
40 578
901 262
360 610
83 330
887 568
421 386
5 827
465 287
99 480
343 710
836 219
214 985
435 630
653 923
724 864
627 962
605 648
730 677
657 146
411 563
390 426
50 420
781 789
571 936
466 448
897 182
862 211
584 266
283 713
516 190
645 986
391 836
644 299
739 917
747 367
85 8
619 883
937 788
272 279
461 402
397 963
95 532
302 173
341 451
374 823
656 745
260 848
246 104
378 871
33 176
595 922
681 1
965 954
668 67
369 463
678 3
408 504
631 727
72 987
518 379
879 670
356 736
275 405
212 81
813 816
283 411
461 247
534 291
652 186
991 597
976 172
438 454
946 92
595 727
768 111
430 218
970 878
729 438
774 938
536 655
755 817
279 259
327 587
81 249
404 163
594 491
853 782
732 441
224 121
605 778
565 283
168 707
862 288
627 799
488 109
336 307
43 990
839 439
550 924
755 93
469 918
773 669
9 238
903 535
139 969
567 975
176 152
457 822
527 569
817 230
831 532
200 160
525 630
210 433
230 175
972 202
866 415
687 871
653 877
501 303
32 525
22 166
187 139
165 347
475 666
462 330
81 159
153 588
222 785
235 898
753 566
96 575
173 415
102 228
533 782
167 509
757 866
500 378
314 35
44 397
774 891
261 974
196 285
422 272
218 671
178 350
154 136
100 159
218 499
384 41
56 80
396 769
36 511
286 515
220 428
656 242
677 52
961 932
952 41
451 977
156 906
101 293
