991 211 774
765 66
328 96
48 9
33 852
58 475
680 784
692 99
135 697
514 306
260 463
15 765
690 528
687 497
20 521
640 603
274 667
280 944
988 539
969 805
360 955
742 722
545 15
521 328
527 966
876 196
106 170
241 523
267 21
854 536
676 922
741 825
981 138
390 87
970 740
594 463
471 734
260 353
704 390
212 543
765 482
428 494
369 356
634 241
934 283
131 364
252 202
92 671
690 249
961 499
821 528
159 381
653 832
288 192
899 148
947 963
735 784
285 468
107 824
940 578
189 455
883 754
477 870
753 319
331 927
739 600
497 31
830 377
228 830
204 70
276 535
365 832
624 822
558 751
53 312
988 762
706 724
333 305
497 247
658 430
156 489
416 529
798 639
332 306
501 16
546 668
663 956
14 63
112 858
291 468
364 540
518 862
104 986
810 278
296 373
314 258
536 916
420 625
599 681
57 811
58 30
79 887
69 858
762 43
218 906
591 674
80 164
316 711
514 476
75 2
912 336
596 79
684 834
838 91
459 685
101 745
294 505
165 875
647 417
144 554
185 513
865 447
201 528
703 504
496 325
680 194
517 966
13 273
121 759
39 500
717 874
642 511
314 27
613 205
431 781
771 285
291 975
960 605
234 564
390 371
383 27
45 640
37 136
58 328
294 98
869 511
213 652
91 270
837 608
684 380
298 948
598 138
616 632
735 715
471 622
74 338
980 244
154 614
739 151
118 414
885 544
691 384
435 267
662 773
802 89
808 362
781 472
395 751
937 554
122 696
863 645
46 683
290 951
23 528
31 976
171 28
468 503
739 418
303 260
857 943
175 957
87 734
759 755
198 105
159 367
899 402
292 762
947 286
224 113
6 901
212 355
170 481
696 925
248 252
88 881
537 82
269 375
19 358
174 454
836 965
617 128
370 854
747 433
402 120
460 974
415 765
14 543
340 966
846 106
702 895
225 658
833 837
413 769
450 984
489 779
72 623
434 107
898 949
726 178
565 952
338 930
772 859
445 3
167 176
543 128
194 949
839 744
697 848
322 576
147 533
512 646
59 688
244 164
404 802
712 717
223 809
630 877
639 967
215 316
204 720
821 854
991 276
870 754
45 104
370 302
197 652
476 128
750 83
407 742
189 489
437 146
400 976
241 20
263 365
4 716
376 918
907 596
441 455
46 563
587 764
588 553
505 877
560 713
369 19
175 59
903 149
811 323
74 681
263 387
29 548
569 754
342 738
957 530
520 208
442 53
365 619
544 637
255 739
281 799
974 42
524 869
753 455
348 943
894 3
327 83
877 247
856 395
249 649
909 68
537 128
975 923
521 573
243 624
733 633
669 356
973 695
2 91
990 182
38 737
975 78
665 823
254 175
482 887
108 749
418 495
338 55
485 246
380 416
579 15
287 178
726 532
806 632
636 917
687 659
927 236
919 735
125 877
971 76
486 907
56 127
818 8
65 256
394 487
903 843
109 627
562 545
629 377
941 838
785 292
663 734
698 943
479 607
259 460
193 355
707 788
537 968
896 553
875 125
9 361
924 373
947 959
505 451
866 37
660 294
725 900
655 308
611 393
810 568
937 111
291 703
728 423
707 372
794 754
339 444
540 270
316 470
736 936
349 939
832 16
87 715
758 309
618 760
327 174
32 923
192 906
209 492
159 43
596 503
37 300
286 529
8 83
214 35
725 819
404 583
749 3
943 588
135 594
359 827
329 779
268 506
420 949
892 611
377 256
166 87
227 560
753 978
178 164
913 869
515 920
943 971
77 418
350 118
316 920
93 172
755 919
458 27
430 116
820 296
167 53
157 551
661 422
567 577
266 798
731 577
901 809
835 65
304 540
305 593
630 110
805 696
432 426
520 185
456 311
613 876
646 375
504 516
104 383
47 269
703 805
279 90
955 223
936 278
842 876
588 510
495 307
786 709
672 272
481 978
497 80
256 337
78 306
380 926
581 546
623 122
333 572
428 333
548 8
422 851
512 305
523 526
494 847
855 390
917 235
356 124
361 222
505 935
724 130
616 620
954 465
111 793
872 447
685 66
149 228
322 881
475 173
845 741
233 712
570 871
470 871
918 127
843 456
564 335
446 986
220 776
339 151
909 286
336 133
946 779
744 2
258 134
543 749
591 606
455 841
291 20
39 890
239 984
584 446
227 870
324 608
303 414
217 259
578 846
226 653
408 760
810 260
911 167
600 421
123 409
399 438
237 88
336 5
306 108
857 299
920 102
848 388
182 764
374 241
279 38
323 211
902 525
935 106
921 154
855 328
597 326
462 59
272 649
494 845
424 240
466 490
689 479
411 251
277 10
279 217
173 677
207 355
421 865
256 694
183 850
226 256
242 780
68 409
581 877
712 864
736 194
339 833
349 906
234 351
140 512
60 758
347 580
566 955
364 628
443 125
444 817
381 178
59 393
257 694
435 54
839 888
515 41
542 732
610 921
255 117
524 619
972 963
42 591
876 594
638 714
838 205
69 257
400 686
578 744
762 190
140 54
531 505
432 509
291 979
390 238
246 948
297 871
538 322
800 583
277 819
731 208
32 679
500 174
841 650
394 90
53 861
305 907
924 958
520 127
16 680
58 451
950 759
191 176
424 390
25 169
77 582
137 213
515 366
489 91
907 513
262 318
485 593
281 214
199 445
255 198
768 66
497 813
411 428
465 23
156 76
951 634
969 156
25 810
697 279
131 384
571 515
651 404
668 659
871 745
884 800
40 399
124 540
426 768
525 240
241 886
523 128
82 176
502 667
245 622
194 626
786 73
870 888
965 390
160 393
685 420
297 955
91 889
943 49
660 564
413 291
545 894
64 818
943 741
743 247
554 703
805 298
291 145
124 258
460 467
715 503
861 727
87 367
1 435
581 17
836 259
464 745
903 888
338 353
717 598
287 657
105 896
565 806
235 142
681 176
28 208
493 149
505 217
260 378
491 807
953 529
717 892
957 951
268 133
630 207
863 91
871 777
455 159
166 518
122 193
691 531
440 628
615 943
633 394
39 281
286 634
281 835
936 965
570 849
907 522
863 771
821 545
21 804
380 11
236 729
488 438
57 748
238 288
574 579
283 249
717 384
19 87
442 367
882 727
803 750
834 146
609 555
188 703
847 606
63 933
834 200
834 226
205 580
330 520
899 8
968 112
274 879
877 212
963 349
557 304
522 625
741 559
830 174
144 817
898 985
123 281
903 631
817 338
230 776
494 217
361 737
708 764
762 457
521 585
635 490
326 35
260 664
556 804
275 426
491 630
816 132
852 393
553 263
157 488
269 71
589 872
805 481
114 47
386 7
629 638
830 274
349 464
138 837
203 424
612 350
873 753
610 171
43 840
988 335
380 325
272 40
859 370
212 783
975 748
117 475
954 181
611 236
764 518
63 890
928 5
723 570
929 846
49 555
274 429
106 234
902 212
533 796
54 354
540 180
541 744
358 335
159 927
296 177
425 512
197 201
604 716
192 563
383 876
528 704
309 109
731 331
288 86
590 711
304 900
370 11
607 905
463 839
395 880
232 768
971 671
903 823
762 526
257 40
814 503
780 917
856 118
324 97
911 940
935 916
841 481
734 70
364 278
521 698
141 565
34 275
877 474
513 514
602 118
919 194
307 844
913 889
9 170
579 626
895 591
557 285
400 119
873 705
770 416
219 991
587 491
308 423
912 338
248 389
104 496
449 593
254 12
516 726
185 184
170 537
343 807
907 180
486 279
504 325
573 836
519 459
247 824
525 324
820 136
854 28
364 229
547 477
126 184
11 441
439 580
409 268
263 832
598 789
130 778
957 527
698 187
147 689
159 740
408 649
33 681
287 950
841 236
377 343
894 797
579 711
651 684
388 598
252 870
421 361
511 122
92 314
730 381
369 618
139 7
482 838
12 378
87 515
83 39
901 93
602 233
168 202
835 600
45 813
129 125
806 809
859 97
297 553
835 670
621 967
901 758
766 700
9 755
434 802
366 124
377 925
934 788
494 221
631 120
53 193
159 674
851 502
419 981
373 613
239 63
415 206
818 983
160 806
501 780
964 482
119 599
568 75
836 394
718 510
556 117
85 277
869 229
396 573
646 169
628 169
233 862
509 958
13 579
545 192
841 231
161 42
922 515
902 921
473 396
27 186
209 817
951 761
882 101
725 130
305 73
987 702
914 438
251 501
729 452
224 288
939 509
340 202
412 219
553 627
376 559
30 433
649 336
80 864
30 605
169 827
6 612
398 718
371 487
709 979
623 478
27 35
590 437
592 958
439 719
534 447
476 24
12 655
311 796
863 496
244 718
884 676
489 941
436 252
537 567
624 140
424 229
697 822
588 128
526 686
392 851
897 62
528 551
848 553
278 325
36 595
164 256
703 208
452 354
917 239
563 739
178 398
738 560
923 935
660 833
58 715
241 817
966 773
633 843
679 983
92 638
467 393
452 725
766 279
563 627
628 979
184 979
