970 373 601
228 493
121 71
892 9
69 642
221 578
334 537
715 954
718 246
433 148
456 474
692 854
372 417
435 851
172 593
101 687
481 227
333 508
679 212
716 966
350 142
950 863
212 660
746 795
522 943
958 163
491 565
358 903
740 172
139 40
166 732
361 465
171 665
335 820
143 283
282 679
809 195
238 620
454 113
902 193
62 470
397 645
520 433
115 627
543 171
5 654
608 439
319 696
854 559
611 162
140 48
580 306
859 348
766 474
565 888
56 671
478 12
942 374
794 955
209 23
326 303
569 153
877 487
763 406
487 622
919 311
468 767
461 398
585 355
414 733
478 458
421 627
520 926
600 734
92 844
722 33
761 334
44 528
788 233
863 409
285 304
959 207
476 15
839 643
350 902
218 217
730 489
867 207
561 614
747 877
954 62
528 894
836 213
5 828
701 683
21 555
899 588
392 759
341 162
545 728
517 228
126 245
321 284
58 515
680 417
72 196
838 295
237 931
918 820
503 789
423 165
428 962
292 416
828 380
532 840
270 344
510 844
23 186
66 360
392 922
492 405
440 693
196 167
120 94
374 27
668 682
60 659
864 773
52 704
472 359
225 250
649 882
582 458
69 769
722 102
82 358
928 849
276 783
885 401
660 336
484 704
872 161
329 319
829 310
210 679
952 778
349 139
240 710
238 364
920 362
918 689
798 69
478 599
592 686
653 285
20 841
21 576
914 53
801 6
248 549
229 675
964 76
767 113
161 755
325 890
386 589
304 50
231 850
700 396
729 970
908 291
44 339
797 876
765 278
546 42
850 641
6 926
354 539
232 204
789 872
543 676
621 414
467 300
447 372
600 277
173 299
701 375
731 787
851 458
114 115
229 138
770 651
599 499
393 809
891 713
52 736
433 812
97 234
32 673
887 914
8 695
172 706
724 348
870 761
895 343
415 131
640 417
796 19
236 635
508 817
351 711
85 268
467 249
609 424
802 160
594 603
146 80
635 725
632 603
118 781
693 288
386 538
21 229
917 448
158 399
862 393
720 506
814 801
968 163
908 562
845 160
543 819
737 465
640 921
905 383
496 765
552 317
820 284
458 863
211 512
932 371
435 486
143 774
98 553
585 620
132 945
963 62
592 232
866 845
784 828
403 664
905 266
349 303
530 233
55 370
820 586
330 566
551 264
738 287
733 182
331 702
337 582
472 319
710 511
288 523
18 95
360 461
969 330
892 928
37 408
107 205
841 31
72 312
611 776
933 681
216 654
644 432
915 211
421 144
476 586
553 393
254 667
370 967
133 215
93 536
102 11
397 720
221 192
228 538
815 695
674 704
423 12
584 924
223 669
672 120
799 111
131 49
787 912
855 20
423 744
308 957
872 663
863 701
887 398
26 118
951 395
362 158
238 814
698 957
855 407
190 286
422 535
294 138
460 180
416 850
611 311
651 38
379 468
547 694
539 372
169 364
606 279
749 506
372 292
506 970
596 607
677 55
493 878
953 235
783 968
811 882
665 802
931 238
320 551
128 246
319 25
341 132
373 722
206 381
658 237
503 235
835 623
369 638
727 365
686 799
811 33
342 364
774 97
311 553
773 966
837 871
355 153
257 352
64 850
550 663
934 889
840 318
895 947
893 729
873 228
89 158
562 313
300 253
249 265
408 275
256 561
930 926
136 127
926 182
48 390
283 351
581 781
158 119
689 275
745 194
156 253
569 456
82 898
634 206
605 108
306 451
967 284
178 852
796 527
593 873
649 660
662 638
908 506
922 945
367 305
615 178
677 769
147 141
712 378
200 821
205 904
746 345
324 169
407 594
556 22
67 922
20 371
368 711
825 104
690 710
682 314
326 162
373 915
860 864
952 934
367 399
85 97
162 84
949 106
355 315
554 940
401 297
367 782
372 834
147 215
36 428
798 918
448 581
831 341
559 731
27 90
920 618
42 449
56 227
459 56
776 742
878 301
237 328
391 755
348 670
624 323
313 614
461 18
245 53
162 865
92 186
682 256
505 651
169 873
51 305
108 387
857 599
663 917
577 745
414 787
588 362
637 258
933 355
539 701
762 785
776 854
611 892
200 905
509 410
765 559
904 366
588 417
835 709
901 56
746 297
347 651
889 618
837 749
486 367
545 244
380 775
865 208
880 887
668 457
943 823
958 960
775 345
250 32
365 423
362 294
699 633
78 881
726 701
634 518
958 68
519 370
476 465
835 910
494 931
790 867
368 170
765 645
965 199
945 853
38 806
761 100
386 417
405 118
338 860
931 18
145 771
541 837
380 297
869 44
231 897
587 639
253 183
51 724
595 423
470 677
570 859
596 488
813 171
58 764
947 688
601 344
166 804
535 869
911 436
882 104
956 501
157 26
596 804
911 854
868 758
803 258
755 480
965 582
386 574
789 186
181 843
950 443
71 796
828 290
869 666
776 178
515 570
784 299
838 160
379 764
952 682
681 714
479 797
871 771
743 328
753 896
599 360
260 731
350 47
764 837
521 238
775 834
254 407
798 34
966 883
627 183
806 850
428 457
203 550
781 842
539 860
938 918
813 31
404 955
949 165
155 596
940 745
94 34
709 718
365 125
751 918
371 86
658 958
715 369
893 515
299 309
453 876
631 143
303 614
326 216
137 861
660 90
63 787
969 492
965 716
164 665
587 555
915 765
612 355
867 485
662 409
27 831
61 54
760 543
302 941
961 817
804 194
284 581
602 390
826 325
463 728
807 187
871 800
281 61
172 590
102 731
732 485
390 786
755 433
697 922
585 12
764 145
390 5
800 180
897 918
196 748
133 906
824 370
128 181
693 955
149 415
853 596
62 724
923 555
747 729
120 416
46 714
693 95
15 810
696 165
135 385
238 297
780 601
195 566
71 285
929 471
278 430
287 444
239 704
802 495
7 281
184 267
585 792
197 638
434 9
954 716
587 915
343 132
322 922
310 388
800 496
148 132
335 107
155 676
134 439
760 116
717 287
701 313
494 815
832 418
832 263
807 784
226 602
259 67
407 516
812 900
302 231
437 125
479 694
387 113
927 427
91 252
200 500
148 150
252 286
488 328
313 328
401 519
406 87
960 397
200 696
879 109
352 157
410 839
889 508
674 851
360 83
739 333
938 934
188 739
205 676
628 510
511 216
686 773
518 680
401 101
88 772
390 789
767 74
955 920
28 30
202 227
603 655
339 162
22 730
789 772
749 184
823 539
505 608
38 286
491 206
631 489
92 354
933 264
345 218
712 753
767 31
9 925
40 32
470 324
761 228
390 84
433 268
105 244
428 373
916 138
706 814
516 842
79 394
94 255
540 686
243 539
502 872
378 431
50 442
322 463
193 129
629 254
239 900
241 558
65 898
586 616
62 219
406 911
429 517
64 180
838 641
303 745
274 611
317 351
109 403
264 694
599 178
398 524
540 225
805 182
839 740
951 831
260 737
605 348
939 826
634 457
76 172
387 728
596 850
574 772
53 584
755 125
603 578
407 743
5 50
525 22
311 432
395 323
440 822
344 940
35 371
42 640
636 853
833 417
916 234
619 196
808 362
221 328
443 959
766 856
876 870
374 685
160 796
481 891
288 932
396 104
396 847
721 966
308 537
341 112
788 633
468 66
220 581
209 414
762 285
841 112
141 170
187 417
745 91
625 213
158 446
471 449
129 415
393 932
319 359
362 765
709 327
697 243
259 215
287 414
444 215
100 564
799 547
834 857
955 915
730 252
54 492
566 751
344 483
670 857
967 66
735 37
303 165
525 424
445 90
450 873
848 736
664 120
33 45
485 29
352 269
286 351
69 402
344 742
468 104
605 109
322 614
310 230
384 471
870 914
255 929
24 673
692 668
142 74
187 675
61 802
902 583
494 102
126 311
121 631
212 856
308 295
84 41
409 15
254 563
392 454
849 476
465 245
483 267
438 102
752 356
573 239
911 926
651 95
823 563
47 756
864 387
609 951
460 111
644 962
101 665
639 799
960 513
68 10
216 601
553 325
701 606
359 482
763 787
904 151
696 304
291 960
10 811
738 898
209 923
131 732
54 1
416 906
773 480
837 877
232 835
85 893
117 734
390 838
27 428
817 846
839 454
530 43
360 689
82 293
420 870
463 738
62 31
890 405
162 386
101 427
716 21
182 412
345 698
854 168
133 63
462 324
735 715
434 784
463 852
211 574
61 257
34 811
749 933
731 963
963 91
724 79
176 177
279 540
312 656
866 273
573 842
541 700
79 616
279 613
377 346
787 849
382 795
253 821
853 290
891 263
942 501
967 756
371 871
412 658
576 162
3 136
624 350
108 111
749 939
686 590
267 201
21 346
234 177
392 741
583 839
511 273
153 900
413 925
801 893
231 95
392 569
603 31
187 550
337 698
306 742
380 916
356 855
340 453
165 144
233 970
342 194
15 367
334 461
