1000 166 833
1 2
1 3
1 4
1 31
1 45
1 105
1 111
1 186
1 718
2 14
2 63
2 127
2 189
2 341
3 11
3 13
3 70
3 141
3 539
3 946
4 5
4 7
4 9
4 20
4 30
4 175
4 208
4 446
4 452
4 704
5 6
6 10
6 16
6 115
6 363
6 628
6 911
7 8
7 19
7 52
7 77
7 138
8 12
8 17
9 25
9 46
9 118
9 177
10 34
10 36
10 312
10 413
11 50
11 378
12 28
12 449
13 74
13 84
13 241
13 409
14 15
14 112
14 178
14 651
16 18
16 21
16 524
17 24
17 33
17 66
17 543
18 185
19 167
19 598
19 812
20 22
20 23
20 29
20 78
21 27
21 39
22 56
22 224
22 519
22 799
23 96
24 43
24 71
24 79
24 188
24 197
24 229
24 502
24 731
25 26
25 60
25 190
25 534
25 986
26 771
27 44
27 47
28 59
28 219
28 594
28 910
29 32
29 184
29 308
30 35
30 41
30 64
30 86
30 157
30 439
31 48
31 937
32 156
33 38
33 51
33 54
33 109
33 862
33 882
34 337
34 512
34 599
35 37
35 247
35 352
36 49
36 117
36 183
36 316
37 76
37 89
37 203
37 992
38 40
38 53
38 525
38 621
38 829
39 163
39 249
39 270
40 42
40 57
40 73
40 90
40 149
40 226
40 303
41 68
41 93
41 119
41 244
41 445
41 611
41 698
42 75
43 160
43 490
43 569
44 55
44 130
44 947
45 85
45 92
45 102
45 381
45 460
46 122
46 288
47 146
47 202
48 194
48 239
48 266
48 860
49 296
50 344
51 165
51 408
51 508
52 325
53 58
53 95
53 106
53 162
54 61
54 113
54 624
55 67
55 154
55 215
55 379
55 991
56 62
56 324
57 72
57 82
57 87
57 88
57 164
57 295
58 65
58 91
59 148
59 661
59 938
60 168
60 195
60 207
60 251
60 614
60 855
61 137
62 279
64 94
64 123
65 69
65 81
65 98
65 182
66 714
67 928
69 459
70 126
71 213
71 785
72 80
72 166
72 328
73 284
73 442
74 134
74 793
75 121
75 264
76 317
76 574
76 590
77 218
77 265
77 291
78 101
78 116
79 99
79 667
80 97
80 100
80 131
80 151
80 481
81 83
81 299
82 150
83 450
83 575
83 912
83 915
84 601
84 605
85 200
85 205
85 343
85 505
85 552
85 576
86 199
86 383
86 587
87 104
87 388
88 170
88 290
88 362
88 822
88 844
89 110
89 238
89 602
90 597
91 103
91 180
91 545
91 603
91 658
92 233
92 961
93 124
93 585
93 742
94 959
95 114
95 125
95 159
95 246
95 368
95 584
97 669
98 132
98 158
98 786
99 230
99 255
99 440
99 710
100 278
100 845
102 206
102 858
103 107
103 108
103 311
103 444
104 293
104 471
105 221
105 716
106 139
106 261
107 136
107 347
107 393
108 142
108 318
109 767
110 120
110 236
110 908
111 267
111 782
112 421
115 147
115 286
115 380
115 715
115 942
116 129
116 140
116 292
116 333
116 361
117 171
117 407
117 721
118 216
118 488
119 128
120 135
120 143
120 145
120 204
120 220
120 753
121 198
121 222
121 223
121 313
121 699
122 300
122 869
123 696
124 144
124 217
124 554
125 133
125 712
126 172
126 245
126 456
127 242
128 173
128 443
129 260
129 348
130 152
130 181
130 334
130 629
130 648
131 326
131 462
131 652
131 670
132 161
132 728
133 231
133 271
133 331
134 469
134 616
135 257
135 516
136 458
136 975
138 174
138 214
139 340
139 405
139 478
140 228
141 176
141 810
141 883
142 781
143 191
143 417
143 740
144 464
145 248
145 323
147 192
147 772
147 784
149 155
150 153
150 201
150 486
150 820
151 179
151 272
151 275
151 529
151 958
152 389
152 726
153 447
153 877
154 506
155 580
156 376
156 429
158 372
158 618
160 169
160 280
160 350
160 531
161 225
161 277
161 336
162 210
163 427
163 851
164 386
165 211
165 309
168 273
168 345
169 315
169 480
170 187
170 253
170 830
170 885
171 243
171 689
171 871
172 330
172 654
172 700
172 727
172 922
173 349
173 523
173 918
174 639
174 770
175 609
175 680
175 839
176 282
176 425
176 926
177 778
178 843
180 412
180 692
180 743
181 484
181 495
181 518
181 905
182 310
182 351
182 936
183 697
185 320
185 415
185 465
187 258
188 474
189 455
189 733
189 927
190 504
191 193
191 606
192 263
192 287
193 391
194 196
195 305
196 581
197 212
197 254
197 435
197 591
198 406
198 795
198 868
199 289
199 589
199 817
201 252
201 369
201 751
202 664
203 298
203 562
203 622
204 339
204 356
204 364
205 234
205 542
206 306
206 765
207 209
207 283
208 301
208 856
209 433
210 559
211 972
212 235
212 511
212 551
213 541
213 932
215 354
215 467
215 482
216 342
216 370
216 423
217 595
218 237
218 319
218 805
218 929
219 269
220 314
220 880
220 999
221 232
222 556
222 630
222 701
223 387
223 434
224 473
225 596
226 227
227 240
228 451
229 777
230 297
230 612
230 640
230 655
230 811
231 256
231 360
231 366
231 619
232 634
232 687
234 357
234 491
236 250
236 866
237 520
237 974
238 259
238 998
239 346
239 410
239 819
240 754
242 262
242 549
243 544
244 268
244 853
245 390
245 500
246 881
247 274
248 951
249 741
249 749
249 835
251 493
252 454
254 294
254 494
255 322
255 717
256 285
256 377
257 645
258 492
258 558
259 813
262 276
263 281
263 374
264 475
265 560
265 623
265 964
266 522
266 617
267 461
267 487
268 384
268 691
269 401
269 613
271 783
272 578
273 636
273 962
274 668
274 814
275 395
275 414
275 418
276 321
276 780
277 794
278 338
279 416
280 588
280 745
281 382
282 659
283 734
285 302
285 555
285 690
285 984
287 398
287 631
287 671
287 748
290 925
290 950
295 327
295 394
295 496
297 329
297 547
297 917
298 304
298 307
298 615
298 982
300 808
302 756
303 583
304 468
305 826
306 638
307 567
307 570
307 719
308 528
308 859
309 335
309 985
310 353
310 517
310 806
311 503
311 730
311 956
315 332
315 526
316 355
316 550
317 708
317 846
318 738
320 397
320 476
320 672
322 437
322 515
322 934
324 533
324 893
325 593
326 735
326 847
326 852
327 923
328 400
328 532
328 674
328 798
329 358
329 571
329 620
330 411
330 483
331 510
331 673
334 913
337 737
337 941
338 684
339 725
339 891
340 803
342 448
342 527
344 816
348 375
348 431
349 436
349 729
350 428
352 373
352 426
353 789
355 565
356 359
358 399
358 536
359 371
360 365
361 916
362 403
362 497
362 577
363 432
364 653
365 367
365 392
365 430
367 422
367 633
367 864
369 546
371 385
371 499
377 404
379 463
380 818
382 766
382 886
383 643
383 832
386 763
387 396
387 498
387 501
387 711
387 987
388 402
388 420
388 438
388 521
389 485
395 470
396 563
397 419
398 626
399 424
399 537
403 472
405 981
406 774
408 677
408 861
409 632
409 707
410 873
411 768
414 762
416 514
417 566
417 933
418 579
420 561
420 675
421 466
421 679
421 994
425 637
425 650
426 540
428 441
430 627
432 573
436 453
436 507
436 607
436 840
438 646
438 647
441 457
441 509
443 759
445 608
446 535
448 874
450 479
453 879
454 688
455 530
455 979
456 744
456 827
458 572
458 850
461 755
461 957
462 586
465 706
468 896
469 557
470 757
473 489
473 513
474 477
474 660
475 935
477 949
479 828
481 732
482 656
484 642
485 657
488 825
493 538
493 582
493 761
494 641
496 676
498 548
500 776
501 746
504 747
505 878
508 739
508 831
509 1000
514 769
515 857
515 902
517 713
518 610
519 568
520 876
523 649
525 790
526 644
533 564
533 907
533 973
535 997
547 678
550 592
550 848
551 553
551 796
551 884
552 604
558 685
560 600
564 804
564 996
568 802
569 666
571 837
573 695
576 948
579 842
581 686
582 821
590 635
593 900
605 815
605 867
606 665
606 683
607 625
609 709
609 801
610 809
616 773
616 863
617 764
618 724
619 914
624 682
624 694
625 792
631 758
634 897
636 693
636 752
640 662
640 663
642 807
644 970
645 993
646 952
655 976
658 887
666 681
666 702
666 872
667 888
669 834
673 720
673 823
676 736
678 968
683 705
686 895
688 775
688 800
688 901
689 760
689 963
691 703
694 924
696 788
697 865
706 779
706 838
706 980
707 723
708 939
709 971
716 791
717 854
721 722
721 955
722 750
722 833
726 787
731 904
732 899
734 836
737 797
739 931
741 919
746 967
759 966
761 892
763 906
770 870
773 940
775 989
781 824
784 894
788 943
791 945
794 890
810 849
811 960
823 898
825 921
827 944
834 841
849 903
850 990
861 930
868 875
869 909
872 889
872 988
879 983
882 954
883 977
888 965
892 969
911 920
930 995
940 978
941 953
