1000 999 0
1 2
1 4
1 5
1 33
1 38
1 161
1 211
1 224
1 274
1 284
1 393
1 802
1 945
2 3
2 6
2 16
2 19
2 27
2 31
2 435
2 480
2 699
2 723
3 32
3 37
3 99
4 8
4 9
4 102
4 190
4 362
4 583
4 712
5 7
5 24
5 34
5 268
6 11
6 18
6 23
6 36
6 47
6 55
6 73
6 75
6 88
6 306
7 28
7 127
7 158
7 543
7 674
7 755
8 12
8 14
8 15
8 25
8 35
8 74
8 116
8 233
8 342
8 714
8 849
9 10
9 277
9 649
10 13
10 692
10 1000
11 17
11 42
11 126
11 160
11 214
11 318
11 321
12 80
12 98
12 138
12 240
13 444
13 955
14 72
14 136
14 499
14 623
14 770
15 26
15 401
15 517
15 931
16 20
16 21
16 30
16 50
16 57
16 68
16 183
17 103
17 171
17 412
18 22
18 60
19 44
19 282
19 596
19 661
20 91
20 207
20 287
20 573
21 59
21 246
21 309
21 391
21 498
22 40
22 45
22 53
22 133
23 64
23 70
23 185
23 219
24 29
24 292
25 131
25 176
26 56
26 58
26 125
26 196
26 328
26 513
27 86
27 461
28 46
28 61
29 39
29 52
29 570
29 744
30 41
30 111
30 433
31 78
31 374
31 442
32 205
32 488
32 506
32 989
33 141
33 580
34 51
34 174
35 163
35 707
36 120
37 76
37 79
37 221
37 315
37 950
38 90
38 145
38 606
39 71
39 96
40 134
40 265
40 551
41 375
41 407
41 515
42 43
42 66
42 114
42 121
42 165
42 187
43 491
44 504
45 48
45 168
45 478
45 859
46 81
46 92
46 872
47 49
47 113
47 821
48 139
48 154
49 84
49 155
49 250
49 636
49 924
50 299
50 370
51 232
51 310
52 54
52 62
52 135
52 182
52 204
53 63
53 110
54 578
55 77
55 538
56 89
56 143
56 253
56 279
57 85
57 230
58 83
58 151
58 184
58 759
58 850
59 67
59 448
60 108
60 117
60 123
60 454
60 985
61 69
61 166
61 419
61 519
61 967
62 65
62 514
63 831
64 146
65 147
65 612
66 100
67 842
68 122
68 269
68 437
69 203
69 218
69 270
69 655
70 105
70 199
70 209
70 241
70 577
71 177
71 291
71 457
72 460
72 593
73 180
73 368
74 119
75 93
75 94
76 584
77 229
77 289
77 317
77 799
78 82
78 210
78 979
79 734
79 888
81 87
81 109
81 946
82 97
82 124
82 259
82 622
83 275
83 474
84 754
85 118
85 943
86 913
87 95
87 469
87 495
88 239
88 350
89 148
89 226
89 272
89 280
89 421
89 837
89 870
89 919
90 128
90 365
90 651
91 153
91 157
92 101
92 115
92 389
92 467
93 104
95 286
95 994
96 921
97 524
97 620
98 107
98 217
98 276
98 721
98 742
99 175
99 202
100 106
100 326
100 557
101 140
101 192
101 352
102 425
102 482
103 355
103 484
103 496
103 550
104 149
104 290
105 485
105 588
106 167
106 404
106 772
107 152
107 285
107 308
107 381
108 159
108 594
109 142
109 490
110 200
110 539
111 112
111 358
111 553
112 248
112 698
113 144
114 195
115 130
115 178
115 586
116 129
116 728
116 766
116 876
117 335
117 847
118 392
118 625
119 445
120 471
120 806
121 132
121 297
121 679
121 761
122 266
122 673
122 834
123 198
123 298
123 511
123 522
124 213
124 525
126 208
126 301
126 327
126 494
128 503
129 162
129 293
129 512
130 406
130 829
131 150
132 137
132 323
132 851
133 197
133 501
133 736
135 257
135 552
135 677
136 189
136 434
138 531
139 191
139 356
139 509
139 988
140 878
141 215
141 865
142 361
145 156
145 493
146 420
146 929
147 181
147 500
147 516
147 526
148 170
148 380
148 388
148 492
149 220
149 334
149 667
150 173
150 188
152 186
153 377
153 438
153 657
154 169
154 322
155 223
155 719
156 194
157 311
158 396
158 656
159 329
160 225
160 244
160 351
161 216
161 234
161 746
162 296
162 641
163 164
163 450
163 682
164 179
164 258
164 390
164 662
165 247
166 464
167 278
167 447
167 468
167 521
168 910
169 172
169 193
170 591
171 465
171 576
172 201
172 640
172 691
173 579
174 283
174 366
174 423
175 235
175 532
176 228
177 251
177 971
178 382
178 676
179 237
180 653
181 300
181 336
181 462
181 534
182 660
183 348
183 650
184 231
184 384
184 801
185 545
186 369
187 405
187 774
187 808
188 245
188 889
189 227
189 261
190 371
191 399
191 479
191 975
193 264
193 418
193 812
194 206
195 212
195 349
196 281
196 397
196 860
197 443
198 320
200 243
200 373
201 333
201 497
203 313
203 614
203 887
205 394
206 747
207 238
207 827
208 307
209 415
209 571
209 835
210 452
210 455
211 367
212 376
212 475
212 554
212 805
213 236
213 417
214 319
215 341
216 222
216 773
216 778
218 441
218 917
219 263
219 410
223 565
223 987
224 271
224 331
224 456
224 458
224 607
224 783
226 260
226 703
227 242
228 316
228 727
228 881
229 379
230 502
230 589
231 249
231 262
232 411
233 600
234 771
236 255
236 273
237 507
238 303
238 648
239 302
239 413
239 559
239 670
240 252
241 344
243 833
244 256
244 288
244 686
245 675
246 626
248 324
248 547
248 901
249 483
249 489
249 568
250 383
250 643
251 254
251 745
252 398
252 575
253 751
254 730
254 992
255 556
255 680
256 267
256 295
256 598
258 633
258 654
259 763
260 304
261 395
261 767
262 510
264 439
264 757
267 566
267 585
269 414
269 646
270 330
271 597
272 463
272 866
273 785
279 346
281 581
282 540
283 339
283 378
283 862
285 430
285 776
286 325
286 980
287 938
288 347
289 294
289 364
291 523
292 795
293 790
293 852
294 693
296 354
297 353
297 668
299 385
300 305
301 477
301 590
301 843
302 628
302 864
303 729
308 312
308 605
312 314
312 345
313 871
314 337
315 403
315 637
316 561
318 372
319 332
319 645
321 400
321 960
322 996
323 357
323 429
323 618
324 800
327 453
328 340
328 750
329 338
332 706
333 343
334 715
335 363
336 555
336 984
337 816
338 427
338 690
338 737
343 505
343 704
344 528
344 973
346 724
348 408
348 920
349 518
349 548
349 926
350 359
350 440
350 948
351 665
351 941
353 796
353 965
354 360
354 424
356 958
357 428
357 884
359 569
360 546
360 595
360 672
360 798
362 564
363 702
363 762
363 963
364 819
365 416
365 918
367 857
369 466
369 972
372 386
372 459
372 638
372 861
376 841
377 582
377 695
378 387
378 472
380 615
384 899
385 932
387 473
388 487
388 720
389 402
390 574
390 811
391 432
392 409
396 897
396 937
397 683
399 758
401 936
402 652
404 422
404 752
405 436
406 789
408 738
409 537
409 810
409 853
411 731
412 544
412 624
417 426
418 446
418 611
421 740
421 957
422 431
422 832
423 563
426 449
427 601
429 470
432 481
434 786
436 904
436 956
437 602
441 793
447 451
447 779
450 807
451 905
452 664
455 886
459 520
459 642
460 813
461 669
462 826
463 476
463 711
464 959
467 530
467 741
469 562
469 787
470 572
470 820
473 769
473 883
474 922
475 797
475 804
475 896
478 634
478 792
478 817
481 558
482 542
483 486
484 681
484 748
485 848
485 942
485 998
487 709
488 725
489 533
490 629
490 647
491 722
494 529
495 981
496 621
496 635
496 658
497 616
497 630
498 535
498 933
504 777
505 536
506 508
507 726
508 716
508 840
516 541
517 604
518 603
518 780
519 696
519 828
520 527
523 610
523 856
526 608
526 753
531 644
532 995
537 560
539 567
543 666
543 701
543 824
544 911
546 549
547 688
547 902
551 639
551 838
551 869
552 854
553 619
553 907
560 718
560 892
561 592
562 685
564 875
568 697
569 587
571 713
574 599
574 631
574 781
575 678
576 617
576 868
577 990
580 765
580 961
582 912
583 627
584 613
586 823
592 739
594 609
595 710
600 671
602 822
602 939
605 925
606 705
607 632
613 815
619 916
620 768
622 694
624 874
625 903
626 954
631 689
631 743
635 900
636 867
644 687
646 894
646 978
651 684
654 663
655 659
660 814
668 964
672 845
675 700
676 794
678 993
679 879
681 928
683 873
684 782
687 775
689 877
690 891
691 803
692 760
693 732
693 756
696 708
697 717
704 749
705 934
710 885
712 733
716 908
717 735
719 953
732 791
734 952
739 844
742 764
747 977
748 895
749 915
750 809
750 927
755 949
761 982
765 825
768 784
772 923
773 846
776 830
776 914
778 882
787 788
788 935
791 839
792 858
797 855
797 890
797 976
803 997
804 818
806 944
810 983
815 863
825 836
826 930
831 909
832 940
835 999
837 951
841 893
844 880
864 991
868 906
870 986
872 947
884 966
888 898
897 968
917 974
925 970
945 969
959 962
