1000 0 999
1 2
3 2
3 4
5 4
6 5
7 6
8 7
8 9
9 10
10 11
11 12
13 12
14 13
15 14
16 15
16 17
18 17
19 18
19 20
20 21
22 21
23 22
24 23
25 24
25 26
26 27
28 27
29 28
29 30
31 30
32 31
33 32
34 33
34 35
36 35
36 37
38 37
38 39
40 39
41 40
41 42
42 43
43 44
45 44
45 46
46 47
48 47
48 49
49 50
50 51
52 51
52 53
54 53
55 54
56 55
56 57
57 58
58 59
59 60
61 60
62 61
63 62
64 63
65 64
65 66
66 67
68 67
69 68
70 69
70 71
72 71
73 72
74 73
74 75
76 75
77 76
78 77
78 79
80 79
81 80
82 81
83 82
83 84
84 85
86 85
87 86
88 87
89 88
90 89
90 91
91 92
92 93
94 93
95 94
96 95
96 97
98 97
99 98
100 99
101 100
101 102
102 103
103 104
104 105
105 106
106 107
108 107
109 108
109 110
110 111
112 111
112 113
113 114
115 114
116 115
116 117
118 117
119 118
120 119
121 120
122 121
123 122
124 123
124 125
126 125
126 127
127 128
128 129
129 130
131 130
131 132
132 133
134 133
135 134
135 136
137 136
138 137
139 138
139 140
140 141
141 142
143 142
144 143
144 145
146 145
146 147
148 147
148 149
150 149
151 150
152 151
153 152
154 153
154 155
155 156
157 156
157 158
159 158
159 160
160 161
162 161
163 162
164 163
165 164
165 166
167 166
167 168
168 169
170 169
171 170
172 171
173 172
174 173
175 174
175 176
176 177
178 177
179 178
179 180
181 180
181 182
183 182
183 184
185 184
186 185
186 187
187 188
189 188
189 190
191 190
191 192
193 192
193 194
194 195
195 196
196 197
198 197
199 198
200 199
201 200
202 201
202 203
203 204
204 205
206 205
207 206
208 207
209 208
210 209
211 210
212 211
213 212
213 214
214 215
216 215
217 216
217 218
219 218
220 219
220 221
221 222
223 222
223 224
224 225
226 225
226 227
228 227
229 228
230 229
230 231
231 232
232 233
233 234
234 235
235 236
237 236
238 237
238 239
239 240
241 240
242 241
242 243
244 243
245 244
245 246
247 246
247 248
248 249
250 249
251 250
252 251
252 253
254 253
254 255
256 255
256 257
257 258
259 258
260 259
260 261
261 262
263 262
264 263
265 264
266 265
267 266
267 268
269 268
270 269
270 271
272 271
272 273
274 273
275 274
276 275
276 277
277 278
279 278
280 279
281 280
282 281
283 282
283 284
285 284
286 285
286 287
288 287
289 288
290 289
291 290
291 292
293 292
293 294
295 294
296 295
297 296
297 298
298 299
299 300
300 301
302 301
302 303
304 303
304 305
305 306
307 306
308 307
309 308
310 309
311 310
312 311
312 313
313 314
315 314
315 316
317 316
318 317
319 318
320 319
320 321
321 322
322 323
323 324
325 324
325 326
326 327
328 327
328 329
329 330
331 330
332 331
333 332
333 334
334 335
336 335
336 337
337 338
338 339
339 340
341 340
342 341
342 343
344 343
344 345
346 345
347 346
348 347
349 348
349 350
350 351
351 352
352 353
353 354
355 354
356 355
356 357
358 357
358 359
360 359
360 361
361 362
362 363
364 363
365 364
366 365
366 367
367 368
369 368
369 370
370 371
372 371
372 373
374 373
375 374
376 375
377 376
377 378
379 378
380 379
381 380
382 381
382 383
383 384
385 384
386 385
386 387
387 388
389 388
390 389
390 391
391 392
393 392
394 393
395 394
396 395
396 397
398 397
398 399
400 399
400 401
402 401
403 402
404 403
405 404
405 406
407 406
408 407
408 409
410 409
411 410
412 411
412 413
413 414
414 415
415 416
417 416
418 417
419 418
419 420
420 421
421 422
422 423
424 423
424 425
426 425
427 426
428 427
428 429
429 430
430 431
432 431
432 433
434 433
434 435
435 436
437 436
438 437
439 438
440 439
441 440
442 441
442 443
443 444
444 445
446 445
446 447
448 447
449 448
450 449
450 451
451 452
452 453
454 453
454 455
455 456
457 456
457 458
458 459
459 460
460 461
461 462
462 463
464 463
465 464
466 465
466 467
468 467
468 469
469 470
471 470
471 472
473 472
473 474
475 474
476 475
477 476
478 477
479 478
480 479
481 480
481 482
483 482
483 484
485 484
486 485
486 487
487 488
489 488
489 490
491 490
491 492
493 492
494 493
494 495
496 495
497 496
497 498
498 499
499 500
500 501
502 501
503 502
503 504
504 505
505 506
506 507
507 508
509 508
509 510
510 511
512 511
513 512
514 513
515 514
516 515
517 516
518 517
518 519
520 519
521 520
522 521
522 523
524 523
525 524
526 525
527 526
528 527
529 528
530 529
530 531
531 532
532 533
533 534
535 534
536 535
537 536
537 538
538 539
539 540
541 540
541 542
543 542
544 543
545 544
546 545
546 547
548 547
548 549
549 550
551 550
552 551
552 553
553 554
555 554
555 556
556 557
558 557
559 558
560 559
560 561
561 562
563 562
563 564
564 565
565 566
567 566
568 567
568 569
569 570
570 571
572 571
572 573
573 574
575 574
576 575
577 576
577 578
579 578
579 580
581 580
581 582
583 582
584 583
584 585
586 585
586 587
588 587
589 588
589 590
590 591
592 591
592 593
593 594
595 594
595 596
597 596
598 597
599 598
599 600
600 601
602 601
603 602
603 604
604 605
606 605
606 607
608 607
608 609
610 609
610 611
611 612
613 612
614 613
615 614
615 616
616 617
617 618
618 619
620 619
621 620
621 622
623 622
623 624
625 624
626 625
626 627
627 628
629 628
629 630
630 631
631 632
633 632
633 634
634 635
635 636
637 636
637 638
638 639
640 639
640 641
642 641
642 643
643 644
645 644
646 645
646 647
648 647
649 648
649 650
651 650
652 651
653 652
654 653
655 654
656 655
657 656
658 657
659 658
659 660
661 660
662 661
662 663
663 664
665 664
666 665
666 667
668 667
669 668
669 670
671 670
672 671
672 673
673 674
675 674
676 675
677 676
678 677
678 679
679 680
681 680
681 682
683 682
683 684
684 685
685 686
687 686
687 688
689 688
690 689
690 691
691 692
692 693
693 694
694 695
695 696
697 696
697 698
699 698
699 700
701 700
701 702
703 702
704 703
704 705
706 705
707 706
707 708
709 708
709 710
711 710
711 712
712 713
713 714
714 715
715 716
717 716
717 718
719 718
720 719
720 721
722 721
722 723
723 724
725 724
726 725
727 726
728 727
728 729
729 730
731 730
732 731
732 733
733 734
735 734
736 735
737 736
737 738
738 739
739 740
740 741
741 742
743 742
743 744
745 744
746 745
746 747
748 747
749 748
749 750
750 751
752 751
752 753
754 753
754 755
755 756
757 756
757 758
758 759
760 759
760 761
762 761
763 762
764 763
765 764
766 765
766 767
768 767
769 768
769 770
770 771
771 772
772 773
774 773
774 775
775 776
776 777
777 778
778 779
780 779
780 781
782 781
782 783
783 784
784 785
785 786
786 787
787 788
789 788
789 790
790 791
792 791
792 793
794 793
795 794
796 795
796 797
797 798
799 798
799 800
801 800
802 801
803 802
804 803
804 805
805 806
807 806
808 807
809 808
809 810
810 811
811 812
813 812
814 813
814 815
816 815
817 816
817 818
818 819
819 820
820 821
821 822
823 822
823 824
824 825
825 826
827 826
828 827
828 829
830 829
830 831
831 832
833 832
833 834
835 834
836 835
836 837
838 837
839 838
840 839
840 841
842 841
843 842
844 843
845 844
846 845
846 847
848 847
848 849
849 850
850 851
851 852
853 852
854 853
855 854
855 856
857 856
858 857
859 858
860 859
860 861
861 862
863 862
863 864
864 865
865 866
866 867
868 867
868 869
870 869
870 871
871 872
872 873
873 874
875 874
875 876
876 877
878 877
878 879
880 879
881 880
882 881
882 883
884 883
885 884
885 886
886 887
888 887
889 888
890 889
890 891
892 891
892 893
893 894
895 894
895 896
897 896
898 897
898 899
900 899
901 900
901 902
903 902
904 903
904 905
905 906
906 907
908 907
909 908
909 910
911 910
912 911
912 913
914 913
915 914
916 915
916 917
918 917
919 918
920 919
921 920
921 922
923 922
924 923
925 924
926 925
927 926
928 927
929 928
929 930
930 931
931 932
933 932
933 934
934 935
935 936
936 937
938 937
938 939
940 939
941 940
941 942
942 943
944 943
944 945
945 946
946 947
948 947
948 949
949 950
950 951
952 951
952 953
953 954
955 954
955 956
956 957
957 958
959 958
960 959
960 961
961 962
963 962
964 963
965 964
966 965
967 966
967 968
969 968
969 970
970 971
972 971
973 972
973 974
974 975
976 975
976 977
977 978
979 978
980 979
981 980
981 982
983 982
984 983
985 984
985 986
987 986
988 987
989 988
990 989
991 990
992 991
993 992
994 993
995 994
996 995
997 996
998 997
999 998
1000 999
