1000 0 1000
1 1000
2 1
2 3
3 4
5 4
6 5
7 6
7 8
8 9
10 9
10 11
11 12
13 12
13 14
15 14
16 15
17 16
17 18
18 19
20 19
21 20
22 21
23 22
23 24
25 24
26 25
26 27
28 27
29 28
29 30
31 30
31 32
33 32
34 33
34 35
36 35
36 37
38 37
38 39
40 39
40 41
42 41
43 42
43 44
44 45
45 46
47 46
47 48
48 49
50 49
50 51
51 52
53 52
54 53
54 55
56 55
56 57
58 57
58 59
60 59
61 60
62 61
63 62
64 63
65 64
66 65
67 66
67 68
69 68
69 70
70 71
72 71
73 72
74 73
74 75
75 76
77 76
78 77
79 78
79 80
81 80
81 82
82 83
84 83
85 84
85 86
86 87
87 88
88 89
89 90
90 91
91 92
92 93
93 94
95 94
96 95
97 96
97 98
98 99
100 99
101 100
102 101
102 103
104 103
104 105
105 106
106 107
107 108
109 108
109 110
110 111
111 112
113 112
114 113
114 115
116 115
116 117
117 118
119 118
120 119
120 121
121 122
122 123
123 124
124 125
126 125
126 127
127 128
129 128
129 130
131 130
132 131
133 132
133 134
135 134
135 136
137 136
138 137
139 138
140 139
141 140
141 142
143 142
143 144
145 144
145 146
147 146
147 148
149 148
150 149
151 150
152 151
153 152
154 153
155 154
156 155
157 156
158 157
158 159
159 160
160 161
162 161
162 163
163 164
165 164
165 166
167 166
167 168
168 169
170 169
170 171
172 171
173 172
173 174
175 174
175 176
176 177
178 177
179 178
180 179
181 180
181 182
183 182
183 184
184 185
185 186
186 187
187 188
189 188
190 189
191 190
192 191
193 192
193 194
195 194
196 195
197 196
198 197
199 198
199 200
201 200
201 202
203 202
203 204
205 204
205 206
207 206
208 207
209 208
209 210
211 210
211 212
212 213
214 213
214 215
216 215
216 217
218 217
219 218
220 219
220 221
221 222
222 223
223 224
224 225
226 225
227 226
227 228
228 229
230 229
230 231
231 232
233 232
233 234
234 235
236 235
236 237
237 238
238 239
240 239
240 241
242 241
242 243
243 244
245 244
245 246
246 247
248 247
249 248
250 249
251 250
252 251
253 252
254 253
254 255
255 256
256 257
258 257
258 259
260 259
260 261
262 261
263 262
263 264
265 264
266 265
267 266
267 268
268 269
269 270
270 271
271 272
272 273
273 274
274 275
276 275
277 276
277 278
278 279
280 279
280 281
282 281
282 283
283 284
285 284
286 285
286 287
288 287
289 288
290 289
291 290
291 292
293 292
294 293
295 294
296 295
297 296
297 298
299 298
300 299
300 301
302 301
302 303
303 304
305 304
305 306
307 306
307 308
308 309
310 309
310 311
312 311
312 313
313 314
314 315
316 315
316 317
318 317
319 318
320 319
320 321
322 321
322 323
324 323
324 325
325 326
326 327
328 327
328 329
329 330
331 330
331 332
333 332
333 334
334 335
335 336
337 336
337 338
339 338
339 340
341 340
342 341
343 342
344 343
345 344
345 346
347 346
347 348
349 348
350 349
351 350
352 351
353 352
353 354
355 354
355 356
356 357
357 358
359 358
360 359
360 361
361 362
362 363
364 363
365 364
365 366
366 367
368 367
369 368
369 370
371 370
372 371
372 373
373 374
375 374
375 376
376 377
377 378
379 378
379 380
380 381
382 381
382 383
384 383
384 385
386 385
387 386
388 387
388 389
389 390
391 390
392 391
392 393
394 393
394 395
396 395
397 396
398 397
398 399
400 399
401 400
401 402
402 403
403 404
404 405
406 405
407 406
408 407
408 409
409 410
411 410
411 412
412 413
414 413
415 414
415 416
416 417
418 417
418 419
419 420
421 420
421 422
422 423
423 424
424 425
426 425
427 426
428 427
428 429
430 429
430 431
431 432
433 432
434 433
435 434
435 436
437 436
438 437
439 438
440 439
441 440
442 441
442 443
443 444
444 445
446 445
447 446
447 448
448 449
449 450
451 450
451 452
452 453
454 453
454 455
455 456
457 456
457 458
459 458
459 460
461 460
461 462
463 462
464 463
464 465
466 465
467 466
467 468
468 469
470 469
471 470
472 471
472 473
473 474
475 474
476 475
476 477
478 477
478 479
480 479
481 480
482 481
482 483
483 484
484 485
486 485
487 486
487 488
489 488
489 490
490 491
491 492
493 492
494 493
494 495
495 496
497 496
497 498
499 498
500 499
501 500
501 502
502 503
504 503
505 504
505 506
506 507
507 508
508 509
509 510
510 511
512 511
512 513
514 513
514 515
516 515
517 516
518 517
518 519
519 520
521 520
521 522
522 523
524 523
524 525
526 525
526 527
528 527
528 529
529 530
530 531
531 532
533 532
534 533
535 534
535 536
536 537
538 537
538 539
540 539
540 541
541 542
542 543
544 543
544 545
545 546
547 546
548 547
549 548
550 549
551 550
552 551
553 552
553 554
554 555
556 555
557 556
557 558
559 558
559 560
560 561
562 561
563 562
563 564
564 565
566 565
566 567
567 568
568 569
569 570
570 571
572 571
573 572
573 574
574 575
575 576
577 576
578 577
579 578
579 580
581 580
582 581
582 583
583 584
585 584
585 586
586 587
587 588
588 589
590 589
590 591
592 591
592 593
593 594
595 594
596 595
596 597
597 598
599 598
600 599
601 600
601 602
603 602
604 603
604 605
606 605
607 606
607 608
608 609
609 610
610 611
612 611
613 612
613 614
614 615
616 615
617 616
618 617
618 619
619 620
620 621
622 621
622 623
624 623
624 625
625 626
627 626
628 627
628 629
629 630
630 631
631 632
633 632
634 633
634 635
636 635
636 637
637 638
639 638
640 639
641 640
641 642
642 643
644 643
644 645
646 645
647 646
648 647
649 648
650 649
650 651
651 652
653 652
654 653
654 655
655 656
656 657
657 658
659 658
660 659
661 660
662 661
662 663
664 663
665 664
666 665
667 666
668 667
669 668
670 669
670 671
671 672
672 673
673 674
675 674
676 675
677 676
678 677
678 679
679 680
680 681
681 682
683 682
683 684
685 684
685 686
686 687
688 687
688 689
690 689
690 691
692 691
692 693
693 694
695 694
696 695
696 697
698 697
699 698
699 700
700 701
701 702
703 702
704 703
704 705
706 705
706 707
708 707
708 709
710 709
710 711
712 711
712 713
713 714
714 715
716 715
716 717
717 718
718 719
720 719
721 720
721 722
722 723
724 723
725 724
725 726
727 726
727 728
729 728
730 729
731 730
731 732
733 732
733 734
735 734
736 735
736 737
738 737
739 738
739 740
741 740
741 742
743 742
744 743
744 745
746 745
747 746
748 747
748 749
750 749
751 750
751 752
753 752
753 754
755 754
755 756
756 757
758 757
758 759
760 759
760 761
762 761
763 762
763 764
764 765
766 765
766 767
768 767
768 769
770 769
771 770
771 772
772 773
774 773
774 775
776 775
777 776
778 777
778 779
779 780
781 780
781 782
783 782
784 783
785 784
785 786
786 787
788 787
788 789
790 789
791 790
792 791
792 793
793 794
794 795
796 795
796 797
797 798
799 798
800 799
800 801
801 802
803 802
803 804
805 804
806 805
807 806
808 807
808 809
809 810
810 811
811 812
812 813
813 814
815 814
815 816
816 817
817 818
819 818
819 820
821 820
822 821
823 822
824 823
824 825
825 826
826 827
827 828
828 829
830 829
830 831
832 831
833 832
834 833
834 835
836 835
837 836
837 838
838 839
839 840
840 841
842 841
842 843
843 844
845 844
845 846
847 846
847 848
849 848
849 850
850 851
852 851
852 853
853 854
854 855
855 856
856 857
857 858
859 858
860 859
861 860
862 861
862 863
863 864
865 864
865 866
867 866
868 867
868 869
870 869
871 870
871 872
873 872
873 874
874 875
876 875
877 876
878 877
879 878
880 879
881 880
882 881
883 882
883 884
884 885
885 886
887 886
887 888
888 889
890 889
890 891
892 891
893 892
894 893
894 895
896 895
897 896
897 898
899 898
900 899
900 901
901 902
902 903
903 904
904 905
906 905
907 906
908 907
909 908
909 910
911 910
911 912
913 912
913 914
914 915
915 916
917 916
917 918
919 918
919 920
920 921
921 922
922 923
923 924
924 925
926 925
927 926
928 927
928 929
930 929
930 931
931 932
933 932
933 934
935 934
936 935
937 936
938 937
938 939
939 940
941 940
942 941
942 943
944 943
944 945
945 946
947 946
947 948
948 949
950 949
951 950
951 952
953 952
953 954
954 955
955 956
956 957
957 958
958 959
960 959
960 961
962 961
963 962
963 964
965 964
966 965
967 966
967 968
968 969
969 970
971 970
971 972
973 972
974 973
975 974
975 976
976 977
978 977
979 978
980 979
980 981
982 981
982 983
984 983
984 985
986 985
987 986
988 987
988 989
989 990
991 990
991 992
992 993
994 993
995 994
996 995
997 996
998 997
998 999
1000 999
