1000 0 999
1 2
1 10
1 24
1 40
1 264
2 4
2 6
2 71
2 108
2 370
3 2
3 270
4 55
4 788
5 1
5 7
5 16
5 37
5 65
5 119
5 173
6 22
6 67
7 383
7 470
8 4
8 19
8 100
8 168
8 780
9 7
9 23
9 102
9 190
10 42
10 62
10 86
11 1
11 242
12 5
12 43
13 12
13 14
13 34
13 326
13 523
14 170
15 8
15 33
15 646
16 112
17 3
17 20
17 122
17 645
18 13
19 850
20 125
20 304
20 368
21 13
21 25
21 88
22 27
22 32
24 832
25 89
25 123
25 738
26 18
26 78
27 31
27 114
27 471
28 11
29 22
30 25
30 734
31 38
31 49
31 444
33 466
34 44
34 873
35 20
35 41
36 34
36 131
37 92
37 437
38 76
38 277
38 616
39 18
42 567
44 64
44 84
44 205
45 13
45 91
46 26
47 35
47 58
48 35
48 469
49 467
49 759
49 867
50 26
50 186
50 254
51 44
51 70
51 155
51 290
52 29
52 162
52 171
52 382
53 20
54 19
54 128
54 214
55 95
55 113
55 207
55 540
56 16
56 220
56 551
57 43
58 631
59 57
59 117
59 235
60 1
60 484
61 17
63 12
63 321
64 103
65 73
66 13
66 483
67 589
67 887
68 43
68 120
68 403
68 890
69 67
69 109
70 454
71 98
71 181
72 48
72 202
72 311
73 129
73 334
74 1
74 219
75 22
75 136
75 169
75 561
76 97
76 305
77 36
77 118
77 147
78 228
79 43
80 38
80 156
80 526
81 58
82 5
82 643
83 50
83 203
83 622
83 934
84 99
84 217
85 58
85 138
85 143
85 199
85 659
85 966
87 21
88 141
88 267
90 46
90 272
92 490
92 965
93 5
93 111
93 166
93 420
94 49
94 468
95 165
96 27
96 192
96 739
97 501
98 393
101 86
101 137
103 104
104 105
104 106
104 174
106 371
106 536
107 34
109 213
110 47
111 679
114 139
114 426
115 108
116 105
116 216
116 557
118 877
119 308
120 188
120 224
121 3
124 69
126 68
126 928
127 11
127 182
127 606
127 878
128 223
128 275
128 657
129 154
129 260
129 268
129 862
130 40
130 179
132 66
133 6
133 803
134 52
134 982
134 993
135 132
135 433
135 450
135 553
136 744
136 884
136 926
138 807
140 79
140 286
140 939
141 215
141 237
141 509
142 55
142 918
144 138
145 139
145 412
146 82
148 40
149 55
149 301
150 94
150 195
150 476
150 711
151 95
151 493
151 732
152 64
152 178
152 610
153 28
153 172
153 449
155 525
157 16
158 130
158 912
159 132
159 234
159 538
160 16
160 542
161 12
161 804
162 163
163 595
164 145
164 341
165 443
166 342
167 127
168 345
169 200
169 354
169 502
169 962
173 193
174 528
175 100
175 957
176 19
176 335
177 25
177 312
177 431
178 785
180 106
180 725
181 427
181 770
181 922
182 784
183 37
183 720
184 35
184 892
185 64
185 682
186 328
187 95
187 281
188 818
189 155
191 50
191 211
192 269
192 491
192 858
194 146
194 266
195 284
196 65
196 289
197 21
198 5
198 257
201 55
204 108
204 231
204 288
206 118
208 32
209 22
209 653
210 158
210 688
211 886
212 179
212 331
212 544
214 245
215 339
217 874
218 202
218 255
218 323
219 598
220 997
221 99
221 252
221 425
221 637
222 201
224 391
224 566
225 95
226 213
226 999
227 225
229 217
229 344
230 119
230 263
230 396
232 184
233 117
236 67
237 280
238 144
238 521
239 62
240 127
241 5
241 291
242 987
243 170
244 212
245 392
246 184
247 158
248 233
249 236
249 591
249 791
250 49
250 488
251 140
251 262
251 482
252 497
253 95
255 680
256 214
256 816
258 206
259 68
259 300
259 375
261 149
262 414
262 461
265 95
267 972
269 386
269 479
271 154
271 460
273 91
274 28
275 776
275 821
275 889
276 266
276 612
277 614
278 270
279 127
281 448
282 72
282 954
283 178
284 518
285 114
285 573
286 329
287 279
287 303
288 700
292 43
293 274
294 251
294 712
295 95
296 7
297 180
298 119
298 600
298 825
299 25
299 632
301 775
302 36
303 618
304 597
305 615
305 714
305 824
306 216
307 113
307 524
309 26
310 136
312 319
313 22
314 96
315 32
315 353
316 308
317 30
317 519
317 881
317 913
318 97
318 522
320 190
322 147
322 533
323 702
324 219
325 93
325 492
325 919
326 520
327 249
328 572
328 658
328 798
329 819
330 306
332 244
332 369
333 189
334 377
336 186
337 203
338 308
340 166
340 590
343 170
343 555
346 69
347 278
347 399
348 9
349 74
350 6
350 456
351 239
351 481
352 347
354 571
355 164
356 93
356 699
357 216
358 159
358 395
358 400
359 69
360 153
361 297
361 496
362 302
363 55
363 789
364 285
365 318
366 167
367 74
369 696
372 258
373 61
374 58
374 664
376 43
378 195
379 53
380 155
380 472
380 845
381 158
381 796
381 924
384 195
385 283
385 424
385 736
387 66
388 294
389 372
389 608
390 302
390 531
393 921
394 186
394 647
397 189
397 829
398 2
398 495
401 148
402 32
404 238
404 503
405 86
406 315
407 276
408 327
409 115
410 274
411 338
413 261
414 556
414 815
415 84
416 316
417 36
418 236
419 162
419 687
420 670
421 302
421 458
422 45
423 161
428 154
428 859
429 271
429 651
430 346
432 163
434 408
435 251
436 337
438 112
439 310
440 434
440 898
441 372
442 47
442 451
443 671
443 809
445 217
446 394
447 341
452 173
452 666
453 108
453 619
454 464
455 106
457 453
459 168
459 983
462 254
463 147
463 838
465 408
468 625
470 552
471 510
471 801
472 980
473 109
473 929
474 295
475 160
477 173
477 774
478 362
478 507
480 381
483 745
483 901
485 240
486 230
486 771
487 67
489 191
491 810
491 817
494 128
498 344
499 413
499 960
500 373
501 695
501 927
504 451
505 176
506 16
507 583
508 139
510 626
511 438
512 166
513 197
514 227
515 441
515 584
516 275
517 184
524 581
524 905
527 260
527 920
529 486
530 236
532 414
534 527
535 259
537 148
538 677
539 443
541 185
543 382
543 865
545 397
545 642
546 53
546 685
546 693
547 416
547 569
547 991
548 527
549 50
550 460
552 860
554 103
556 690
558 386
559 142
560 240
562 188
563 209
563 678
564 449
565 537
566 777
568 514
568 908
570 475
574 491
575 438
576 58
577 572
577 660
578 57
579 511
580 157
582 106
583 689
584 897
585 61
586 21
587 17
587 718
588 11
589 605
589 708
591 767
591 875
592 242
593 126
594 260
596 440
599 374
600 802
601 265
602 137
603 259
604 209
607 199
609 76
609 851
611 132
613 88
614 740
617 69
620 560
621 225
623 507
623 979
624 525
626 861
627 555
628 262
629 385
630 3
633 59
634 580
635 624
636 128
636 826
638 121
639 153
639 754
640 74
641 545
644 221
648 225
648 834
649 106
649 650
650 853
651 895
652 179
652 730
654 531
655 642
656 80
658 812
661 506
661 683
662 306
663 312
664 763
665 573
665 779
667 602
667 833
668 588
668 830
669 301
672 340
673 318
673 737
674 79
674 842
675 560
675 880
675 900
676 36
677 846
680 778
681 585
684 379
686 405
689 715
689 813
691 459
691 906
692 178
693 800
694 266
697 514
698 204
701 601
703 261
704 108
705 39
706 592
707 512
709 693
710 6
713 389
715 981
716 322
717 78
719 565
720 942
721 684
721 923
722 387
723 598
724 181
726 88
727 678
728 335
729 583
729 762
731 196
731 747
733 237
735 672
735 896
741 681
742 568
743 528
746 445
748 203
749 131
750 614
751 360
751 793
752 228
752 769
753 612
755 641
756 508
757 62
758 194
758 914
760 74
761 391
764 322
765 645
766 204
768 684
772 679
773 313
778 953
781 675
782 642
783 689
784 986
786 309
787 468
790 531
792 69
794 685
795 237
796 854
797 585
799 160
801 984
805 171
806 424
808 294
809 990
811 773
814 633
816 948
820 784
822 777
823 198
825 840
827 517
828 511
828 835
828 876
831 792
836 29
837 306
839 610
841 766
843 141
844 841
847 652
848 320
849 147
852 271
854 879
855 50
856 211
857 29
857 933
863 253
863 894
864 46
866 153
867 952
868 205
869 458
870 289
871 27
872 2
881 930
882 577
883 54
885 328
888 506
891 441
891 985
893 554
899 522
902 270
903 690
904 52
907 875
909 450
910 290
911 712
915 42
916 359
917 860
925 730
931 88
932 376
935 661
936 252
937 39
938 837
940 111
941 312
943 669
944 655
945 153
946 888
947 294
949 500
950 808
951 430
955 650
956 2
958 396
959 34
961 599
963 121
964 605
967 718
968 285
969 391
970 831
971 222
971 1000
973 211
974 515
975 211
976 611
977 66
978 770
988 102
989 879
992 744
994 884
995 49
996 465
998 368
