1000 0 999
2 1
2 3
4 3
4 5
6 5
6 7
7 8
8 9
10 9
10 11
11 12
13 12
13 14
14 15
16 15
16 17
18 17
18 19
20 19
20 21
21 22
23 22
24 23
25 24
25 26
26 27
27 28
29 28
29 30
30 31
31 32
33 32
33 34
35 34
35 36
36 37
38 37
38 39
39 40
40 41
42 41
42 43
44 43
44 45
46 45
47 46
48 47
48 49
50 49
51 50
52 51
52 53
53 54
54 55
55 56
56 57
57 58
58 59
60 59
61 60
62 61
62 63
64 63
65 64
66 65
66 67
67 68
68 69
70 69
71 70
72 71
73 72
74 73
75 74
75 76
76 77
78 77
78 79
80 79
81 80
81 82
83 82
83 84
85 84
85 86
87 86
88 87
89 88
90 89
91 90
92 91
92 93
93 94
94 95
95 96
97 96
98 97
98 99
100 99
101 100
101 102
103 102
103 104
104 105
105 106
106 107
108 107
109 108
109 110
111 110
111 112
112 113
113 114
115 114
115 116
117 116
118 117
118 119
119 120
121 120
121 122
122 123
124 123
125 124
125 126
126 127
127 128
129 128
130 129
130 131
132 131
132 133
133 134
135 134
136 135
137 136
138 137
139 138
139 140
141 140
141 142
142 143
143 144
144 145
145 146
146 147
148 147
148 149
150 149
150 151
151 152
153 152
153 154
154 155
156 155
157 156
157 158
159 158
160 159
160 161
162 161
163 162
164 163
164 165
165 166
166 167
167 168
169 168
170 169
171 170
172 171
172 173
174 173
175 174
175 176
176 177
178 177
178 179
179 180
180 181
181 182
183 182
183 184
184 185
186 185
187 186
188 187
189 188
190 189
190 191
192 191
193 192
194 193
195 194
195 196
197 196
197 198
198 199
199 200
201 200
202 201
202 203
203 204
204 205
205 206
207 206
207 208
208 209
210 209
210 211
211 212
212 213
214 213
215 214
215 216
217 216
218 217
218 219
220 219
221 220
222 221
223 222
224 223
224 225
225 226
227 226
228 227
229 228
230 229
230 231
231 232
233 232
233 234
234 235
235 236
237 236
238 237
239 238
239 240
241 240
241 242
242 243
243 244
245 244
245 246
247 246
248 247
248 249
250 249
251 250
252 251
253 252
253 254
254 255
256 255
257 256
258 257
259 258
259 260
261 260
261 262
262 263
263 264
265 264
266 265
267 266
267 268
269 268
269 270
271 270
271 272
273 272
273 274
275 274
275 276
277 276
278 277
278 279
279 280
281 280
282 281
282 283
283 284
285 284
285 286
287 286
288 287
288 289
290 289
290 291
292 291
293 292
293 294
294 295
296 295
297 296
298 297
298 299
299 300
300 301
301 302
303 302
303 304
305 304
306 305
307 306
307 308
309 308
309 310
311 310
311 312
313 312
313 314
315 314
316 315
317 316
317 318
319 318
320 319
321 320
321 322
323 322
324 323
325 324
325 326
327 326
328 327
328 329
329 330
331 330
332 331
332 333
333 334
334 335
335 336
336 337
338 337
338 339
340 339
341 340
341 342
343 342
343 344
345 344
346 345
346 347
347 348
348 349
350 349
351 350
352 351
352 353
354 353
354 355
355 356
357 356
357 358
359 358
359 360
361 360
361 362
363 362
364 363
365 364
366 365
367 366
367 368
369 368
370 369
371 370
372 371
373 372
374 373
374 375
375 376
377 376
378 377
379 378
380 379
381 380
381 382
382 383
384 383
384 385
386 385
387 386
387 388
388 389
389 390
391 390
392 391
392 393
393 394
395 394
396 395
396 397
398 397
399 398
399 400
401 400
401 402
402 403
403 404
405 404
405 406
406 407
408 407
409 408
409 410
411 410
411 412
412 413
414 413
414 415
415 416
416 417
418 417
419 418
419 420
421 420
421 422
422 423
424 423
425 424
425 426
426 427
427 428
429 428
429 430
431 430
432 431
432 433
434 433
434 435
435 436
437 436
438 437
438 439
439 440
440 441
441 442
443 442
443 444
444 445
446 445
447 446
448 447
449 448
449 450
450 451
451 452
452 453
454 453
455 454
455 456
457 456
457 458
458 459
459 460
461 460
461 462
462 463
463 464
464 465
466 465
467 466
467 468
468 469
470 469
471 470
472 471
473 472
474 473
475 474
476 475
476 477
478 477
478 479
479 480
480 481
482 481
483 482
483 484
485 484
486 485
486 487
488 487
488 489
489 490
490 491
492 491
493 492
494 493
494 495
496 495
497 496
498 497
498 499
499 500
500 501
501 504
501 509
501 510
501 511
501 513
501 515
501 518
501 520
501 522
501 528
501 529
501 530
501 531
501 532
501 533
501 538
501 539
501 542
501 543
501 544
501 545
501 546
501 547
501 551
501 554
501 555
501 556
501 558
501 559
501 561
501 563
501 564
501 565
501 566
501 567
501 568
501 569
501 570
501 571
501 573
501 574
501 578
501 580
501 581
501 582
501 583
501 584
501 585
501 589
501 591
501 592
501 593
501 594
501 595
501 597
501 598
501 600
501 601
501 602
501 604
501 605
501 607
501 608
501 609
501 611
501 612
501 620
501 621
501 623
501 624
501 626
501 627
501 633
501 634
501 635
501 636
501 637
501 638
501 639
501 641
501 644
501 645
501 648
501 650
501 651
501 659
501 661
501 664
501 666
501 669
501 672
501 674
501 675
501 681
501 683
501 685
501 686
501 688
501 689
501 691
501 698
501 701
501 705
501 706
501 707
501 710
501 711
501 712
501 713
501 715
501 717
501 718
501 719
501 721
501 722
501 725
501 726
501 727
501 728
501 729
501 734
501 735
501 738
501 745
501 747
501 750
501 751
501 752
501 755
501 757
501 760
501 763
501 766
501 769
501 772
501 775
501 778
501 780
501 781
501 783
501 785
501 786
501 790
501 793
501 794
501 795
501 797
501 799
501 800
501 805
501 807
501 809
501 813
501 815
501 819
501 822
501 825
501 827
501 828
501 830
501 831
501 833
501 834
501 835
501 836
501 839
501 844
501 845
501 848
501 849
501 850
501 851
501 852
501 856
501 857
501 859
501 860
501 861
501 863
501 864
501 865
501 867
501 870
501 874
501 875
501 876
501 877
501 881
501 882
501 883
501 884
501 886
501 888
501 889
501 890
501 892
501 895
501 896
501 897
501 899
501 900
501 901
501 905
501 906
501 907
501 909
501 910
501 911
501 912
501 914
501 915
501 918
501 921
501 923
501 925
501 926
501 928
501 930
501 934
501 936
501 938
501 942
501 943
501 947
501 948
501 949
501 951
501 954
501 955
501 957
501 959
501 960
501 961
501 967
501 968
501 969
501 970
501 971
501 973
501 974
501 978
501 981
501 983
501 984
501 985
501 987
501 989
501 997
501 998
501 1000
502 501
503 501
505 501
506 501
507 501
508 501
512 501
514 501
516 501
517 501
519 501
521 501
523 501
524 501
525 501
526 501
527 501
534 501
535 501
536 501
537 501
540 501
541 501
548 501
549 501
550 501
552 501
553 501
557 501
560 501
562 501
572 501
575 501
576 501
577 501
579 501
586 501
587 501
588 501
590 501
596 501
599 501
603 501
606 501
610 501
613 501
614 501
615 501
616 501
617 501
618 501
619 501
622 501
625 501
628 501
629 501
630 501
631 501
632 501
640 501
642 501
643 501
646 501
647 501
649 501
652 501
653 501
654 501
655 501
656 501
657 501
658 501
660 501
662 501
663 501
665 501
667 501
668 501
670 501
671 501
673 501
676 501
677 501
678 501
679 501
680 501
682 501
684 501
687 501
690 501
692 501
693 501
694 501
695 501
696 501
697 501
699 501
700 501
702 501
703 501
704 501
708 501
709 501
714 501
716 501
720 501
723 501
724 501
730 501
731 501
732 501
733 501
736 501
737 501
739 501
740 501
741 501
742 501
743 501
744 501
746 501
748 501
749 501
753 501
754 501
756 501
758 501
759 501
761 501
762 501
764 501
765 501
767 501
768 501
770 501
771 501
773 501
774 501
776 501
777 501
779 501
782 501
784 501
787 501
788 501
789 501
791 501
792 501
796 501
798 501
801 501
802 501
803 501
804 501
806 501
808 501
810 501
811 501
812 501
814 501
816 501
817 501
818 501
820 501
821 501
823 501
824 501
826 501
829 501
832 501
837 501
838 501
840 501
841 501
842 501
843 501
846 501
847 501
853 501
854 501
855 501
858 501
862 501
866 501
868 501
869 501
871 501
872 501
873 501
878 501
879 501
880 501
885 501
887 501
891 501
893 501
894 501
898 501
902 501
903 501
904 501
908 501
913 501
916 501
917 501
919 501
920 501
922 501
924 501
927 501
929 501
931 501
932 501
933 501
935 501
937 501
939 501
940 501
941 501
944 501
945 501
946 501
950 501
952 501
953 501
956 501
958 501
962 501
963 501
964 501
965 501
966 501
972 501
975 501
976 501
977 501
979 501
980 501
982 501
986 501
988 501
990 501
991 501
992 501
993 501
994 501
995 501
996 501
999 501
