1000 0 999
1 2
1 5
1 8
1 14
1 34
1 81
1 731
1 795
2 3
2 7
2 9
2 26
2 41
2 191
2 345
2 475
3 4
3 6
3 27
3 31
3 77
3 396
3 414
3 574
4 18
4 21
4 119
4 217
4 301
4 919
5 42
5 90
5 127
5 177
5 422
6 11
6 23
6 82
6 105
6 109
6 203
6 220
7 424
7 834
8 17
8 60
8 84
8 260
9 10
9 25
9 48
9 274
9 622
9 908
10 15
10 94
10 123
10 257
10 605
11 12
11 32
11 88
11 457
11 832
12 13
12 20
12 189
12 288
12 375
12 698
13 67
13 420
13 978
14 19
14 103
14 155
14 165
14 169
15 16
15 24
15 36
15 47
16 68
16 137
16 258
17 28
17 30
17 52
17 388
17 689
17 819
18 37
18 262
18 813
18 997
19 22
19 38
19 56
19 70
19 246
19 348
19 672
20 35
20 319
21 80
21 121
21 473
21 587
21 634
22 29
22 46
22 55
22 154
22 183
23 33
24 53
24 54
24 66
25 102
26 44
26 110
26 120
26 124
26 507
26 632
26 967
27 122
27 188
27 259
28 76
28 179
28 223
28 600
29 85
29 115
29 653
29 803
30 64
30 111
30 859
31 135
31 162
31 229
32 397
32 846
32 860
33 39
33 59
33 99
33 511
33 619
34 43
34 89
34 156
34 186
34 273
35 65
35 343
35 501
35 817
36 40
36 164
36 173
36 264
37 75
37 149
37 215
37 279
37 602
37 890
38 113
38 606
40 50
40 51
40 180
40 346
41 49
41 150
41 976
42 132
42 192
42 221
43 266
43 302
43 998
44 45
44 226
45 57
45 79
45 550
46 116
46 174
46 251
46 280
46 724
46 887
47 74
47 211
47 961
48 69
50 107
50 130
50 413
50 464
51 58
51 61
51 219
51 536
52 456
53 129
53 488
53 552
53 906
54 485
55 218
55 293
55 367
55 629
56 96
56 197
56 198
57 62
57 78
57 101
57 146
57 458
58 63
58 73
58 193
58 231
59 411
59 609
60 118
60 190
60 338
60 385
61 142
61 161
61 275
61 296
61 523
61 674
61 837
62 208
62 768
62 896
63 71
63 222
63 297
64 128
65 216
65 272
65 642
66 97
66 131
66 178
67 72
67 448
67 826
68 83
68 356
68 450
68 807
68 886
68 953
69 114
69 227
69 305
70 209
70 306
71 87
71 112
71 252
71 369
71 371
72 391
72 543
73 104
73 309
74 170
74 500
74 547
75 117
75 138
76 95
76 393
77 86
78 125
78 176
78 378
78 529
79 91
79 108
79 533
80 593
81 256
82 143
83 98
83 184
83 418
84 148
84 373
84 641
86 376
86 541
87 314
87 650
88 92
88 133
88 389
88 445
89 93
90 433
90 482
91 145
91 486
92 213
92 805
92 938
93 326
94 168
94 283
94 810
94 928
96 247
96 705
97 147
97 175
97 463
98 100
98 771
99 159
99 195
99 255
99 322
100 199
100 636
102 204
102 254
102 412
102 589
104 106
104 152
104 739
105 268
106 431
107 454
108 374
108 861
109 238
109 392
110 205
110 206
111 172
111 955
112 354
112 498
113 153
113 207
113 212
113 461
114 185
114 214
114 848
115 201
115 313
116 233
116 237
116 428
116 825
117 166
117 240
118 200
118 654
119 163
119 474
120 144
121 502
122 126
122 140
123 136
123 287
123 644
124 181
125 281
126 406
127 194
127 792
129 141
129 253
130 134
130 631
131 210
131 459
132 160
132 386
133 167
134 139
134 426
135 811
135 883
136 228
136 250
137 171
137 182
137 410
137 564
137 786
138 269
138 877
138 940
139 295
139 447
139 613
141 336
141 508
141 678
143 361
143 379
144 291
144 719
145 225
145 381
145 513
145 695
146 187
146 286
146 372
146 380
146 444
146 773
148 241
149 151
149 405
150 158
152 157
154 711
154 878
155 230
155 344
155 455
156 470
156 630
157 321
157 604
157 621
157 702
157 789
158 332
158 802
160 298
161 196
161 716
161 889
162 202
162 327
163 355
163 744
164 224
165 417
165 790
167 276
167 377
168 747
170 270
172 616
173 333
174 320
174 383
174 497
174 759
174 828
175 267
175 285
175 847
176 325
176 337
176 545
177 303
177 876
178 364
179 801
181 323
182 261
182 683
183 514
183 939
184 339
184 362
184 436
186 317
187 503
189 235
189 351
189 443
190 352
190 366
190 489
190 664
190 752
192 248
192 524
194 583
194 687
195 349
195 560
196 311
196 390
196 615
196 988
197 342
197 880
197 917
199 728
201 245
201 626
202 290
202 569
203 452
203 717
204 526
204 659
204 872
205 347
205 608
207 330
208 439
208 905
209 398
210 585
211 277
211 331
211 999
212 242
212 762
214 519
215 510
216 596
217 780
218 328
218 360
218 437
219 365
219 645
219 714
219 732
219 904
220 249
220 932
222 882
223 243
223 651
224 239
224 499
225 236
225 427
225 793
226 234
227 263
227 540
227 736
230 232
230 271
230 809
231 399
231 555
232 964
233 496
233 753
234 495
235 340
236 244
236 307
237 581
237 864
238 787
239 312
239 407
240 299
240 304
240 467
241 292
242 363
242 387
242 692
244 265
244 696
244 761
244 842
245 643
246 278
246 624
247 294
249 300
249 394
250 315
250 655
250 669
251 462
252 492
252 601
252 647
253 713
253 766
253 844
255 289
256 699
256 779
258 284
262 471
262 671
264 370
264 685
265 772
266 382
266 746
267 335
267 757
268 688
270 856
271 794
272 310
273 607
274 460
275 516
276 730
277 282
277 668
278 451
279 400
279 943
280 781
282 537
284 341
285 350
285 931
286 334
286 527
286 675
288 729
289 440
289 531
289 983
290 504
292 425
292 466
293 575
293 765
294 316
294 725
296 839
296 857
296 965
297 582
298 435
298 556
300 584
301 465
301 478
302 401
303 324
303 855
305 429
306 359
306 434
307 308
307 487
307 561
307 791
309 627
311 318
311 446
311 578
312 679
313 554
315 368
315 404
319 708
320 718
321 329
321 586
322 551
323 836
325 353
327 862
328 885
332 565
332 903
333 676
334 509
335 384
335 528
335 1000
337 754
338 525
338 971
340 453
340 852
342 830
343 358
343 894
344 472
345 899
346 706
348 432
350 481
352 415
353 670
353 697
353 707
354 987
355 357
355 989
356 449
357 421
357 468
358 777
362 419
362 818
363 700
364 408
364 469
365 658
366 881
366 884
367 395
369 430
369 597
371 822
372 863
373 553
374 518
374 548
375 948
377 740
378 595
378 945
380 403
381 409
382 663
382 775
386 617
387 854
387 959
388 799
389 738
390 402
390 966
393 652
394 494
394 557
394 628
395 709
396 416
396 442
396 479
398 640
398 693
399 423
400 477
400 544
402 520
402 591
403 920
404 532
404 974
405 558
405 588
405 691
405 840
408 441
409 438
409 760
411 763
411 915
415 666
416 490
416 975
417 942
418 512
418 646
418 743
418 750
421 483
422 661
423 549
423 797
423 891
424 522
427 912
428 986
431 505
431 563
432 566
435 820
439 480
440 798
440 888
442 491
443 570
443 995
448 935
453 866
455 918
456 598
457 476
457 639
459 748
460 804
460 827
464 484
464 577
465 534
467 800
471 660
472 515
472 690
474 682
474 745
474 913
475 909
476 737
479 568
482 493
482 726
483 657
484 704
484 853
484 956
487 579
488 922
489 530
492 506
492 535
492 923
493 749
496 521
497 542
498 977
499 590
499 618
499 756
500 751
502 742
503 703
506 562
506 580
508 921
509 838
509 897
510 576
510 829
511 538
513 867
515 517
516 680
517 723
524 546
527 610
529 656
530 849
531 592
535 567
536 539
538 559
539 573
542 710
542 963
543 637
543 778
544 936
547 612
552 620
554 571
556 623
559 770
562 916
563 633
563 823
564 845
565 635
565 985
571 572
572 979
573 599
573 841
574 648
575 673
576 614
577 677
578 981
580 784
581 611
582 701
582 895
584 947
585 625
585 649
587 774
588 594
588 662
589 603
596 831
596 925
599 926
601 755
601 969
603 734
604 812
607 930
610 980
612 686
613 782
615 667
623 638
625 982
627 665
628 735
628 907
629 958
631 741
631 879
635 893
636 720
637 914
642 962
644 933
648 910
649 712
649 941
653 808
659 902
662 814
663 721
667 681
671 984
672 715
672 727
678 684
678 996
682 946
683 694
685 733
686 815
687 992
688 924
690 722
693 951
697 767
705 927
711 843
716 776
717 993
718 950
726 769
732 785
733 816
734 764
735 960
738 865
741 824
750 870
751 952
752 871
753 758
754 900
756 806
756 874
759 850
763 796
767 875
775 788
779 901
782 783
788 821
789 833
789 911
789 954
799 873
800 835
806 851
815 968
819 990
829 869
837 937
841 934
845 944
846 858
861 898
867 868
874 892
886 994
887 949
907 929
914 973
939 957
958 970
971 972
978 991
