1000 0 999
1 2
2 3
3 4
4 5
5 6
6 7
7 8
8 9
9 10
10 11
11 12
12 13
13 14
14 15
15 16
16 17
17 18
18 19
19 20
20 21
21 22
22 23
23 24
24 25
25 26
26 27
27 28
28 29
29 30
30 31
31 32
32 33
33 34
34 35
35 36
36 37
37 38
38 39
39 40
40 41
41 42
42 43
43 44
44 45
45 46
46 47
47 48
48 49
49 50
50 51
51 52
52 53
53 54
54 55
55 56
56 57
57 58
58 59
59 60
60 61
61 62
62 63
63 64
64 65
65 66
66 67
67 68
68 69
69 70
70 71
71 72
72 73
73 74
74 75
75 76
76 77
77 78
78 79
79 80
80 81
81 82
82 83
83 84
84 85
85 86
86 87
87 88
88 89
89 90
90 91
91 92
92 93
93 94
94 95
95 96
96 97
97 98
98 99
99 100
100 101
101 102
102 103
103 104
104 105
105 106
106 107
107 108
108 109
109 110
110 111
111 112
112 113
113 114
114 115
115 116
116 117
117 118
118 119
119 120
120 121
121 122
122 123
123 124
124 125
125 126
126 127
127 128
128 129
129 130
130 131
131 132
132 133
133 134
134 135
135 136
136 137
137 138
138 139
139 140
140 141
141 142
142 143
143 144
144 145
145 146
146 147
147 148
148 149
149 150
150 151
151 152
152 153
153 154
154 155
155 156
156 157
157 158
158 159
159 160
160 161
161 162
162 163
163 164
164 165
165 166
166 167
167 168
168 169
169 170
170 171
171 172
172 173
173 174
174 175
175 176
176 177
177 178
178 179
179 180
180 181
181 182
182 183
183 184
184 185
185 186
186 187
187 188
188 189
189 190
190 191
191 192
192 193
193 194
194 195
195 196
196 197
197 198
198 199
199 200
200 201
201 202
202 203
203 204
204 205
205 206
206 207
207 208
208 209
209 210
210 211
211 212
212 213
213 214
214 215
215 216
216 217
217 218
218 219
219 220
220 221
221 222
222 223
223 224
224 225
225 226
226 227
227 228
228 229
229 230
230 231
231 232
232 233
233 234
234 235
235 236
236 237
237 238
238 239
239 240
240 241
241 242
242 243
243 244
244 245
245 246
246 247
247 248
248 249
249 250
250 251
251 252
252 253
253 254
254 255
255 256
256 257
257 258
258 259
259 260
260 261
261 262
262 263
263 264
264 265
265 266
266 267
267 268
268 269
269 270
270 271
271 272
272 273
273 274
274 275
275 276
276 277
277 278
278 279
279 280
280 281
281 282
282 283
283 284
284 285
285 286
286 287
287 288
288 289
289 290
290 291
291 292
292 293
293 294
294 295
295 296
296 297
297 298
298 299
299 300
300 301
301 302
302 303
303 304
304 305
305 306
306 307
307 308
308 309
309 310
310 311
311 312
312 313
313 314
314 315
315 316
316 317
317 318
318 319
319 320
320 321
321 322
322 323
323 324
324 325
325 326
326 327
327 328
328 329
329 330
330 331
331 332
332 333
333 334
334 335
335 336
336 337
337 338
338 339
339 340
340 341
341 342
342 343
343 344
344 345
345 346
346 347
347 348
348 349
349 350
350 351
351 352
352 353
353 354
354 355
355 356
356 357
357 358
358 359
359 360
360 361
361 362
362 363
363 364
364 365
365 366
366 367
367 368
368 369
369 370
370 371
371 372
372 373
373 374
374 375
375 376
376 377
377 378
378 379
379 380
380 381
381 382
382 383
383 384
384 385
385 386
386 387
387 388
388 389
389 390
390 391
391 392
392 393
393 394
394 395
395 396
396 397
397 398
398 399
399 400
400 401
401 402
402 403
403 404
404 405
405 406
406 407
407 408
408 409
409 410
410 411
411 412
412 413
413 414
414 415
415 416
416 417
417 418
418 419
419 420
420 421
421 422
422 423
423 424
424 425
425 426
426 427
427 428
428 429
429 430
430 431
431 432
432 433
433 434
434 435
435 436
436 437
437 438
438 439
439 440
440 441
441 442
442 443
443 444
444 445
445 446
446 447
447 448
448 449
449 450
450 451
451 452
452 453
453 454
454 455
455 456
456 457
457 458
458 459
459 460
460 461
461 462
462 463
463 464
464 465
465 466
466 467
467 468
468 469
469 470
470 471
471 472
472 473
473 474
474 475
475 476
476 477
477 478
478 479
479 480
480 481
481 482
482 483
483 484
484 485
485 486
486 487
487 488
488 489
489 490
490 491
491 492
492 493
493 494
494 495
495 496
496 497
497 498
498 499
499 500
500 501
501 502
501 503
501 504
501 505
501 506
501 507
501 508
501 509
501 510
501 511
501 512
501 513
501 514
501 515
501 516
501 517
501 518
501 519
501 520
501 521
501 522
501 523
501 524
501 525
501 526
501 527
501 528
501 529
501 530
501 531
501 532
501 533
501 534
501 535
501 536
501 537
501 538
501 539
501 540
501 541
501 542
501 543
501 544
501 545
501 546
501 547
501 548
501 549
501 550
501 551
501 552
501 553
501 554
501 555
501 556
501 557
501 558
501 559
501 560
501 561
501 562
501 563
501 564
501 565
501 566
501 567
501 568
501 569
501 570
501 571
501 572
501 573
501 574
501 575
501 576
501 577
501 578
501 579
501 580
501 581
501 582
501 583
501 584
501 585
501 586
501 587
501 588
501 589
501 590
501 591
501 592
501 593
501 594
501 595
501 596
501 597
501 598
501 599
501 600
501 601
501 602
501 603
501 604
501 605
501 606
501 607
501 608
501 609
501 610
501 611
501 612
501 613
501 614
501 615
501 616
501 617
501 618
501 619
501 620
501 621
501 622
501 623
501 624
501 625
501 626
501 627
501 628
501 629
501 630
501 631
501 632
501 633
501 634
501 635
501 636
501 637
501 638
501 639
501 640
501 641
501 642
501 643
501 644
501 645
501 646
501 647
501 648
501 649
501 650
501 651
501 652
501 653
501 654
501 655
501 656
501 657
501 658
501 659
501 660
501 661
501 662
501 663
501 664
501 665
501 666
501 667
501 668
501 669
501 670
501 671
501 672
501 673
501 674
501 675
501 676
501 677
501 678
501 679
501 680
501 681
501 682
501 683
501 684
501 685
501 686
501 687
501 688
501 689
501 690
501 691
501 692
501 693
501 694
501 695
501 696
501 697
501 698
501 699
501 700
501 701
501 702
501 703
501 704
501 705
501 706
501 707
501 708
501 709
501 710
501 711
501 712
501 713
501 714
501 715
501 716
501 717
501 718
501 719
501 720
501 721
501 722
501 723
501 724
501 725
501 726
501 727
501 728
501 729
501 730
501 731
501 732
501 733
501 734
501 735
501 736
501 737
501 738
501 739
501 740
501 741
501 742
501 743
501 744
501 745
501 746
501 747
501 748
501 749
501 750
501 751
501 752
501 753
501 754
501 755
501 756
501 757
501 758
501 759
501 760
501 761
501 762
501 763
501 764
501 765
501 766
501 767
501 768
501 769
501 770
501 771
501 772
501 773
501 774
501 775
501 776
501 777
501 778
501 779
501 780
501 781
501 782
501 783
501 784
501 785
501 786
501 787
501 788
501 789
501 790
501 791
501 792
501 793
501 794
501 795
501 796
501 797
501 798
501 799
501 800
501 801
501 802
501 803
501 804
501 805
501 806
501 807
501 808
501 809
501 810
501 811
501 812
501 813
501 814
501 815
501 816
501 817
501 818
501 819
501 820
501 821
501 822
501 823
501 824
501 825
501 826
501 827
501 828
501 829
501 830
501 831
501 832
501 833
501 834
501 835
501 836
501 837
501 838
501 839
501 840
501 841
501 842
501 843
501 844
501 845
501 846
501 847
501 848
501 849
501 850
501 851
501 852
501 853
501 854
501 855
501 856
501 857
501 858
501 859
501 860
501 861
501 862
501 863
501 864
501 865
501 866
501 867
501 868
501 869
501 870
501 871
501 872
501 873
501 874
501 875
501 876
501 877
501 878
501 879
501 880
501 881
501 882
501 883
501 884
501 885
501 886
501 887
501 888
501 889
501 890
501 891
501 892
501 893
501 894
501 895
501 896
501 897
501 898
501 899
501 900
501 901
501 902
501 903
501 904
501 905
501 906
501 907
501 908
501 909
501 910
501 911
501 912
501 913
501 914
501 915
501 916
501 917
501 918
501 919
501 920
501 921
501 922
501 923
501 924
501 925
501 926
501 927
501 928
501 929
501 930
501 931
501 932
501 933
501 934
501 935
501 936
501 937
501 938
501 939
501 940
501 941
501 942
501 943
501 944
501 945
501 946
501 947
501 948
501 949
501 950
501 951
501 952
501 953
501 954
501 955
501 956
501 957
501 958
501 959
501 960
501 961
501 962
501 963
501 964
501 965
501 966
501 967
501 968
501 969
501 970
501 971
501 972
501 973
501 974
501 975
501 976
501 977
501 978
501 979
501 980
501 981
501 982
501 983
501 984
501 985
501 986
501 987
501 988
501 989
501 990
501 991
501 992
501 993
501 994
501 995
501 996
501 997
501 998
501 999
501 1000
