1000 332 1000
2 1
3 1
4 2
4 3
5 4
6 4
7 5
7 6
8 7
9 7
10 8
10 9
11 10
12 10
13 11
13 12
14 13
15 13
16 14
16 15
17 16
18 16
19 17
19 18
20 19
21 19
22 20
22 21
23 22
24 22
25 23
25 24
26 25
27 25
28 26
28 27
29 28
30 28
31 29
31 30
32 31
33 31
34 32
34 33
35 34
36 34
37 35
37 36
38 37
39 37
40 38
40 39
41 40
42 40
43 41
43 42
44 43
45 43
46 44
46 45
47 46
48 46
49 47
49 48
50 49
51 49
52 50
52 51
53 52
54 52
55 53
55 54
56 55
57 55
58 56
58 57
59 58
60 58
61 59
61 60
62 61
63 61
64 62
64 63
65 64
66 64
67 65
67 66
68 67
69 67
70 68
70 69
71 70
72 70
73 71
73 72
74 73
75 73
76 74
76 75
77 76
78 76
79 77
79 78
80 79
81 79
82 80
82 81
83 82
84 82
85 83
85 84
86 85
87 85
88 86
88 87
89 88
90 88
91 89
91 90
92 91
93 91
94 92
94 93
95 94
96 94
97 95
97 96
98 97
99 97
100 98
100 99
101 100
102 100
103 101
103 102
104 103
105 103
106 104
106 105
107 106
108 106
109 107
109 108
110 109
111 109
112 110
112 111
113 112
114 112
115 113
115 114
116 115
117 115
118 116
118 117
119 118
120 118
121 119
121 120
122 121
123 121
124 122
124 123
125 124
126 124
127 125
127 126
128 127
129 127
130 128
130 129
131 130
132 130
133 131
133 132
134 133
135 133
136 134
136 135
137 136
138 136
139 137
139 138
140 139
141 139
142 140
142 141
143 142
144 142
145 143
145 144
146 145
147 145
148 146
148 147
149 148
150 148
151 149
151 150
152 151
153 151
154 152
154 153
155 154
156 154
157 155
157 156
158 157
159 157
160 158
160 159
161 160
162 160
163 161
163 162
164 163
165 163
166 164
166 165
167 166
168 166
169 167
169 168
170 169
171 169
172 170
172 171
173 172
174 172
175 173
175 174
176 175
177 175
178 176
178 177
179 178
180 178
181 179
181 180
182 181
183 181
184 182
184 183
185 184
186 184
187 185
187 186
188 187
189 187
190 188
190 189
191 190
192 190
193 191
193 192
194 193
195 193
196 194
196 195
197 196
198 196
199 197
199 198
200 199
201 199
202 200
202 201
203 202
204 202
205 203
205 204
206 205
207 205
208 206
208 207
209 208
210 208
211 209
211 210
212 211
213 211
214 212
214 213
215 214
216 214
217 215
217 216
218 217
219 217
220 218
220 219
221 220
222 220
223 221
223 222
224 223
225 223
226 224
226 225
227 226
228 226
229 227
229 228
230 229
231 229
232 230
232 231
233 232
234 232
235 233
235 234
236 235
237 235
238 236
238 237
239 238
240 238
241 239
241 240
242 241
243 241
244 242
244 243
245 244
246 244
247 245
247 246
248 247
249 247
250 248
250 249
251 250
252 250
253 251
253 252
254 253
255 253
256 254
256 255
257 256
258 256
259 257
259 258
260 259
261 259
262 260
262 261
263 262
264 262
265 263
265 264
266 265
267 265
268 266
268 267
269 268
270 268
271 269
271 270
272 271
273 271
274 272
274 273
275 274
276 274
277 275
277 276
278 277
279 277
280 278
280 279
281 280
282 280
283 281
283 282
284 283
285 283
286 284
286 285
287 286
288 286
289 287
289 288
290 289
291 289
292 290
292 291
293 292
294 292
295 293
295 294
296 295
297 295
298 296
298 297
299 298
300 298
301 299
301 300
302 301
303 301
304 302
304 303
305 304
306 304
307 305
307 306
308 307
309 307
310 308
310 309
311 310
312 310
313 311
313 312
314 313
315 313
316 314
316 315
317 316
318 316
319 317
319 318
320 319
321 319
322 320
322 321
323 322
324 322
325 323
325 324
326 325
327 325
328 326
328 327
329 328
330 328
331 329
331 330
332 331
333 331
334 332
334 333
335 334
336 334
337 335
337 336
338 337
339 337
340 338
340 339
341 340
342 340
343 341
343 342
344 343
345 343
346 344
346 345
347 346
348 346
349 347
349 348
350 349
351 349
352 350
352 351
353 352
354 352
355 353
355 354
356 355
357 355
358 356
358 357
359 358
360 358
361 359
361 360
362 361
363 361
364 362
364 363
365 364
366 364
367 365
367 366
368 367
369 367
370 368
370 369
371 370
372 370
373 371
373 372
374 373
375 373
376 374
376 375
377 376
378 376
379 377
379 378
380 379
381 379
382 380
382 381
383 382
384 382
385 383
385 384
386 385
387 385
388 386
388 387
389 388
390 388
391 389
391 390
392 391
393 391
394 392
394 393
395 394
396 394
397 395
397 396
398 397
399 397
400 398
400 399
401 400
402 400
403 401
403 402
404 403
405 403
406 404
406 405
407 406
408 406
409 407
409 408
410 409
411 409
412 410
412 411
413 412
414 412
415 413
415 414
416 415
417 415
418 416
418 417
419 418
420 418
421 419
421 420
422 421
423 421
424 422
424 423
425 424
426 424
427 425
427 426
428 427
429 427
430 428
430 429
431 430
432 430
433 431
433 432
434 433
435 433
436 434
436 435
437 436
438 436
439 437
439 438
440 439
441 439
442 440
442 441
443 442
444 442
445 443
445 444
446 445
447 445
448 446
448 447
449 448
450 448
451 449
451 450
452 451
453 451
454 452
454 453
455 454
456 454
457 455
457 456
458 457
459 457
460 458
460 459
461 460
462 460
463 461
463 462
464 463
465 463
466 464
466 465
467 466
468 466
469 467
469 468
470 469
471 469
472 470
472 471
473 472
474 472
475 473
475 474
476 475
477 475
478 476
478 477
479 478
480 478
481 479
481 480
482 481
483 481
484 482
484 483
485 484
486 484
487 485
487 486
488 487
489 487
490 488
490 489
491 490
492 490
493 491
493 492
494 493
495 493
496 494
496 495
497 496
498 496
499 497
499 498
500 499
501 499
502 500
502 501
503 502
504 502
505 503
505 504
506 505
507 505
508 506
508 507
509 508
510 508
511 509
511 510
512 511
513 511
514 512
514 513
515 514
516 514
517 515
517 516
518 517
519 517
520 518
520 519
521 520
522 520
523 521
523 522
524 523
525 523
526 524
526 525
527 526
528 526
529 527
529 528
530 529
531 529
532 530
532 531
533 532
534 532
535 533
535 534
536 535
537 535
538 536
538 537
539 538
540 538
541 539
541 540
542 541
543 541
544 542
544 543
545 544
546 544
547 545
547 546
548 547
549 547
550 548
550 549
551 550
552 550
553 551
553 552
554 553
555 553
556 554
556 555
557 556
558 556
559 557
559 558
560 559
561 559
562 560
562 561
563 562
564 562
565 563
565 564
566 565
567 565
568 566
568 567
569 568
570 568
571 569
571 570
572 571
573 571
574 572
574 573
575 574
576 574
577 575
577 576
578 577
579 577
580 578
580 579
581 580
582 580
583 581
583 582
584 583
585 583
586 584
586 585
587 586
588 586
589 587
589 588
590 589
591 589
592 590
592 591
593 592
594 592
595 593
595 594
596 595
597 595
598 596
598 597
599 598
600 598
601 599
601 600
602 601
603 601
604 602
604 603
605 604
606 604
607 605
607 606
608 607
609 607
610 608
610 609
611 610
612 610
613 611
613 612
614 613
615 613
616 614
616 615
617 616
618 616
619 617
619 618
620 619
621 619
622 620
622 621
623 622
624 622
625 623
625 624
626 625
627 625
628 626
628 627
629 628
630 628
631 629
631 630
632 631
633 631
634 632
634 633
635 634
636 634
637 635
637 636
638 637
639 637
640 638
640 639
641 640
642 640
643 641
643 642
644 643
645 643
646 644
646 645
647 646
648 646
649 647
649 648
650 649
651 649
652 650
652 651
653 652
654 652
655 653
655 654
656 655
657 655
658 656
658 657
659 658
660 658
661 659
661 660
662 661
663 661
664 662
664 663
665 664
666 664
667 665
667 666
668 667
669 667
670 668
670 669
671 670
672 670
673 671
673 672
674 673
675 673
676 674
676 675
677 676
678 676
679 677
679 678
680 679
681 679
682 680
682 681
683 682
684 682
685 683
685 684
686 685
687 685
688 686
688 687
689 688
690 688
691 689
691 690
692 691
693 691
694 692
694 693
695 694
696 694
697 695
697 696
698 697
699 697
700 698
700 699
701 700
702 700
703 701
703 702
704 703
705 703
706 704
706 705
707 706
708 706
709 707
709 708
710 709
711 709
712 710
712 711
713 712
714 712
715 713
715 714
716 715
717 715
718 716
718 717
719 718
720 718
721 719
721 720
722 721
723 721
724 722
724 723
725 724
726 724
727 725
727 726
728 727
729 727
730 728
730 729
731 730
732 730
733 731
733 732
734 733
735 733
736 734
736 735
737 736
738 736
739 737
739 738
740 739
741 739
742 740
742 741
743 742
744 742
745 743
745 744
746 745
747 745
748 746
748 747
749 748
750 748
751 749
751 750
752 751
753 751
754 752
754 753
755 754
756 754
757 755
757 756
758 757
759 757
760 758
760 759
761 760
762 760
763 761
763 762
764 763
765 763
766 764
766 765
767 766
768 766
769 767
769 768
770 769
771 769
772 770
772 771
773 772
774 772
775 773
775 774
776 775
777 775
778 776
778 777
779 778
780 778
781 779
781 780
782 781
783 781
784 782
784 783
785 784
786 784
787 785
787 786
788 787
789 787
790 788
790 789
791 790
792 790
793 791
793 792
794 793
795 793
796 794
796 795
797 796
798 796
799 797
799 798
800 799
801 799
802 800
802 801
803 802
804 802
805 803
805 804
806 805
807 805
808 806
808 807
809 808
810 808
811 809
811 810
812 811
813 811
814 812
814 813
815 814
816 814
817 815
817 816
818 817
819 817
820 818
820 819
821 820
822 820
823 821
823 822
824 823
825 823
826 824
826 825
827 826
828 826
829 827
829 828
830 829
831 829
832 830
832 831
833 832
834 832
835 833
835 834
836 835
837 835
838 836
838 837
839 838
840 838
841 839
841 840
842 841
843 841
844 842
844 843
845 844
846 844
847 845
847 846
848 847
849 847
850 848
850 849
851 850
852 850
853 851
853 852
854 853
855 853
856 854
856 855
857 856
858 856
859 857
859 858
860 859
861 859
862 860
862 861
863 862
864 862
865 863
865 864
866 865
867 865
868 866
868 867
869 868
870 868
871 869
871 870
872 871
873 871
874 872
874 873
875 874
876 874
877 875
877 876
878 877
879 877
880 878
880 879
881 880
882 880
883 881
883 882
884 883
885 883
886 884
886 885
887 886
888 886
889 887
889 888
890 889
891 889
892 890
892 891
893 892
894 892
895 893
895 894
896 895
897 895
898 896
898 897
899 898
900 898
901 899
901 900
902 901
903 901
904 902
904 903
905 904
906 904
907 905
907 906
908 907
909 907
910 908
910 909
911 910
912 910
913 911
913 912
914 913
915 913
916 914
916 915
917 916
918 916
919 917
919 918
920 919
921 919
922 920
922 921
923 922
924 922
925 923
925 924
926 925
927 925
928 926
928 927
929 928
930 928
931 929
931 930
932 931
933 931
934 932
934 933
935 934
936 934
937 935
937 936
938 937
939 937
940 938
940 939
941 940
942 940
943 941
943 942
944 943
945 943
946 944
946 945
947 946
948 946
949 947
949 948
950 949
951 949
952 950
952 951
953 952
954 952
955 953
955 954
956 955
957 955
958 956
958 957
959 958
960 958
961 959
961 960
962 961
963 961
964 962
964 963
965 964
966 964
967 965
967 966
968 967
969 967
970 968
970 969
971 970
972 970
973 971
973 972
974 973
975 973
976 974
976 975
977 976
978 976
979 977
979 978
980 979
981 979
982 980
982 981
983 982
984 982
985 983
985 984
986 985
987 985
988 986
988 987
989 988
990 988
991 989
991 990
992 991
993 991
994 992
994 993
995 994
996 994
997 995
997 996
998 997
999 997
1000 998
1000 999
