1000 0 999
2 1
4 1
22 1
191 1
375 1
3 2
11 2
15 2
677 2
6 3
13 3
162 3
223 3
5 4
8 4
17 4
139 4
144 4
147 4
805 4
844 4
9 5
50 5
69 5
7 6
10 6
58 6
66 6
157 6
174 6
268 6
471 6
561 6
35 7
39 7
148 7
230 7
243 7
941 7
14 8
28 8
33 8
36 8
59 9
61 9
339 9
370 9
12 10
29 10
49 10
65 10
72 10
681 10
16 11
31 11
75 11
103 11
333 11
19 12
71 12
94 12
137 12
167 12
189 12
373 12
567 12
32 13
123 13
56 14
73 14
138 14
225 14
909 14
18 15
20 15
81 15
463 15
548 15
88 16
133 16
158 16
240 16
38 17
54 17
64 17
455 17
500 17
604 17
642 17
23 18
26 18
89 18
91 18
153 18
177 18
208 18
384 18
429 18
21 19
24 19
98 19
106 19
124 19
244 19
27 20
51 20
255 20
394 21
25 22
47 22
347 22
478 22
958 22
30 23
34 23
533 23
684 23
114 24
665 24
40 25
324 25
37 26
44 26
52 26
60 26
121 26
374 26
43 27
142 27
219 27
515 27
276 28
472 28
489 28
57 29
80 29
679 29
55 30
86 30
188 30
264 30
352 30
445 30
41 31
90 31
272 31
377 31
160 32
63 33
498 33
943 33
46 34
67 34
78 34
634 34
42 35
77 35
128 35
173 35
301 36
45 37
83 37
150 37
193 37
598 38
165 39
318 40
526 40
130 41
229 41
270 41
53 42
135 42
278 42
325 42
343 42
501 42
747 42
62 43
859 43
70 44
79 44
74 45
82 45
108 45
111 45
259 45
320 45
48 46
92 47
117 47
248 47
302 47
427 47
483 47
95 48
100 48
228 50
540 50
249 51
574 51
310 52
577 52
207 53
442 53
105 54
115 54
405 54
379 55
735 55
834 55
163 56
204 56
221 56
298 56
314 56
125 57
418 57
617 57
192 58
68 59
107 59
497 59
603 60
664 60
76 61
285 61
322 61
396 61
563 61
110 62
127 62
512 63
87 64
97 64
269 64
686 65
241 66
470 66
542 66
881 66
486 67
538 67
146 68
236 68
295 68
109 69
126 69
140 69
156 69
351 69
434 69
482 69
216 70
279 70
102 71
119 71
304 71
360 71
118 72
132 73
172 73
366 73
423 73
84 74
85 74
104 74
169 74
290 74
131 75
480 76
850 76
154 77
571 77
655 77
96 78
211 78
214 78
459 78
281 79
326 79
134 80
274 80
499 80
534 80
566 82
93 83
354 83
99 85
265 85
675 85
129 87
743 87
273 88
426 88
784 88
143 89
357 89
116 90
178 90
195 90
293 90
233 91
399 91
198 92
235 92
283 92
175 93
197 93
323 93
345 93
112 94
120 94
141 94
201 94
254 95
412 95
474 96
736 96
392 97
415 97
331 98
437 98
101 99
342 99
387 99
179 100
213 101
217 102
209 103
590 104
176 105
212 105
113 106
164 106
299 106
380 107
578 108
700 109
493 110
180 111
308 111
666 111
732 111
263 112
286 112
621 112
242 113
650 113
848 113
186 114
288 114
355 114
851 115
200 116
237 116
266 116
550 116
291 117
226 118
633 118
924 118
136 119
521 120
530 120
122 121
190 122
315 122
773 123
441 124
719 124
777 124
210 125
309 125
321 125
753 125
855 125
636 126
145 127
602 128
341 130
346 130
704 130
234 131
413 131
790 131
815 131
821 131
199 132
730 132
166 133
218 133
246 133
438 133
632 134
152 135
364 135
588 135
678 135
843 136
874 136
155 137
297 137
606 138
709 139
952 139
149 140
159 140
185 140
990 143
151 144
171 144
284 144
337 145
349 145
181 146
361 146
428 146
569 147
303 148
475 149
878 150
903 150
161 151
275 152
715 152
338 153
393 153
619 153
196 154
300 155
635 155
865 155
287 157
224 158
507 158
452 159
539 160
740 160
378 161
168 162
203 162
260 162
552 162
271 163
414 164
170 165
206 166
356 166
420 167
756 167
258 169
280 170
582 170
984 170
629 171
408 172
232 173
336 173
440 173
654 173
184 174
317 174
404 174
183 175
257 175
646 175
247 176
282 176
745 176
657 178
194 179
334 179
759 179
182 180
205 180
306 181
406 181
479 181
674 181
716 182
562 183
187 185
202 186
292 187
601 187
599 189
424 190
465 190
808 190
312 191
245 192
451 194
231 196
461 196
725 196
239 197
823 197
668 198
762 198
215 199
670 199
645 201
845 203
238 204
597 204
648 204
222 205
932 205
731 206
381 209
425 209
904 209
522 210
220 211
430 211
723 211
496 212
946 214
994 214
261 216
417 216
589 216
462 217
262 218
503 218
586 219
884 219
926 219
456 220
311 221
776 221
267 224
421 224
618 224
227 225
251 225
256 225
738 225
330 226
252 227
382 227
389 227
806 227
553 228
368 229
587 229
289 230
365 230
741 230
391 231
541 231
622 231
433 232
596 232
502 233
649 233
253 234
923 234
250 235
841 237
611 238
513 239
721 239
820 239
407 240
687 241
416 244
600 244
350 245
296 246
402 246
840 246
294 247
327 247
371 248
398 248
788 250
919 250
305 251
625 251
854 252
931 252
651 253
714 253
796 253
947 253
508 254
585 254
277 256
495 257
504 257
358 259
880 259
866 260
869 260
439 261
348 264
576 266
363 267
395 267
800 268
969 268
458 269
638 269
362 271
794 271
316 272
340 272
631 272
460 274
448 275
766 276
785 277
435 278
487 278
701 278
824 278
907 278
920 278
449 279
477 279
559 279
409 280
329 281
929 281
388 282
594 282
359 283
641 284
718 285
313 287
450 289
319 290
385 290
400 290
490 290
532 290
746 292
307 293
690 293
527 294
757 294
959 296
403 299
927 299
901 300
369 301
985 302
328 303
580 305
846 305
376 306
608 308
906 308
914 308
939 308
467 310
703 311
397 312
560 312
760 312
492 314
691 314
453 315
973 315
372 316
570 316
748 317
353 319
988 319
962 320
332 322
383 322
419 322
447 322
436 323
494 323
786 323
335 324
344 325
519 325
614 326
966 330
367 331
537 331
466 333
410 334
644 334
864 337
401 339
464 340
505 341
523 341
930 342
516 343
672 344
993 344
520 346
543 346
592 347
411 350
457 350
390 351
979 351
921 354
849 356
454 357
626 357
702 357
742 357
583 358
662 359
795 362
811 362
936 362
545 365
771 368
810 368
386 369
481 370
613 370
432 374
643 374
870 375
422 377
858 377
916 378
992 379
572 386
557 388
706 388
446 390
612 390
556 391
568 391
871 391
444 393
908 394
524 395
506 396
593 397
893 397
758 398
476 399
695 399
889 399
607 403
693 403
549 404
692 404
705 404
707 404
443 406
661 407
485 408
902 409
488 412
491 413
982 414
615 415
468 416
765 416
897 416
469 417
954 417
531 418
518 419
683 425
431 428
752 428
565 429
877 429
547 430
667 431
868 432
671 435
536 436
688 436
739 436
663 437
699 438
473 439
653 440
770 441
768 443
780 443
882 446
551 448
696 451
509 454
883 456
953 456
968 456
546 457
944 457
964 457
899 458
517 461
647 462
999 462
554 464
779 465
511 467
579 472
974 472
961 475
977 475
514 476
484 480
605 480
637 482
528 484
763 484
728 486
839 486
963 490
975 490
913 491
535 492
828 492
558 494
630 494
529 497
712 498
802 499
971 500
680 501
510 502
584 502
544 503
708 503
793 504
555 506
744 506
627 508
682 508
769 509
835 511
891 512
581 513
825 513
575 514
698 516
711 519
872 520
935 520
564 521
525 523
639 525
787 530
610 534
652 536
616 537
750 539
915 539
640 543
791 543
737 544
573 545
669 545
761 545
783 545
847 545
658 548
804 550
685 551
609 552
888 552
949 554
676 560
694 561
754 561
624 562
987 562
937 564
862 565
912 565
591 567
814 569
830 569
922 569
809 578
720 582
620 583
781 584
819 586
940 589
595 592
729 593
659 594
713 600
965 601
724 602
816 605
991 605
628 607
898 607
623 610
905 610
660 611
894 613
727 614
887 614
967 615
689 616
803 618
900 618
895 619
856 621
656 625
890 628
876 629
782 638
813 638
717 639
673 644
799 646
798 651
774 658
853 659
697 661
722 661
989 663
885 664
837 666
945 674
831 676
980 678
827 681
710 682
826 682
764 683
817 683
789 684
822 685
981 685
838 688
726 689
775 691
733 692
755 694
996 696
886 698
948 698
749 701
934 702
829 705
911 707
734 709
751 716
956 718
983 719
938 721
807 723
875 725
860 726
772 728
896 733
797 738
842 742
925 749
950 749
861 750
767 761
778 764
792 766
863 768
951 769
918 776
917 777
997 781
836 786
1000 793
812 794
852 794
857 794
801 797
892 797
879 807
818 814
995 815
873 817
933 819
833 822
832 829
910 834
957 836
928 846
986 847
942 854
867 858
960 858
955 874
998 911
972 932
978 951
970 967
976 967
