1000 0 999
2 1
3 2
4 3
5 4
6 5
7 6
8 7
9 8
10 9
11 10
12 11
13 12
14 13
15 14
16 15
17 16
18 17
19 18
20 19
21 20
22 21
23 22
24 23
25 24
26 25
27 26
28 27
29 28
30 29
31 30
32 31
33 32
34 33
35 34
36 35
37 36
38 37
39 38
40 39
41 40
42 41
43 42
44 43
45 44
46 45
47 46
48 47
49 48
50 49
51 50
52 51
53 52
54 53
55 54
56 55
57 56
58 57
59 58
60 59
61 60
62 61
63 62
64 63
65 64
66 65
67 66
68 67
69 68
70 69
71 70
72 71
73 72
74 73
75 74
76 75
77 76
78 77
79 78
80 79
81 80
82 81
83 82
84 83
85 84
86 85
87 86
88 87
89 88
90 89
91 90
92 91
93 92
94 93
95 94
96 95
97 96
98 97
99 98
100 99
101 100
102 101
103 102
104 103
105 104
106 105
107 106
108 107
109 108
110 109
111 110
112 111
113 112
114 113
115 114
116 115
117 116
118 117
119 118
120 119
121 120
122 121
123 122
124 123
125 124
126 125
127 126
128 127
129 128
130 129
131 130
132 131
133 132
134 133
135 134
136 135
137 136
138 137
139 138
140 139
141 140
142 141
143 142
144 143
145 144
146 145
147 146
148 147
149 148
150 149
151 150
152 151
153 152
154 153
155 154
156 155
157 156
158 157
159 158
160 159
161 160
162 161
163 162
164 163
165 164
166 165
167 166
168 167
169 168
170 169
171 170
172 171
173 172
174 173
175 174
176 175
177 176
178 177
179 178
180 179
181 180
182 181
183 182
184 183
185 184
186 185
187 186
188 187
189 188
190 189
191 190
192 191
193 192
194 193
195 194
196 195
197 196
198 197
199 198
200 199
201 200
202 201
203 202
204 203
205 204
206 205
207 206
208 207
209 208
210 209
211 210
212 211
213 212
214 213
215 214
216 215
217 216
218 217
219 218
220 219
221 220
222 221
223 222
224 223
225 224
226 225
227 226
228 227
229 228
230 229
231 230
232 231
233 232
234 233
235 234
236 235
237 236
238 237
239 238
240 239
241 240
242 241
243 242
244 243
245 244
246 245
247 246
248 247
249 248
250 249
251 250
252 251
253 252
254 253
255 254
256 255
257 256
258 257
259 258
260 259
261 260
262 261
263 262
264 263
265 264
266 265
267 266
268 267
269 268
270 269
271 270
272 271
273 272
274 273
275 274
276 275
277 276
278 277
279 278
280 279
281 280
282 281
283 282
284 283
285 284
286 285
287 286
288 287
289 288
290 289
291 290
292 291
293 292
294 293
295 294
296 295
297 296
298 297
299 298
300 299
301 300
302 301
303 302
304 303
305 304
306 305
307 306
308 307
309 308
310 309
311 310
312 311
313 312
314 313
315 314
316 315
317 316
318 317
319 318
320 319
321 320
322 321
323 322
324 323
325 324
326 325
327 326
328 327
329 328
330 329
331 330
332 331
333 332
334 333
335 334
336 335
337 336
338 337
339 338
340 339
341 340
342 341
343 342
344 343
345 344
346 345
347 346
348 347
349 348
350 349
351 350
352 351
353 352
354 353
355 354
356 355
357 356
358 357
359 358
360 359
361 360
362 361
363 362
364 363
365 364
366 365
367 366
368 367
369 368
370 369
371 370
372 371
373 372
374 373
375 374
376 375
377 376
378 377
379 378
380 379
381 380
382 381
383 382
384 383
385 384
386 385
387 386
388 387
389 388
390 389
391 390
392 391
393 392
394 393
395 394
396 395
397 396
398 397
399 398
400 399
401 400
402 401
403 402
404 403
405 404
406 405
407 406
408 407
409 408
410 409
411 410
412 411
413 412
414 413
415 414
416 415
417 416
418 417
419 418
420 419
421 420
422 421
423 422
424 423
425 424
426 425
427 426
428 427
429 428
430 429
431 430
432 431
433 432
434 433
435 434
436 435
437 436
438 437
439 438
440 439
441 440
442 441
443 442
444 443
445 444
446 445
447 446
448 447
449 448
450 449
451 450
452 451
453 452
454 453
455 454
456 455
457 456
458 457
459 458
460 459
461 460
462 461
463 462
464 463
465 464
466 465
467 466
468 467
469 468
470 469
471 470
472 471
473 472
474 473
475 474
476 475
477 476
478 477
479 478
480 479
481 480
482 481
483 482
484 483
485 484
486 485
487 486
488 487
489 488
490 489
491 490
492 491
493 492
494 493
495 494
496 495
497 496
498 497
499 498
500 499
501 500
502 501
503 501
504 501
505 501
506 501
507 501
508 501
509 501
510 501
511 501
512 501
513 501
514 501
515 501
516 501
517 501
518 501
519 501
520 501
521 501
522 501
523 501
524 501
525 501
526 501
527 501
528 501
529 501
530 501
531 501
532 501
533 501
534 501
535 501
536 501
537 501
538 501
539 501
540 501
541 501
542 501
543 501
544 501
545 501
546 501
547 501
548 501
549 501
550 501
551 501
552 501
553 501
554 501
555 501
556 501
557 501
558 501
559 501
560 501
561 501
562 501
563 501
564 501
565 501
566 501
567 501
568 501
569 501
570 501
571 501
572 501
573 501
574 501
575 501
576 501
577 501
578 501
579 501
580 501
581 501
582 501
583 501
584 501
585 501
586 501
587 501
588 501
589 501
590 501
591 501
592 501
593 501
594 501
595 501
596 501
597 501
598 501
599 501
600 501
601 501
602 501
603 501
604 501
605 501
606 501
607 501
608 501
609 501
610 501
611 501
612 501
613 501
614 501
615 501
616 501
617 501
618 501
619 501
620 501
621 501
622 501
623 501
624 501
625 501
626 501
627 501
628 501
629 501
630 501
631 501
632 501
633 501
634 501
635 501
636 501
637 501
638 501
639 501
640 501
641 501
642 501
643 501
644 501
645 501
646 501
647 501
648 501
649 501
650 501
651 501
652 501
653 501
654 501
655 501
656 501
657 501
658 501
659 501
660 501
661 501
662 501
663 501
664 501
665 501
666 501
667 501
668 501
669 501
670 501
671 501
672 501
673 501
674 501
675 501
676 501
677 501
678 501
679 501
680 501
681 501
682 501
683 501
684 501
685 501
686 501
687 501
688 501
689 501
690 501
691 501
692 501
693 501
694 501
695 501
696 501
697 501
698 501
699 501
700 501
701 501
702 501
703 501
704 501
705 501
706 501
707 501
708 501
709 501
710 501
711 501
712 501
713 501
714 501
715 501
716 501
717 501
718 501
719 501
720 501
721 501
722 501
723 501
724 501
725 501
726 501
727 501
728 501
729 501
730 501
731 501
732 501
733 501
734 501
735 501
736 501
737 501
738 501
739 501
740 501
741 501
742 501
743 501
744 501
745 501
746 501
747 501
748 501
749 501
750 501
751 501
752 501
753 501
754 501
755 501
756 501
757 501
758 501
759 501
760 501
761 501
762 501
763 501
764 501
765 501
766 501
767 501
768 501
769 501
770 501
771 501
772 501
773 501
774 501
775 501
776 501
777 501
778 501
779 501
780 501
781 501
782 501
783 501
784 501
785 501
786 501
787 501
788 501
789 501
790 501
791 501
792 501
793 501
794 501
795 501
796 501
797 501
798 501
799 501
800 501
801 501
802 501
803 501
804 501
805 501
806 501
807 501
808 501
809 501
810 501
811 501
812 501
813 501
814 501
815 501
816 501
817 501
818 501
819 501
820 501
821 501
822 501
823 501
824 501
825 501
826 501
827 501
828 501
829 501
830 501
831 501
832 501
833 501
834 501
835 501
836 501
837 501
838 501
839 501
840 501
841 501
842 501
843 501
844 501
845 501
846 501
847 501
848 501
849 501
850 501
851 501
852 501
853 501
854 501
855 501
856 501
857 501
858 501
859 501
860 501
861 501
862 501
863 501
864 501
865 501
866 501
867 501
868 501
869 501
870 501
871 501
872 501
873 501
874 501
875 501
876 501
877 501
878 501
879 501
880 501
881 501
882 501
883 501
884 501
885 501
886 501
887 501
888 501
889 501
890 501
891 501
892 501
893 501
894 501
895 501
896 501
897 501
898 501
899 501
900 501
901 501
902 501
903 501
904 501
905 501
906 501
907 501
908 501
909 501
910 501
911 501
912 501
913 501
914 501
915 501
916 501
917 501
918 501
919 501
920 501
921 501
922 501
923 501
924 501
925 501
926 501
927 501
928 501
929 501
930 501
931 501
932 501
933 501
934 501
935 501
936 501
937 501
938 501
939 501
940 501
941 501
942 501
943 501
944 501
945 501
946 501
947 501
948 501
949 501
950 501
951 501
952 501
953 501
954 501
955 501
956 501
957 501
958 501
959 501
960 501
961 501
962 501
963 501
964 501
965 501
966 501
967 501
968 501
969 501
970 501
971 501
972 501
973 501
974 501
975 501
976 501
977 501
978 501
979 501
980 501
981 501
982 501
983 501
984 501
985 501
986 501
987 501
988 501
989 501
990 501
991 501
992 501
993 501
994 501
995 501
996 501
997 501
998 501
999 501
1000 501
